7.757958544420000269e-02 1.409530841599999917e-01 -3.231905877249999781e-01 -1.346854735960000085e+02 8.191340659499999788e+01 1.078026199789999993e+02
7.878153065359999596e-02 1.447549310440000014e-01 -3.215513284789999759e-01 -1.343288069200000052e+02 8.139690975339999568e+01 1.075380162630000029e+02
8.231207042919999606e-02 1.431152770590000123e-01 -3.301105304749999969e-01 -1.344457082879999916e+02 8.207417131639999752e+01 1.074040595320000051e+02
7.814391312129999323e-02 1.448046683349999975e-01 -3.234824988469999774e-01 -1.343274542590000067e+02 8.166364488160000690e+01 1.080411749459999982e+02
8.270348168999999694e-02 1.455452534939999931e-01 -3.216315141819999779e-01 -1.351071764829999893e+02 8.144887400369999853e+01 1.075647129980000045e+02
7.581872003469999899e-02 1.440278109079999869e-01 -3.252143783840000246e-01 -1.342733292700000050e+02 8.196471570239999949e+01 1.075656354740000040e+02
8.117451540999999493e-02 1.468948621789999964e-01 -3.211263089470000054e-01 -1.347126946449999991e+02 8.137072246699999312e+01 1.075049645250000054e+02
7.721279989599999505e-02 1.459166954059999965e-01 -3.278005890680000256e-01 -1.343343207750000090e+02 8.143792971989999785e+01 1.076579407379999935e+02
7.908433775239999408e-02 1.434718239589999889e-01 -3.232833640810000020e-01 -1.344717124039999874e+02 8.180112400599999489e+01 1.077582463389999958e+02
7.930974132109999686e-02 1.387209335919999953e-01 -3.216201627979999866e-01 -1.348216944829999875e+02 8.226406848829999774e+01 1.077727081849999990e+02
8.029590246609999427e-02 1.505374069139999993e-01 -3.238402801720000057e-01 -1.344498177229999953e+02 8.096616304159999800e+01 1.073779002060000067e+02
7.851725021739999755e-02 1.400787462570000086e-01 -3.273776671599999966e-01 -1.344360271209999951e+02 8.219982253259999538e+01 1.079922260700000010e+02
7.169907796780000675e-02 1.513442907289999917e-01 -3.251813238860000177e-01 -1.338668119230000002e+02 8.116007546839999520e+01 1.077888450650000038e+02
7.463592246309999623e-02 1.421380411089999962e-01 -3.257351058949999878e-01 -1.335934313129999964e+02 8.207940905750000127e+01 1.079059299230000022e+02
7.374975325690000250e-02 1.441227962499999904e-01 -3.215487378149999853e-01 -1.346473504839999862e+02 8.141892728409999336e+01 1.080018076700000051e+02
8.081606625960000012e-02 1.509211646389999883e-01 -3.295086390070000038e-01 -1.340104183519999879e+02 8.133675415380000118e+01 1.073336871930000029e+02
8.228261264729999636e-02 1.471203436440000067e-01 -3.241624381950000133e-01 -1.346018328940000117e+02 8.171775934119999363e+01 1.073879635250000035e+02
7.891507021660000565e-02 1.483917949469999997e-01 -3.244284637109999814e-01 -1.344941234670000085e+02 8.149805752250000523e+01 1.074762351690000060e+02
7.703667524729999883e-02 1.436114679250000137e-01 -3.244474145869999937e-01 -1.343337044149999997e+02 8.197219267360000572e+01 1.079694618709999929e+02
8.014419655700000256e-02 1.445818063790000052e-01 -3.242587169319999796e-01 -1.345919819860000075e+02 8.216002100299999711e+01 1.078130321539999983e+02
7.734799794789999627e-02 1.426603730429999994e-01 -3.259489527439999867e-01 -1.344079896860000076e+02 8.201274646320000272e+01 1.077979196630000018e+02
8.110657433319999610e-02 1.425647566550000134e-01 -3.234204965970000067e-01 -1.343928368249999892e+02 8.221823945760000640e+01 1.074600667499999957e+02
7.574141540949999585e-02 1.434094307250000089e-01 -3.226769813040000212e-01 -1.348337251510000101e+02 8.215834948849999364e+01 1.077961470660000032e+02
7.994221277169999418e-02 1.426623092429999962e-01 -3.190030980440000108e-01 -1.348048731069999917e+02 8.185814352479999911e+01 1.079067092899999949e+02
7.798987503929999399e-02 1.433387392430000018e-01 -3.255194596709999888e-01 -1.345976238849999902e+02 8.190671729630000186e+01 1.073146481889999961e+02
7.796754085050000560e-02 1.456784086750000096e-01 -3.264824849549999852e-01 -1.341419388820000052e+02 8.177224278340000296e+01 1.079738490799999937e+02
8.204942436900000691e-02 1.448169421590000117e-01 -3.236494589400000232e-01 -1.349052593220000063e+02 8.188067370199999573e+01 1.074206724400000041e+02
7.877597388910000109e-02 1.444917356000000042e-01 -3.225327050069999868e-01 -1.343066177379999999e+02 8.158140539389999901e+01 1.076828979630000021e+02
8.112032614439999845e-02 1.377734154420000023e-01 -3.262797373699999892e-01 -1.346625746299999946e+02 8.266405941499999699e+01 1.075990110019999975e+02
7.066487935909999962e-02 1.461267521840000083e-01 -3.140854395159999868e-01 -1.343283071479999933e+02 8.118242548249999402e+01 1.082052274450000056e+02
7.584975559560000469e-02 1.480754233699999867e-01 -3.247509506719999939e-01 -1.338563108879999959e+02 8.163043775229999710e+01 1.078485739399999943e+02
7.903482412960000092e-02 1.452907337559999901e-01 -3.219864215039999755e-01 -1.345836337339999886e+02 8.198335806539999737e+01 1.076436167319999981e+02
7.783457476600000313e-02 1.420940488409999924e-01 -3.247319089310000129e-01 -1.340118609429999879e+02 8.204000831989999654e+01 1.078111951770000019e+02
7.825183963409999832e-02 1.435872469420000075e-01 -3.245340757060000136e-01 -1.345725436740000021e+02 8.193952326080000148e+01 1.073484651020000058e+02
7.774532736710000613e-02 1.418857643950000025e-01 -3.237043534999999861e-01 -1.341383220099999960e+02 8.214035645280000608e+01 1.075184595000000058e+02
8.206988196509999722e-02 1.437992240619999917e-01 -3.242924074149999836e-01 -1.347208845119999978e+02 8.163340853760000471e+01 1.075639933639999981e+02
7.677299722989999742e-02 1.457613620440000035e-01 -3.244712330180000159e-01 -1.347931797290000020e+02 8.197329997810000179e+01 1.079418607730000019e+02
7.907176737740000128e-02 1.446605352879999917e-01 -3.258782039120000085e-01 -1.344410167309999906e+02 8.180283606289999909e+01 1.077661373749999996e+02
7.720225337119999975e-02 1.441216457939999973e-01 -3.191471303849999774e-01 -1.342226730460000113e+02 8.138596572490000369e+01 1.077781661249999985e+02
7.537270246539999607e-02 1.427107145500000063e-01 -3.230928977849999995e-01 -1.347165559180000116e+02 8.201557197619999329e+01 1.076761426850000021e+02
7.937566953739999542e-02 1.433432670670000131e-01 -3.199234166039999772e-01 -1.345261972319999870e+02 8.185702875740000195e+01 1.077772108260000010e+02
8.219376337040000535e-02 1.429729028710000072e-01 -3.180159926300000217e-01 -1.352041239540000106e+02 8.190392355900000609e+01 1.077564051819999946e+02
7.638045416159999768e-02 1.433539700260000049e-01 -3.287941287810000057e-01 -1.339930539519999968e+02 8.163882032479999395e+01 1.075476586300000008e+02
8.124984575719999824e-02 1.439984059549999917e-01 -3.265009842150000119e-01 -1.340766443070000093e+02 8.172620389230000626e+01 1.075450851939999950e+02
7.787670298880000619e-02 1.480733508139999988e-01 -3.239533382759999802e-01 -1.344113239829999884e+02 8.164926375909999479e+01 1.075137527330000040e+02
8.124845572109999636e-02 1.425449188809999879e-01 -3.272514668639999735e-01 -1.342736981539999874e+02 8.184265495699999349e+01 1.076626180640000001e+02
7.488734898790000427e-02 1.443557132470000004e-01 -3.283209593040000152e-01 -1.340186995889999935e+02 8.180955596329999935e+01 1.081692008429999987e+02
7.947556326669999449e-02 1.463096249799999971e-01 -3.205814857350000047e-01 -1.349269416680000120e+02 8.186871675070000265e+01 1.076707768609999931e+02
8.014153094789999709e-02 1.451795144090000100e-01 -3.246365341570000007e-01 -1.339689560459999882e+02 8.183865927429999942e+01 1.076949314470000019e+02
7.197962474020000445e-02 1.478791906420000024e-01 -3.188203688810000158e-01 -1.339902389899999946e+02 8.124573116899999548e+01 1.081904970310000067e+02
7.934672346639999596e-02 1.476907755269999956e-01 -3.221788475649999817e-01 -1.341159570210000140e+02 8.139624186870000244e+01 1.077032842179999932e+02
7.612811963809999749e-02 1.418870047780000088e-01 -3.236011181540000003e-01 -1.344537994099999878e+02 8.192969037790000186e+01 1.074511282480000034e+02
7.660295725049999505e-02 1.426417252059999918e-01 -3.240494172300000253e-01 -1.342196616509999956e+02 8.177922359670000674e+01 1.076942279780000007e+02
7.870005515399999818e-02 1.430983588580000132e-01 -3.207953554369999960e-01 -1.348321586300000092e+02 8.156322807930000351e+01 1.075160729100000054e+02
7.647588263799999508e-02 1.424371351000000008e-01 -3.209565676150000213e-01 -1.344277261839999937e+02 8.217449065670000152e+01 1.076511548710000028e+02
8.233512942250000022e-02 1.497974386710000105e-01 -3.274934634250000198e-01 -1.343676157069999988e+02 8.145542644610000593e+01 1.073934993769999977e+02
7.777962140470000285e-02 1.420511975379999958e-01 -3.252065929399999833e-01 -1.339712081979999994e+02 8.202309564159999411e+01 1.077831817419999965e+02
7.806168639499999617e-02 1.440451739839999912e-01 -3.221644741340000118e-01 -1.343256552379999960e+02 8.177963964750000514e+01 1.082526910259999937e+02
7.685378769139999955e-02 1.444936572680000086e-01 -3.240561648490000168e-01 -1.343866064970000025e+02 8.202807670030000509e+01 1.078212469999999996e+02
7.661856230220000230e-02 1.429874579269999890e-01 -3.198913666729999994e-01 -1.349103202750000037e+02 8.160656648040000505e+01 1.080343493529999961e+02
8.408516473280000514e-02 1.356641159180000111e-01 -3.257131678210000159e-01 -1.349264233039999965e+02 8.268244220489999918e+01 1.075596890420000022e+02
7.819045812739999768e-02 1.442025454480000135e-01 -3.233733847340000134e-01 -1.344311424390000127e+02 8.170142744630000209e+01 1.080051033249999932e+02
7.647423877889999999e-02 1.454204119120000027e-01 -3.246183846039999987e-01 -1.340874316439999916e+02 8.148793135139999322e+01 1.076871215080000042e+02
7.637071029299999370e-02 1.461508354959999978e-01 -3.225662145689999760e-01 -1.341227826880000009e+02 8.134399389499999700e+01 1.080332010249999968e+02
7.861786810029999795e-02 1.505803141170000137e-01 -3.237454088460000046e-01 -1.344773598799999945e+02 8.094507491340000627e+01 1.075184288779999946e+02
7.736122056100000477e-02 1.440034382139999958e-01 -3.282605181420000240e-01 -1.343509774810000010e+02 8.169239513210000325e+01 1.077489965970000014e+02
7.902499689729999832e-02 1.451428290410000099e-01 -3.201362595319999782e-01 -1.347905416799999898e+02 8.160347409800000662e+01 1.079310520389999937e+02
7.961054163550000673e-02 1.481327003210000104e-01 -3.236553645370000010e-01 -1.345352350670000021e+02 8.174554016720000504e+01 1.074726329169999985e+02
7.384614611699999442e-02 1.464979397900000035e-01 -3.251714703890000169e-01 -1.339348761210000021e+02 8.169039371460000609e+01 1.078339415850000051e+02
7.471398245560000040e-02 1.452502450700000058e-01 -3.243799539500000217e-01 -1.341206360989999951e+02 8.148784384709999529e+01 1.077431207070000028e+02
7.863837784829999511e-02 1.434946560060000043e-01 -3.263579438290000190e-01 -1.340226926349999985e+02 8.155442395389999888e+01 1.079707532919999977e+02
8.073522855760000005e-02 1.404292991799999946e-01 -3.245519691300000065e-01 -1.349744030079999959e+02 8.195288819440000339e+01 1.075434701150000052e+02
8.045373722550000495e-02 1.471661171189999895e-01 -3.281049113589999955e-01 -1.342711473660000081e+02 8.182713238969999736e+01 1.073307405150000022e+02
8.122451190509999419e-02 1.424637412900000011e-01 -3.250225339430000138e-01 -1.344049463709999941e+02 8.206641369349999593e+01 1.073079196390000050e+02
7.834507569389999315e-02 1.390678655110000050e-01 -3.234299801609999969e-01 -1.341683629629999928e+02 8.210661122150000324e+01 1.077260889319999961e+02
7.595797856519999336e-02 1.422406172809999869e-01 -3.203120202679999862e-01 -1.345576875509999866e+02 8.191183008350000705e+01 1.081628090979999968e+02
7.901721494260000034e-02 1.447799533140000094e-01 -3.266856877139999726e-01 -1.344872714770000073e+02 8.173717291490000036e+01 1.073513273599999991e+02
7.831309294209999605e-02 1.424154696209999904e-01 -3.212451871859999808e-01 -1.345960523690000059e+02 8.161659932790000482e+01 1.079911386120000003e+02
7.919805677879999950e-02 1.479013680800000119e-01 -3.216850324589999865e-01 -1.345558946879999951e+02 8.135572229919999643e+01 1.077165527629999957e+02
7.962842271020000029e-02 1.450993136710000131e-01 -3.188526858290000043e-01 -1.349452620769999953e+02 8.123878709310000090e+01 1.078120599119999952e+02
7.513694317050000071e-02 1.445717072430000028e-01 -3.189914074069999939e-01 -1.343307056010000053e+02 8.156372914809999486e+01 1.078387152579999935e+02
7.601440543100000669e-02 1.453480456650000086e-01 -3.243524741550000146e-01 -1.345292529179999974e+02 8.141452504660000500e+01 1.078892056010000005e+02
7.994331583399999497e-02 1.432770201749999917e-01 -3.257381227450000249e-01 -1.343558873220000009e+02 8.191891555409999626e+01 1.073719901639999961e+02
7.300475523780000642e-02 1.427891735340000023e-01 -3.229510571349999970e-01 -1.340444212570000104e+02 8.143168361770000274e+01 1.078749752410000013e+02
7.993364906470000475e-02 1.443922035209999899e-01 -3.206814605469999746e-01 -1.348626964359999931e+02 8.147286898350000683e+01 1.079518361589999955e+02
7.694870559289999912e-02 1.424528310809999865e-01 -3.237670890289999770e-01 -1.341988799089999986e+02 8.208521450000000641e+01 1.082640849480000043e+02
8.102103545300000376e-02 1.431730370940000052e-01 -3.247010267100000069e-01 -1.347961500979999983e+02 8.213399927289999880e+01 1.079539718190000031e+02
7.545195388629999389e-02 1.451802218500000130e-01 -3.205813624250000160e-01 -1.344560133379999911e+02 8.185378778390000321e+01 1.080737991090000065e+02
8.118995715240000244e-02 1.480458916540000058e-01 -3.217966623379999724e-01 -1.345545111380000094e+02 8.143534860939999476e+01 1.074479316999999980e+02
7.884983534770000080e-02 1.455547612920000122e-01 -3.266755137310000112e-01 -1.343050681379999958e+02 8.150832953100000111e+01 1.080319453059999972e+02
7.937761245629999796e-02 1.370281961660000103e-01 -3.199127067159999727e-01 -1.347142181680000022e+02 8.205533735689999730e+01 1.079687967579999963e+02
7.950897974770000654e-02 1.382943049539999969e-01 -3.201538950000000217e-01 -1.347359416120000049e+02 8.241600149229999772e+01 1.079018575230000039e+02
7.658190239260000143e-02 1.416600648670000018e-01 -3.266991349430000136e-01 -1.340620471699999996e+02 8.186896997409999699e+01 1.077813990639999986e+02
7.630353335600000009e-02 1.410449752969999970e-01 -3.266561289070000207e-01 -1.342104855460000010e+02 8.214369777359999603e+01 1.080602173780000044e+02
7.488352116289999361e-02 1.457285350410000013e-01 -3.254101388930000227e-01 -1.338798788830000035e+02 8.180942355880000605e+01 1.081287519260000067e+02
8.038069622339999443e-02 1.430241850070000098e-01 -3.257176601430000207e-01 -1.346498042190000035e+02 8.183087043650000680e+01 1.074404467600000004e+02
7.471830115239999626e-02 1.446594995569999986e-01 -3.198332316279999810e-01 -1.342030383279999910e+02 8.201475025179999534e+01 1.078228589459999966e+02
7.626924714999999688e-02 1.447320086880000134e-01 -3.243409277250000056e-01 -1.344911667160000093e+02 8.136808159749999447e+01 1.076925291029999983e+02
7.238423293590000307e-02 1.427771342659999998e-01 -3.264751542189999745e-01 -1.339229317230000049e+02 8.213716819469999564e+01 1.079385429520000059e+02
7.868033665920000364e-02 1.503899586820000023e-01 -3.233211843759999926e-01 -1.346249545519999913e+02 8.106691924730000665e+01 1.076313307270000053e+02
7.639336079000000335e-02 1.423801378790000016e-01 -3.252774828960000031e-01 -1.338341812410000102e+02 8.161724182109999504e+01 1.078856380200000018e+02
7.691951544979999666e-02 1.446431230240000088e-01 -3.306312974019999795e-01 -1.341417053270000110e+02 8.190581798460000584e+01 1.079321224769999930e+02
7.770631404059999414e-02 1.444674459430000113e-01 -3.201434927680000264e-01 -1.347169783770000038e+02 8.150677719239999419e+01 1.075068279789999934e+02
7.258250486879999630e-02 1.434565870860000092e-01 -3.209201710049999767e-01 -1.339950302889999989e+02 8.153018013279999820e+01 1.078130794770000023e+02
7.785014164780000578e-02 1.446580000540000077e-01 -3.211403357689999738e-01 -1.348499306900000079e+02 8.176337329899999418e+01 1.076555901459999944e+02
7.692784020369999864e-02 1.454803071359999922e-01 -3.245610531029999857e-01 -1.342006779179999967e+02 8.212673649219999561e+01 1.078241136559999944e+02
7.819592537239999919e-02 1.460811106719999974e-01 -3.202998455300000158e-01 -1.347387605950000022e+02 8.139280014530000074e+01 1.078680383070000062e+02
7.557324074759999566e-02 1.420294446639999986e-01 -3.249225512069999766e-01 -1.337602225830000009e+02 8.172644563000000062e+01 1.080901517289999987e+02
7.333276290380000284e-02 1.377257364370000070e-01 -3.221451058709999815e-01 -1.341150983020000069e+02 8.212869296409999720e+01 1.080992566810000000e+02
8.068401411459999450e-02 1.421377038009999927e-01 -3.250300226189999919e-01 -1.345634405119999997e+02 8.198540296410000394e+01 1.074233810070000033e+02
7.711870859970000602e-02 1.451814634290000128e-01 -3.181340486700000025e-01 -1.345449331799999868e+02 8.172323975199999779e+01 1.078985022579999935e+02
7.669807411130000196e-02 1.407125967520000132e-01 -3.247512130379999751e-01 -1.337507903860000056e+02 8.198094521149999991e+01 1.078168240440000005e+02
7.232563899449999389e-02 1.438351013920000088e-01 -3.200674636970000098e-01 -1.341548464749999994e+02 8.153172831070000370e+01 1.082656858809999960e+02
8.184354027079999983e-02 1.453716006670000005e-01 -3.248631809020000039e-01 -1.343239871789999995e+02 8.168284091820000015e+01 1.077463397599999979e+02
8.212302385910000280e-02 1.446337186040000111e-01 -3.271137698439999797e-01 -1.343412700979999954e+02 8.212630974910000248e+01 1.077152571560000069e+02
7.396441250190000094e-02 1.455188139459999974e-01 -3.255276547529999953e-01 -1.338921688769999889e+02 8.171309683510000355e+01 1.078635039840000047e+02
7.917925426109999332e-02 1.438751129159999975e-01 -3.259964118829999924e-01 -1.346625452659999951e+02 8.204483586560000674e+01 1.075101545619999968e+02
7.794924945919999570e-02 1.444894321869999998e-01 -3.243188630200000144e-01 -1.341594684629999961e+02 8.202494763040000691e+01 1.075315870470000021e+02
7.951196974959999497e-02 1.485723762520000102e-01 -3.289268682390000254e-01 -1.340755828620000045e+02 8.151294211629999609e+01 1.075607073569999983e+02
7.613894215119999809e-02 1.468322150530000092e-01 -3.274965091429999919e-01 -1.338113213549999898e+02 8.180664166469999543e+01 1.078049050380000011e+02
7.603470364820000271e-02 1.410968761399999938e-01 -3.292196250080000053e-01 -1.340099641570000131e+02 8.223925077449999321e+01 1.077102900750000032e+02
7.929687772660000411e-02 1.462979012010000024e-01 -3.210868840100000177e-01 -1.341905803580000054e+02 8.177337464129999489e+01 1.075707137720000048e+02
7.692987545189999832e-02 1.420271743390000008e-01 -3.231581025099999893e-01 -1.343948138719999861e+02 8.193981128750000664e+01 1.081381256349999944e+02
8.013293144510000299e-02 1.440220976330000013e-01 -3.250018761940000056e-01 -1.348372960929999920e+02 8.211761139210000238e+01 1.076590284830000002e+02
8.096091320779999490e-02 1.413022176500000060e-01 -3.203589905320000097e-01 -1.349412289560000033e+02 8.190180470820000380e+01 1.078366999609999937e+02
8.161498234380000494e-02 1.380516050249999960e-01 -3.246712134029999808e-01 -1.345285906759999932e+02 8.216266205399999478e+01 1.077424655089999987e+02
8.167940669440000578e-02 1.400798332179999939e-01 -3.219991097700000138e-01 -1.345150930979999941e+02 8.206877898839999830e+01 1.077329298209999990e+02
7.449438086930000591e-02 1.414970393839999896e-01 -3.210331441520000162e-01 -1.339347312730000112e+02 8.213915163199999370e+01 1.081192811210000002e+02
7.531682485339999400e-02 1.485372528879999876e-01 -3.275750470959999938e-01 -1.340982633639999904e+02 8.159588260840000373e+01 1.078020647860000025e+02
8.049260134279999368e-02 1.490508847199999987e-01 -3.203799699009999835e-01 -1.347964829420000115e+02 8.136015270260000420e+01 1.073973841880000037e+02
7.367090231719999882e-02 1.457008905390000109e-01 -3.173711930159999750e-01 -1.342866924729999880e+02 8.151935419720000198e+01 1.080856518540000053e+02
8.130822555080000069e-02 1.437505464509999942e-01 -3.211667000760000112e-01 -1.345002193800000043e+02 8.183228574730000560e+01 1.079178636540000014e+02
7.158978861280000661e-02 1.430609789129999865e-01 -3.279986948990000206e-01 -1.337069886230000009e+02 8.199562482560000376e+01 1.078729639689999971e+02
7.770249171420000323e-02 1.452885863689999946e-01 -3.207485329750000003e-01 -1.347506778590000067e+02 8.172623364010000557e+01 1.077366751189999974e+02
8.077719759160000013e-02 1.469644482780000094e-01 -3.213604698190000164e-01 -1.350497223499999961e+02 8.173667908240000202e+01 1.077342023669999946e+02
8.270848293139999863e-02 1.483060902009999960e-01 -3.238973864410000236e-01 -1.345464995179999903e+02 8.121549234030000264e+01 1.072361226120000026e+02
7.801764176370000470e-02 1.511407443599999956e-01 -3.192702990090000026e-01 -1.346284952530000112e+02 8.113357612059999724e+01 1.075917928799999999e+02
8.021770943929999731e-02 1.421453045319999997e-01 -3.174186234970000076e-01 -1.348779473639999935e+02 8.200961709300000280e+01 1.080845885720000012e+02
7.844549035719999841e-02 1.446506431619999922e-01 -3.245685533509999887e-01 -1.339490575739999940e+02 8.155079724050000323e+01 1.078699233300000060e+02
7.990908920710000640e-02 1.436478641189999905e-01 -3.209093602950000013e-01 -1.346697080620000122e+02 8.205908803510000382e+01 1.074404248400000057e+02
8.177986596290000298e-02 1.460549254930000040e-01 -3.253030250969999870e-01 -1.343371972550000066e+02 8.162740004760000545e+01 1.074900481600000006e+02
8.084353324540000107e-02 1.478665183439999975e-01 -3.189521204740000115e-01 -1.346236878619999970e+02 8.146738739980000332e+01 1.078033789640000037e+02
7.660690847560000516e-02 1.446951852870000110e-01 -3.216181046089999773e-01 -1.342293186880000064e+02 8.167127244639999617e+01 1.081547246490000020e+02
7.699563353480000372e-02 1.492796084390000111e-01 -3.246728128470000030e-01 -1.341659207799999933e+02 8.125510677769999290e+01 1.075782569050000035e+02
7.737171455409999621e-02 1.419821150059999981e-01 -3.272096253680000233e-01 -1.340030301360000067e+02 8.181562248999999554e+01 1.077742427679999935e+02
8.086364036859999826e-02 1.438534727870000030e-01 -3.224162748569999737e-01 -1.346325869380000029e+02 8.165305613329999801e+01 1.074519832729999962e+02
6.794024984980000237e-02 1.429617250159999908e-01 -3.238239027490000255e-01 -1.335494224100000054e+02 8.196400677149999581e+01 1.083685143529999948e+02
7.786571890400000029e-02 1.446427864400000041e-01 -3.240131913050000034e-01 -1.344535410320000040e+02 8.195342045360000327e+01 1.077377818690000026e+02
7.657305461060000262e-02 1.418240483800000118e-01 -3.232385134460000198e-01 -1.342806399389999967e+02 8.145575273849999576e+01 1.080430121950000029e+02
7.684720380960000097e-02 1.419160348569999952e-01 -3.190616242850000117e-01 -1.344966468149999912e+02 8.148086397439999473e+01 1.080260840459999940e+02
7.470804924790000467e-02 1.447893021030000060e-01 -3.217901669329999992e-01 -1.343374539710000022e+02 8.144768908080000358e+01 1.083508644030000028e+02
7.990431685859999966e-02 1.485322081849999865e-01 -3.214010612970000236e-01 -1.347810024910000095e+02 8.117896984179999720e+01 1.074824377350000049e+02
8.260666681809999967e-02 1.432213069599999888e-01 -3.239847965759999893e-01 -1.344333618469999863e+02 8.188624777500000107e+01 1.073858280420000000e+02
7.429615735599999493e-02 1.455405820070000134e-01 -3.231120350950000275e-01 -1.340911474149999947e+02 8.119772880780000435e+01 1.078889273000000060e+02
7.905801904850000283e-02 1.351314092879999929e-01 -3.248741634499999753e-01 -1.344223392840000031e+02 8.254232984050000255e+01 1.077907769370000040e+02
7.878351764589999751e-02 1.463326718419999950e-01 -3.235579580219999918e-01 -1.345834017560000007e+02 8.139072894790000134e+01 1.075716311890000014e+02
8.030605194379999978e-02 1.434837054460000039e-01 -3.253280687039999952e-01 -1.348799589280000077e+02 8.208792693050000366e+01 1.076625984939999938e+02
7.701460955769999506e-02 1.453745116540000049e-01 -3.260227408370000024e-01 -1.341465737270000034e+02 8.183693619429999444e+01 1.075645663319999983e+02
7.636360779089999828e-02 1.417106559459999915e-01 -3.228675748050000016e-01 -1.347969463649999966e+02 8.178635828909999361e+01 1.076877477839999955e+02
7.982800555659999575e-02 1.473887504639999901e-01 -3.262672342960000194e-01 -1.342703960190000032e+02 8.152989356780000207e+01 1.078967447450000066e+02
7.908374981370000500e-02 1.382073834289999914e-01 -3.233889133910000102e-01 -1.347316903960000047e+02 8.253230588680000324e+01 1.081544031079999968e+02
7.754192809870000258e-02 1.431724461459999986e-01 -3.215188511720000197e-01 -1.346617780759999903e+02 8.194424486760000548e+01 1.077158354430000031e+02
7.352312389659999836e-02 1.441083040380000124e-01 -3.186619292560000094e-01 -1.344772532190000049e+02 8.174353357949999577e+01 1.082548185149999966e+02
7.864079821059999365e-02 1.495089566539999915e-01 -3.232322474989999805e-01 -1.345230458210000108e+02 8.146688428490000433e+01 1.078052965400000005e+02
7.531697664870000419e-02 1.466684719799999925e-01 -3.253510071399999815e-01 -1.344159049669999888e+02 8.166078209270000343e+01 1.078612040449999938e+02
7.096869848249999502e-02 1.447482634109999999e-01 -3.182813632670000170e-01 -1.342777858450000110e+02 8.160740365760000259e+01 1.080505813829999937e+02
7.881599943629999383e-02 1.424231509020000008e-01 -3.227665802670000028e-01 -1.346089671850000116e+02 8.231522313509999833e+01 1.080192213699999968e+02
7.304959986389999993e-02 1.409269692070000135e-01 -3.204415521489999974e-01 -1.339797199850000027e+02 8.211176196220000634e+01 1.081863287439999937e+02
6.977387998200000607e-02 1.403202908429999896e-01 -3.234287788040000056e-01 -1.336516609429999960e+02 8.200052975670000421e+01 1.083068208079999977e+02
7.564535068000000084e-02 1.472149038499999951e-01 -3.211100018040000115e-01 -1.341734548960000097e+02 8.124326825720000045e+01 1.075762810800000011e+02
7.714141129750000381e-02 1.409161892370000002e-01 -3.268637175519999993e-01 -1.342682203409999886e+02 8.229733877660000019e+01 1.081761240019999946e+02
7.652113068780000416e-02 1.485293224120000088e-01 -3.229839534560000058e-01 -1.342598675380000088e+02 8.126808291369999893e+01 1.076597953830000023e+02
7.788687482349999913e-02 1.433559532769999867e-01 -3.224295323160000226e-01 -1.347609748659999980e+02 8.196261169349999420e+01 1.082068095329999977e+02
7.554560877480000214e-02 1.441229486989999975e-01 -3.191943059710000141e-01 -1.341568106199999875e+02 8.151227186319999873e+01 1.080239095390000017e+02
7.949766382530000508e-02 1.433723924760000046e-01 -3.227262476100000166e-01 -1.347866543339999907e+02 8.143163318919999938e+01 1.077138025929999969e+02
7.976159082339999429e-02 1.444202859419999874e-01 -3.246923606859999922e-01 -1.342075598529999922e+02 8.189032129070000110e+01 1.075240556530000049e+02
7.547554840240000562e-02 1.404731506889999870e-01 -3.268217411589999788e-01 -1.339882323980000081e+02 8.214071864059999939e+01 1.082918198899999993e+02
7.398129234059999670e-02 1.386427473719999970e-01 -3.215283596729999749e-01 -1.343358701289999999e+02 8.241638038669999844e+01 1.082855479029999941e+02
7.862423613839999992e-02 1.420335181240000022e-01 -3.269392461919999882e-01 -1.344469161090000000e+02 8.224070619799999804e+01 1.077398943970000005e+02
7.827379519160000687e-02 1.448494882509999970e-01 -3.248391882850000245e-01 -1.342470203940000033e+02 8.172404090310000413e+01 1.076741909170000042e+02
7.826160123089999365e-02 1.439252285339999993e-01 -3.219881462349999945e-01 -1.346686856439999929e+02 8.145364895640000213e+01 1.079927287919999941e+02
7.730112100399999520e-02 1.431275495409999876e-01 -3.189969543000000241e-01 -1.347879933950000009e+02 8.191621779269999593e+01 1.075875072959999983e+02
8.130474921130000088e-02 1.446081629679999980e-01 -3.223665807419999751e-01 -1.347531626919999894e+02 8.197218779489999463e+01 1.074290322150000065e+02
7.711348396629999491e-02 1.465361895570000128e-01 -3.234591247909999745e-01 -1.343113520349999988e+02 8.135882767879999733e+01 1.074365575930000034e+02
7.665488075390000655e-02 1.413846680520000065e-01 -3.176179951779999899e-01 -1.345720033009999952e+02 8.196684870580000393e+01 1.078090096549999970e+02
7.648631326629999616e-02 1.471257074260000075e-01 -3.232177744520000062e-01 -1.345161243610000099e+02 8.187910727029999691e+01 1.080548310909999969e+02
8.227627072229999616e-02 1.383892809149999958e-01 -3.256099495209999750e-01 -1.347452701459999957e+02 8.237180878200000222e+01 1.075788144910000028e+02
7.783410042589999911e-02 1.460902432060000034e-01 -3.191456825110000062e-01 -1.345839421500000128e+02 8.141176382860000160e+01 1.075780477819999987e+02
8.030967528679999745e-02 1.451224719120000062e-01 -3.225776150690000121e-01 -1.344698000770000021e+02 8.169859007949999352e+01 1.074434760489999974e+02
7.664258567609999462e-02 1.435505561100000049e-01 -3.250736082849999820e-01 -1.344879501419999883e+02 8.187157297970000513e+01 1.076770606710000067e+02
7.273149682189999909e-02 1.447917242979999963e-01 -3.242030503230000082e-01 -1.339706935520000002e+02 8.161936914599999682e+01 1.079188553380000002e+02
8.125887937249999526e-02 1.450759331360000071e-01 -3.208787401609999868e-01 -1.349985101700000030e+02 8.150646517949999748e+01 1.075171461049999948e+02
7.632735032590000357e-02 1.432783675669999923e-01 -3.240421211169999816e-01 -1.343362993990000120e+02 8.145818689159999337e+01 1.081929967500000060e+02
7.675786576389999338e-02 1.425817101390000063e-01 -3.194461826209999966e-01 -1.348515620210000066e+02 8.190390773689999548e+01 1.081853212799999966e+02
7.814258549039999890e-02 1.485902548280000068e-01 -3.193518403089999902e-01 -1.344845052260000102e+02 8.120106918070000290e+01 1.077734560499999930e+02
8.298459782580000499e-02 1.474018389539999974e-01 -3.232446858449999905e-01 -1.346864092810000102e+02 8.162577648709999778e+01 1.073967852429999965e+02
7.542657817999999514e-02 1.456470311180000088e-01 -3.236725546279999866e-01 -1.338493235109999944e+02 8.170022190129999728e+01 1.078920743399999935e+02
7.505929556439999706e-02 1.405008869169999952e-01 -3.248373193540000092e-01 -1.341607354909999970e+02 8.218058982610000385e+01 1.081247026169999970e+02
7.239225731600000546e-02 1.449657525380000089e-01 -3.218020498370000038e-01 -1.342019877609999980e+02 8.180026570699999411e+01 1.083924423579999967e+02
8.048819158419999453e-02 1.405733573650000123e-01 -3.201492770480000027e-01 -1.346499884700000109e+02 8.179458523360000299e+01 1.077746352049999956e+02
7.509984126419999573e-02 1.443741699240000120e-01 -3.268708984279999896e-01 -1.340484265530000130e+02 8.208467160920000083e+01 1.075497984379999963e+02
7.727566957089999911e-02 1.457311521540000099e-01 -3.213828183820000017e-01 -1.347107505410000101e+02 8.193970589799999971e+01 1.075600132739999992e+02
8.158133534500000561e-02 1.472485792800000137e-01 -3.211596705800000007e-01 -1.348056386380000049e+02 8.143460903790000316e+01 1.073822405319999973e+02
7.529840829810000025e-02 1.387579807340000027e-01 -3.198737580039999751e-01 -1.346262501930000042e+02 8.211681786370000680e+01 1.080096902110000059e+02
7.732824925499999502e-02 1.394134571860000116e-01 -3.276444816030000262e-01 -1.342898163250000039e+02 8.239188201669999501e+01 1.079911802809999983e+02
7.679639660659999534e-02 1.437958485799999964e-01 -3.289011081659999891e-01 -1.343916491210000004e+02 8.203545188820000078e+01 1.075790090229999976e+02
7.592400218370000398e-02 1.435584335679999934e-01 -3.218349920099999872e-01 -1.347951984020000111e+02 8.147862570530000426e+01 1.079073836440000065e+02
7.988092015070000218e-02 1.404628799419999907e-01 -3.221472554500000030e-01 -1.347036494799999957e+02 8.212854866169999468e+01 1.080610995130000020e+02
7.730532910970000504e-02 1.473325739820000035e-01 -3.242282322760000057e-01 -1.344604245849999984e+02 8.131698924820000229e+01 1.074503139769999933e+02
7.354147310509999425e-02 1.466149859360000030e-01 -3.204302212119999882e-01 -1.341296314600000130e+02 8.108461419489999855e+01 1.078657867619999990e+02
7.770447106510000590e-02 1.439251988140000105e-01 -3.271298833049999799e-01 -1.344335813300000098e+02 8.198304933279999318e+01 1.074025001239999995e+02
8.035245980630000007e-02 1.448204046010000134e-01 -3.236553213389999906e-01 -1.344707689239999979e+02 8.177388854379999827e+01 1.078427928720000040e+02
7.978832938039999434e-02 1.418712136839999916e-01 -3.262401672799999930e-01 -1.344226167529999998e+02 8.199966850709999733e+01 1.079368345379999994e+02
7.338881522600000651e-02 1.436102659440000040e-01 -3.219587257000000036e-01 -1.342360599170000057e+02 8.137733306449999304e+01 1.082904686170000019e+02
7.720650198200000591e-02 1.427775509560000045e-01 -3.282243737319999743e-01 -1.341524421260000111e+02 8.186513082150000287e+01 1.080348190570000071e+02
7.605774795609999972e-02 1.409832814779999888e-01 -3.257581146169999942e-01 -1.339535009170000137e+02 8.240989256689999820e+01 1.076758765219999958e+02
7.922795001450000374e-02 1.422656646259999880e-01 -3.260235963600000009e-01 -1.345867005739999911e+02 8.192691608750000398e+01 1.073056065920000037e+02
7.511304076960000076e-02 1.447483194149999930e-01 -3.234455157789999924e-01 -1.341841888330000074e+02 8.191607600509999543e+01 1.078528966460000049e+02
7.937058678929999334e-02 1.449254543769999959e-01 -3.209619411460000182e-01 -1.344614126719999945e+02 8.176059004409999886e+01 1.075305613169999930e+02
7.317972524110000210e-02 1.462116761160000000e-01 -3.247386707280000007e-01 -1.337372222129999955e+02 8.158813195049999933e+01 1.080163061300000038e+02
7.667717202649999841e-02 1.441462315950000073e-01 -3.205961176620000241e-01 -1.343533539539999992e+02 8.183866774349999673e+01 1.078887819060000055e+02
7.859097395319999957e-02 1.407618983850000005e-01 -3.166881012680000107e-01 -1.348569615709999994e+02 8.217417671779999466e+01 1.079673692629999948e+02
8.015808431630000452e-02 1.449924818910000024e-01 -3.220507781399999936e-01 -1.346292012360000001e+02 8.117471012560000077e+01 1.074919729679999989e+02
7.635845197339999335e-02 1.435961301189999928e-01 -3.246273342459999878e-01 -1.340539243279999937e+02 8.198424764279999977e+01 1.080671378560000022e+02
8.261790978909999694e-02 1.469151826160000063e-01 -3.153396732520000190e-01 -1.350850491449999993e+02 8.145444497910000337e+01 1.075207852479999957e+02
7.908184403909999938e-02 1.443120910089999986e-01 -3.239486834329999843e-01 -1.345877649820000101e+02 8.144033239329999674e+01 1.073728155160000028e+02
7.893493030829999701e-02 1.431810818819999886e-01 -3.244464014640000005e-01 -1.346807446089999871e+02 8.173375411780000377e+01 1.076482967190000011e+02
7.420386878510000506e-02 1.461280679449999953e-01 -3.198335671370000077e-01 -1.342052658800000131e+02 8.153389319030000593e+01 1.080800348629999945e+02
7.627383680719999892e-02 1.392326672260000009e-01 -3.227136622439999991e-01 -1.342696731789999944e+02 8.237241186810000215e+01 1.080627674269999972e+02
7.814497312540000240e-02 1.499910447330000118e-01 -3.199104275649999884e-01 -1.345806662500000073e+02 8.141228586190000271e+01 1.075470341860000048e+02
8.150262334159999456e-02 1.450667519019999963e-01 -3.236358037359999829e-01 -1.348625793209999983e+02 8.164975393909999468e+01 1.073039109839999981e+02
7.743516016639999389e-02 1.444941284010000104e-01 -3.268430596210000205e-01 -1.343314696429999913e+02 8.193834704030000182e+01 1.078626061770000035e+02
7.546345571080000092e-02 1.441962874080000012e-01 -3.191613110629999972e-01 -1.341442772270000034e+02 8.168674339819999375e+01 1.080139747890000024e+02
7.863224311359999497e-02 1.422133647509999932e-01 -3.216821245700000054e-01 -1.348424642210000002e+02 8.193886844239999334e+01 1.078066358540000067e+02
7.556772571410000361e-02 1.422204390809999885e-01 -3.224229670179999951e-01 -1.346434433500000125e+02 8.223547204240000497e+01 1.078611010390000047e+02
7.685070147589999345e-02 1.433699662360000127e-01 -3.241478861750000107e-01 -1.337709931740000115e+02 8.165070192780000013e+01 1.075958211199999965e+02
7.850639232849999927e-02 1.453376241940000091e-01 -3.280599387240000220e-01 -1.341441545479999888e+02 8.185713678480000510e+01 1.073921720369999946e+02
7.623386780429999843e-02 1.439062039719999908e-01 -3.223026768760000049e-01 -1.347554411179999931e+02 8.161640009929999451e+01 1.079224116519999939e+02
8.043057520830000640e-02 1.468042109430000020e-01 -3.252994920139999913e-01 -1.343414303099999927e+02 8.133405889179999804e+01 1.073330990580000019e+02
7.913216479140000592e-02 1.433067404210000007e-01 -3.236050570790000025e-01 -1.349647724810000113e+02 8.200984184310000558e+01 1.079426119190000009e+02
7.617944110570000482e-02 1.476357670400000044e-01 -3.223735695520000277e-01 -1.343906342939999945e+02 8.123438153479999357e+01 1.074403838270000051e+02
7.415774330219999932e-02 1.450222744519999996e-01 -3.231322837660000058e-01 -1.343918446970000105e+02 8.143862920719999465e+01 1.075888886299999996e+02
7.682675023710000550e-02 1.466057608480000052e-01 -3.228620743319999820e-01 -1.342537952460000099e+02 8.206515216699999371e+01 1.075914239030000061e+02
7.678582574480000145e-02 1.422139494269999971e-01 -3.222316710220000102e-01 -1.339637383330000091e+02 8.164130337400000315e+01 1.079380329220000050e+02
8.106203001709999523e-02 1.452883368120000129e-01 -3.285257162240000084e-01 -1.341804119059999891e+02 8.186435076760000129e+01 1.077722854619999993e+02
8.302467666339999330e-02 1.447319271699999965e-01 -3.200534298430000035e-01 -1.349189979219999884e+02 8.177077869289999512e+01 1.077208747859999960e+02
7.475082549040000524e-02 1.430190963500000134e-01 -3.249332398209999750e-01 -1.341966352430000029e+02 8.225623134520000690e+01 1.077958488649999964e+02
7.482901191700000454e-02 1.508889975920000015e-01 -3.226258591580000168e-01 -1.341191287789999933e+02 8.098839639060000195e+01 1.078399567969999993e+02
7.837057208229999961e-02 1.429568119530000014e-01 -3.283896881180000116e-01 -1.345773631170000044e+02 8.224173484729999473e+01 1.075768314729999986e+02
7.950542043430000594e-02 1.468936753879999946e-01 -3.269049860339999780e-01 -1.343726232909999965e+02 8.163009281470000644e+01 1.075052488179999983e+02
7.729500244180000090e-02 1.456606977279999993e-01 -3.242901115130000234e-01 -1.340473579050000126e+02 8.208415916360000608e+01 1.076474080229999970e+02
7.720855936869999714e-02 1.469681567860000038e-01 -3.276377447650000163e-01 -1.342752278689999912e+02 8.154487847960000124e+01 1.077358534450000036e+02
7.340613777170000576e-02 1.430411228969999948e-01 -3.216351253740000193e-01 -1.341451540250000107e+02 8.175163564140000005e+01 1.079106758880000001e+02
7.924281206930000598e-02 1.499597010519999885e-01 -3.229889950150000022e-01 -1.344764450719999900e+02 8.109643509670000583e+01 1.077974321159999960e+02
7.931635006800000220e-02 1.444214687239999961e-01 -3.238280495509999746e-01 -1.347811244719999877e+02 8.126584376879999638e+01 1.077710638920000008e+02
8.174484185109999468e-02 1.424475623099999977e-01 -3.212912530279999901e-01 -1.348338980450000122e+02 8.196308413959999939e+01 1.075237401250000033e+02
7.700802146339999488e-02 1.412239957139999891e-01 -3.202953155559999932e-01 -1.346881164030000093e+02 8.184034113059999527e+01 1.079852494419999971e+02
7.450914207469999662e-02 1.380401490289999977e-01 -3.198831025609999990e-01 -1.343529409289999990e+02 8.245832110070000454e+01 1.081677461409999950e+02
7.163774019980000130e-02 1.504253867479999895e-01 -3.197492637430000006e-01 -1.338448474299999873e+02 8.097712912590000656e+01 1.080492170219999934e+02
7.990014168320000443e-02 1.391393621279999882e-01 -3.203366442769999822e-01 -1.347100500770000053e+02 8.198777087610000081e+01 1.077842700820000061e+02
7.759466986360000207e-02 1.475971858879999987e-01 -3.322616614410000002e-01 -1.339426093360000039e+02 8.148328877650000379e+01 1.076712015119999961e+02
7.605231108620000291e-02 1.444830202459999879e-01 -3.262493252279999867e-01 -1.340086138179999864e+02 8.214602010160000134e+01 1.081241105609999948e+02
7.368473139410000594e-02 1.431506738459999983e-01 -3.222492237569999918e-01 -1.341279769699999918e+02 8.181375845889999709e+01 1.077650427699999938e+02
8.076794881819999994e-02 1.447769879770000045e-01 -3.235999845190000168e-01 -1.346683026169999948e+02 8.180504916450000508e+01 1.073346980599999938e+02
7.841533089530000611e-02 1.418446136790000034e-01 -3.224896514369999800e-01 -1.346686457829999881e+02 8.163570214860000362e+01 1.077550280690000051e+02
7.972844575059999384e-02 1.503319337700000091e-01 -3.203619686429999835e-01 -1.344585232780000013e+02 8.135224513750000597e+01 1.076401020569999929e+02
7.823015689510000314e-02 1.421032009450000078e-01 -3.241478148879999854e-01 -1.347546635209999977e+02 8.170152196070000628e+01 1.075720680189999996e+02
7.685032036199999916e-02 1.437566125330000111e-01 -3.222330436509999729e-01 -1.341084231499999930e+02 8.163131633080000427e+01 1.078585601590000067e+02
8.111383020830000012e-02 1.425641866240000000e-01 -3.252816112860000275e-01 -1.343516916490000028e+02 8.231620176239999864e+01 1.074990065460000039e+02
7.733130053520000102e-02 1.468361102619999969e-01 -3.229879076239999813e-01 -1.341447850019999919e+02 8.169568648669999789e+01 1.078321057419999960e+02
7.675065228650000682e-02 1.432866975830000000e-01 -3.215314782090000212e-01 -1.346725761380000108e+02 8.151830639780000354e+01 1.078721010120000017e+02
7.679341320499999402e-02 1.445501162479999879e-01 -3.213350676910000092e-01 -1.344500727170000118e+02 8.202199748789999489e+01 1.082028141880000049e+02
7.483236544589999539e-02 1.390496280609999913e-01 -3.209586574680000082e-01 -1.342461022139999898e+02 8.230105884069999433e+01 1.080972688229999932e+02
7.449364664179999873e-02 1.480356147870000028e-01 -3.217713990400000168e-01 -1.342811128790000055e+02 8.118225211879999392e+01 1.081627871599999935e+02
7.743437497520000434e-02 1.413642747199999883e-01 -3.221548733999999858e-01 -1.344226638050000133e+02 8.235628719240000351e+01 1.078799406790000006e+02
7.686289256349999877e-02 1.446388369230000026e-01 -3.227182743970000156e-01 -1.346619425990000138e+02 8.164881660300000021e+01 1.076111228660000023e+02
7.639032190260000577e-02 1.444431346160000018e-01 -3.194218753599999960e-01 -1.341944796749999966e+02 8.156868003089999775e+01 1.077555352809999931e+02
7.780924527849999994e-02 1.418047273040000111e-01 -3.257708838139999896e-01 -1.345071940859999984e+02 8.221031985909999662e+01 1.077688532570000035e+02
8.204691557359999887e-02 1.390531655510000020e-01 -3.272858212720000104e-01 -1.344886812119999888e+02 8.223945789249999905e+01 1.075067262459999995e+02
7.741829660439999983e-02 1.466809317720000061e-01 -3.243863321220000207e-01 -1.343464491279999891e+02 8.161287374469999634e+01 1.075596815720000023e+02
7.682864335910000175e-02 1.458184514189999892e-01 -3.216503548269999957e-01 -1.342539104479999992e+02 8.153046691720000183e+01 1.080068336420000037e+02
7.951845415939999551e-02 1.436904186069999922e-01 -3.245502909399999858e-01 -1.349926624039999865e+02 8.165992899009999917e+01 1.076120113540000034e+02
7.592676877170000116e-02 1.437106405140000098e-01 -3.288585904699999896e-01 -1.340737841250000031e+02 8.193944051830000319e+01 1.077049537110000017e+02
8.054764641860000240e-02 1.379820242049999979e-01 -3.205649652550000006e-01 -1.349300401380000096e+02 8.235641901789999508e+01 1.079513851810000062e+02
7.798023513139999696e-02 1.420236396950000091e-01 -3.227304954490000100e-01 -1.344413223729999913e+02 8.196691752540000664e+01 1.079780241010000026e+02
7.739969417129999307e-02 1.487912341990000054e-01 -3.256082823959999817e-01 -1.341198257579999904e+02 8.108539772250000510e+01 1.075561256919999948e+02
7.799826144520000115e-02 1.431284518110000070e-01 -3.266774191890000067e-01 -1.346543017330000112e+02 8.207933855459999961e+01 1.080803179800000038e+02
7.865003766629999338e-02 1.459188910389999927e-01 -3.214127017980000223e-01 -1.343971018869999909e+02 8.147549724739999988e+01 1.075205546870000006e+02
7.459298983249999793e-02 1.420647387990000010e-01 -3.201166820210000208e-01 -1.347188246620000029e+02 8.188626495820000173e+01 1.079201014380000032e+02
7.851406440590000257e-02 1.478258901989999985e-01 -3.203671650850000163e-01 -1.344692990720000125e+02 8.143783158150000645e+01 1.074516327569999987e+02
7.550979780890000603e-02 1.444319757720000097e-01 -3.203042843259999994e-01 -1.342926146869999968e+02 8.169453350189999696e+01 1.080180032330000017e+02
8.051400511339999733e-02 1.431080288400000122e-01 -3.276041455109999778e-01 -1.345260414230000094e+02 8.204276064389999590e+01 1.078105720329999997e+02
7.774388868890000359e-02 1.442198396640000102e-01 -3.254657619760000231e-01 -1.340568422560000101e+02 8.199830097189999378e+01 1.073319312090000039e+02
7.953504541540000472e-02 1.414020501280000008e-01 -3.219148445289999882e-01 -1.347929259430000002e+02 8.158879920100000049e+01 1.079918200639999952e+02
8.134447578110000354e-02 1.457888014760000128e-01 -3.230172534619999980e-01 -1.348119909170000028e+02 8.171750935010000205e+01 1.074761803140000040e+02
8.052898755380000217e-02 1.433621457220000117e-01 -3.159565156110000217e-01 -1.350896197579999978e+02 8.169612439009999605e+01 1.077878449850000067e+02
7.998176420550000276e-02 1.391387464670000018e-01 -3.240495477800000024e-01 -1.344324786690000053e+02 8.198400823539999749e+01 1.077557792749999948e+02
7.824105184790000611e-02 1.417371720779999900e-01 -3.269957120990000243e-01 -1.339916281600000048e+02 8.190640213049999829e+01 1.077884561340000005e+02
7.658991922270000363e-02 1.492648649220000012e-01 -3.241685389219999824e-01 -1.343431395380000026e+02 8.167549244719999990e+01 1.077499164959999973e+02
7.629687132380000292e-02 1.397596201509999914e-01 -3.202026620899999787e-01 -1.346694789539999988e+02 8.198921446919999312e+01 1.080493912259999973e+02
7.938991298530000129e-02 1.461799026860000073e-01 -3.200329112179999824e-01 -1.348403600599999947e+02 8.133810473949999675e+01 1.073896573560000007e+02
7.985375535680000469e-02 1.460464383879999939e-01 -3.240862292910000053e-01 -1.346927360079999971e+02 8.147449013870000556e+01 1.073420682299999953e+02
7.607746955399999345e-02 1.443363842569999889e-01 -3.199488929150000049e-01 -1.347277090169999951e+02 8.205941558099999611e+01 1.077732942810000054e+02
7.732639998939999648e-02 1.400213929369999999e-01 -3.242561478570000211e-01 -1.346853766389999976e+02 8.238175330890000225e+01 1.080537806960000040e+02
7.600936602810000331e-02 1.467031803319999994e-01 -3.199768197200000275e-01 -1.344277345110000113e+02 8.157561245390000693e+01 1.079852435930000070e+02
7.450305178449999344e-02 1.450826492039999915e-01 -3.203783837590000183e-01 -1.344083488150000107e+02 8.161997446680000223e+01 1.080251874089999973e+02
7.428115178380000072e-02 1.427527511680000138e-01 -3.203991635249999748e-01 -1.341843375630000139e+02 8.149658549619999803e+01 1.078687204059999942e+02
8.043089936300000520e-02 1.417453910960000119e-01 -3.253194020799999864e-01 -1.347315184789999876e+02 8.186876085609999620e+01 1.076466878300000047e+02
7.833089949049999723e-02 1.418823110090000061e-01 -3.185174427560000243e-01 -1.344476184320000129e+02 8.172295698080000648e+01 1.082056335759999968e+02
7.727726485810000601e-02 1.449819799020000133e-01 -3.235336190409999757e-01 -1.344209095129999980e+02 8.161392104949999293e+01 1.079567436640000011e+02
7.920505867230000219e-02 1.444625506370000034e-01 -3.238957315980000029e-01 -1.347712613180000005e+02 8.217428996389999440e+01 1.076838240240000033e+02
7.773530129990000037e-02 1.497094725589999953e-01 -3.252493696579999982e-01 -1.340901037120000012e+02 8.099077137739999444e+01 1.074493960479999970e+02
7.466206580900000556e-02 1.411135382779999947e-01 -3.283518406109999788e-01 -1.337177130919999968e+02 8.224342624470000374e+01 1.082221015660000063e+02
7.183307677700000171e-02 1.384482283940000058e-01 -3.264542202969999973e-01 -1.338051337889999957e+02 8.247503684710000016e+01 1.083322733029999938e+02
7.474157223249999760e-02 1.405136649829999973e-01 -3.191018386810000051e-01 -1.345876496729999872e+02 8.220744853179999723e+01 1.081419913959999946e+02
8.035884666879999916e-02 1.400681241919999875e-01 -3.224035186920000129e-01 -1.346512288730000080e+02 8.205388557300000230e+01 1.077711550209999984e+02
8.016959320439999426e-02 1.397726550470000106e-01 -3.253985706340000172e-01 -1.345368928249999954e+02 8.213253243350000332e+01 1.079794990259999992e+02
7.756731268210000085e-02 1.449033425959999899e-01 -3.200223869489999817e-01 -1.343571038640000097e+02 8.166157347909999942e+01 1.077808381359999998e+02
8.113992347800000338e-02 1.436452005030000034e-01 -3.215155433240000082e-01 -1.348655033830000036e+02 8.144499567580000132e+01 1.078402345650000029e+02
8.023895965749999748e-02 1.394500116459999883e-01 -3.278073771009999970e-01 -1.345210536529999956e+02 8.213173583219999330e+01 1.079104092909999935e+02
7.587373154500000327e-02 1.470140400230000033e-01 -3.174528475649999737e-01 -1.344483674189999931e+02 8.161927026130000229e+01 1.077598126890000003e+02
8.055848540960000581e-02 1.425474306829999926e-01 -3.241649976970000235e-01 -1.341639770030000136e+02 8.227292551870000636e+01 1.077787102690000012e+02
8.238595277089999502e-02 1.419442486159999961e-01 -3.200282314180000198e-01 -1.349515551339999888e+02 8.191643571010000358e+01 1.075438074479999955e+02
7.766888439289999779e-02 1.404015155870000087e-01 -3.252773688969999855e-01 -1.341951427379999870e+02 8.179979751490000695e+01 1.079809394060000045e+02
7.742283342319999928e-02 1.409831860719999996e-01 -3.212353019240000163e-01 -1.348173259650000091e+02 8.228411621989999958e+01 1.078206841500000053e+02
7.440052561099999573e-02 1.436152700380000091e-01 -3.217964958810000109e-01 -1.344243980200000124e+02 8.139601598389999992e+01 1.080860810380000032e+02
7.875750492909999734e-02 1.479274458729999964e-01 -3.175261723450000240e-01 -1.348177174209999976e+02 8.124408108180000454e+01 1.076808410200000026e+02
8.252771845169999676e-02 1.420985346760000045e-01 -3.242257215609999910e-01 -1.349651586820000091e+02 8.206184713070000214e+01 1.078118313819999941e+02
7.109226433349999374e-02 1.440286758680000001e-01 -3.304950176609999790e-01 -1.336689788490000126e+02 8.184908321979999357e+01 1.079589297509999994e+02
7.747872538199999937e-02 1.383182967240000061e-01 -3.218807789179999879e-01 -1.345954139600000019e+02 8.251878878690000363e+01 1.080125733499999967e+02
7.853415247230000062e-02 1.419925420279999906e-01 -3.247617732290000170e-01 -1.346526867759999959e+02 8.221176501319999375e+01 1.074596636440000026e+02
8.024947004700000441e-02 1.435287684800000130e-01 -3.192464240640000006e-01 -1.348145072640000137e+02 8.169953552059999424e+01 1.074957366069999978e+02
7.802970931319999637e-02 1.451151796260000126e-01 -3.208747945000000046e-01 -1.346782113740000000e+02 8.168481342469999618e+01 1.075480610970000015e+02
8.110153615140000549e-02 1.459043718620000041e-01 -3.235050912820000013e-01 -1.350635270930000047e+02 8.151732942629999457e+01 1.074219746440000023e+02
7.598255528250000279e-02 1.447890811599999994e-01 -3.232338002910000174e-01 -1.342144539839999879e+02 8.143910214279999593e+01 1.081607205199999981e+02
7.710075898420000462e-02 1.426447564170000015e-01 -3.262539973220000000e-01 -1.341199990620000051e+02 8.185655880609999713e+01 1.080038836909999986e+02
8.612612018250000168e-02 1.432562040049999985e-01 -3.206202552190000055e-01 -1.353490074139999990e+02 8.175873892299999568e+01 1.075206295189999963e+02
7.446811051200000198e-02 1.462818832230000088e-01 -3.183821594060000093e-01 -1.343206617730000119e+02 8.113969875310000646e+01 1.080869270419999992e+02
7.995880194290000409e-02 1.393350208709999982e-01 -3.228808337719999977e-01 -1.345222944589999940e+02 8.236842057629999658e+01 1.079026481180000019e+02
7.462600555480000675e-02 1.448379985280000004e-01 -3.241828008970000230e-01 -1.343131116190000114e+02 8.164605563160000656e+01 1.077486890339999945e+02
7.833451686610000408e-02 1.468573064589999977e-01 -3.289506566779999974e-01 -1.340275100629999940e+02 8.189256065070000545e+01 1.073211442989999966e+02
7.703852319939999416e-02 1.431725887639999917e-01 -3.210639697009999849e-01 -1.347123269330000142e+02 8.163270757669999966e+01 1.076460980989999996e+02
7.857413372600000057e-02 1.490613995869999875e-01 -3.230115181739999786e-01 -1.340396518210000067e+02 8.135623551599999814e+01 1.075685716969999959e+02
7.691405295419999344e-02 1.431507081650000013e-01 -3.240740299339999742e-01 -1.343059900979999952e+02 8.159395728020000149e+01 1.077072093780000017e+02
8.045339422529999840e-02 1.436780016210000011e-01 -3.256485869269999944e-01 -1.340404921340000044e+02 8.197358213610000632e+01 1.078566891379999930e+02
8.115270542130000042e-02 1.490309435690000128e-01 -3.209032269329999965e-01 -1.347653243290000091e+02 8.128588159759999598e+01 1.077344373760000025e+02
8.216493699250000671e-02 1.452470892169999972e-01 -3.271310638139999782e-01 -1.347813588420000031e+02 8.161651149230000613e+01 1.075219447150000036e+02
7.954614493219999694e-02 1.505587971219999877e-01 -3.289294567580000050e-01 -1.342743372930000021e+02 8.151475672579999809e+01 1.073459086440000050e+02
7.666503832080000247e-02 1.464659766189999879e-01 -3.242530650770000245e-01 -1.345245248399999980e+02 8.175600824900000418e+01 1.079896167990000038e+02
7.893557863420000431e-02 1.445051506639999928e-01 -3.270339990739999925e-01 -1.340091431330000091e+02 8.212938709319999475e+01 1.074749057169999986e+02
7.691621990749999971e-02 1.442143709210000069e-01 -3.250859317459999787e-01 -1.342116702799999928e+02 8.171026963529999421e+01 1.079634318989999997e+02
7.622046702290000142e-02 1.465015493250000078e-01 -3.241872247870000168e-01 -1.343627509949999990e+02 8.172400119419999953e+01 1.078247216089999938e+02
7.326462560539999391e-02 1.363041885350000093e-01 -3.243476459210000162e-01 -1.341163030209999931e+02 8.267335830679999731e+01 1.083195606110000000e+02
7.436707403990000520e-02 1.356705705240000004e-01 -3.238171946380000166e-01 -1.339316189289999954e+02 8.248795450400000107e+01 1.081720209439999962e+02
7.717042796520000303e-02 1.428311470239999881e-01 -3.226738371699999774e-01 -1.342686964490000037e+02 8.200596768180000140e+01 1.078443069049999963e+02
7.599611225470000175e-02 1.448190723209999975e-01 -3.197135373219999743e-01 -1.347236108239999908e+02 8.140653078719999769e+01 1.076097845780000029e+02
7.952625849859999707e-02 1.507498950110000013e-01 -3.219766585650000179e-01 -1.346306338670000002e+02 8.122161251849999530e+01 1.077226826410000058e+02
8.088276955999999795e-02 1.430305509489999960e-01 -3.218696158559999909e-01 -1.346710172699999930e+02 8.164168173539999884e+01 1.078758253150000002e+02
7.711000553110000655e-02 1.473251041670000094e-01 -3.234907171590000186e-01 -1.339087490580000122e+02 8.143238635790000046e+01 1.076267598170000070e+02
7.488042197970000424e-02 1.413417895229999999e-01 -3.236071059649999748e-01 -1.340643361150000032e+02 8.210570007779999457e+01 1.082915084050000019e+02
7.611957979179999334e-02 1.459405887290000092e-01 -3.290162289440000110e-01 -1.337069967749999932e+02 8.201060468560000061e+01 1.076995505959999946e+02
7.805435361090000412e-02 1.445602390190000031e-01 -3.196891434470000015e-01 -1.344031568720000109e+02 8.149238334410000562e+01 1.075505213919999932e+02
7.614459389529999733e-02 1.450681182830000082e-01 -3.212440852830000249e-01 -1.340745878019999964e+02 8.140443672639999306e+01 1.078050609339999966e+02
8.027454262670000174e-02 1.436205949849999886e-01 -3.255092824420000031e-01 -1.346802402589999872e+02 8.196791174179999473e+01 1.075486009600000017e+02
7.508795153599999439e-02 1.437599361169999979e-01 -3.271280839710000166e-01 -1.337089943100000085e+02 8.149567685350000090e+01 1.077005554999999930e+02
7.935145274490000566e-02 1.450993417629999893e-01 -3.246733012670000029e-01 -1.344659025349999979e+02 8.174660619009999607e+01 1.079043364810000014e+02
8.097053072399999774e-02 1.420079079919999987e-01 -3.307122418260000085e-01 -1.343081838569999888e+02 8.235709174510000707e+01 1.075524887320000005e+02
7.860872283210000588e-02 1.432777536060000079e-01 -3.243329153080000138e-01 -1.346092286770000044e+02 8.149326693410000644e+01 1.075941143720000071e+02
8.261209549940000396e-02 1.480642238350000084e-01 -3.286171701110000010e-01 -1.342984826869999893e+02 8.174059279210000284e+01 1.071794422589999982e+02
7.924965816670000163e-02 1.454269273650000138e-01 -3.227928336290000200e-01 -1.340138771889999987e+02 8.154971107229999916e+01 1.077060012259999979e+02
7.716876666850000510e-02 1.457068690009999945e-01 -3.256965681869999907e-01 -1.342947130340000115e+02 8.128973438200000601e+01 1.079294541929999980e+02
7.518936081070000388e-02 1.443166873979999931e-01 -3.198165681049999765e-01 -1.345635945880000008e+02 8.153681430499999294e+01 1.083562771640000051e+02
6.998587693020000278e-02 1.465930349339999994e-01 -3.222212675410000005e-01 -1.337768489489999979e+02 8.153536920240000541e+01 1.081490201529999950e+02
7.823389927820000034e-02 1.423321098900000026e-01 -3.235879601180000065e-01 -1.342261962480000079e+02 8.140902493439999432e+01 1.076217194390000031e+02
7.945273972169999976e-02 1.424827992069999938e-01 -3.248087069930000181e-01 -1.344858781039999940e+02 8.179098962850000021e+01 1.073522745580000048e+02
7.643784796939999404e-02 1.384358924730000051e-01 -3.183721621130000123e-01 -1.345721933179999894e+02 8.214957241630000340e+01 1.083671750190000012e+02
7.626922541660000054e-02 1.431014553319999993e-01 -3.217787303419999967e-01 -1.342756824649999885e+02 8.190676153850000674e+01 1.077002384299999989e+02
7.439300104210000431e-02 1.457424730770000010e-01 -3.229807784629999956e-01 -1.341583310789999928e+02 8.149063434539999662e+01 1.078876593760000020e+02
7.314006979449999557e-02 1.412032510660000129e-01 -3.186508871529999953e-01 -1.342246871469999974e+02 8.192824579780000249e+01 1.080493349080000058e+02
7.673150485200000426e-02 1.467507287489999979e-01 -3.214348597480000125e-01 -1.342897895680000033e+02 8.133594836000000328e+01 1.081134056960000009e+02
8.089885876310000390e-02 1.462017660649999884e-01 -3.190524807840000032e-01 -1.350154314870000007e+02 8.164995389269999748e+01 1.077956738550000040e+02
7.695528754369999891e-02 1.427187764479999899e-01 -3.274662905560000170e-01 -1.341925918329999945e+02 8.225480224189999490e+01 1.077578587269999986e+02
7.964271623789999366e-02 1.455185899720000120e-01 -3.234418515410000250e-01 -1.348215415909999990e+02 8.156516206300000249e+01 1.078485916810000020e+02
7.667678568909999659e-02 1.443056049520000106e-01 -3.240542388570000210e-01 -1.344300728679999963e+02 8.187471080070000085e+01 1.073116253320000055e+02
7.487335346609999553e-02 1.388024639369999924e-01 -3.186474213220000240e-01 -1.344718289230000039e+02 8.192709932329999845e+01 1.080509986659999981e+02
7.387238974059999463e-02 1.444474208650000091e-01 -3.245089525670000197e-01 -1.339563555409999935e+02 8.179680402309999465e+01 1.077956915599999945e+02
7.942139425590000190e-02 1.441128953789999889e-01 -3.241543151960000202e-01 -1.341365083500000139e+02 8.163410764379999307e+01 1.079011469419999969e+02
7.843930080449999787e-02 1.470038670240000067e-01 -3.226307944990000065e-01 -1.341884394980000081e+02 8.168116396429999782e+01 1.074624327559999983e+02
7.817980727390000384e-02 1.441869138380000026e-01 -3.218773900960000267e-01 -1.345399720249999973e+02 8.192470541299999809e+01 1.077603988519999945e+02
7.965683632059999963e-02 1.435277217210000067e-01 -3.221091804089999955e-01 -1.348653855199999896e+02 8.163795821339999748e+01 1.075713500149999930e+02
7.752775171159999312e-02 1.444515703750000046e-01 -3.224889306970000202e-01 -1.347132466859999909e+02 8.180598522280000395e+01 1.076060418240000018e+02
8.227603319560000683e-02 1.412576796330000106e-01 -3.270633791229999865e-01 -1.345552389279999943e+02 8.228771148129999347e+01 1.077387526880000053e+02
7.954135104249999977e-02 1.447140423469999992e-01 -3.180086842770000199e-01 -1.349621665399999983e+02 8.151827226480000377e+01 1.077104793710000052e+02
7.404911112379999882e-02 1.439497702249999955e-01 -3.274633525110000054e-01 -1.339537811350000140e+02 8.184651467119999779e+01 1.079310335159999994e+02
7.931287386299999687e-02 1.435073679190000118e-01 -3.208228054169999788e-01 -1.344646933479999973e+02 8.182078902130000131e+01 1.077173437919999941e+02
7.993718100480000366e-02 1.391081791450000105e-01 -3.279414941270000217e-01 -1.345614222670000117e+02 8.236257270180000489e+01 1.076355316340000030e+02
7.616861531209999370e-02 1.409812493329999916e-01 -3.229893773260000267e-01 -1.344755129819999979e+02 8.235269389980000199e+01 1.081803690379999949e+02
7.698281849289999312e-02 1.461539228950000102e-01 -3.160612993320000008e-01 -1.346671472239999900e+02 8.137863217219999967e+01 1.080125484040000003e+02
7.219545255060000333e-02 1.425634524980000095e-01 -3.210506429219999736e-01 -1.341072531609999885e+02 8.186134766169999466e+01 1.083129596550000002e+02
7.283918172200000429e-02 1.454474319090000023e-01 -3.257325757080000161e-01 -1.336574138409999932e+02 8.170203080340000668e+01 1.082591221769999947e+02
8.089524600009999344e-02 1.428409619690000076e-01 -3.267339636339999798e-01 -1.344096622220000086e+02 8.158850684009999554e+01 1.075922841390000002e+02
7.976982015240000057e-02 1.446546351209999914e-01 -3.222761954360000014e-01 -1.346601062709999894e+02 8.155054875940000159e+01 1.078499062319999950e+02
7.607373485879999342e-02 1.450283562670000026e-01 -3.258163001400000147e-01 -1.340170776900000078e+02 8.192253901809999661e+01 1.079962077499999964e+02
7.607823702909999319e-02 1.457198404779999901e-01 -3.281621466440000079e-01 -1.338502640899999960e+02 8.139068839579999803e+01 1.077803004489999950e+02
7.693309870070000334e-02 1.454273040050000076e-01 -3.183531868810000054e-01 -1.347345343849999892e+02 8.121721109519999970e+01 1.077567048939999950e+02
7.198135086119999970e-02 1.469948574230000027e-01 -3.192932011929999758e-01 -1.340381734290000111e+02 8.138690191519999928e+01 1.082543453570000054e+02
7.442080839970000028e-02 1.490006837279999885e-01 -3.185415700279999873e-01 -1.342052984439999932e+02 8.101647447269999702e+01 1.077413165779999957e+02
7.596086978100000109e-02 1.439521022359999958e-01 -3.256707033899999826e-01 -1.343566584959999943e+02 8.171559314409999786e+01 1.080870883709999930e+02
7.711377861779999954e-02 1.462757042839999966e-01 -3.195658815810000219e-01 -1.344342054710000127e+02 8.118279106650000188e+01 1.079296887640000051e+02
7.787468694429999783e-02 1.482586447860000101e-01 -3.232321341819999749e-01 -1.344141804470000068e+02 8.143881525599999804e+01 1.077607529809999960e+02
7.873450926899999702e-02 1.477333982190000006e-01 -3.245806065069999913e-01 -1.345023035760000027e+02 8.131652681869999810e+01 1.078271770169999968e+02
7.592468039819999515e-02 1.425104570129999970e-01 -3.241837464389999979e-01 -1.345584995309999954e+02 8.180580551849999438e+01 1.078842871779999939e+02
7.919889442739999619e-02 1.394644926280000086e-01 -3.256336375710000008e-01 -1.343460377400000141e+02 8.215508210699999836e+01 1.077850148360000020e+02
7.681678304160000081e-02 1.454947323570000006e-01 -3.211083226820000136e-01 -1.347957036589999973e+02 8.150371775300000365e+01 1.078611642240000066e+02
7.545499910099999485e-02 1.433053965090000104e-01 -3.267535466359999807e-01 -1.342589271219999887e+02 8.182118520490000435e+01 1.078971176409999941e+02
8.257890418270000255e-02 1.458737023620000073e-01 -3.240897764969999928e-01 -1.346212681289999864e+02 8.139195671480000271e+01 1.072536373500000053e+02
7.759079127710000190e-02 1.407178410809999947e-01 -3.184741857960000089e-01 -1.348279492849999883e+02 8.172353627370000595e+01 1.082449870140000030e+02
7.877258473760000157e-02 1.447410027000000099e-01 -3.205803026719999949e-01 -1.341801566899999898e+02 8.167951298379999514e+01 1.079551905870000041e+02
7.354544903260000488e-02 1.421060235050000120e-01 -3.253598449799999792e-01 -1.342319818930000110e+02 8.225121064379999325e+01 1.079393341600000014e+02
7.843659389389999459e-02 1.483256977480000016e-01 -3.239422974430000157e-01 -1.341843462669999951e+02 8.143592278219999514e+01 1.077448926889999967e+02
7.689842125989999888e-02 1.426733767889999949e-01 -3.233886712660000162e-01 -1.344771749639999996e+02 8.185826437960000135e+01 1.077959164789999988e+02
7.663992839470000484e-02 1.405892766440000052e-01 -3.217950343839999783e-01 -1.346850487300000054e+02 8.207022634209999978e+01 1.080818725929999999e+02
8.363852504329999382e-02 1.420935864279999905e-01 -3.275171413460000180e-01 -1.344993840770000020e+02 8.191697841699999572e+01 1.073177549229999954e+02
7.559190066470000691e-02 1.443861047159999966e-01 -3.242733014399999947e-01 -1.342224425299999950e+02 8.132765154150000342e+01 1.078545240069999949e+02
8.172113133910000049e-02 1.452591141269999886e-01 -3.210426071690000160e-01 -1.352451391619999868e+02 8.154673221669999350e+01 1.075178912089999983e+02
7.885799234330000129e-02 1.426639610940000080e-01 -3.265521071310000245e-01 -1.340079786029999980e+02 8.190955630480000593e+01 1.079763143050000025e+02
7.570476595389999397e-02 1.450577218540000102e-01 -3.205452861909999784e-01 -1.344284262639999952e+02 8.177191438929999379e+01 1.077671125439999997e+02
7.143732577069999978e-02 1.474889041519999999e-01 -3.204230495500000053e-01 -1.339145177339999861e+02 8.114110770160000641e+01 1.081017328679999991e+02
7.539721772990000404e-02 1.437874072299999972e-01 -3.199050186679999741e-01 -1.346476386489999868e+02 8.168816044289999923e+01 1.077951407409999973e+02
8.121171473089999759e-02 1.488832608539999991e-01 -3.261073549280000261e-01 -1.343596515659999966e+02 8.131300148340000078e+01 1.072437798630000003e+02
8.192295558659999644e-02 1.450126969860000004e-01 -3.292870400469999903e-01 -1.345731386749999956e+02 8.208487128759999507e+01 1.075528052190000068e+02
7.827725132649999973e-02 1.427414693980000038e-01 -3.259507611049999865e-01 -1.343709234430000095e+02 8.242200657610000292e+01 1.080834503739999946e+02
7.529134506649999559e-02 1.394854113740000012e-01 -3.235211094450000102e-01 -1.342419003750000002e+02 8.182725252870000077e+01 1.081503009059999982e+02
7.289305279799999926e-02 1.404639010139999977e-01 -3.246047429169999776e-01 -1.339058562650000113e+02 8.205781680469999628e+01 1.080473385629999967e+02
7.571244652269999709e-02 1.430357130919999997e-01 -3.229072462779999930e-01 -1.345398457119999875e+02 8.180206957199999351e+01 1.079869046710000049e+02
7.958172091680000559e-02 1.443732657759999871e-01 -3.187235385850000213e-01 -1.345221195949999924e+02 8.146905560540000124e+01 1.077287736610000053e+02
8.249550290679999454e-02 1.437473390389999994e-01 -3.169294982420000073e-01 -1.353841751939999938e+02 8.174526523689999635e+01 1.076652779000000066e+02
7.380138262749999511e-02 1.425644419069999891e-01 -3.241334906150000195e-01 -1.337524169200000017e+02 8.151243430319999561e+01 1.080452274889999984e+02
7.515417060800000382e-02 1.421902993799999959e-01 -3.268391159089999998e-01 -1.342789507859999958e+02 8.197087789370000621e+01 1.077437115780000028e+02
6.972699999390000181e-02 1.447855424829999904e-01 -3.224776651199999788e-01 -1.338078789520000100e+02 8.187595004550000510e+01 1.081545636270000017e+02
7.647844325210000072e-02 1.452607887469999914e-01 -3.171311852620000149e-01 -1.346818745559999968e+02 8.131785050899999590e+01 1.080648215249999993e+02
6.922109076780000314e-02 1.432137428810000002e-01 -3.290876886340000085e-01 -1.335276214479999908e+02 8.190647316609999962e+01 1.081825749599999966e+02
7.828706285849999780e-02 1.466160967769999934e-01 -3.188194226719999746e-01 -1.348945750219999979e+02 8.152823508219999837e+01 1.079732517839999986e+02
7.336128683060000322e-02 1.443164580780000039e-01 -3.203943817930000049e-01 -1.343215965159999996e+02 8.160384761180000623e+01 1.082642395169999929e+02
8.041378172900000287e-02 1.416973186240000071e-01 -3.211220851029999990e-01 -1.346778256629999930e+02 8.172764462760000015e+01 1.078225964720000007e+02
8.042716016390000222e-02 1.433132684010000046e-01 -3.251629671080000228e-01 -1.341606565980000028e+02 8.213429645809999613e+01 1.076246066399999961e+02
7.711188354200000650e-02 1.461413800559999976e-01 -3.249319592500000131e-01 -1.345573206050000010e+02 8.156959542709999766e+01 1.074904449170000049e+02
7.854630973529999616e-02 1.437398975499999954e-01 -3.230940129980000020e-01 -1.342602818690000106e+02 8.162445684280000080e+01 1.077223557359999973e+02
7.832933415220000306e-02 1.435278432629999990e-01 -3.203928582350000220e-01 -1.347445244129999935e+02 8.176715489309999896e+01 1.075748525569999998e+02
7.896089664180000467e-02 1.460901910100000090e-01 -3.221583430819999760e-01 -1.345678152229999966e+02 8.160125675090000641e+01 1.075615452079999983e+02
8.199140988339999325e-02 1.404648772369999910e-01 -3.192473925329999962e-01 -1.351039602550000041e+02 8.212359446509999827e+01 1.076549130679999990e+02
8.105787978100000013e-02 1.442674233219999880e-01 -3.215084076640000177e-01 -1.346532059660000016e+02 8.151802810169999702e+01 1.076268907780000035e+02
7.751759840289999814e-02 1.486608858779999986e-01 -3.214006117250000072e-01 -1.342129783510000038e+02 8.123429108960000633e+01 1.077384176139999994e+02
7.947263403700000062e-02 1.434533728790000073e-01 -3.239710327420000091e-01 -1.344036882839999976e+02 8.227055511160000378e+01 1.075944339750000012e+02
7.559162167470000193e-02 1.450349723150000103e-01 -3.223311916080000006e-01 -1.347087532140000121e+02 8.156227372690000266e+01 1.078052494180000025e+02
7.509769347880000667e-02 1.451600854810000119e-01 -3.299666340860000213e-01 -1.338478920709999898e+02 8.164974483209999789e+01 1.079939233000000058e+02
7.266791992870000327e-02 1.438002205339999895e-01 -3.260415514430000106e-01 -1.341646368609999911e+02 8.164743202030000191e+01 1.080418704540000050e+02
7.656362361690000062e-02 1.433416554970000090e-01 -3.218962044629999908e-01 -1.342284427890000131e+02 8.180078734479999980e+01 1.078792339660000010e+02
8.085696888740000199e-02 1.470729857159999987e-01 -3.242643621910000218e-01 -1.345633329990000107e+02 8.164650917939999886e+01 1.077090371820000030e+02
7.663019458429999597e-02 1.468640828259999975e-01 -3.233547169089999729e-01 -1.341392757200000005e+02 8.196468924020000202e+01 1.078268172169999985e+02
7.747302091209999630e-02 1.454565849220000040e-01 -3.218807692430000200e-01 -1.345375357240000085e+02 8.190219139970000128e+01 1.077862298160000023e+02
7.981779839479999361e-02 1.415250281740000060e-01 -3.232147946739999944e-01 -1.345084643799999924e+02 8.181093678029999694e+01 1.078165152069999948e+02
8.223816227520000521e-02 1.419272538889999880e-01 -3.235386916099999843e-01 -1.350928003010000111e+02 8.195752896790000364e+01 1.077209878930000002e+02
8.038491581689999332e-02 1.452080366609999895e-01 -3.304545163909999861e-01 -1.342876910619999933e+02 8.185750429380000526e+01 1.073360303340000002e+02
7.801445160820000280e-02 1.367457159890000107e-01 -3.216978850039999838e-01 -1.346113439849999907e+02 8.268019346900000244e+01 1.080297838679999956e+02
7.972879355339999863e-02 1.485618007950000041e-01 -3.262484958429999748e-01 -1.344020164659999921e+02 8.164632781759999602e+01 1.073559940589999968e+02
7.960760744129999344e-02 1.419525781650000096e-01 -3.238405294519999811e-01 -1.348150977589999968e+02 8.237854367570000136e+01 1.080306550420000065e+02
7.381917385979999691e-02 1.413496991060000096e-01 -3.278184023740000064e-01 -1.340421506509999858e+02 8.205186948349999909e+01 1.077574098359999937e+02
7.679145413019999866e-02 1.429575681149999888e-01 -3.229697530369999847e-01 -1.346568388089999928e+02 8.155165873560000023e+01 1.080324603659999951e+02
7.982197237770000120e-02 1.414770843469999873e-01 -3.241881992499999754e-01 -1.345904036480000059e+02 8.173679835500000479e+01 1.073588631890000045e+02
7.429366221100000556e-02 1.409547482859999923e-01 -3.215763536840000048e-01 -1.341667563389999884e+02 8.202892476969999791e+01 1.082247158859999985e+02
7.744356332360000095e-02 1.385042624010000001e-01 -3.150259892580000165e-01 -1.347997318520000078e+02 8.219492380879999871e+01 1.079780353480000059e+02
7.434023030700000201e-02 1.417825545820000088e-01 -3.197921658480000207e-01 -1.344559290489999910e+02 8.161059198120000246e+01 1.079112926370000025e+02
7.321139965929999993e-02 1.429920407399999926e-01 -3.270715414400000021e-01 -1.336934037039999907e+02 8.201009003830000665e+01 1.079135983790000068e+02
7.818264627779999976e-02 1.458827319930000033e-01 -3.208720857189999998e-01 -1.343785176229999934e+02 8.180900019700000314e+01 1.075267522350000036e+02
7.977315591269999728e-02 1.476777721230000118e-01 -3.264238992090000013e-01 -1.345826137910000000e+02 8.163644527920000371e+01 1.075612474410000061e+02
7.774813794889999519e-02 1.453476185450000013e-01 -3.264510814980000064e-01 -1.342835974660000034e+02 8.208654552529999648e+01 1.078872677829999986e+02
7.452004929059999339e-02 1.449737883930000137e-01 -3.286267167420000024e-01 -1.340127185059999988e+02 8.189233448710000118e+01 1.080479674150000022e+02
7.655071601290000527e-02 1.447986604279999923e-01 -3.243051265029999741e-01 -1.343859206600000107e+02 8.175719936400000165e+01 1.079785337630000015e+02
7.746969752320000124e-02 1.471506116550000132e-01 -3.261516839140000124e-01 -1.345977954710000120e+02 8.176659821559999841e+01 1.077160390300000046e+02
7.525010401779999580e-02 1.383700284740000119e-01 -3.221807339230000067e-01 -1.340794054309999979e+02 8.247435354780000694e+01 1.082995497090000043e+02
8.279848321289999535e-02 1.377679713620000024e-01 -3.241719559530000239e-01 -1.346981488419999948e+02 8.266931486240000027e+01 1.075945453899999933e+02
7.965561854489999760e-02 1.465799195420000034e-01 -3.187151973330000221e-01 -1.349123407179999958e+02 8.142648396730000115e+01 1.073775635549999947e+02
7.747674043650000508e-02 1.455794482660000000e-01 -3.212118539959999963e-01 -1.347375761419999947e+02 8.153963871249999329e+01 1.081157252959999937e+02
7.630591029800000424e-02 1.456188360369999879e-01 -3.269248624419999749e-01 -1.343849431440000046e+02 8.143343882009999390e+01 1.080244959080000058e+02
7.921147591039999492e-02 1.406710319539999920e-01 -3.192771349890000110e-01 -1.348226625769999885e+02 8.198433144850000076e+01 1.080282938910000041e+02
7.346691449150000164e-02 1.446718374740000035e-01 -3.210650622499999773e-01 -1.346160643750000077e+02 8.173068951630000356e+01 1.079185348390000030e+02
7.960198356519999907e-02 1.435925754390000031e-01 -3.228184070160000085e-01 -1.339917708419999940e+02 8.201557329679999953e+01 1.077521817060000018e+02
7.801686400570000124e-02 1.439570949860000115e-01 -3.251847139799999842e-01 -1.347191997500000014e+02 8.191492168759999970e+01 1.079354049209999999e+02
8.022909059320000591e-02 1.442683743610000124e-01 -3.207520849600000168e-01 -1.346144005909999919e+02 8.185284084719999953e+01 1.074968137679999955e+02
7.461339870460000079e-02 1.455626756239999930e-01 -3.179140026019999787e-01 -1.344363563109999973e+02 8.147906605279999326e+01 1.077967962280000052e+02
7.684902711619999438e-02 1.488914475860000086e-01 -3.215616870099999858e-01 -1.343241354319999914e+02 8.144338112430000365e+01 1.079116760240000019e+02
8.108221779589999678e-02 1.424094395959999981e-01 -3.220126277079999877e-01 -1.348283124950000058e+02 8.161684992870000599e+01 1.078538894419999963e+02
7.379459281660000203e-02 1.433784683819999961e-01 -3.265197757589999861e-01 -1.343358959120000122e+02 8.162816648230000283e+01 1.079654066129999990e+02
7.939697623789999936e-02 1.455842213909999960e-01 -3.208041619800000022e-01 -1.346353855710000005e+02 8.166627665270000591e+01 1.072746013320000031e+02
8.080780011869999335e-02 1.386442252039999934e-01 -3.279812489969999856e-01 -1.344938261380000029e+02 8.235105080680000356e+01 1.074889889279999977e+02
7.673302411460000694e-02 1.429416116610000009e-01 -3.164653030319999893e-01 -1.345916336070000057e+02 8.155352985429999535e+01 1.081246782959999990e+02
7.939228930639999349e-02 1.457196775429999980e-01 -3.207383996190000253e-01 -1.343220132920000083e+02 8.164526792700000613e+01 1.078549999210000010e+02
7.887175586389999493e-02 1.487328971140000067e-01 -3.216883862129999994e-01 -1.343842108720000112e+02 8.126894529749999663e+01 1.077269101830000011e+02
7.751419782139999659e-02 1.443808131950000129e-01 -3.218171068840000038e-01 -1.344021530180000070e+02 8.225855382640000357e+01 1.080800773189999973e+02
7.327954319799999394e-02 1.458231546679999990e-01 -3.223781694239999940e-01 -1.341237213320000023e+02 8.144139062380000382e+01 1.079552771240000055e+02
7.571599800749999332e-02 1.444144251160000003e-01 -3.214101143490000201e-01 -1.345061320579999915e+02 8.172763450079999359e+01 1.078786901809999961e+02
8.071829684719999953e-02 1.427148766649999900e-01 -3.302895784989999806e-01 -1.340686711539999862e+02 8.184678422529999864e+01 1.075628150590000018e+02
7.616713945090000659e-02 1.444699535120000100e-01 -3.224020784739999868e-01 -1.341025509659999955e+02 8.167010112040000536e+01 1.078145589779999938e+02
7.350784777379999746e-02 1.456739255800000021e-01 -3.230390984229999929e-01 -1.342019851619999997e+02 8.178159813169999381e+01 1.077623847090000027e+02
7.746298249180000317e-02 1.355470837559999975e-01 -3.247049683870000258e-01 -1.343153202359999909e+02 8.261321951399999364e+01 1.081911479070000013e+02
7.254318597290000670e-02 1.449285348909999938e-01 -3.248569653919999856e-01 -1.337271670339999901e+02 8.142461394500000438e+01 1.079471382370000043e+02
8.059448798899999933e-02 1.428721362260000072e-01 -3.217015085559999932e-01 -1.350332014109999932e+02 8.166586087940000027e+01 1.076471603279999982e+02
7.493380833210000480e-02 1.443707332560000001e-01 -3.232859081180000094e-01 -1.344050251939999896e+02 8.216439926580000019e+01 1.080622270279999952e+02
7.844893933959999621e-02 1.424982096019999922e-01 -3.243973851829999866e-01 -1.347331351290000043e+02 8.158694128930000034e+01 1.078781020560000030e+02
