2.669089691959999899e-01 2.337503492799999916e-02 -4.327548615510000141e-01 -1.204159226130000064e+02 8.930663303129999520e+01 5.065505244039999866e+01
2.620605510990000053e-01 2.372806157309999969e-02 -4.377628098870000040e-01 -1.201929121200000026e+02 8.919113716110000212e+01 5.064637800690000091e+01
2.656011927870000067e-01 1.301000231960000066e-02 -4.319207620589999852e-01 -1.203346639579999930e+02 8.940920072839999477e+01 5.068696260810000354e+01
2.684028028320000203e-01 2.150832104339999926e-02 -4.315666876840000277e-01 -1.203168037399999974e+02 8.949637186319999671e+01 5.050486919130000274e+01
2.591354009569999950e-01 2.037624797540000046e-02 -4.329444929369999917e-01 -1.205577011630000044e+02 8.975387264110000274e+01 5.040936302549999937e+01
2.628798401440000099e-01 1.584385715989999888e-02 -4.311486538600000085e-01 -1.201874728349999941e+02 8.941346556940000312e+01 5.065676259359999989e+01
2.589661839810000199e-01 1.980797886040000164e-02 -4.344208697690000176e-01 -1.202650805039999966e+02 8.901698110489999749e+01 5.064387876819999690e+01
2.628740334870000028e-01 2.190470832389999900e-02 -4.369346721290000013e-01 -1.202870222640000009e+02 8.962987489959999721e+01 5.093612551070000194e+01
2.629113346179999811e-01 2.194935709440000091e-02 -4.363968080819999873e-01 -1.199975496999999933e+02 8.980335086140000556e+01 5.062923062210000325e+01
2.562622452419999752e-01 1.547195376160000017e-02 -4.395960493389999835e-01 -1.201431717450000036e+02 8.921089660369999308e+01 5.067353364600000276e+01
2.598733782379999968e-01 1.994317945359999969e-02 -4.367164361179999843e-01 -1.207011994329999993e+02 8.908754803909999964e+01 5.065019747179999854e+01
2.607493568770000159e-01 1.848369418299999900e-02 -4.370553880779999845e-01 -1.199633688389999975e+02 8.926668532070000595e+01 5.078980733209999698e+01
2.659697849350000087e-01 2.143348745549999990e-02 -4.330278293579999938e-01 -1.204297520289999994e+02 8.929045155919999388e+01 5.048999460440000320e+01
2.652220353379999840e-01 2.134435534799999923e-02 -4.340174677920000113e-01 -1.204149647960000067e+02 8.945927183509999736e+01 5.032885217380000142e+01
2.558592641140000068e-01 1.694827783000000046e-02 -4.351986971849999830e-01 -1.201676572719999996e+02 8.905738012449999985e+01 5.067737900560000242e+01
2.622984133790000061e-01 2.158925585890000137e-02 -4.309221783030000030e-01 -1.204783557039999948e+02 8.940415308000000039e+01 5.100468021150000197e+01
2.618621237370000188e-01 1.921821549259999928e-02 -4.343742660489999796e-01 -1.203080163409999983e+02 8.947319457049999869e+01 5.078943193399999956e+01
2.590726815120000248e-01 2.389849586659999886e-02 -4.353122752199999890e-01 -1.202352610150000061e+02 8.957696347670000137e+01 5.029497997130000186e+01
2.648001219189999866e-01 1.785662630070000007e-02 -4.407411441390000073e-01 -1.203086505229999972e+02 8.940933357629999989e+01 5.104643697619999898e+01
2.548161344889999791e-01 1.775077086510000110e-02 -4.387320884350000005e-01 -1.202273614209999977e+02 8.919009064739999815e+01 5.073652619989999835e+01
2.550322766070000080e-01 1.841746906609999929e-02 -4.391137221549999969e-01 -1.203598158270000056e+02 8.951580285439999329e+01 5.073613965989999741e+01
2.562191054349999830e-01 1.682645869200000144e-02 -4.376931781119999809e-01 -1.201718275460000029e+02 8.945019767310000702e+01 5.090441369690000073e+01
2.638154871649999733e-01 2.036049138640000020e-02 -4.313854189429999764e-01 -1.202115896349999957e+02 8.925795824399999390e+01 5.090842184339999932e+01
2.588091874580000229e-01 2.295611887929999845e-02 -4.346414292349999875e-01 -1.203771836659999934e+02 8.953714892189999830e+01 5.072159886920000105e+01
2.560107620059999811e-01 1.875574196539999891e-02 -4.314690775000000200e-01 -1.205724597920000036e+02 8.952791292380000243e+01 5.073036006219999905e+01
2.593373623790000138e-01 1.211103728849999978e-02 -4.397662302009999746e-01 -1.203165699999999987e+02 8.957795278960000473e+01 5.056052047130000204e+01
2.578958290700000267e-01 1.901102360779999972e-02 -4.351466285899999731e-01 -1.202811439580000012e+02 8.901782671019999782e+01 5.068053530480000290e+01
2.621439178980000118e-01 1.535107993030000034e-02 -4.319254749800000015e-01 -1.203310395139999969e+02 8.945056383840000080e+01 5.066682616290000141e+01
2.596427413690000074e-01 2.705337213410000108e-02 -4.376740402350000059e-01 -1.203609503800000056e+02 8.956493221819999917e+01 5.074192724590000125e+01
2.643040729300000224e-01 2.016614512229999989e-02 -4.391908444379999943e-01 -1.205408681069999943e+02 8.945510251180000694e+01 5.052276255649999825e+01
2.616865482490000061e-01 2.023999655710000123e-02 -4.381655059630000237e-01 -1.201082816480000020e+02 8.922294809390000125e+01 5.098593682860000342e+01
2.659843612410000002e-01 1.848280017270000075e-02 -4.363686799520000159e-01 -1.203093925980000023e+02 8.949666710649999857e+01 5.048120849330000226e+01
2.609911172630000054e-01 2.572065188609999956e-02 -4.318727320060000152e-01 -1.203452876390000057e+02 8.915505198270000164e+01 5.072672614489999887e+01
2.636427853980000124e-01 1.780301448000000050e-02 -4.332938904349999953e-01 -1.203378579369999954e+02 8.925177407399999652e+01 5.078666556289999789e+01
2.600985504219999744e-01 2.417444506149999880e-02 -4.377018048640000103e-01 -1.201480606660000063e+02 8.945206958430000554e+01 5.092912042559999719e+01
2.579779029770000176e-01 1.831081135609999994e-02 -4.343861506210000001e-01 -1.202006002490000043e+02 8.938932532680000520e+01 5.051270462480000134e+01
2.580271292619999990e-01 2.172960611310000012e-02 -4.356646470389999859e-01 -1.203534785209999995e+02 8.963366322039999545e+01 5.126916712610000104e+01
2.594651334090000150e-01 1.974551526799999887e-02 -4.380436054569999960e-01 -1.198167558399999990e+02 8.930837414410000008e+01 5.087870138249999741e+01
2.656794537309999926e-01 2.237460453229999854e-02 -4.382739658470000133e-01 -1.205058288000000033e+02 8.914121751250000614e+01 5.079355112929999905e+01
2.621605736679999965e-01 2.108948301819999968e-02 -4.344067479950000088e-01 -1.203239957239999995e+02 8.929830943620000028e+01 5.069038104690000068e+01
2.632288242820000068e-01 1.519192022159999989e-02 -4.331283549989999870e-01 -1.203316921090000022e+02 8.936940704389999723e+01 5.066901623830000290e+01
2.575979461649999802e-01 1.951164368130000118e-02 -4.303910529700000209e-01 -1.205373479149999980e+02 8.969097961759999293e+01 5.085808156779999933e+01
2.621433493129999848e-01 2.196518646369999966e-02 -4.333981667139999994e-01 -1.205475287520000052e+02 8.923802984110000125e+01 5.105507813050000010e+01
2.581506893330000052e-01 1.834862537180000086e-02 -4.398386574340000243e-01 -1.204521209499999941e+02 8.969386254340000164e+01 5.097017272259999743e+01
2.556875718639999850e-01 1.948831071169999929e-02 -4.320924189709999808e-01 -1.200577463190000032e+02 8.946961900350000008e+01 5.069470472319999743e+01
2.607778396939999799e-01 1.793013507880000107e-02 -4.334393812610000118e-01 -1.200256922070000059e+02 8.899173365279999359e+01 5.083737809499999827e+01
2.577419863829999991e-01 2.008993134189999974e-02 -4.408012665980000078e-01 -1.200853153940000055e+02 8.936876156239999602e+01 5.078502463049999704e+01
2.617944167799999833e-01 2.070925907569999905e-02 -4.297796316190000132e-01 -1.200535157049999953e+02 8.925341347190000363e+01 5.063666590620000107e+01
2.600511667879999989e-01 2.086219413439999865e-02 -4.354900658899999999e-01 -1.207716153509999941e+02 8.925618765020000467e+01 5.094168822870000213e+01
2.653645192819999998e-01 2.198117112839999970e-02 -4.303030696510000142e-01 -1.202561134409999966e+02 8.940151457700000037e+01 5.040933919999999802e+01
2.610077529259999807e-01 1.804666800350000072e-02 -4.382403352459999790e-01 -1.200944939479999931e+02 8.898561267729999713e+01 5.092514536230000033e+01
2.585358007049999851e-01 2.137139439619999831e-02 -4.376747327889999872e-01 -1.204120570259999994e+02 8.984008103249999522e+01 5.077072619980000212e+01
2.598820157480000170e-01 2.133556480270000152e-02 -4.387498967699999808e-01 -1.202729771270000043e+02 8.945272268390000647e+01 5.089191032400000125e+01
2.496065734260000113e-01 2.084986633570000067e-02 -4.344787912529999852e-01 -1.202492677369999967e+02 8.956065227560000608e+01 5.083353844570000035e+01
2.643753698640000094e-01 2.126235567549999983e-02 -4.373653378469999908e-01 -1.199763403240000059e+02 8.918839725550000708e+01 5.073043365969999741e+01
2.536814616940000211e-01 2.411385438669999895e-02 -4.425430074369999800e-01 -1.202622168460000012e+02 8.928422884159999739e+01 5.063958368549999989e+01
2.633266069080000271e-01 1.799526800769999865e-02 -4.382633866799999778e-01 -1.204543306019999989e+02 8.945872823839999910e+01 5.063991674630000261e+01
2.595282975229999956e-01 1.960299877760000170e-02 -4.424133061359999952e-01 -1.204407452189999930e+02 8.954185414330000015e+01 5.081042099670000312e+01
2.602069210490000062e-01 1.711934978880000000e-02 -4.346462896259999931e-01 -1.207632546699999949e+02 8.932555860210000276e+01 5.056116967260000195e+01
2.603927960190000057e-01 1.988030254360000082e-02 -4.324927899089999750e-01 -1.204969752810000045e+02 8.917204946139999322e+01 5.060464352569999846e+01
2.637585794680000206e-01 1.936500241600000102e-02 -4.335142167980000072e-01 -1.205431576489999941e+02 8.911400157779999631e+01 5.087586567719999664e+01
2.633517495839999834e-01 1.431501587019999924e-02 -4.409623090859999817e-01 -1.202153499079999932e+02 8.966610594159999437e+01 5.060846229919999928e+01
2.585647347169999777e-01 2.052428456189999903e-02 -4.415423857579999778e-01 -1.201447731389999944e+02 8.952560106830000564e+01 5.072721667049999894e+01
2.589072804049999954e-01 2.342562572670000079e-02 -4.378494777670000060e-01 -1.204786844220000006e+02 8.930891539450000494e+01 5.066276605849999726e+01
2.582310241790000127e-01 1.380073931329999989e-02 -4.404741553789999764e-01 -1.203823523279999961e+02 8.971239317090000043e+01 5.085637991770000355e+01
2.649754496760000078e-01 1.653018930449999882e-02 -4.403354646539999750e-01 -1.202981530579999969e+02 8.958480102709999926e+01 5.062750091849999734e+01
2.594184455549999879e-01 1.317700626609999946e-02 -4.415843706690000259e-01 -1.203280216880000069e+02 8.946075779219999902e+01 5.081027910979999973e+01
2.612973863060000235e-01 2.078418714339999931e-02 -4.268382522060000239e-01 -1.204875172950000035e+02 8.918169427920000203e+01 5.068900428580000295e+01
2.559263959379999842e-01 1.710308044860000057e-02 -4.297601649480000119e-01 -1.201367131720000003e+02 8.926277847740000482e+01 5.087118605669999738e+01
2.548387175690000062e-01 1.906011248950000014e-02 -4.309358256510000262e-01 -1.202577745560000011e+02 8.920468201849999446e+01 5.064256865690000353e+01
2.547048450809999975e-01 2.017609412120000001e-02 -4.376462512350000056e-01 -1.206040332860000035e+02 8.955315124679999883e+01 5.066967425779999701e+01
2.626230222390000257e-01 1.797630385599999908e-02 -4.389748810329999751e-01 -1.205296733330000052e+02 8.925747119179999345e+01 5.094103483050000136e+01
2.603516834299999805e-01 2.064078759020000070e-02 -4.355554417609999729e-01 -1.205788819109999963e+02 8.898567011160000106e+01 5.092485260809999659e+01
2.583852237590000267e-01 2.080718325379999831e-02 -4.366367130630000037e-01 -1.203957282209999988e+02 8.932824038610000628e+01 5.069980589290000239e+01
2.588984195380000242e-01 2.012057737480000066e-02 -4.291893724029999801e-01 -1.203270468409999978e+02 8.950932703569999660e+01 5.105741582849999816e+01
2.635123205470000229e-01 2.639096615820000005e-02 -4.315236006850000083e-01 -1.202055326880000052e+02 8.943940217189999942e+01 5.069456202079999940e+01
2.603414598170000205e-01 1.826570925040000085e-02 -4.343579823000000006e-01 -1.206690551039999946e+02 8.964229962379999961e+01 5.084507027330000284e+01
2.597449920870000262e-01 1.951554659620000076e-02 -4.354636306129999745e-01 -1.201141127209999979e+02 8.916827764769999476e+01 5.067608770079999658e+01
2.585273942579999762e-01 1.508876743159999999e-02 -4.343769858050000043e-01 -1.203006054930000062e+02 8.958124054649999835e+01 5.061034602950000050e+01
2.616475823539999856e-01 1.961475315889999946e-02 -4.330718576920000173e-01 -1.202526846469999953e+02 8.994761709300000518e+01 5.085993263080000304e+01
2.625812448220000150e-01 1.966168943069999953e-02 -4.358310661890000270e-01 -1.206155042639999948e+02 8.942569958219999648e+01 5.035062648779999961e+01
2.568414973950000069e-01 2.069683325780000138e-02 -4.326804446949999994e-01 -1.204566629859999978e+02 8.925018382029999486e+01 5.093339412179999925e+01
2.553301866409999898e-01 1.775638347080000026e-02 -4.362760327440000085e-01 -1.201603005820000050e+02 8.936515671710000674e+01 5.062901035090000335e+01
2.585964238410000116e-01 1.945203890499999991e-02 -4.310876042299999766e-01 -1.207190077719999977e+02 8.933422743040000569e+01 5.067889567059999933e+01
2.616752556440000155e-01 1.822442068690000028e-02 -4.328096186829999970e-01 -1.203711923040000045e+02 8.934095065580000039e+01 5.104488439339999672e+01
2.667130462039999927e-01 1.927767707880000125e-02 -4.376811797619999944e-01 -1.202006601479999972e+02 8.970970998629999826e+01 5.069547183089999720e+01
2.536702916190000101e-01 1.856039380139999986e-02 -4.369671813370000213e-01 -1.202005709580000001e+02 8.955291217289999395e+01 5.077472245780000293e+01
2.577338352269999966e-01 2.603439496340000103e-02 -4.416778296020000272e-01 -1.200870770260000029e+02 8.924040823810000234e+01 5.059912684110000214e+01
2.650861675050000255e-01 1.719127491120000031e-02 -4.401244233650000170e-01 -1.202210751369999997e+02 8.936145260160000703e+01 5.072898254009999874e+01
2.621135175770000214e-01 2.132847995490000023e-02 -4.349178162990000041e-01 -1.206176614999999970e+02 8.949176019879999444e+01 5.027136438790000028e+01
2.589723957960000100e-01 1.767322275570000142e-02 -4.347063714419999725e-01 -1.206477828569999957e+02 8.911432292940000366e+01 5.088003835149999787e+01
2.629000485210000182e-01 2.363103057029999898e-02 -4.389684499390000272e-01 -1.201058575630000007e+02 8.938634175359999290e+01 5.063792263060000209e+01
2.609127646130000033e-01 2.062908492219999931e-02 -4.380597012520000000e-01 -1.202425849659999955e+02 8.983410042760000636e+01 5.040409328810000034e+01
2.567471475390000202e-01 2.164536189680000070e-02 -4.331663326799999880e-01 -1.201858298110000050e+02 8.934601423670000031e+01 5.059215958939999780e+01
2.583333182729999900e-01 2.167957025469999938e-02 -4.346852554710000094e-01 -1.205979318260000070e+02 8.957588722250000046e+01 5.049114710420000307e+01
2.618011662829999864e-01 1.955055400500000165e-02 -4.412688547399999939e-01 -1.201678377939999933e+02 8.960874273689999825e+01 5.037137744019999985e+01
2.564761179269999802e-01 2.244214050259999912e-02 -4.357331370010000260e-01 -1.203866289139999992e+02 8.929171709899999598e+01 5.084865869619999756e+01
2.573930470849999930e-01 1.739110669499999845e-02 -4.409592076509999958e-01 -1.200413385779999942e+02 8.958906881549999923e+01 5.054712679010000187e+01
2.577665841310000094e-01 2.692884544600000069e-02 -4.381134707059999855e-01 -1.202133127310000020e+02 8.954791474280000330e+01 5.065215614120000254e+01
2.644666715230000187e-01 2.395224394160000089e-02 -4.362229196449999846e-01 -1.205298439569999971e+02 8.912484904789999973e+01 5.065713081389999672e+01
2.577010524880000153e-01 2.219294990290000130e-02 -4.362443216290000092e-01 -1.204687523019999986e+02 8.984109574209999494e+01 5.090737125919999784e+01
2.572209384140000110e-01 1.477974837029999954e-02 -4.418045782760000040e-01 -1.201738862739999973e+02 8.963575763789999939e+01 5.083970470189999702e+01
2.648121927389999741e-01 2.264906461219999903e-02 -4.334668485970000207e-01 -1.204699388349999936e+02 8.971323046509999699e+01 5.060930215799999843e+01
2.598885013800000254e-01 1.846098624290000087e-02 -4.348920762499999815e-01 -1.198830568529999994e+02 8.960352498170000501e+01 5.051376170919999709e+01
2.609197120930000224e-01 2.200079952650000129e-02 -4.333361860309999924e-01 -1.205967341940000068e+02 8.948454383809999513e+01 5.063221353929999680e+01
2.613758598650000042e-01 2.154395176360000136e-02 -4.344496024500000275e-01 -1.200667179940000011e+02 8.913309571269999765e+01 5.035677269629999842e+01
2.610563993830000151e-01 2.022895216129999910e-02 -4.391506971429999795e-01 -1.201807468039999947e+02 8.957239450880000220e+01 5.036796122919999874e+01
2.565590505440000224e-01 2.247602831309999938e-02 -4.375178142910000068e-01 -1.201435178280000002e+02 8.922674879470000064e+01 5.061614551499999948e+01
2.597415022419999886e-01 1.168948570500000055e-02 -4.350377725530000239e-01 -1.204887452789999998e+02 8.958846094330000653e+01 5.064142180089999812e+01
2.626672652179999901e-01 1.720011344719999877e-02 -4.353113793150000244e-01 -1.202312337230000026e+02 8.915028088859999400e+01 5.049666304259999805e+01
2.578616921479999768e-01 2.130217023389999881e-02 -4.294008027880000244e-01 -1.204806613690000034e+02 8.932812106049999556e+01 5.046677908320000228e+01
2.566233438400000177e-01 1.742960964539999949e-02 -4.356504918660000225e-01 -1.203431028889999936e+02 8.949050590749999401e+01 5.092865712980000126e+01
2.608921211290000097e-01 2.124162788920000086e-02 -4.396486942460000047e-01 -1.201464763630000050e+02 8.918933385159999716e+01 5.098171572350000247e+01
2.633883580640000166e-01 1.659138666249999894e-02 -4.333550277700000120e-01 -1.203062038430000058e+02 8.920731015779999495e+01 5.047749148759999827e+01
2.578757572900000072e-01 2.342165617140000086e-02 -4.321996220209999851e-01 -1.201712220259999953e+02 8.920597599840000669e+01 5.082446168420000276e+01
2.675843749340000022e-01 1.806218150269999975e-02 -4.334577686509999972e-01 -1.205964924529999962e+02 8.954807546680000030e+01 5.062542278179999755e+01
2.581887941239999762e-01 1.983028344640000093e-02 -4.316620380080000152e-01 -1.206797106660000054e+02 8.952908278179999968e+01 5.082207647109999726e+01
2.650455957510000071e-01 2.250366847000000170e-02 -4.360619765020000149e-01 -1.203046398519999940e+02 8.965943998500000589e+01 5.036445815630000311e+01
2.627972589770000145e-01 2.164115617330000102e-02 -4.309525127480000051e-01 -1.206905012130000046e+02 8.933108565029999681e+01 5.088630388450000197e+01
2.589085680289999747e-01 2.021458647839999984e-02 -4.385476347439999922e-01 -1.201123100020000010e+02 8.928348651420000692e+01 5.072188018490000161e+01
2.606409348290000261e-01 2.276081517329999956e-02 -4.369891271890000151e-01 -1.201714129460000038e+02 8.956901583949999690e+01 5.078332996129999799e+01
2.650226618000000034e-01 2.202584624369999938e-02 -4.347922483889999912e-01 -1.205194945679999989e+02 8.921364084990000265e+01 5.074926891020000141e+01
2.579762614710000013e-01 2.354149602280000003e-02 -4.322761578750000111e-01 -1.204465244619999993e+02 8.915636247019999416e+01 5.077653730269999954e+01
2.624131393640000143e-01 1.454695559010000042e-02 -4.349400740630000040e-01 -1.205678549689999954e+02 8.951021770849999371e+01 5.047475745319999874e+01
2.626819347909999935e-01 2.152230895170000047e-02 -4.344583328250000154e-01 -1.200079982150000006e+02 8.905267334250000033e+01 5.068472338979999847e+01
2.571353578519999794e-01 2.236184536230000075e-02 -4.346537730210000006e-01 -1.205787850029999930e+02 8.924109488519999900e+01 5.087352109380000087e+01
2.638510602110000214e-01 2.199541582489999980e-02 -4.362047660919999847e-01 -1.206571166439999985e+02 8.933639769369999328e+01 5.074509479630000186e+01
2.567517260569999737e-01 2.289812819620000092e-02 -4.358278108540000195e-01 -1.204198573799999963e+02 8.921156752119999567e+01 5.066121685329999735e+01
2.598415020700000078e-01 1.838206623460000161e-02 -4.313651888500000253e-01 -1.204239040519999975e+02 8.969582606250000367e+01 5.082183735870000163e+01
2.598798094420000093e-01 1.731620764459999851e-02 -4.337032375750000113e-01 -1.203000785680000035e+02 8.920706072759999472e+01 5.077615829270000347e+01
2.558873358429999967e-01 2.047500508480000134e-02 -4.343391236390000132e-01 -1.205072757519999982e+02 8.934060177909999823e+01 5.116132458690000107e+01
2.653767706540000049e-01 2.248420875640000025e-02 -4.331550778359999909e-01 -1.205087083290000010e+02 8.931071078360000115e+01 5.102235633010000271e+01
2.574059145429999917e-01 1.992995559819999915e-02 -4.332369567380000008e-01 -1.202733011010000013e+02 8.944580941770000493e+01 5.120179697769999905e+01
2.619435797440000102e-01 2.064170789750000012e-02 -4.376952833100000162e-01 -1.204126160840000068e+02 8.956707594959999597e+01 5.064475016770000337e+01
2.656225843669999809e-01 2.100628311239999962e-02 -4.294857276319999917e-01 -1.204916120710000058e+02 8.929694905830000096e+01 5.093866152449999873e+01
2.560143353709999903e-01 1.758362444149999884e-02 -4.364816421909999966e-01 -1.203922776090000042e+02 8.935932879109999760e+01 5.085368864649999665e+01
2.522663057890000005e-01 2.368597561230000037e-02 -4.384992193050000209e-01 -1.202007187039999963e+02 8.923465592549999315e+01 5.063448009300000052e+01
2.605914451629999795e-01 1.996772025949999918e-02 -4.383290476400000246e-01 -1.199937463109999953e+02 8.947621058279999318e+01 5.108152329549999848e+01
2.603607394319999990e-01 1.900527582099999918e-02 -4.357079132900000262e-01 -1.205329392010000049e+02 8.918819905969999695e+01 5.068151781769999786e+01
2.589200471070000065e-01 1.767554588599999990e-02 -4.345236807719999872e-01 -1.205507507490000023e+02 8.979528409969999814e+01 5.075206349049999943e+01
2.631471467879999970e-01 2.056625196919999871e-02 -4.338822691720000124e-01 -1.201501548300000053e+02 8.938523819860000685e+01 5.078955267100000270e+01
2.566374956149999886e-01 1.822627658590000171e-02 -4.336780676679999891e-01 -1.206621544940000064e+02 8.961232421510000279e+01 5.085185109740000087e+01
2.602384526659999864e-01 2.092450832720000112e-02 -4.363687000279999895e-01 -1.200573219900000055e+02 8.955653994120000050e+01 5.052125571860000264e+01
2.572371219219999894e-01 1.728974304130000139e-02 -4.319745428980000246e-01 -1.204614364100000046e+02 8.950673575710000307e+01 5.095382052149999907e+01
2.563391973470000029e-01 2.648586884779999956e-02 -4.325899319889999761e-01 -1.204187161130000021e+02 8.941746392919999664e+01 5.071078619339999705e+01
2.573366123499999936e-01 2.099318363650000061e-02 -4.346571781749999919e-01 -1.202659018549999956e+02 8.975648324390000710e+01 5.080554140750000158e+01
2.537563344889999795e-01 1.531739993180000065e-02 -4.355335805039999841e-01 -1.200692025470000033e+02 8.952458652670000561e+01 5.074406695020000058e+01
2.635682559320000062e-01 2.156572043399999916e-02 -4.344971537260000072e-01 -1.202542459080000015e+02 8.910973479909999639e+01 5.090557814940000014e+01
2.642369317439999810e-01 2.342706080760000031e-02 -4.351765371540000094e-01 -1.201356799059999929e+02 8.940641935089999492e+01 5.092230465709999976e+01
2.620506492260000209e-01 1.899296822140000146e-02 -4.344368631739999875e-01 -1.203659551759999999e+02 8.955984829690000026e+01 5.088065140949999687e+01
2.577932772489999746e-01 2.431710400420000057e-02 -4.354685950739999867e-01 -1.206320088970000057e+02 8.933085339960000226e+01 5.047810212649999784e+01
2.579479442309999815e-01 1.820539796860000045e-02 -4.377484699140000157e-01 -1.200667847750000021e+02 8.952229593970000110e+01 5.080135925590000312e+01
2.617363227039999907e-01 1.733685254519999955e-02 -4.367850638019999954e-01 -1.204859347189999994e+02 8.958803074189999904e+01 5.079216756240000308e+01
2.558126626930000147e-01 2.220195966940000099e-02 -4.396606289030000059e-01 -1.201151316929999950e+02 8.933284694920000391e+01 5.077329872499999652e+01
2.626808824099999828e-01 2.323128541980000114e-02 -4.362062542669999932e-01 -1.201918765650000012e+02 8.966386225489999617e+01 5.081585994320000310e+01
2.612199023380000207e-01 2.041628607719999863e-02 -4.365393143310000168e-01 -1.204548677770000040e+02 8.900097281979999764e+01 5.119004696220000028e+01
2.632642326729999760e-01 2.057739074009999961e-02 -4.334923469010000252e-01 -1.204155910519999964e+02 8.960350194989999295e+01 5.055016665000000131e+01
2.589145557329999847e-01 2.424816662830000039e-02 -4.355481183620000252e-01 -1.200354314759999994e+02 8.956719784109999694e+01 5.095355741649999715e+01
2.533040243560000238e-01 1.937427734970000037e-02 -4.346240061830000112e-01 -1.203673319499999934e+02 8.945487835570000357e+01 5.055028586440000282e+01
2.613351136440000277e-01 1.945868356999999951e-02 -4.370054000909999736e-01 -1.199649611279999988e+02 8.956054081039999915e+01 5.069104558939999805e+01
2.585644461750000178e-01 1.674070080310000042e-02 -4.358628786909999886e-01 -1.203912350349999940e+02 8.935605790239999635e+01 5.077777928030000254e+01
2.636257606560000188e-01 2.244553031769999998e-02 -4.318923056369999847e-01 -1.204985604390000020e+02 8.943481053360000033e+01 5.059373823659999658e+01
2.578359853089999820e-01 2.131804446219999830e-02 -4.393077170820000044e-01 -1.203767821579999975e+02 8.920958097369999962e+01 5.088659368119999726e+01
2.668698210830000028e-01 2.240479300690000064e-02 -4.402637958760000081e-01 -1.203050136199999969e+02 8.934740752220000104e+01 5.093552766239999841e+01
2.611792132140000056e-01 2.173186924819999963e-02 -4.375958821159999790e-01 -1.198291959249999934e+02 8.939385039959999801e+01 5.072103833380000282e+01
2.626117193670000072e-01 1.661828629289999887e-02 -4.360870690940000238e-01 -1.203708089550000011e+02 8.942900996129999669e+01 5.098054032059999940e+01
2.635186141590000197e-01 1.370831148410000047e-02 -4.379231930779999837e-01 -1.203139401690000057e+02 8.956260805739999853e+01 5.041355717420000104e+01
2.599200182249999935e-01 2.048810192959999929e-02 -4.338407452160000233e-01 -1.204117842569999937e+02 8.940460594610000555e+01 5.099701945719999685e+01
2.599161976700000154e-01 1.961468821010000155e-02 -4.370406801630000171e-01 -1.202731194870000024e+02 8.957721800720000260e+01 5.047428315389999653e+01
2.608334367399999798e-01 2.058272873779999970e-02 -4.375483763599999909e-01 -1.205884324569999961e+02 8.960149276539999619e+01 5.047127519509999871e+01
2.615627272259999914e-01 1.854870012480000149e-02 -4.364382493990000000e-01 -1.201918605780000036e+02 8.928763309800000059e+01 5.097225784430000317e+01
2.595926651909999938e-01 1.731111474550000098e-02 -4.374841203729999961e-01 -1.201480314970000052e+02 8.927315098340000077e+01 5.121956224809999725e+01
2.622930321410000265e-01 1.728380894589999842e-02 -4.409898865629999776e-01 -1.201079289019999976e+02 8.909749757890000410e+01 5.069280157490000249e+01
2.609385826589999957e-01 1.447145908800000040e-02 -4.326516333600000097e-01 -1.201424964590000002e+02 8.929736634329999845e+01 5.062131121969999725e+01
2.644296093899999867e-01 1.900344986290000010e-02 -4.370031726170000019e-01 -1.202910575410000007e+02 8.912144350680000571e+01 5.069463138590000284e+01
2.581814368879999932e-01 1.844016644539999902e-02 -4.381817321779999941e-01 -1.204378033859999988e+02 8.947960311229999775e+01 5.028139043510000050e+01
2.614123726390000235e-01 1.971146734939999839e-02 -4.367859943210000151e-01 -1.208698655179999975e+02 8.921023569429999611e+01 5.058021972590000104e+01
2.591960587900000168e-01 2.231141934239999972e-02 -4.360725927599999885e-01 -1.202413797149999937e+02 8.985357309799999825e+01 5.063425438229999997e+01
2.634805861769999868e-01 1.926411469490000097e-02 -4.392817339660000098e-01 -1.203234593109999935e+02 8.983995466999999735e+01 5.069430861170000213e+01
2.626102899619999764e-01 1.830570081549999853e-02 -4.390516464340000202e-01 -1.199028600049999937e+02 8.959114556939999829e+01 5.087429453069999852e+01
2.609970770689999942e-01 1.839544919509999987e-02 -4.405855100350000164e-01 -1.201127844130000000e+02 8.956736284199999432e+01 5.086222700540000119e+01
2.589630766289999775e-01 2.036257035330000034e-02 -4.360615908939999841e-01 -1.202644833469999952e+02 8.940818839540000340e+01 5.068903718909999867e+01
2.609570207229999772e-01 1.596663113739999959e-02 -4.341504592920000238e-01 -1.202885598329999937e+02 8.937351346449999312e+01 5.036302163130000054e+01
2.588662874529999991e-01 2.103610705189999999e-02 -4.395778789570000122e-01 -1.205215332789999962e+02 8.977723928650000573e+01 5.079982840579999959e+01
2.584024299059999863e-01 1.320797903989999987e-02 -4.397502303190000128e-01 -1.204451315700000009e+02 8.939511138199999607e+01 5.075500593400000326e+01
2.588279760689999875e-01 1.744856853400000157e-02 -4.369956236399999971e-01 -1.202792839850000064e+02 8.934257639509999649e+01 5.094497445940000091e+01
2.582493356059999967e-01 2.021662972170000169e-02 -4.383649165519999946e-01 -1.199479684060000011e+02 8.947138471399999560e+01 5.086026434240000071e+01
2.636563018920000112e-01 2.076085334380000161e-02 -4.339253696750000056e-01 -1.201503880409999994e+02 8.983508122940000362e+01 5.072830157149999764e+01
2.599038265270000037e-01 2.433768159639999873e-02 -4.369167166319999906e-01 -1.203223438699999974e+02 8.918645548599999984e+01 5.096997172340000049e+01
2.607125930499999966e-01 1.858884809930000034e-02 -4.372672181369999800e-01 -1.201820596219999970e+02 8.908978509179999605e+01 5.104275888520000137e+01
2.605992325900000073e-01 2.040082756719999862e-02 -4.327493765930000014e-01 -1.203132401799999940e+02 8.919738264640000125e+01 5.118738889090000299e+01
2.619882886020000190e-01 1.801022044249999884e-02 -4.312330235399999823e-01 -1.201196806119999962e+02 8.932698039669999446e+01 5.079048111099999829e+01
2.570353002469999981e-01 2.170962506020000099e-02 -4.301616259139999787e-01 -1.203322056039999950e+02 8.964446979049999698e+01 5.061145107189999948e+01
2.630347763509999770e-01 1.874631545670000024e-02 -4.374128503270000023e-01 -1.206062012590000023e+02 8.926109252679999884e+01 5.054692063099999899e+01
2.615636895690000019e-01 2.266395888449999896e-02 -4.348346955349999821e-01 -1.202930590640000048e+02 8.904925382189999539e+01 5.088319874279999766e+01
2.597012170949999921e-01 1.914749760099999920e-02 -4.403163785740000225e-01 -1.200708369639999944e+02 8.949434784219999983e+01 5.042038094059999764e+01
2.598730122969999945e-01 1.890572398270000051e-02 -4.371731294580000204e-01 -1.203028013689999938e+02 8.966150827079999885e+01 5.090654673019999876e+01
2.611981026929999783e-01 1.901573051999999944e-02 -4.373520681709999747e-01 -1.205180811879999965e+02 8.906887479140000607e+01 5.053189423930000146e+01
2.617292187340000131e-01 1.864143583800000059e-02 -4.346611687999999973e-01 -1.203106301809999934e+02 8.889081769610000094e+01 5.094463782409999908e+01
2.573101570440000097e-01 1.626506480759999998e-02 -4.392837773000000112e-01 -1.201346080990000047e+02 8.933761482529999398e+01 5.077280467960000010e+01
2.626266556499999849e-01 2.193713908889999981e-02 -4.368608758210000276e-01 -1.208340744390000054e+02 8.933184699150000085e+01 5.091264346420000209e+01
2.604461428709999860e-01 2.242746708700000050e-02 -4.311348348740000058e-01 -1.202151472620000021e+02 8.978017253410000365e+01 5.082593051060000278e+01
2.623420894080000232e-01 2.031439136740000040e-02 -4.349089533859999968e-01 -1.204805386050000067e+02 8.952935212600000625e+01 5.085293452770000044e+01
2.576283814850000020e-01 1.331038134289999966e-02 -4.287364752980000193e-01 -1.202939330109999929e+02 8.957359777959999292e+01 5.078125209800000306e+01
2.623128709359999755e-01 2.218214359900000029e-02 -4.365027992270000268e-01 -1.202247129069999971e+02 8.927215092110000683e+01 5.076681493830000136e+01
2.596371515190000201e-01 1.699914234199999957e-02 -4.339604294769999759e-01 -1.200829636790000023e+02 8.911503088770000147e+01 5.062282350739999970e+01
2.570183990800000151e-01 1.650130000879999892e-02 -4.350550038739999792e-01 -1.204932084710000026e+02 8.953796176660000583e+01 5.066348001130000256e+01
2.537328636419999839e-01 2.194796620739999926e-02 -4.345672492379999974e-01 -1.203966466760000031e+02 8.947776127250000400e+01 5.079749473110000224e+01
2.638411183769999724e-01 1.958714443789999829e-02 -4.366409002600000200e-01 -1.203916254229999936e+02 8.933273439600000643e+01 5.069306264080000091e+01
2.655707496279999802e-01 2.116512036999999846e-02 -4.405766864210000078e-01 -1.202733309869999943e+02 8.956887525140000150e+01 5.049213788510000001e+01
2.610061617539999879e-01 1.977278616130000166e-02 -4.321733117179999972e-01 -1.205066394739999964e+02 8.915028013949999774e+01 5.045917849159999946e+01
2.599866428200000024e-01 1.939162633340000066e-02 -4.373979758650000105e-01 -1.204076922179999940e+02 8.974809525320000603e+01 5.071014817820000076e+01
2.623395090139999941e-01 1.816866373809999935e-02 -4.327153724669999812e-01 -1.204339276620000021e+02 8.963091390600000352e+01 5.072304621720000029e+01
2.626168784449999793e-01 1.951168863940000095e-02 -4.366335413649999886e-01 -1.203352967099999944e+02 8.916254312169999707e+01 5.044917320980000142e+01
2.569064932649999800e-01 2.179091420000000071e-02 -4.351259507949999938e-01 -1.206198138099999966e+02 8.904455040050000036e+01 5.072232889139999656e+01
2.606666046600000231e-01 1.629243123500000168e-02 -4.367377513130000222e-01 -1.204533000189999967e+02 8.937958653440000489e+01 5.073123476290000156e+01
2.598377306940000131e-01 2.339813188650000098e-02 -4.320130240289999923e-01 -1.200656509749999969e+02 8.965820672670000135e+01 5.064492246119999663e+01
2.599595513879999764e-01 1.497952429099999941e-02 -4.336491873159999955e-01 -1.205616291609999990e+02 8.953138742749999324e+01 5.081644599759999892e+01
2.600700723939999848e-01 2.234190994560000115e-02 -4.326886963730000035e-01 -1.203543109179999959e+02 8.907336999989999526e+01 5.112604678600000341e+01
2.648257471550000131e-01 2.112293079780000124e-02 -4.382967787470000154e-01 -1.204714169300000037e+02 8.905819277439999837e+01 5.076394984310000069e+01
2.625706823899999764e-01 1.821622353529999891e-02 -4.376589989920000034e-01 -1.204026388799999978e+02 8.967612311140000259e+01 5.065276543729999759e+01
2.592984009020000147e-01 2.256533853440000070e-02 -4.336057678129999760e-01 -1.202238805869999965e+02 8.926943518849999748e+01 5.067358675159999848e+01
2.621562773969999816e-01 2.688179205479999945e-02 -4.372221545559999978e-01 -1.202304592440000022e+02 8.925357588709999845e+01 5.082966925950000103e+01
2.633089259690000183e-01 1.942113726840000165e-02 -4.361639137300000191e-01 -1.205099360460000071e+02 8.932100368810000646e+01 5.046923671540000100e+01
2.602098595869999920e-01 2.355253240289999911e-02 -4.319610163490000265e-01 -1.205290939549999933e+02 8.914545220390000679e+01 5.081870488389999707e+01
2.589298932010000165e-01 1.507341497720000000e-02 -4.340148539829999930e-01 -1.201414576540000070e+02 8.963907435100000498e+01 5.077491081130000339e+01
2.575177336000000206e-01 2.065068106640000067e-02 -4.396041307460000214e-01 -1.203144233120000024e+02 8.963267010650000088e+01 5.092765669989999822e+01
2.622161142130000067e-01 1.516571570759999918e-02 -4.387682074820000167e-01 -1.200904993869999942e+02 8.942584556200000634e+01 5.095108426160000192e+01
2.503870276779999737e-01 2.372191856219999992e-02 -4.365114317670000244e-01 -1.202934495679999998e+02 8.947956641669999556e+01 5.087172753779999823e+01
2.595333621029999871e-01 2.323113461960000029e-02 -4.369770181709999868e-01 -1.204302155780000021e+02 8.943208103720000679e+01 5.108311174739999672e+01
2.601607057829999903e-01 1.976834846929999973e-02 -4.284863749660000054e-01 -1.204660182859999935e+02 8.948593974620000324e+01 5.051623714259999787e+01
2.631441125580000207e-01 1.822698067329999935e-02 -4.370551625810000229e-01 -1.205443261500000034e+02 8.970339297740000006e+01 5.061731831889999711e+01
2.586965246619999936e-01 2.271083235129999975e-02 -4.331647224369999938e-01 -1.203655408059999985e+02 8.942925338979999594e+01 5.094650074820000185e+01
2.593879709429999791e-01 2.190044842100000166e-02 -4.377436685209999956e-01 -1.199001208229999946e+02 8.933751025169999593e+01 5.065971454510000171e+01
2.661462223030000018e-01 1.665515648160000028e-02 -4.322421428889999806e-01 -1.204006000100000051e+02 8.942203443850000610e+01 5.059647884929999861e+01
2.593824059779999969e-01 1.992604373850000166e-02 -4.355447580069999880e-01 -1.201046705910000014e+02 8.927976337580000177e+01 5.084010314700000066e+01
2.614757502760000074e-01 1.763949512020000082e-02 -4.358951653309999785e-01 -1.208284150180000012e+02 8.964072484659999418e+01 5.062312987829999855e+01
2.549927435489999783e-01 1.880331092899999862e-02 -4.378704262740000241e-01 -1.202018079900000060e+02 8.945446401569999750e+01 5.037548959000000082e+01
2.573531340519999988e-01 2.262551404519999934e-02 -4.347074388709999959e-01 -1.204500645690000056e+02 8.906981971999999814e+01 5.055687310199999729e+01
2.586217046720000190e-01 1.589301413560000042e-02 -4.376733210579999978e-01 -1.200583950710000067e+02 8.939102452679999544e+01 5.049537498549999981e+01
2.592540025519999847e-01 1.758467706810000128e-02 -4.442072773249999829e-01 -1.202527255380000071e+02 8.966689894990000198e+01 5.070837495899999681e+01
2.597702714690000025e-01 1.763851393370000076e-02 -4.406673505209999786e-01 -1.202048723279999933e+02 8.934987260370000683e+01 5.096821158089999670e+01
2.607199172310000201e-01 1.952698037299999828e-02 -4.383634598500000257e-01 -1.203736598029999953e+02 8.982680176510000081e+01 5.090546917660000048e+01
2.577977497089999903e-01 2.312119821440000028e-02 -4.314343603490000123e-01 -1.203589615460000033e+02 8.934205085829999859e+01 5.100789670319999658e+01
2.605905024390000047e-01 2.288613749109999831e-02 -4.395137872220000186e-01 -1.204481811710000017e+02 8.916368499649999535e+01 5.065015022720000104e+01
2.540896680590000178e-01 1.819065797489999997e-02 -4.385751046170000000e-01 -1.201999616319999973e+02 8.948172526160000473e+01 5.090748375799999792e+01
2.580895065950000178e-01 1.957772487240000067e-02 -4.418073685539999906e-01 -1.200248640530000017e+02 8.961066285459999392e+01 5.082312800239999717e+01
2.586797723800000059e-01 1.968927168169999978e-02 -4.269085160169999726e-01 -1.203486916300000047e+02 8.958936863249999760e+01 5.075641397239999719e+01
2.610988456700000238e-01 1.929820505670000116e-02 -4.370883310909999819e-01 -1.205406998379999948e+02 8.947291515509999726e+01 5.118226195580000137e+01
2.625514076150000098e-01 2.346862252750000002e-02 -4.346939739580000239e-01 -1.202286723320000021e+02 8.924445509839999602e+01 5.075828294680000141e+01
2.637990462870000163e-01 2.534026426769999882e-02 -4.326163119179999850e-01 -1.204271529969999932e+02 8.962506369109999582e+01 5.056129730319999993e+01
2.619514491919999744e-01 1.926531714169999951e-02 -4.362341690320000187e-01 -1.201809544040000048e+02 8.929309905520000257e+01 5.101881902550000092e+01
2.606735575720000031e-01 2.359126378569999932e-02 -4.325814457050000117e-01 -1.201077260059999929e+02 8.903289954369999748e+01 5.086257884700000176e+01
2.621027546479999804e-01 2.739898200499999922e-02 -4.395925991369999952e-01 -1.204589287059999947e+02 8.945934978440000407e+01 5.081880396599999727e+01
2.578210860399999804e-01 2.364527557680000044e-02 -4.354237574309999803e-01 -1.202932787809999979e+02 8.928527553189999821e+01 5.097970425489999968e+01
2.599003573140000189e-01 1.507026904840000001e-02 -4.373579322439999917e-01 -1.204718714669999997e+02 8.947535198760000696e+01 5.079010256299999782e+01
2.607811106860000172e-01 1.274518696429999959e-02 -4.397973673319999777e-01 -1.202115649379999951e+02 8.955650654389999943e+01 5.074263628199999943e+01
2.600733142830000122e-01 1.823262718819999850e-02 -4.422375555110000245e-01 -1.203040940679999977e+02 8.942525725939999859e+01 5.081677903620000336e+01
2.582245296880000263e-01 1.687416158959999940e-02 -4.318624342469999933e-01 -1.201364636609999934e+02 8.946151817530000017e+01 5.072316606900000124e+01
2.614527917139999880e-01 1.877258966239999868e-02 -4.353177688000000045e-01 -1.203129884810000050e+02 8.963689768320000439e+01 5.059350041380000107e+01
2.605261759460000270e-01 1.476512858549999981e-02 -4.422448818140000126e-01 -1.204078894839999947e+02 8.940015358220000508e+01 5.064758666760000239e+01
2.633096398420000095e-01 2.932096336639999912e-02 -4.374402661089999977e-01 -1.202426907490000048e+02 8.925419269840000425e+01 5.068567855410000078e+01
2.626679963119999961e-01 2.032100543520000066e-02 -4.359690405469999752e-01 -1.201851065909999932e+02 8.953446252979999542e+01 5.072958406309999901e+01
2.635663467400000126e-01 2.388665461040000160e-02 -4.310357714890000191e-01 -1.204362154349999940e+02 8.931243511990000172e+01 5.082163382649999761e+01
2.551678478500000180e-01 2.325823426710000100e-02 -4.360274319249999864e-01 -1.204360423010000005e+02 8.943972217779999312e+01 5.070092344190000233e+01
2.634161526759999927e-01 1.996472592489999948e-02 -4.378226301309999791e-01 -1.203431225199999943e+02 8.933328369580000583e+01 5.074908502520000297e+01
2.635088886899999983e-01 2.321857827570000116e-02 -4.350059577909999864e-01 -1.204040382440000059e+02 8.917122090649999677e+01 5.093616248920000089e+01
2.609897219289999959e-01 1.768407551619999990e-02 -4.352502219020000229e-01 -1.201118429200000008e+02 8.955004982730000052e+01 5.080920031280000160e+01
2.601735597229999919e-01 2.075393647969999908e-02 -4.351334659489999868e-01 -1.203573192049999960e+02 8.906604131260000656e+01 5.092140753900000050e+01
2.591102532999999819e-01 1.945087256330000139e-02 -4.340951162430000121e-01 -1.202824058660000048e+02 8.990128425669999501e+01 5.060938021060000125e+01
2.646809622069999923e-01 1.420604125349999962e-02 -4.358283112749999910e-01 -1.203441573860000062e+02 8.942447863700000710e+01 5.080133851789999966e+01
2.646644779710000117e-01 1.974677986669999899e-02 -4.415994865330000185e-01 -1.200049184429999940e+02 8.944675744280000629e+01 5.083402473579999992e+01
2.635594414440000088e-01 2.144952831599999943e-02 -4.354502810090000176e-01 -1.200414221249999969e+02 8.938935898729999963e+01 5.064825486310000002e+01
2.602467938110000212e-01 1.910743521450000010e-02 -4.362251434650000204e-01 -1.201935589779999987e+02 8.908325855719999709e+01 5.064542195399999969e+01
2.622327946440000113e-01 1.709005492750000077e-02 -4.392785549450000104e-01 -1.200846023659999986e+02 8.923500445049999996e+01 5.072019990470000295e+01
2.672264594720000219e-01 2.175832666399999879e-02 -4.364007261289999939e-01 -1.200675248489999944e+02 8.933792122920000622e+01 5.053073350239999684e+01
2.616948674499999794e-01 1.891312127380000152e-02 -4.346459840579999789e-01 -1.203572084599999954e+02 8.941548137430000054e+01 5.031164223879999753e+01
2.603508169270000172e-01 1.716701240990000168e-02 -4.367079394210000021e-01 -1.201083449709999940e+02 8.931125705309999319e+01 5.062117635269999738e+01
2.562357285760000214e-01 2.086171752109999833e-02 -4.400846139580000260e-01 -1.203729365669999964e+02 8.940816765809999822e+01 5.097832012229999776e+01
2.582028217849999807e-01 2.141223377030000014e-02 -4.342131360950000074e-01 -1.204475336769999956e+02 8.942485847490000594e+01 5.061805564920000222e+01
2.612161706219999768e-01 1.983905662180000112e-02 -4.343391713029999823e-01 -1.200676050600000053e+02 8.946295295509999335e+01 5.079210857070000174e+01
2.570670753570000189e-01 1.630537787539999839e-02 -4.343911902740000275e-01 -1.202713809290000029e+02 8.914381982000000448e+01 5.098696507369999864e+01
2.555596344719999746e-01 1.497229239200000006e-02 -4.357111817000000054e-01 -1.202703681389999986e+02 8.939953315680000401e+01 5.114205321170000218e+01
2.608100190750000102e-01 1.931766769199999914e-02 -4.359962985740000185e-01 -1.197637876029999973e+02 8.945452705820000006e+01 5.082958814940000281e+01
2.630398807980000031e-01 1.781247508439999863e-02 -4.357762732229999991e-01 -1.204858453829999974e+02 8.909093065279999735e+01 5.098696652950000185e+01
2.573613895740000101e-01 2.144840046350000168e-02 -4.360308170989999899e-01 -1.200235041929999937e+02 8.978655966200000194e+01 5.072344530640000215e+01
2.594342183860000040e-01 2.369442899999999949e-02 -4.324725032410000058e-01 -1.200430592050000058e+02 8.949021008600000471e+01 5.066995365950000263e+01
2.606305574469999775e-01 2.432901665700000146e-02 -4.352630168959999990e-01 -1.206774681179999931e+02 8.924696920649999754e+01 5.098833885319999837e+01
2.638540843919999768e-01 1.587974498600000159e-02 -4.327531441549999913e-01 -1.204241465909999960e+02 8.945492166799999723e+01 5.097673444250000330e+01
2.596132175559999755e-01 2.032149023400000101e-02 -4.344299447150000160e-01 -1.200381167930000004e+02 8.906594662329999323e+01 5.055573078369999962e+01
2.608001698899999887e-01 2.106524099189999860e-02 -4.344749144280000142e-01 -1.204515070260000016e+02 8.973380909079999412e+01 5.060273066349999738e+01
2.610380915769999755e-01 1.973165953719999838e-02 -4.357013554679999845e-01 -1.205454399590000065e+02 8.952842883680000341e+01 5.085684321450000311e+01
2.630727521410000103e-01 1.740309464419999980e-02 -4.315322241199999742e-01 -1.202194967310000067e+02 8.951270332439999322e+01 5.082803202049999669e+01
2.629126849149999723e-01 1.801705966099999973e-02 -4.328819365170000211e-01 -1.202359452919999967e+02 8.934377497280000568e+01 5.088164886450000068e+01
2.603756102240000203e-01 1.725759152990000156e-02 -4.344805211359999975e-01 -1.204300031989999979e+02 8.975784102800000142e+01 5.072927512340000078e+01
2.609878527069999787e-01 2.106233504959999919e-02 -4.346419377569999964e-01 -1.201096923570000001e+02 8.917489585670000452e+01 5.116260699040000048e+01
2.598850164450000055e-01 2.061920877989999873e-02 -4.323235235569999890e-01 -1.206732910919999995e+02 8.952038306629999909e+01 5.087477021370000330e+01
2.632422503269999936e-01 1.873027059250000070e-02 -4.351074581420000253e-01 -1.202367690349999947e+02 8.959336032029999330e+01 5.079439810979999947e+01
2.635489332220000147e-01 1.617440346000000029e-02 -4.336964758260000163e-01 -1.206404798079999949e+02 8.923901421150000601e+01 5.094094559399999866e+01
2.592562857480000260e-01 1.971500732290000155e-02 -4.363092534549999901e-01 -1.201276489469999973e+02 8.974508024690000241e+01 5.063646641790000302e+01
2.620128168859999773e-01 1.924285829119999972e-02 -4.373446667850000025e-01 -1.206877375229999956e+02 8.951998702269999342e+01 5.083223719709999955e+01
2.609926689829999980e-01 2.336657894359999918e-02 -4.365574623610000149e-01 -1.199027679069999976e+02 8.948815356490000283e+01 5.054212397450000083e+01
2.588269320959999953e-01 1.667482001419999874e-02 -4.350247481780000203e-01 -1.207255908789999950e+02 8.938766293269999608e+01 5.068301647039999835e+01
2.600546343640000035e-01 2.043604482140000053e-02 -4.373052793680000105e-01 -1.200201404090000068e+02 8.913083661449999795e+01 5.081072286389999704e+01
2.614604934779999890e-01 2.128293592039999862e-02 -4.357211017500000061e-01 -1.202744512459999982e+02 8.913054339289999461e+01 5.056345487109999937e+01
2.639216157040000232e-01 1.982398515570000033e-02 -4.376526078920000007e-01 -1.205825973890000000e+02 8.958932134949999693e+01 5.046171798000000308e+01
2.607237815260000091e-01 2.050594039240000166e-02 -4.376510430750000236e-01 -1.203509259289999989e+02 8.887808087240000532e+01 5.079848213889999897e+01
2.595812406540000117e-01 2.021485418140000004e-02 -4.356564497209999831e-01 -1.202694348160000004e+02 8.954291083820000097e+01 5.112286814720000194e+01
2.625525156240000046e-01 1.735036126749999949e-02 -4.401244215769999912e-01 -1.203832423949999963e+02 8.935953768199999558e+01 5.048646773069999938e+01
2.646427687649999805e-01 1.992665491500000136e-02 -4.332583967520000079e-01 -1.204710763049999969e+02 8.913244902300000660e+01 5.101136215670000240e+01
2.587935303460000003e-01 1.490139910810000037e-02 -4.393375036789999855e-01 -1.202289446000000055e+02 8.962317602330000454e+01 5.067652269039999879e+01
2.605354330699999887e-01 1.887189007709999880e-02 -4.352370386910000000e-01 -1.200483019379999945e+02 8.921382555750000165e+01 5.100322722079999949e+01
2.599690867130000083e-01 2.114842200369999869e-02 -4.365107237509999738e-01 -1.204432136780000064e+02 8.957547084290000328e+01 5.066168276169999984e+01
2.612649136219999946e-01 2.144476681010000149e-02 -4.330244185279999991e-01 -1.202244914460000018e+02 8.948449722780000570e+01 5.099698197320000048e+01
2.614170185290000115e-01 1.963659918370000076e-02 -4.350848260749999863e-01 -1.203421255439999982e+02 8.945623795800000266e+01 5.071696591210000093e+01
2.639052224710000116e-01 1.819223424520000076e-02 -4.374731714830000229e-01 -1.202994906240000006e+02 8.920437618340000085e+01 5.046713416440000088e+01
2.666960896560000016e-01 2.254861312669999979e-02 -4.380408396489999800e-01 -1.202275451489999938e+02 8.950662102930000685e+01 5.054795139280000171e+01
2.600717675850000021e-01 2.082922603270000173e-02 -4.382521480480000009e-01 -1.200974841249999940e+02 8.918564564739999412e+01 5.070979317310000312e+01
2.588372668130000109e-01 1.584883088030000081e-02 -4.356137770240000040e-01 -1.206816499819999962e+02 8.940189007380000419e+01 5.073362296839999885e+01
2.594957934500000118e-01 2.061604708380000012e-02 -4.382886256649999868e-01 -1.202513138249999969e+02 8.994165222559999506e+01 5.063857725180000102e+01
2.637577117329999998e-01 2.078798292980000087e-02 -4.350588091140000224e-01 -1.206249871750000011e+02 8.917865556179999942e+01 5.055087264459999830e+01
2.623295414929999736e-01 2.166373922739999944e-02 -4.332254065369999796e-01 -1.204532799229999966e+02 8.949585251279999909e+01 5.088961840329999831e+01
2.627591190299999879e-01 2.064499570439999945e-02 -4.353563953890000060e-01 -1.203774580099999980e+02 8.898799833370000556e+01 5.071952779459999761e+01
2.597037880310000268e-01 1.995650637300000127e-02 -4.352506759759999788e-01 -1.200105224240000013e+02 8.978010433640000088e+01 5.066832920110000060e+01
2.605551039519999890e-01 2.243894769469999967e-02 -4.360166021890000132e-01 -1.199054244510000018e+02 8.913177384479999432e+01 5.092879079939999798e+01
2.589162033840000099e-01 2.726821810689999959e-02 -4.295258975719999928e-01 -1.204016549140000052e+02 8.919602033329999813e+01 5.065853223269999717e+01
2.698984828009999837e-01 2.265027491909999899e-02 -4.373435365550000231e-01 -1.202930947800000041e+02 8.926282411370000602e+01 5.057906581049999772e+01
2.610894883029999947e-01 2.313367528209999899e-02 -4.350745001360000197e-01 -1.201780887980000045e+02 8.931614293270000360e+01 5.057689209290000321e+01
2.647295931990000240e-01 2.379708421089999845e-02 -4.330842734600000021e-01 -1.204033159859999955e+02 8.931122402639999791e+01 5.054254964710000309e+01
2.591000001650000106e-01 2.095193868760000105e-02 -4.355491104149999959e-01 -1.202506770490000036e+02 8.913204796799999485e+01 5.069179000479999786e+01
2.622285735700000120e-01 1.819075288909999949e-02 -4.398299902000000206e-01 -1.204238217909999946e+02 8.923809227690000512e+01 5.085177976199999961e+01
2.640838186550000244e-01 2.157850272569999950e-02 -4.360607853890000052e-01 -1.204484595859999985e+02 8.928065821539999547e+01 5.083234834659999990e+01
2.593408424020000047e-01 1.227405157929999970e-02 -4.332788929240000142e-01 -1.202601587489999986e+02 8.947528223649999291e+01 5.086965987690000190e+01
2.595527219720000223e-01 2.348487537509999848e-02 -4.279397115060000201e-01 -1.203943491410000064e+02 8.942273465350000095e+01 5.079764469319999876e+01
2.631787666509999846e-01 1.951719415260000021e-02 -4.343429724299999739e-01 -1.203317416179999952e+02 8.945502519830000665e+01 5.054592237509999819e+01
2.640155869160000224e-01 1.891786837879999919e-02 -4.385747560650000154e-01 -1.202037470960000007e+02 8.939680447800000707e+01 5.076865588049999900e+01
2.624466538699999907e-01 1.338943126950000069e-02 -4.428885644089999851e-01 -1.202364506119999987e+02 8.943317223809999916e+01 5.058662025019999930e+01
2.574167458900000205e-01 1.755693207569999914e-02 -4.354834671400000246e-01 -1.201183414359999944e+02 8.969009111840000514e+01 5.057470497570000134e+01
2.609469128390000114e-01 1.817624490420000072e-02 -4.339008559809999777e-01 -1.203393854429999976e+02 8.973385045919999925e+01 5.118054174320000271e+01
2.588398701240000044e-01 1.867394318960000077e-02 -4.356128168489999952e-01 -1.197192108579999967e+02 8.951636302030000536e+01 5.080919263420000220e+01
2.593976889510000161e-01 2.040240070460000096e-02 -4.366007874889999973e-01 -1.201017361010000002e+02 8.952267658200000255e+01 5.097504125660000085e+01
2.636152655840000025e-01 1.785511684939999899e-02 -4.353071318630000186e-01 -1.203209620279999967e+02 8.946752965730000540e+01 5.095393053779999804e+01
2.618662219769999910e-01 1.477116285849999940e-02 -4.367341517650000227e-01 -1.205825882869999930e+02 8.948028931429999489e+01 5.070964786910000299e+01
2.600020392629999733e-01 1.973637164710000114e-02 -4.374144522819999881e-01 -1.200437015410000043e+02 8.892048146189999613e+01 5.064042611589999865e+01
2.597907874559999830e-01 2.057197745040000025e-02 -4.354040638980000155e-01 -1.205191539300000017e+02 8.967345419379999782e+01 5.060868351989999780e+01
2.620115482640000271e-01 2.078180448600000160e-02 -4.368232280630000020e-01 -1.199109757730000041e+02 8.944267297810000628e+01 5.064174330320000195e+01
2.584357516760000251e-01 2.071200551859999836e-02 -4.403960496200000074e-01 -1.200000048539999966e+02 8.932709548830000301e+01 5.066598666409999652e+01
2.646516563999999905e-01 1.583091357889999939e-02 -4.381949682569999949e-01 -1.202093250199999943e+02 8.945022518400000422e+01 5.072132958899999977e+01
2.614076782170000057e-01 2.343662788739999878e-02 -4.421640209370000241e-01 -1.203513735429999940e+02 8.915698505020000653e+01 5.065604888349999868e+01
2.647111413070000197e-01 2.819192797809999887e-02 -4.314633543570000063e-01 -1.204581322970000059e+02 8.928180287409999494e+01 5.089149618329999925e+01
2.561268890649999741e-01 1.645780052809999935e-02 -4.346159068570000228e-01 -1.203909760749999975e+02 8.939960200400000190e+01 5.057188418079999792e+01
2.564153959750000156e-01 1.878818739569999841e-02 -4.396376937989999734e-01 -1.201633422120000034e+02 8.951919778830000496e+01 5.078673164290000130e+01
2.604082058859999993e-01 2.301483422940000037e-02 -4.375965882460000067e-01 -1.204136031780000025e+02 8.985200925159999485e+01 5.077313133509999687e+01
2.623198679709999870e-01 2.035465296679999855e-02 -4.369762123559999822e-01 -1.202247343070000056e+02 8.933854795279999905e+01 5.042303303669999792e+01
2.596072429119999914e-01 2.400421136859999874e-02 -4.436273689419999999e-01 -1.201945797350000049e+02 8.934968663230000629e+01 5.082885281010000256e+01
2.643417335550000136e-01 1.940527592759999989e-02 -4.331310981920000192e-01 -1.204265846629999999e+02 8.944674714900000367e+01 5.072648616499999719e+01
2.591415952400000222e-01 1.847844550890000159e-02 -4.290230123830000020e-01 -1.203541642529999933e+02 8.945576838910000106e+01 5.098955647780000078e+01
2.617850141740000192e-01 2.149949181430000147e-02 -4.338828545150000271e-01 -1.203079413810000062e+02 8.969530890900000486e+01 5.051376421530000016e+01
2.616894334339999739e-01 2.002560203950000048e-02 -4.365752472319999744e-01 -1.206713236429999938e+02 8.936288008120000370e+01 5.096725963459999775e+01
2.596853517389999810e-01 1.662528632759999875e-02 -4.287804602579999846e-01 -1.203374096600000058e+02 8.945021197890000053e+01 5.056849206620000103e+01
2.597896439540000046e-01 2.163018331489999918e-02 -4.334315219970000244e-01 -1.200930658209999962e+02 8.922299324140000465e+01 5.082920437700000349e+01
2.601018638720000165e-01 2.322765130989999996e-02 -4.352899234079999902e-01 -1.203028766449999978e+02 8.949128951710000024e+01 5.080410707040000062e+01
2.595742618899999909e-01 2.529645673609999881e-02 -4.366793984110000082e-01 -1.203353656029999996e+02 8.937305470389999584e+01 5.040112448549999868e+01
2.592859273109999751e-01 1.924019888500000039e-02 -4.336253638450000003e-01 -1.207918253189999973e+02 8.974556836249999492e+01 5.074035515100000282e+01
2.611249421280000260e-01 2.219753524609999890e-02 -4.334796546329999778e-01 -1.203235369979999945e+02 8.924091362779999770e+01 5.038520798489999919e+01
2.644770623359999906e-01 2.336930429029999978e-02 -4.380944212819999906e-01 -1.200297647200000029e+02 8.923462517059999755e+01 5.074396064599999789e+01
2.613680821770000273e-01 2.036221360570000111e-02 -4.365157015619999803e-01 -1.201848991109999929e+02 8.929504293710000695e+01 5.049693289910000260e+01
2.664539960319999845e-01 2.208709576679999953e-02 -4.381715100360000226e-01 -1.206602849570000018e+02 8.936939098759999922e+01 5.053992081420000204e+01
2.601435126819999777e-01 1.847827463120000138e-02 -4.412892100749999935e-01 -1.203545606269999979e+02 8.965941186089999348e+01 5.078531276439999687e+01
2.614122157079999953e-01 1.803587059579999860e-02 -4.366247555330000085e-01 -1.203807992269999971e+02 8.897238159450000694e+01 5.049370685179999896e+01
2.630034334520000017e-01 1.891865479710000061e-02 -4.370758296269999787e-01 -1.202662232939999996e+02 8.947138111590000165e+01 5.044207496509999800e+01
2.595397205759999992e-01 2.105704092029999849e-02 -4.358956854280000015e-01 -1.203605775359999939e+02 8.890713413369999785e+01 5.089272737619999987e+01
2.602646151729999802e-01 2.404886055090000099e-02 -4.332260576959999776e-01 -1.204232678279999931e+02 8.906223995320000597e+01 5.056119429630000184e+01
2.584993078139999900e-01 1.756831423460000069e-02 -4.388256142329999832e-01 -1.205824731600000064e+02 8.922239845679999348e+01 5.080548143520000082e+01
2.601274911329999884e-01 2.002404630510000103e-02 -4.380527177890000123e-01 -1.206322198609999958e+02 8.974991578309999340e+01 5.047828716659999770e+01
2.604637151820000107e-01 1.926778541370000042e-02 -4.381110133230000092e-01 -1.199305285309999931e+02 8.913453080109999860e+01 5.076555046610000232e+01
2.621301388810000077e-01 1.566341604279999911e-02 -4.345472182660000127e-01 -1.202459988730000049e+02 8.949862208749999581e+01 5.075193368179999709e+01
2.596990087909999967e-01 2.183184894340000140e-02 -4.352118884019999800e-01 -1.207708968780000021e+02 8.944048885429999984e+01 5.110973995349999655e+01
2.596677400719999973e-01 1.712286150069999846e-02 -4.353121037370000224e-01 -1.205871802749999944e+02 8.934227960600000529e+01 5.073993248339999695e+01
2.563879775410000117e-01 2.193672114689999841e-02 -4.356427313299999771e-01 -1.206889413589999975e+02 8.962258237999999722e+01 5.078895280169999893e+01
2.619735406750000051e-01 1.209672567369999945e-02 -4.395364926429999874e-01 -1.204659127059999975e+02 8.959875715200000457e+01 5.086598959820000232e+01
2.610264803940000045e-01 2.149890607440000170e-02 -4.384821303659999780e-01 -1.200681318719999950e+02 8.925954927819999796e+01 5.067182640789999937e+01
2.551284200610000052e-01 1.573663107670000144e-02 -4.346958347920000243e-01 -1.202540371789999938e+02 8.958685972140000331e+01 5.092091173749999911e+01
2.604870607329999865e-01 1.575322723549999956e-02 -4.326235707350000181e-01 -1.205404797000000059e+02 8.940899527300000216e+01 5.080691731259999955e+01
2.633058937030000046e-01 2.093488443380000022e-02 -4.336248010850000112e-01 -1.201311699059999967e+02 8.932987598249999905e+01 5.035278825519999657e+01
2.604371648850000165e-01 2.046397592279999844e-02 -4.349552460919999808e-01 -1.205353555629999960e+02 8.988607611919999840e+01 5.078759238659999653e+01
2.584974627769999755e-01 1.927720558699999934e-02 -4.373424967019999832e-01 -1.206288249859999979e+02 8.934533980579999479e+01 5.121869620460000050e+01
2.564910534029999911e-01 2.102943989199999864e-02 -4.349062384410000148e-01 -1.207170567259999956e+02 8.943522432470000183e+01 5.089974723030000092e+01
2.639551480790000015e-01 2.106443575660000081e-02 -4.342125062419999737e-01 -1.201495265570000015e+02 8.940990293469999983e+01 5.049431210449999696e+01
2.628980061969999893e-01 1.981334310249999869e-02 -4.390296074569999818e-01 -1.201287296560000044e+02 8.912617395399999509e+01 5.092913592939999745e+01
2.623776410950000026e-01 1.593903101250000037e-02 -4.355317217210000202e-01 -1.202238055690000067e+02 8.960397159949999946e+01 5.044771570679999684e+01
2.598500952660000030e-01 2.221831154020000032e-02 -4.346750472479999905e-01 -1.204642001529999931e+02 8.971471100540000521e+01 5.079758371839999853e+01
2.592320455109999866e-01 1.686416875130000020e-02 -4.332956601319999934e-01 -1.200399911150000065e+02 8.927635026820000519e+01 5.095258547320000275e+01
2.553131356439999888e-01 2.026957067629999928e-02 -4.353012205840000037e-01 -1.206485616140000019e+02 8.943439014749999671e+01 5.093334163600000153e+01
2.627978009999999975e-01 1.902693786370000112e-02 -4.380804197650000065e-01 -1.203495080449999932e+02 8.945350030299999844e+01 5.071042578950000035e+01
2.576187237029999855e-01 2.248170117829999953e-02 -4.384185934220000136e-01 -1.204579991049999990e+02 8.921522684239999990e+01 5.075693483869999767e+01
2.618842253399999986e-01 1.935048082620000054e-02 -4.362450675740000006e-01 -1.198300092150000040e+02 8.939406426780000459e+01 5.075433715639999832e+01
2.602084468240000170e-01 1.848942189079999868e-02 -4.311351000690000213e-01 -1.204940150869999940e+02 8.949408244859999684e+01 5.092635223500000308e+01
2.614821817549999872e-01 2.197851640930000017e-02 -4.372422288650000266e-01 -1.199951165770000046e+02 8.918365040090000662e+01 5.108697194700000210e+01
2.671431514209999802e-01 1.602493316520000113e-02 -4.319597831270000077e-01 -1.202056249120000047e+02 8.944684897889999320e+01 5.075944126230000109e+01
2.623173184029999883e-01 1.540044005029999989e-02 -4.389461906259999879e-01 -1.199788822919999944e+02 8.941858796030000178e+01 5.064371592340000205e+01
2.604772060419999757e-01 1.694728781750000010e-02 -4.352527225769999841e-01 -1.205213153659999961e+02 8.947093560490000641e+01 5.040540549600000020e+01
2.644427442119999805e-01 1.649114275799999987e-02 -4.376900795870000138e-01 -1.204780816760000022e+02 8.924995006109999451e+01 5.059693572350000323e+01
2.596878348230000078e-01 2.141573466459999880e-02 -4.387917878579999931e-01 -1.201884579259999981e+02 8.969352066310000282e+01 5.072813193980000079e+01
2.637296969060000107e-01 2.147760562529999959e-02 -4.369880078799999734e-01 -1.202571998429999951e+02 8.924637908290000610e+01 5.087195626270000304e+01
2.599686697690000159e-01 2.013048456489999888e-02 -4.372253884469999852e-01 -1.202063387930000005e+02 8.966924139190000176e+01 5.061146082949999681e+01
2.618779991569999965e-01 1.537516055739999998e-02 -4.292977957219999974e-01 -1.202253970120000020e+02 8.947387525710000489e+01 5.081324676229999682e+01
2.577508397170000243e-01 2.250828470229999934e-02 -4.372504815559999924e-01 -1.201692102180000035e+02 8.945167375399999798e+01 5.105815899289999749e+01
2.586581109839999892e-01 1.966987319360000153e-02 -4.361366879740000146e-01 -1.202698492659999943e+02 8.919555552810000165e+01 5.117576874289999722e+01
2.606838718010000000e-01 1.901171042889999996e-02 -4.390354749879999963e-01 -1.203923470750000035e+02 8.933475794150000127e+01 5.080691040509999823e+01
2.627554085820000274e-01 1.875379779789999868e-02 -4.378970583749999812e-01 -1.205594222050000042e+02 8.925411393049999731e+01 5.047469838730000191e+01
2.568812358579999899e-01 2.256774514189999886e-02 -4.394614086629999861e-01 -1.204444526239999931e+02 8.943353507390000345e+01 5.060762865920000309e+01
2.540068360639999856e-01 1.736166914139999906e-02 -4.318957431950000148e-01 -1.200765316020000029e+02 8.934819999939999491e+01 5.081147846740000062e+01
2.659811968560000239e-01 2.476612405080000009e-02 -4.383688628829999767e-01 -1.203003635580000008e+02 8.944129121820000705e+01 5.077765872410000014e+01
2.583030225419999937e-01 2.191356678590000023e-02 -4.403730128330000104e-01 -1.200159619469999939e+02 8.922971947179999574e+01 5.065186922859999896e+01
2.591751707170000252e-01 1.769884957979999882e-02 -4.352214425050000002e-01 -1.204030848550000030e+02 8.904845423390000292e+01 5.069966254380000237e+01
2.635345289450000128e-01 2.218789837800000039e-02 -4.344879830839999957e-01 -1.203818679529999969e+02 8.925397763799999495e+01 5.067107066239999824e+01
2.629542892880000204e-01 2.268205677929999858e-02 -4.334421256429999980e-01 -1.202111550940000058e+02 8.947629862729999672e+01 5.049441288349999724e+01
2.620831707060000126e-01 2.109343387699999864e-02 -4.356486759320000179e-01 -1.204511105809999947e+02 8.927907485320000092e+01 5.076608131879999775e+01
2.629325940669999806e-01 2.239118354040000106e-02 -4.361299884220000145e-01 -1.204978838340000067e+02 8.963047757219999312e+01 5.091380598239999955e+01
2.619068144810000054e-01 1.676342916380000117e-02 -4.371702313299999920e-01 -1.200468062300000014e+02 8.954000066819999404e+01 5.065293719630000169e+01
2.600723444199999901e-01 2.256769433789999890e-02 -4.356062656990000170e-01 -1.205487415980000065e+02 8.964425580539999316e+01 5.103708234020000134e+01
2.620842124080000057e-01 2.362959351749999853e-02 -4.329087228030000234e-01 -1.202895034980000020e+02 8.950275580829999456e+01 5.086191713209999676e+01
2.602063038640000103e-01 1.897234356820000009e-02 -4.365578101879999950e-01 -1.199957378360000035e+02 8.981490398030000222e+01 5.060665830109999774e+01
2.619576441540000245e-01 1.977228883340000076e-02 -4.340550924229999996e-01 -1.201549313379999973e+02 8.944560564120000379e+01 5.059982988360000178e+01
2.621795217810000134e-01 1.719713809520000136e-02 -4.351852126049999825e-01 -1.206284211269999957e+02 8.929391548620000663e+01 5.045406179110000267e+01
2.594192908349999827e-01 1.971897107800000062e-02 -4.339841755289999825e-01 -1.198040592779999969e+02 8.931357384410000577e+01 5.084374307950000116e+01
2.575647206830000147e-01 2.067336720939999886e-02 -4.328037143769999928e-01 -1.202129638319999998e+02 8.925013237860000004e+01 5.061498309979999988e+01
2.596088824889999924e-01 1.677822204249999893e-02 -4.431838454070000100e-01 -1.203539032110000022e+02 8.959650144629999602e+01 5.085213740929999915e+01
2.613549766220000237e-01 2.296361679160000002e-02 -4.265406715050000241e-01 -1.203819387500000033e+02 8.931099684660000548e+01 5.078019994019999928e+01
2.604773018889999792e-01 1.789583060460000000e-02 -4.341775662949999837e-01 -1.204921181550000000e+02 8.926852895109999508e+01 5.063430275839999695e+01
2.641009324629999822e-01 2.318673610260000087e-02 -4.350318275749999741e-01 -1.206584337519999934e+02 8.942059919480000474e+01 5.103157587729999989e+01
2.579161145559999979e-01 2.526967604629999989e-02 -4.366454726660000119e-01 -1.202515565690000017e+02 8.954452390619999846e+01 5.081971233419999834e+01
2.573454647349999735e-01 2.398967991189999982e-02 -4.354426946080000027e-01 -1.201052801130000063e+02 8.958409971819999384e+01 5.068918767670000136e+01
2.626059326890000101e-01 1.983052623479999999e-02 -4.353334465459999802e-01 -1.201005353089999943e+02 8.928153457349999655e+01 5.037292912870000094e+01
2.576697492500000242e-01 2.331296858080000173e-02 -4.367025330309999842e-01 -1.205742979780000042e+02 8.925861072729999535e+01 5.098067243149999683e+01
2.619122767309999822e-01 2.063226523610000099e-02 -4.348494646950000209e-01 -1.202583166710000029e+02 8.895952692859999900e+01 5.049248285659999880e+01
2.632138179260000155e-01 1.829386166709999831e-02 -4.345189156329999913e-01 -1.201620311039999933e+02 8.934977953119999938e+01 5.107751878820000258e+01
2.582211667729999993e-01 2.165430370489999923e-02 -4.314071741359999934e-01 -1.203529395489999985e+02 8.911557247790000247e+01 5.070094582240000136e+01
2.623760837540000113e-01 2.156043797100000090e-02 -4.355309315679999904e-01 -1.204009310919999933e+02 8.963573800940000069e+01 5.079040952430000289e+01
2.610487495509999922e-01 2.002173823650000087e-02 -4.329348551569999759e-01 -1.203431458499999991e+02 8.946271240430000660e+01 5.106668024599999711e+01
2.570813328989999813e-01 2.405705052449999895e-02 -4.397075522100000189e-01 -1.200626151980000031e+02 8.946089868900000397e+01 5.096244708790000288e+01
2.594792280650000116e-01 1.809870492009999984e-02 -4.336320757300000106e-01 -1.203875184639999958e+02 8.933790079829999797e+01 5.119492623299999678e+01
2.580164766179999791e-01 1.660942546419999846e-02 -4.373356135509999798e-01 -1.204363087419999943e+02 8.944087874820000650e+01 5.089841946029999775e+01
2.600957090389999782e-01 1.714561618470000076e-02 -4.339022736509999811e-01 -1.207140840099999934e+02 8.912549670379999611e+01 5.062703499620000258e+01
2.637991685839999878e-01 2.146924572620000082e-02 -4.366759682160000211e-01 -1.203343480660000040e+02 8.932784857129999523e+01 5.068686516319999669e+01
2.610378546270000211e-01 2.313735687119999884e-02 -4.348343112170000024e-01 -1.205187684990000037e+02 8.978259287310000047e+01 5.064471377230000115e+01
2.634297894950000107e-01 1.862716153499999888e-02 -4.369843750099999813e-01 -1.201270489519999956e+02 8.949629386670000031e+01 5.092955483120000082e+01
2.566185317740000138e-01 1.965127231439999997e-02 -4.371218675329999748e-01 -1.200269734889999995e+02 8.935241021509999371e+01 5.106487553569999704e+01
2.587724362300000136e-01 1.827540444649999873e-02 -4.343486023920000161e-01 -1.205995800930000001e+02 8.963282490970000538e+01 5.094713328190000112e+01
2.627788699349999924e-01 2.017470164580000003e-02 -4.312942598400000271e-01 -1.203278465319999952e+02 8.918502810500000066e+01 5.088379977539999999e+01
2.647809888309999860e-01 2.463114177649999847e-02 -4.417316178240000002e-01 -1.201293876780000005e+02 8.941045983079999360e+01 5.085188304449999919e+01
2.594680711390000005e-01 2.280669539819999911e-02 -4.345105894979999772e-01 -1.201711892210000059e+02 8.930881821010000010e+01 5.078909870609999899e+01
2.618431152440000020e-01 1.688549815439999852e-02 -4.331324982740000218e-01 -1.206962768789999956e+02 8.935544321460000106e+01 5.048842797839999719e+01
2.617833769890000051e-01 2.118114125379999893e-02 -4.389388001000000261e-01 -1.203342191429999986e+02 8.979136719669999422e+01 5.102809381419999823e+01
2.655089838349999898e-01 1.741123516559999959e-02 -4.292088405560000042e-01 -1.205850661439999953e+02 8.958359607830000471e+01 5.075209883760000196e+01
2.637990499530000199e-01 2.105905892419999981e-02 -4.398247414679999912e-01 -1.203405393049999930e+02 8.940437460830000305e+01 5.041322902929999827e+01
2.576670447719999757e-01 1.974186463659999974e-02 -4.289417602960000075e-01 -1.202081629620000029e+02 8.955849091429999476e+01 5.065224450169999670e+01
2.657213957949999816e-01 1.846517500550000010e-02 -4.383447463890000062e-01 -1.201628031890000017e+02 8.950086784600000556e+01 5.067093107560000220e+01
2.609520267839999796e-01 2.246259723029999864e-02 -4.328253898930000121e-01 -1.205659472619999946e+02 8.898800148789999298e+01 5.089118776699999813e+01
2.598039069690000202e-01 2.141684777359999931e-02 -4.376812096409999908e-01 -1.201770113569999978e+02 8.944300387970000088e+01 5.074492379579999835e+01
2.634346166839999781e-01 2.028458447060000128e-02 -4.392267751610000048e-01 -1.205057449570000045e+02 8.979733838960000014e+01 5.079376831580000129e+01
2.654378279640000060e-01 2.244716474250000107e-02 -4.316383864989999930e-01 -1.202934440840000008e+02 8.954179259709999883e+01 5.076545255349999763e+01
2.536854374429999837e-01 2.440340674169999904e-02 -4.403335017469999779e-01 -1.203154619029999992e+02 8.940834683580000330e+01 5.070904422499999953e+01
2.565898390240000104e-01 2.331170016339999956e-02 -4.300745924650000163e-01 -1.204732294110000055e+02 8.942041708899999719e+01 5.082886908599999742e+01
2.650891322430000141e-01 2.877432785420000125e-02 -4.317365664550000259e-01 -1.203039677320000038e+02 8.935765116749999493e+01 5.064352342269999951e+01
2.638762441270000036e-01 1.338478768870000023e-02 -4.400398711929999762e-01 -1.203361978209999990e+02 8.944171393870000486e+01 5.069603722520000133e+01
2.596110422980000276e-01 2.405488911850000092e-02 -4.348559633920000000e-01 -1.203092290499999990e+02 8.971028125930000385e+01 5.061875168070000086e+01
2.623414154779999952e-01 2.088957467189999848e-02 -4.327156536049999724e-01 -1.205390820500000046e+02 8.951849063129999706e+01 5.082097992970000178e+01
2.542562255540000149e-01 1.957127591630000024e-02 -4.364123530089999980e-01 -1.200770944920000005e+02 8.941426347430000021e+01 5.047343077570000247e+01
2.586858472299999878e-01 1.967876063589999933e-02 -4.368614313999999998e-01 -1.201174006789999993e+02 8.911954638199999579e+01 5.115358821699999936e+01
2.618240242100000059e-01 2.277516788880000129e-02 -4.359324790820000017e-01 -1.204073849319999994e+02 8.916026610500000515e+01 5.098434477069999815e+01
2.641017383309999800e-01 1.925348013359999902e-02 -4.310206823089999806e-01 -1.203532940630000070e+02 8.921671373179999875e+01 5.088968029389999970e+01
2.632339768390000168e-01 1.718121369479999952e-02 -4.344140073509999977e-01 -1.203118036390000043e+02 8.971849894269999481e+01 5.104887057460000221e+01
2.609767769499999890e-01 1.699296751630000046e-02 -4.335342670599999781e-01 -1.204034289089999987e+02 8.969533612259999700e+01 5.096008617999999757e+01
2.571548167150000119e-01 2.436963565539999876e-02 -4.367575461320000185e-01 -1.203681909059999953e+02 8.942211008859999311e+01 5.091965118320000272e+01
2.626205251209999814e-01 2.119904398850000135e-02 -4.366364039019999810e-01 -1.202697630159999989e+02 8.961018557280000607e+01 5.041486853709999849e+01
2.599638835620000088e-01 2.036516030649999920e-02 -4.326687338870000010e-01 -1.205847358070000013e+02 8.961708983409999973e+01 5.054581885559999677e+01
2.606993966280000130e-01 1.586846271299999916e-02 -4.337558345840000218e-01 -1.205859598069999947e+02 8.946801989840000147e+01 5.077888359100000315e+01
2.636219018889999766e-01 2.101919465839999918e-02 -4.422212926310000181e-01 -1.202458849359999959e+02 8.969602035959999853e+01 5.074474876770000265e+01
2.635431125370000238e-01 2.005319938199999832e-02 -4.338697032539999832e-01 -1.202457721539999937e+02 8.932600639199999648e+01 5.075024081640000162e+01
2.585377709969999827e-01 2.074324829560000166e-02 -4.339539617600000065e-01 -1.200640227949999996e+02 8.933850406989999726e+01 5.080428826050000168e+01
2.616540712809999891e-01 2.366246352889999835e-02 -4.343792838130000056e-01 -1.200715386600000016e+02 8.973768129370000679e+01 5.054138337420000227e+01
2.661803921520000116e-01 1.854778333439999899e-02 -4.300542698640000272e-01 -1.202574864770000005e+02 8.930277088319999734e+01 5.065065379899999698e+01
2.559788574340000067e-01 2.477623779660000081e-02 -4.386281492040000063e-01 -1.203389980729999991e+02 8.931940637709999464e+01 5.099762465980000314e+01
2.612485259239999968e-01 2.363196464950000075e-02 -4.393089933789999790e-01 -1.199923298450000004e+02 8.958858046139999942e+01 5.078663156879999718e+01
2.571257824450000062e-01 2.442240743389999941e-02 -4.347343544010000005e-01 -1.203586074490000044e+02 8.950498406219999481e+01 5.095504137820000068e+01
2.573581822780000028e-01 2.446517144539999897e-02 -4.321727050440000162e-01 -1.203642662259999980e+02 8.936056501619999892e+01 5.082124806560000252e+01
2.622324864789999932e-01 2.060220721629999960e-02 -4.337386965830000163e-01 -1.204234941910000032e+02 8.917479710509999791e+01 5.054956505749999707e+01
2.578835777480000258e-01 1.950797703419999973e-02 -4.374446600040000077e-01 -1.200208322929999980e+02 8.903823526909999941e+01 5.064814147189999716e+01
2.584798453850000177e-01 2.338337267079999837e-02 -4.386094150829999982e-01 -1.201686544660000067e+02 8.899782931449999523e+01 5.069741074390000080e+01
2.613236747639999802e-01 2.007060921619999855e-02 -4.378511571609999820e-01 -1.201259866399999936e+02 8.966050403959999926e+01 5.059906055630000310e+01
2.626402275590000168e-01 2.452604387319999926e-02 -4.339015782010000044e-01 -1.202850477639999980e+02 8.923655895599999610e+01 5.092382909559999860e+01
2.600913504410000132e-01 2.370000339979999940e-02 -4.319858527870000242e-01 -1.201975359850000018e+02 8.915272616289999519e+01 5.069540274189999707e+01
2.659363698480000093e-01 2.029114642779999977e-02 -4.382796164189999844e-01 -1.203981284040000048e+02 8.969083393040000374e+01 5.066004923839999918e+01
2.587390950299999770e-01 1.976652169190000127e-02 -4.329880860729999892e-01 -1.200372339850000003e+02 8.950908703989999537e+01 5.086310256510000016e+01
2.588921244719999959e-01 2.049289054219999989e-02 -4.357217792120000044e-01 -1.205624025300000000e+02 8.948885666079999623e+01 5.105560538619999988e+01
2.603398594690000123e-01 1.813253032410000118e-02 -4.373185258510000062e-01 -1.205072571200000056e+02 8.963396073520000584e+01 5.070569815479999676e+01
2.616416206419999724e-01 1.733907678409999861e-02 -4.419554817760000254e-01 -1.201195179569999993e+02 8.939874296829999878e+01 5.042235351920000141e+01
2.614889477519999894e-01 2.148801747019999861e-02 -4.358745408440000135e-01 -1.207329124350000029e+02 8.948545360999999332e+01 5.079063021550000201e+01
2.622309251400000152e-01 1.819009104429999968e-02 -4.337313890489999935e-01 -1.198430553809999992e+02 8.950365233569999646e+01 5.093693831129999694e+01
2.598205271440000019e-01 2.018265673600000074e-02 -4.368925287189999729e-01 -1.201435820949999993e+02 8.910341966320000040e+01 5.048962064620000234e+01
2.611213738850000077e-01 2.228544862239999896e-02 -4.355580478569999747e-01 -1.206342309139999998e+02 8.939602826520000178e+01 5.052262193210000163e+01
2.647800812330000086e-01 2.544500755360000130e-02 -4.358188421279999836e-01 -1.201754633679999955e+02 8.938554589970000563e+01 5.051955553490000028e+01
2.573427431329999848e-01 1.733450091479999886e-02 -4.327673329530000168e-01 -1.206596974819999986e+02 8.937962924629999861e+01 5.053944942639999738e+01
2.606211876439999964e-01 2.239052999870000046e-02 -4.392916026340000224e-01 -1.200980141149999980e+02 8.934963073950000023e+01 5.068795499090000334e+01
2.507054959159999985e-01 2.349662826890000153e-02 -4.332254238070000207e-01 -1.203101862299999993e+02 8.937175402399999768e+01 5.066746612600000077e+01
2.588243933570000266e-01 2.115270993940000094e-02 -4.329931586149999845e-01 -1.203724844350000041e+02 8.908790256689999865e+01 5.115630295470000277e+01
2.657036670940000067e-01 2.058396632619999972e-02 -4.326623457220000191e-01 -1.204710268780000035e+02 8.941643058050000548e+01 5.052134969949999999e+01
2.622731155090000099e-01 1.933510874739999968e-02 -4.376169321010000002e-01 -1.204394470759999933e+02 8.979672808489999625e+01 5.054483825660000207e+01
