6.491035637049999973e-01 4.167893578430000023e-02 1.715196193229999999e-01 -2.857517947500000099e-01 -1.366118998610000119e+02 7.727256510120000144e+01 1.201219147319999934e+02
1.084863933979999945e-01 3.775176786259999695e-02 1.716458375480000020e-01 -2.905734855589999777e-01 -1.357310058280000078e+02 7.720269238320000227e+01 1.203271411139999998e+02
1.007333792790000015e-01 4.047908978340000047e-02 1.621519588860000083e-01 -2.845669567090000074e-01 -1.365752505060000033e+02 7.831648285069999815e+01 1.206509072519999961e+02
1.339510978869999924e-01 4.318464901440000059e-02 1.701211308139999878e-01 -2.848472246639999761e-01 -1.367215066480000019e+02 7.760942002660000583e+01 1.199741771970000030e+02
2.575263691499999896e-01 3.419749164670000258e-02 1.694633498979999930e-01 -2.859632248069999827e-01 -1.360077251179999962e+02 7.788579257870000561e+01 1.203444465030000003e+02
1.063949752240000018e-01 3.816510451130000064e-02 1.647318979269999928e-01 -2.837824333319999837e-01 -1.362034818140000141e+02 7.799233505130000310e+01 1.206367081690000020e+02
2.782829323170000202e-01 3.460757979319999816e-02 1.677408262910000114e-01 -2.870097840699999958e-01 -1.356617640750000078e+02 7.733715752470000382e+01 1.206285840580000013e+02
1.463534300160000134e-01 3.814033609140000253e-02 1.706880200210000031e-01 -2.892683316970000029e-01 -1.361528320710000060e+02 7.768478154420000692e+01 1.206052710379999979e+02
1.110914043640000015e-01 3.872213146510000009e-02 1.710290898940000082e-01 -2.892963322139999738e-01 -1.358055922560000113e+02 7.788077016430000299e+01 1.202600619290000026e+02
1.869746700490000080e-01 3.248186820699999755e-02 1.641825738069999929e-01 -2.919815078660000229e-01 -1.351172042629999908e+02 7.812046153209999488e+01 1.208840341509999945e+02
1.032876815669999948e-01 3.483722047469999666e-02 1.680623090599999980e-01 -2.893431298990000178e-01 -1.360095784510000101e+02 7.751203430319999654e+01 1.205900925239999992e+02
2.156451952729999955e-01 3.687706327600000222e-02 1.670638792880000112e-01 -2.894670067649999790e-01 -1.354504902539999875e+02 7.787821474650000653e+01 1.207164101040000048e+02
1.339033760480000113e-01 4.076412896739999708e-02 1.697111078770000003e-01 -2.862371819289999952e-01 -1.365604386150000096e+02 7.745155183139999622e+01 1.200685584019999936e+02
1.176073141450000026e-01 4.011961089999999813e-02 1.699267286670000099e-01 -2.874966236409999820e-01 -1.364538688309999941e+02 7.764851247919999366e+01 1.199110698650000018e+02
2.792876471560000184e-01 3.186205787350000068e-02 1.651730152189999912e-01 -2.875216759979999925e-01 -1.353075090629999977e+02 7.764083396120000202e+01 1.209346963109999962e+02
1.256865554190000067e-01 3.717492706389999985e-02 1.699573505779999882e-01 -2.830511829810000157e-01 -1.363474049669999886e+02 7.737424538610000013e+01 1.207739829359999959e+02
1.043065514229999935e-01 3.727205865049999789e-02 1.679260658779999915e-01 -2.868696235609999867e-01 -1.358928953680000120e+02 7.777078592499999843e+01 1.207540723759999963e+02
1.831032371990000129e-01 3.482876108490000344e-02 1.724288525859999921e-01 -2.886113652130000151e-01 -1.355511041089999935e+02 7.746703694480000024e+01 1.200840760460000070e+02
4.452116854589999728e-01 4.020724292499999741e-02 1.667826364120000016e-01 -2.929208674650000122e-01 -1.360137170890000107e+02 7.819210182109999607e+01 1.207473238790000067e+02
1.734199093899999877e-01 3.095190094029999853e-02 1.661964459180000075e-01 -2.909707100869999841e-01 -1.350932284110000126e+02 7.781099141430000543e+01 1.209497452909999993e+02
1.142520197779999941e-01 3.095423160210000052e-02 1.673618468749999977e-01 -2.913807033949999958e-01 -1.352042774489999886e+02 7.805566780019999840e+01 1.209010002969999960e+02
3.683635944499999981e-01 3.230420919330000140e-02 1.657744471439999978e-01 -2.896823930349999854e-01 -1.352278776290000053e+02 7.810614154690000532e+01 1.210842997639999936e+02
4.753340008570000053e-01 3.903263911749999676e-02 1.686139202159999961e-01 -2.837324059820000022e-01 -1.362638745509999865e+02 7.741315101600000048e+01 1.206525206080000032e+02
4.881242136569999834e-01 3.429180507520000060e-02 1.714750932440000097e-01 -2.871707270289999836e-01 -1.357161469289999900e+02 7.747242518379999865e+01 1.205593353299999961e+02
1.238277435320000036e-01 3.115375951929999845e-02 1.675347741379999977e-01 -2.836985243899999842e-01 -1.358499685920000104e+02 7.772236290760000088e+01 1.209505774520000045e+02
1.183623920689999970e-01 3.502292260519999922e-02 1.617299238550000129e-01 -2.924341541600000149e-01 -1.356041276079999989e+02 7.881063103300000705e+01 1.207296046059999952e+02
2.127989022050000012e-01 3.360281880089999867e-02 1.670186556200000116e-01 -2.876045643369999905e-01 -1.355565305730000034e+02 7.743084570169999381e+01 1.207557582010000061e+02
1.706432868470000030e-01 3.726994216079999866e-02 1.643583929230000018e-01 -2.845040473439999773e-01 -1.362302497279999898e+02 7.810243820949999360e+01 1.206950678379999999e+02
1.665834142050000022e-01 3.525457052400000207e-02 1.753773525489999985e-01 -2.903204155479999771e-01 -1.356042058200000042e+02 7.726814256469999975e+01 1.203442507930000005e+02
1.359421931439999953e-01 3.927982568630000032e-02 1.689358532309999938e-01 -2.922570004080000117e-01 -1.362479232629999899e+02 7.794281499550000092e+01 1.202179611060000042e+02
4.123223713499999943e-01 3.757227435330000309e-02 1.685905500619999942e-01 -2.902693085859999744e-01 -1.355615105409999899e+02 7.765987439159999894e+01 1.208112209509999957e+02
3.794303082470000255e-01 4.109665225950000222e-02 1.674421814060000069e-01 -2.895622053879999824e-01 -1.363415406439999913e+02 7.808628348860000301e+01 1.201369120579999930e+02
1.060130848899999978e-01 3.625631504960000195e-02 1.733318514219999995e-01 -2.845074339399999985e-01 -1.360132650259999991e+02 7.677476312139999948e+01 1.204070685739999931e+02
1.838807487540000118e-01 3.871782213390000116e-02 1.663196927610000042e-01 -2.858149342460000186e-01 -1.363079770839999867e+02 7.776256896910000194e+01 1.206151240110000060e+02
2.162753054850000134e-01 3.602614489270000026e-02 1.725049214909999962e-01 -2.899645659899999783e-01 -1.354791214969999942e+02 7.739183625610000661e+01 1.206475167979999981e+02
1.438126119500000022e-01 3.378661648370000214e-02 1.669891257680000130e-01 -2.871309039639999838e-01 -1.355114343429999906e+02 7.781642386080000051e+01 1.205958264430000071e+02
4.250829828820000267e-01 3.360896571270000077e-02 1.705277951570000061e-01 -2.871817003070000207e-01 -1.356255544009999880e+02 7.769054468970000471e+01 1.211889704449999954e+02
1.331982441500000058e-01 3.600174006069999794e-02 1.682779967309999958e-01 -2.902633070880000221e-01 -1.351210667009999895e+02 7.778520357460000412e+01 1.208197502839999942e+02
5.206958361269999891e-01 4.060973277319999963e-02 1.704211158210000021e-01 -2.909893021719999751e-01 -1.363479634390000115e+02 7.741445817659999307e+01 1.203273432050000054e+02
7.639065634399999638e-01 3.746098104599999978e-02 1.693771558799999910e-01 -2.871569711270000047e-01 -1.360356469840000102e+02 7.746417142910000564e+01 1.203820227039999935e+02
2.661083129049999774e-01 3.833417254040000222e-02 1.641188591059999924e-01 -2.857625223149999893e-01 -1.362785017209999978e+02 7.811919948290000093e+01 1.206379674420000043e+02
1.527258702610000130e-01 3.264519756289999824e-02 1.684873477740000125e-01 -2.824829221990000083e-01 -1.360147817780000139e+02 7.776223351759999503e+01 1.209719937100000067e+02
1.025717792029999936e-01 3.701747937719999937e-02 1.700566568140000068e-01 -2.854756099249999846e-01 -1.362890554340000051e+02 7.727057663499999762e+01 1.207876679729999978e+02
3.063094668479999783e-01 3.374024914419999910e-02 1.676374098110000044e-01 -2.918430246739999734e-01 -1.355429730399999926e+02 7.828222000110000067e+01 1.209822550269999937e+02
1.573785874330000112e-01 3.176383262509999833e-02 1.681256740379999948e-01 -2.844086793919999856e-01 -1.353080285540000034e+02 7.763383383480000077e+01 1.208685428370000068e+02
2.637099121820000169e-01 3.649423414789999820e-02 1.658481943219999866e-01 -2.857244108940000249e-01 -1.359331390540000086e+02 7.737954591220000111e+01 1.208494817729999937e+02
1.614659094919999871e-01 3.404058586960000132e-02 1.687103021870000052e-01 -2.931640938599999746e-01 -1.351049254330000053e+02 7.786585986849999586e+01 1.207301507969999932e+02
1.178822438610000051e-01 3.735657926890000036e-02 1.688777723909999917e-01 -2.824898245249999884e-01 -1.359878734000000122e+02 7.729395763040000134e+01 1.204879566040000043e+02
1.825753779440000002e-01 3.480727068870000107e-02 1.691003770460000055e-01 -2.876711689370000102e-01 -1.361627462280000032e+02 7.745729125670000315e+01 1.207918987380000004e+02
1.407096980879999903e-01 4.038456439469999965e-02 1.703422740109999944e-01 -2.836097177620000021e-01 -1.364546387979999906e+02 7.738806590660000495e+01 1.200205812549999962e+02
1.194403888070000030e-01 3.693628831000000251e-02 1.661974314949999920e-01 -2.904073110709999850e-01 -1.355654586119999863e+02 7.768889055879999717e+01 1.208736621219999989e+02
2.647561291030000041e-01 3.412404993720000168e-02 1.706058835629999937e-01 -2.900801900309999959e-01 -1.355753518829999962e+02 7.803363634049999575e+01 1.206681494070000014e+02
2.164266071239999978e-01 3.564132237690000038e-02 1.699472601829999929e-01 -2.909747673799999990e-01 -1.355641417649999880e+02 7.773706029630000103e+01 1.207763692930000019e+02
1.035383180039999990e-01 2.586935617549999955e-02 1.695211574809999955e-01 -2.863184048110000157e-01 -1.348104959839999992e+02 7.759525120540000387e+01 1.212255446289999981e+02
2.950913822160000088e-01 4.019600758920000017e-02 1.694412053530000017e-01 -2.900948507960000033e-01 -1.358506514110000012e+02 7.750866327309999804e+01 1.203771874239999988e+02
1.242977316320000025e-01 3.004333182469999877e-02 1.722774777240000110e-01 -2.951052045609999785e-01 -1.347885690859999954e+02 7.744231569670000681e+01 1.205676421699999992e+02
1.927194778309999912e-01 3.847056888570000305e-02 1.669787218790000083e-01 -2.910207428609999925e-01 -1.361255700369999886e+02 7.817292273660000035e+01 1.204833461239999934e+02
2.752672544929999798e+00 3.516660658359999775e-02 1.686002538789999894e-01 -2.948218147380000098e-01 -1.355313591309999879e+02 7.815147071600000572e+01 1.206665732080000026e+02
2.140389799119999936e-01 3.490065685919999799e-02 1.658278869279999901e-01 -2.873566616000000074e-01 -1.362585972900000115e+02 7.792337350850000632e+01 1.206144234700000055e+02
1.759467342749999885e-01 3.543958539320000295e-02 1.680370096799999879e-01 -2.852118161630000093e-01 -1.361128181949999885e+02 7.740410108630000252e+01 1.205252384540000037e+02
1.914899753000000038e-01 3.849905004220000038e-02 1.675198013889999948e-01 -2.859360781290000153e-01 -1.364782799479999937e+02 7.748415528699999300e+01 1.206228393060000030e+02
1.151072404349999939e-01 3.901571481919999945e-02 1.639580347550000095e-01 -2.937923192119999971e-01 -1.357970525190000046e+02 7.877317377549999833e+01 1.204746843839999997e+02
1.618968642230000088e-01 3.474458581490000308e-02 1.693897044719999967e-01 -2.940665941060000010e-01 -1.351941805190000139e+02 7.800058931009999696e+01 1.205948502640000015e+02
1.207370401289999950e-01 3.436750039590000250e-02 1.715890000530000126e-01 -2.904965675119999813e-01 -1.356555351940000094e+02 7.735318247060000374e+01 1.204835588859999973e+02
1.028833365390000032e-01 3.391322157079999788e-02 1.635179673480000040e-01 -2.926210426490000183e-01 -1.355237122780000050e+02 7.878238574190000065e+01 1.210004728610000058e+02
2.132947084010000105e-01 4.037574866680000013e-02 1.658645206699999874e-01 -2.932318699020000086e-01 -1.360310356990000002e+02 7.848998493950000466e+01 1.203559685519999931e+02
8.219454727999999655e-01 3.515992816699999718e-02 1.625441743269999961e-01 -2.938631059119999889e-01 -1.355387391820000005e+02 7.866205564659999538e+01 1.209153047450000003e+02
1.665231437739999876e-01 3.601514632279999989e-02 1.687476619920000032e-01 -2.793662000609999918e-01 -1.364842938550000042e+02 7.707319182679999869e+01 1.206484781940000062e+02
1.260870110969999902e-01 3.170354649740000225e-02 1.655291139919999877e-01 -2.816769166120000056e-01 -1.355695212550000122e+02 7.755936147619999588e+01 1.212009676530000064e+02
1.050895589120000029e-01 3.056695184340000107e-02 1.672470621019999937e-01 -2.832592118539999926e-01 -1.354824374510000098e+02 7.736455790360000151e+01 1.209252349140000007e+02
4.180736072440000006e-01 3.019061053149999993e-02 1.690069274110000130e-01 -2.900251655950000229e-01 -1.354351985559999889e+02 7.785819759250000516e+01 1.208094285610000043e+02
4.114928074509999756e-01 3.772892936629999860e-02 1.666172792189999918e-01 -2.911857651259999735e-01 -1.360864819139999895e+02 7.798586671840000406e+01 1.208146374049999991e+02
1.523666073870000026e-01 3.539977680209999839e-02 1.684907426030000099e-01 -2.877413066060000024e-01 -1.360402445960000080e+02 7.728881798439999784e+01 1.208109178469999989e+02
3.395379552719999805e-01 3.395821161120000237e-02 1.692162847869999875e-01 -2.891320903190000013e-01 -1.356023455259999935e+02 7.759610840800000631e+01 1.206581404719999995e+02
2.171453178989999899e-01 3.415198818430000005e-02 1.687174330239999964e-01 -2.809917606760000131e-01 -1.360116512980000039e+02 7.748997485089999770e+01 1.211060295049999951e+02
3.591813251159999831e-01 3.883755371679999818e-02 1.744509072179999953e-01 -2.843501329409999778e-01 -1.361239185340000120e+02 7.700357823279999536e+01 1.202099350919999949e+02
1.883025505819999890e-01 3.517954100250000188e-02 1.673841577229999988e-01 -2.866353549399999756e-01 -1.361870556529999874e+02 7.805732814009999743e+01 1.208050045079999961e+02
2.645670734969999827e-01 3.563228331019999834e-02 1.677710896800000129e-01 -2.880501330540000127e-01 -1.355553579140000124e+02 7.756562023850000287e+01 1.206068255010000030e+02
2.862011318250000103e-01 3.407732279540000297e-02 1.643651478210000072e-01 -2.869006726009999952e-01 -1.357285017000000096e+02 7.831112794390000431e+01 1.207975648959999972e+02
1.439772778700000033e-01 3.702894374150000195e-02 1.691150506080000004e-01 -2.854393877559999737e-01 -1.360045271360000072e+02 7.816246854409999401e+01 1.206607303419999937e+02
2.946654935219999993e-01 3.768164994200000339e-02 1.682782016559999927e-01 -2.891998649349999950e-01 -1.359469998360000034e+02 7.773444848760000525e+01 1.200500762119999933e+02
1.688815765470000008e+00 3.220064813179999985e-02 1.688768005300000097e-01 -2.846636620849999910e-01 -1.357419735999999943e+02 7.733372479099999453e+01 1.210121933350000063e+02
2.381800657139999944e-01 3.144277922380000340e-02 1.664519658810000025e-01 -2.886983883209999768e-01 -1.351816177919999973e+02 7.788157364949999817e+01 1.208432904360000038e+02
1.547778539770000017e-01 3.330552733369999963e-02 1.678616037139999961e-01 -2.835432391139999786e-01 -1.362348663379999891e+02 7.749787582579999423e+01 1.207497919559999957e+02
1.964444768220000026e-01 3.681781941969999861e-02 1.668050227790000006e-01 -2.848048076640000148e-01 -1.361655937410000092e+02 7.772031435099999896e+01 1.209438494350000042e+02
1.278132650069999932e-01 4.204280439110000267e-02 1.685500425379999889e-01 -2.905694219339999829e-01 -1.362200069360000043e+02 7.824468626809999705e+01 1.202577973799999995e+02
1.052588788780000062e-01 2.985617171959999844e-02 1.675022810269999884e-01 -2.890872478079999919e-01 -1.350326574199999925e+02 7.797409102550000171e+01 1.210198132149999992e+02
8.826678426359999552e-01 3.410649603109999761e-02 1.739831740020000017e-01 -2.945208874119999987e-01 -1.350095174040000074e+02 7.723605653500000301e+01 1.202752076660000000e+02
1.213897635380000034e-01 4.059527174699999880e-02 1.660884278749999998e-01 -2.928587290590000114e-01 -1.359877168289999929e+02 7.820951625499999693e+01 1.204358714370000030e+02
2.389225192449999924e-01 3.697275201200000277e-02 1.699332786609999979e-01 -2.884125313450000005e-01 -1.362123655350000035e+02 7.765435573950000503e+01 1.199077041209999948e+02
1.508210854200000006e-01 3.393476101029999775e-02 1.660040281980000032e-01 -2.867744000390000103e-01 -1.360448523500000135e+02 7.767337554469999361e+01 1.210013739340000001e+02
1.106601852090000060e-01 3.874263838639999818e-02 1.719692796410000057e-01 -2.918620401609999804e-01 -1.356660939619999908e+02 7.750795864849999361e+01 1.202337787190000000e+02
1.760003630470000080e-01 3.665431944389999780e-02 1.699801794309999947e-01 -2.911518940450000259e-01 -1.356111652550000031e+02 7.818487499879999802e+01 1.202660671160000021e+02
4.972156357740000199e-01 3.260841104610000263e-02 1.699159600540000037e-01 -2.857789981059999929e-01 -1.354415364840000109e+02 7.735993840560000478e+01 1.206053047380000010e+02
1.066434889750000059e-01 3.346159043270000022e-02 1.703999667190000122e-01 -2.875708306559999761e-01 -1.358843910269999924e+02 7.768546322240000279e+01 1.204050962240000047e+02
7.555623023169999453e-01 3.770342115170000064e-02 1.686722643730000082e-01 -2.945261346670000058e-01 -1.355357617660000074e+02 7.822662231079999628e+01 1.201320765589999979e+02
1.696238299820000073e+00 3.173818548630000236e-02 1.703646867970000089e-01 -2.878582034159999914e-01 -1.360176054320000105e+02 7.728365187810000236e+01 1.208712929689999953e+02
1.844370656440000034e-01 3.377406397350000283e-02 1.666025685729999872e-01 -2.936749715449999965e-01 -1.350544953019999923e+02 7.833360000330000616e+01 1.205938270930000016e+02
1.373805527660000025e-01 3.377324743190000117e-02 1.752345675460000030e-01 -2.908369879589999818e-01 -1.352771791790000009e+02 7.726996101679999640e+01 1.203372365919999964e+02
1.170164665160000061e-01 3.935271310800000227e-02 1.717695527929999910e-01 -2.891410185980000103e-01 -1.363411127120000117e+02 7.712707729519999589e+01 1.202001164440000025e+02
1.932814611889999978e-01 3.314255427909999774e-02 1.713089157440000065e-01 -2.883718848710000171e-01 -1.356593219899999951e+02 7.786576581699999622e+01 1.208331428439999939e+02
6.540075612879999944e+00 3.339617488959999853e-02 1.642985721840000135e-01 -2.939681139409999755e-01 -1.351629774790000056e+02 7.864963752879999959e+01 1.209783798339999947e+02
2.231006530300000124e-01 3.964710642179999911e-02 1.715243867079999929e-01 -2.864530918250000058e-01 -1.364504132659999982e+02 7.770294449040000018e+01 1.201719790770000031e+02
1.028527267170000065e-01 3.612417394740000121e-02 1.675338648780000106e-01 -2.877557011349999860e-01 -1.353882918470000050e+02 7.806857272409999382e+01 1.204455866939999993e+02
2.648630951859999860e-01 3.582302564050000165e-02 1.705137907029999900e-01 -2.860857910290000028e-01 -1.361829347780000035e+02 7.750140113419999466e+01 1.204225164070000034e+02
2.162401228289999866e-01 3.720089524359999900e-02 1.695194818780000057e-01 -2.877472824480000191e-01 -1.356818188389999875e+02 7.728337097130000188e+01 1.200695854960000020e+02
3.955574066890000129e+00 3.690730661759999975e-02 1.691925623810000001e-01 -2.923309145849999902e-01 -1.355587275540000007e+02 7.804088832920000129e+01 1.202129974120000071e+02
1.667327086429999938e-01 3.271403319059999759e-02 1.705718987729999969e-01 -2.901110616259999775e-01 -1.351683811819999903e+02 7.735225062780000371e+01 1.205925318710000056e+02
1.395054696789999882e-01 3.488477925189999856e-02 1.612635736209999948e-01 -2.874969013049999966e-01 -1.360321673480000015e+02 7.866726491810000255e+01 1.209026939329999948e+02
1.279427335530000098e-01 3.809671148979999755e-02 1.656752989309999979e-01 -2.882886234140000226e-01 -1.360078255479999996e+02 7.785878113569999925e+01 1.203838111320000053e+02
1.602470359269999867e-01 3.295975806040000317e-02 1.695021657040000074e-01 -2.822074740950000216e-01 -1.360077936280000017e+02 7.723554908149999676e+01 1.205202645490000037e+02
1.146152932700000016e-01 3.230319486199999951e-02 1.663565732620000126e-01 -2.875933712759999872e-01 -1.355092885869999861e+02 7.800308010499999511e+01 1.211055510019999986e+02
3.764029890939999956e-01 3.683310745349999832e-02 1.694206284650000005e-01 -2.917712900130000064e-01 -1.354923047130000100e+02 7.751636729809999338e+01 1.207981499520000028e+02
1.359339069290000090e-01 3.854121586579999786e-02 1.651157030850000096e-01 -2.863700432119999917e-01 -1.362517943089999903e+02 7.783298434430000157e+01 1.203800245670000066e+02
1.050036926359999984e-01 3.364114770499999907e-02 1.713037547169999897e-01 -2.844888201820000018e-01 -1.355803003069999875e+02 7.702763733759999809e+01 1.207299368919999978e+02
1.361528071379999871e-01 4.199521664730000020e-02 1.670767935019999983e-01 -2.864327302060000191e-01 -1.368645924500000035e+02 7.804953224930000033e+01 1.202584385789999999e+02
2.031693547919999898e-01 3.302189080870000099e-02 1.685424731019999900e-01 -2.838708917519999764e-01 -1.361299644789999945e+02 7.764955299800000432e+01 1.208766237819999958e+02
2.388626905200000039e-01 4.025304778330000138e-02 1.713550957359999960e-01 -2.894997792289999983e-01 -1.362080466550000040e+02 7.778270413289999397e+01 1.199024575210000023e+02
3.015558766299999971e-01 3.726849688629999685e-02 1.698889742080000043e-01 -2.832991898850000245e-01 -1.366015505999999959e+02 7.731700689989999375e+01 1.206538471060000006e+02
1.607777948880000085e-01 3.500360292819999775e-02 1.686600879650000107e-01 -2.910227571919999923e-01 -1.353175438199999974e+02 7.771888065029999382e+01 1.206703659340000030e+02
1.310086190480000135e-01 3.653430564980000156e-02 1.713212942600000066e-01 -2.895073743839999825e-01 -1.355136715779999861e+02 7.754134240710000370e+01 1.205292951579999965e+02
4.694506155040000239e-01 3.978429314410000112e-02 1.701291083310000063e-01 -2.875398110060000123e-01 -1.365027723180000123e+02 7.734515593669999589e+01 1.203290542780000010e+02
1.014573706650000046e-01 3.328178886859999713e-02 1.713009490550000125e-01 -2.846189632000000191e-01 -1.358192505579999931e+02 7.695074302150000278e+01 1.207106665660000004e+02
1.922044339129999890e-01 3.726378097849999960e-02 1.637980977129999960e-01 -2.878713214049999913e-01 -1.363199806309999929e+02 7.838072446760000389e+01 1.204936982669999992e+02
1.016661163099999987e-01 3.846819768049999921e-02 1.693623024139999933e-01 -2.872426994430000158e-01 -1.358157713669999964e+02 7.720831210640000108e+01 1.203491441339999994e+02
1.306213814249999883e-01 3.235556537200000304e-02 1.704180871450000079e-01 -2.868499998549999819e-01 -1.357846744960000080e+02 7.723944305829999735e+01 1.208029303969999972e+02
1.961837661030000068e-01 3.849633588290000269e-02 1.702880775370000099e-01 -2.888991796440000259e-01 -1.364987627339999960e+02 7.745259202219999395e+01 1.203813052400000032e+02
1.097220711759999967e-01 3.228386570600000338e-02 1.707999476150000029e-01 -2.883121275500000191e-01 -1.356060463400000060e+02 7.712946371600000361e+01 1.206850791899999962e+02
1.727331789379999982e-01 3.497294017889999995e-02 1.675062809070000103e-01 -2.836289071750000002e-01 -1.360802942800000039e+02 7.795543485929999861e+01 1.208378001079999962e+02
1.495766424040000098e-01 3.535321859159999691e-02 1.657612896070000119e-01 -2.860575387879999987e-01 -1.358364361440000039e+02 7.772887108880000540e+01 1.208152017670000049e+02
2.177345290669999989e-01 3.129892655409999974e-02 1.688598474730000076e-01 -2.858971008339999953e-01 -1.356254352070000095e+02 7.749471288549999315e+01 1.212719936959999956e+02
1.173368584610000043e-01 4.008027302389999963e-02 1.706919774410000090e-01 -2.854300089640000038e-01 -1.365742049419999944e+02 7.733372988520000035e+01 1.205953239239999988e+02
1.296446988330000050e-01 3.304599852110000346e-02 1.685305674610000082e-01 -2.847736157719999994e-01 -1.356256092110000111e+02 7.762170878199999891e+01 1.212641532859999955e+02
1.106194647329999947e-01 3.725338563370000217e-02 1.695794798170000006e-01 -2.903667869359999876e-01 -1.359308215659999917e+02 7.797552450140000246e+01 1.205449083910000070e+02
3.056375854169999795e-01 4.016986761119999833e-02 1.692422270420000097e-01 -2.818363326639999888e-01 -1.367613449380000077e+02 7.732211675089999403e+01 1.206162112930000063e+02
1.048047729870000000e-01 3.168664623249999729e-02 1.662908626780000010e-01 -2.885364528200000112e-01 -1.354633334250000019e+02 7.790056992309999373e+01 1.210492728680000027e+02
1.395308522469999868e-01 2.864646816919999908e-02 1.716944673559999968e-01 -2.909302877789999853e-01 -1.347866118260000121e+02 7.724505675119999637e+01 1.207228675340000024e+02
1.319918373410000068e-01 3.675902998200000077e-02 1.687744011510000086e-01 -2.902442782579999769e-01 -1.353765338499999871e+02 7.792916734780000354e+01 1.209701917210000062e+02
2.813068276790000044e-01 3.550823940160000025e-02 1.673575482019999949e-01 -2.882923876879999736e-01 -1.359799971449999987e+02 7.767197725520000517e+01 1.206232709330000006e+02
1.132536323340000095e+00 3.406226316620000055e-02 1.670961161079999868e-01 -2.868911122310000006e-01 -1.359401833039999872e+02 7.825118032189999440e+01 1.207960779659999986e+02
1.716783058459999955e-01 3.863463764910000237e-02 1.690644305419999882e-01 -2.864764232079999862e-01 -1.360207971899999961e+02 7.760843489130000705e+01 1.204704280250000039e+02
1.851188492670000074e-01 3.169250273989999978e-02 1.672487258189999937e-01 -2.857453323149999891e-01 -1.358829011109999954e+02 7.795311781019999842e+01 1.210264346860000018e+02
1.134532613719999999e-01 3.630306362539999915e-02 1.697413470549999914e-01 -2.893046149729999739e-01 -1.353907950219999918e+02 7.783632062469999369e+01 1.203330932690000026e+02
2.017126497229999871e-01 3.249267440300000059e-02 1.661751165439999955e-01 -2.838517233889999991e-01 -1.358647067839999920e+02 7.787578578980000543e+01 1.211632212460000062e+02
1.689089090130000137e-01 3.183233327320000167e-02 1.744636459739999923e-01 -2.850562375890000055e-01 -1.356024386990000039e+02 7.692635745680000525e+01 1.205758183239999966e+02
5.748880609580000467e-01 3.307773480460000221e-02 1.700650677249999909e-01 -2.869421686929999882e-01 -1.355142008640000029e+02 7.787782758820000595e+01 1.207734733359999950e+02
1.142213848649999974e-01 3.005942569529999886e-02 1.644472598329999868e-01 -2.876235680290000207e-01 -1.350340382789999865e+02 7.820284961110000665e+01 1.211369823400000030e+02
1.387263153799999926e-01 3.887458425970000131e-02 1.694967088790000076e-01 -2.869271034640000217e-01 -1.361289163509999867e+02 7.724640397299999961e+01 1.205406191360000037e+02
1.454167233520000102e-01 3.974106186529999946e-02 1.717323832229999958e-01 -2.876235711519999905e-01 -1.360294426629999975e+02 7.738230759830000238e+01 1.204712495419999954e+02
5.733139787859999892e-01 3.725754220290000002e-02 1.679547030080000003e-01 -2.868175911220000041e-01 -1.361058237709999901e+02 7.796935135850000620e+01 1.206230349500000045e+02
1.002571143910000045e-01 3.294272864509999871e-02 1.723510746649999925e-01 -2.883477721330000021e-01 -1.358035390500000119e+02 7.715136668019999888e+01 1.203848027220000034e+02
1.897135279000000119e-01 3.411781403860000145e-02 1.671894304650000107e-01 -2.900197317689999776e-01 -1.352612641949999954e+02 7.808219833450000635e+01 1.208464554589999977e+02
1.201478192390000033e-01 3.688578576209999849e-02 1.665574850550000097e-01 -2.892045013580000212e-01 -1.360530101559999991e+02 7.828317866339999398e+01 1.207136655300000001e+02
8.617128887449999608e-01 3.215243312740000137e-02 1.705453965179999920e-01 -2.919881812210000094e-01 -1.349864781889999961e+02 7.755695640259999379e+01 1.207419107390000050e+02
1.000413263680000053e-01 3.823750359829999890e-02 1.719562091379999991e-01 -2.887840335669999980e-01 -1.358874511420000033e+02 7.761427014890000464e+01 1.204214448839999960e+02
1.468274321030000051e-01 3.651260129049999775e-02 1.683469192869999909e-01 -2.883302447669999768e-01 -1.359115500839999982e+02 7.737368225689999690e+01 1.210055584969999956e+02
1.735394045360000026e-01 3.828819728380000037e-02 1.694306736329999896e-01 -2.865218866290000221e-01 -1.362700325110000108e+02 7.778855604129999790e+01 1.202117534289999981e+02
1.114732586629999939e-01 3.502246081009999928e-02 1.727144320350000040e-01 -2.877043824919999770e-01 -1.353365552449999996e+02 7.739686936569999887e+01 1.207460079629999967e+02
5.554378545579999882e-01 2.913489641819999934e-02 1.680313390890000036e-01 -2.870974712250000116e-01 -1.352449310050000122e+02 7.771016925620000393e+01 1.208255060869999937e+02
1.486889971110000042e-01 3.747508446930000042e-02 1.684411913720000042e-01 -2.896179302169999970e-01 -1.354236982799999964e+02 7.802929493850000142e+01 1.205685167980000045e+02
3.893717032649999799e-01 3.404188050569999929e-02 1.655341671140000137e-01 -2.881394562799999837e-01 -1.357249816629999941e+02 7.800288945249999983e+01 1.208961261420000000e+02
6.318300470630000554e-01 3.842378669239999989e-02 1.708366056860000093e-01 -2.848203632360000181e-01 -1.364379828490000079e+02 7.740131042769999681e+01 1.202598510579999953e+02
3.814271617810000015e-01 3.357802614060000079e-02 1.695257327169999995e-01 -2.914910259610000165e-01 -1.354382267329999934e+02 7.752550016050000181e+01 1.208196693250000067e+02
1.689988433300000092e-01 4.217136757150000137e-02 1.708602798949999946e-01 -2.928308065199999866e-01 -1.361553963099999862e+02 7.770748663800000600e+01 1.203523526970000006e+02
1.699584714269999908e-01 3.774305709939999864e-02 1.702701398220000106e-01 -2.893762760260000233e-01 -1.354086371760000134e+02 7.738749374770000600e+01 1.215694594020000068e+02
1.137724839820000028e-01 3.783562017150000206e-02 1.656106950279999934e-01 -2.882036941109999972e-01 -1.361032456910000121e+02 7.816991345680000336e+01 1.208920876380000067e+02
1.454302822770000003e-01 3.886232540670000318e-02 1.631754975299999910e-01 -2.910425728079999996e-01 -1.360511800310000012e+02 7.863428530109999315e+01 1.203509567269999962e+02
1.485484086989999897e-01 3.520312066410000162e-02 1.689917202990000034e-01 -2.858913403139999865e-01 -1.359310431099999903e+02 7.757701746879999405e+01 1.208850741880000044e+02
1.738739230449999895e-01 3.561598144130000143e-02 1.686011457000000102e-01 -2.899786555980000124e-01 -1.356115361129999997e+02 7.802029275399999619e+01 1.203992488850000058e+02
1.565108331989999990e-01 3.598769754020000183e-02 1.695434071539999865e-01 -2.905302796240000207e-01 -1.359234491169999899e+02 7.796655909630000281e+01 1.203385281999999989e+02
6.638488352570000028e-01 3.724737085120000124e-02 1.671663736779999965e-01 -2.885705333729999822e-01 -1.357392202199999929e+02 7.789099462759999426e+01 1.208434358890000055e+02
1.194093426380000017e-01 3.548179275180000231e-02 1.659603521949999938e-01 -2.890684420069999927e-01 -1.355299720460000117e+02 7.794200796399999831e+01 1.212470347809999964e+02
1.029392518260000000e-01 3.822355360310000089e-02 1.657284598190000013e-01 -2.936586212239999938e-01 -1.355828192259999980e+02 7.796692462420000425e+01 1.205401925369999958e+02
1.170545404690000041e-01 3.649457185490000144e-02 1.633029094869999920e-01 -2.852387246359999740e-01 -1.359191717470000071e+02 7.806989573430000462e+01 1.207423273360000024e+02
8.471389394580000065e-01 3.963362904119999836e-02 1.673177319280000075e-01 -2.897148685320000139e-01 -1.362334415509999985e+02 7.773028671139999801e+01 1.204680454070000053e+02
1.177573138979999962e-01 3.374021824710000256e-02 1.673448150159999870e-01 -2.913660135919999838e-01 -1.355810133020000023e+02 7.805076486209999587e+01 1.203127249049999961e+02
1.408907485860000086e-01 3.600126995689999915e-02 1.680705522129999907e-01 -2.895849895729999957e-01 -1.362892702849999864e+02 7.767788217220000035e+01 1.204696669340000028e+02
2.159787530529999888e-01 3.496520545290000143e-02 1.714498131459999963e-01 -2.887728801339999873e-01 -1.355415209930000060e+02 7.789020364659999984e+01 1.204524982679999994e+02
2.161930169500000165e+00 3.888965913749999753e-02 1.687699362199999997e-01 -2.919964899349999921e-01 -1.359598155390000045e+02 7.839233056070000316e+01 1.204450859519999995e+02
2.501506027770000196e-01 3.877614428599999996e-02 1.674748645199999886e-01 -2.913965376189999734e-01 -1.355209619210000085e+02 7.825937181790000352e+01 1.207082921930000055e+02
1.165607673780000020e-01 3.699812814700000063e-02 1.675234149039999954e-01 -2.929159829410000193e-01 -1.354707423769999934e+02 7.825290649970000345e+01 1.207283048679999951e+02
2.388939531510000103e-01 3.470803830730000150e-02 1.689430116860000108e-01 -2.886045674650000170e-01 -1.355446970010000030e+02 7.770462175900000545e+01 1.206226120529999974e+02
1.418227415880000120e-01 3.634917141900000093e-02 1.648625411580000033e-01 -2.872151140399999969e-01 -1.359538564439999959e+02 7.809316738069999531e+01 1.204180436059999977e+02
1.002373549429999983e-01 3.431425218930000270e-02 1.702401055489999870e-01 -2.919510116879999728e-01 -1.356372603410000011e+02 7.809469276170000285e+01 1.206855587969999988e+02
1.098056616930000035e-01 3.393392403230000021e-02 1.624225014210000095e-01 -2.920507143550000184e-01 -1.356325876250000135e+02 7.852140442920000396e+01 1.209441313559999998e+02
1.415815457329999971e-01 3.453276485540000135e-02 1.661848516849999957e-01 -2.890231129249999920e-01 -1.355891828679999946e+02 7.796586117430000229e+01 1.210053447100000028e+02
5.352873082179999686e-01 3.465878719820000148e-02 1.689575605570000083e-01 -2.905870510620000013e-01 -1.351134329509999930e+02 7.785796730040000568e+01 1.208135586100000012e+02
1.136707718470000017e-01 3.909760522399999966e-02 1.699934917579999927e-01 -2.866711882199999839e-01 -1.360740305530000001e+02 7.799151330700000528e+01 1.203488224889999998e+02
1.611893794320000128e-01 3.551419802809999832e-02 1.721873650190000049e-01 -2.890948144969999745e-01 -1.356554141709999897e+02 7.709583635520000655e+01 1.207108110949999968e+02
1.436909339349999870e-01 3.651288771559999674e-02 1.668504567669999994e-01 -2.892061964709999877e-01 -1.356141684620000092e+02 7.769153087360000143e+01 1.209960083900000001e+02
4.831368835589999744e-01 3.593784831960000065e-02 1.685393357230000055e-01 -2.844863782320000145e-01 -1.359774399389999928e+02 7.734942621570000654e+01 1.210634034050000025e+02
3.257643295120000171e-01 3.746646645860000208e-02 1.665632870069999882e-01 -2.836514527330000202e-01 -1.360344286229999966e+02 7.768656441779999966e+01 1.207144130180000019e+02
2.976891963330000057e-01 3.248102109900000145e-02 1.704167348610000077e-01 -2.827066931969999808e-01 -1.357521871790000034e+02 7.750081907130000047e+01 1.206562150660000015e+02
1.505801897219999907e-01 3.792598856800000195e-02 1.673576533209999995e-01 -2.902532328160000175e-01 -1.362464566390000016e+02 7.794165058970000359e+01 1.204711335639999987e+02
2.468846923030000029e-01 3.698223152459999968e-02 1.703995596840000015e-01 -2.872358540239999813e-01 -1.359187538369999970e+02 7.707768738199999348e+01 1.205718509160000025e+02
1.143532647559999949e-01 3.587176599300000157e-02 1.680770390749999899e-01 -2.933734368850000052e-01 -1.352940283910000119e+02 7.810111028320000059e+01 1.203132871509999973e+02
1.494722860219999949e-01 3.551551028270000243e-02 1.680902217849999936e-01 -2.893443796640000065e-01 -1.356442198189999999e+02 7.815557780679999667e+01 1.208499189380000018e+02
1.865336429879999869e-01 3.639659820390000328e-02 1.672236682949999886e-01 -2.902039073930000046e-01 -1.359552072730000134e+02 7.765935405109999579e+01 1.204643381040000065e+02
1.069108743509999959e-01 3.707596110479999957e-02 1.665386251190000000e-01 -2.868597441879999765e-01 -1.360065168099999937e+02 7.741599226040000303e+01 1.208204958010000070e+02
7.174562188180000355e+00 3.344823819610000248e-02 1.651140563949999862e-01 -2.915580225680000082e-01 -1.352316887190000045e+02 7.814271923840000511e+01 1.209028266410000043e+02
3.489476267519999730e-01 3.742317427369999672e-02 1.695700407899999873e-01 -2.897002431260000122e-01 -1.354127949489999878e+02 7.659938255369999638e+01 1.202032238129999939e+02
1.077517286659999962e-01 3.590557798269999878e-02 1.713526801030000046e-01 -2.835222039970000107e-01 -1.359172978969999974e+02 7.763292414420000398e+01 1.206244388110000045e+02
3.274924376930000158e-01 3.734838344469999794e-02 1.690833034239999921e-01 -2.873946516470000101e-01 -1.362039255869999863e+02 7.778169500609999432e+01 1.205363193190000004e+02
4.287867153170000223e-01 3.294659370369999729e-02 1.625651234190000072e-01 -2.807915758789999994e-01 -1.359627814369999896e+02 7.818995854909999821e+01 1.211951590040000042e+02
2.794144193299999968e-01 3.756215395069999879e-02 1.701773725179999974e-01 -2.893014627309999920e-01 -1.366251036520000071e+02 7.657332936749999419e+01 1.202981886110000005e+02
1.296540336650000014e-01 3.549841520310000054e-02 1.653724345479999913e-01 -2.865368101590000105e-01 -1.356223618299999885e+02 7.773799464009999838e+01 1.207118589969999931e+02
2.138936129039999967e-01 3.238516608079999859e-02 1.655828298960000111e-01 -2.874490209230000093e-01 -1.357164151469999922e+02 7.813142427079999663e+01 1.208671800740000037e+02
1.041202562060000031e-01 2.950500794780000144e-02 1.704228559659999864e-01 -2.866892701939999788e-01 -1.352849710650000077e+02 7.746608664580000436e+01 1.209437077080000051e+02
5.159919226939999604e-01 3.848664884490000243e-02 1.680344374720000034e-01 -2.891646765259999752e-01 -1.370951221820000114e+02 7.759715029390000041e+01 1.205585698590000021e+02
1.469805997159999988e-01 4.102229305909999707e-02 1.700975483680000067e-01 -2.938323360349999747e-01 -1.359942836120000038e+02 7.804427309369999932e+01 1.200077694280000031e+02
2.037219203629999920e-01 3.596940196310000060e-02 1.679024743210000004e-01 -2.851740555260000032e-01 -1.362052407770000002e+02 7.739786097079999649e+01 1.203516831040000028e+02
1.018135051120000051e-01 3.548929436690000105e-02 1.686943973270000063e-01 -2.899017110939999808e-01 -1.356782988589999945e+02 7.819686688250000373e+01 1.206597878240000057e+02
1.092536313559999972e-01 3.733604649510000040e-02 1.672561214040000077e-01 -2.853020620010000008e-01 -1.362732712789999994e+02 7.801476897809999400e+01 1.205815847859999934e+02
4.684003453300000230e-01 3.830064233850000166e-02 1.678964869809999871e-01 -2.893531902600000039e-01 -1.355560124389999999e+02 7.824604936539999755e+01 1.213140743520000058e+02
1.165871890190000038e-01 3.205031675370000055e-02 1.696470164799999958e-01 -2.875830133880000195e-01 -1.358133041849999927e+02 7.722309063260000528e+01 1.206841296660000040e+02
3.825058994039999827e-01 3.592839424810000126e-02 1.652137537520000088e-01 -2.891923388700000097e-01 -1.359457390940000039e+02 7.815015289730000347e+01 1.207529756179999936e+02
2.558440628670000105e+00 3.566534601870000043e-02 1.720386536159999868e-01 -2.847072491250000059e-01 -1.356490693300000032e+02 7.744624835940000196e+01 1.204339634290000021e+02
1.559652211299999980e-01 3.493057461409999898e-02 1.641803095799999890e-01 -2.858663701790000178e-01 -1.361441964329999905e+02 7.825962540429999592e+01 1.209568116880000019e+02
1.214943891549999933e-01 3.539731459340000191e-02 1.701070062989999965e-01 -2.845381329189999864e-01 -1.359346148799999980e+02 7.704062070659999506e+01 1.209634030800000062e+02
1.056918411459999985e-01 3.983911187740000331e-02 1.691253091959999955e-01 -2.909771864580000256e-01 -1.362795279649999998e+02 7.745055965279999555e+01 1.204162893839999953e+02
2.144868081380000013e-01 3.786323365500000176e-02 1.675574890880000001e-01 -2.903366232290000015e-01 -1.359833314200000132e+02 7.834847710309999513e+01 1.205655631300000010e+02
1.077213607240000010e-01 3.495421769840000026e-02 1.706562316230000043e-01 -2.862261898080000200e-01 -1.356785397490000094e+02 7.724148674170000106e+01 1.205154909529999969e+02
2.731974815479999985e-01 3.779397151830000273e-02 1.747007107699999895e-01 -2.898191778399999974e-01 -1.357483866270000021e+02 7.700356615859999465e+01 1.203355664319999931e+02
3.355258173539999689e+01 3.825898930780000096e-02 1.679958166639999861e-01 -2.892673598700000182e-01 -1.362715394399999980e+02 7.781151124560000198e+01 1.202321786910000014e+02
1.039875695300000041e-01 3.510658663619999759e-02 1.714089908230000125e-01 -2.844688224799999943e-01 -1.361777919639999936e+02 7.705673350620000406e+01 1.205231190020000014e+02
1.319583330540000099e-01 3.469881153979999938e-02 1.644441047580000037e-01 -2.862751269500000140e-01 -1.356460164830000110e+02 7.835193757940000125e+01 1.209369754009999980e+02
3.374489420630000236e-01 3.340246577400000222e-02 1.696417427459999960e-01 -2.916940076199999732e-01 -1.353280378949999943e+02 7.799289339199999915e+01 1.208916904489999951e+02
2.151716964229999918e-01 3.806019358689999993e-02 1.642942871439999897e-01 -2.909300985159999908e-01 -1.356944160889999864e+02 7.837740597549999677e+01 1.208921374560000004e+02
6.438453355100000053e-01 2.663779412690000029e-02 1.720749482810000064e-01 -2.884163264999999865e-01 -1.347986450569999874e+02 7.734440276789999302e+01 1.210741796220000026e+02
1.452477951529999867e-01 3.499495525730000195e-02 1.715829577619999990e-01 -2.889167191700000026e-01 -1.357150291499999923e+02 7.741880815720000442e+01 1.208837186169999995e+02
6.687448133679999573e-01 3.506899422720000103e-02 1.683615252539999996e-01 -2.812726750319999858e-01 -1.362770794779999903e+02 7.751765025189999392e+01 1.205258060459999996e+02
1.482900298740000011e-01 3.811767901149999693e-02 1.676826660250000101e-01 -2.897733137440000051e-01 -1.361990889239999944e+02 7.848267387769999459e+01 1.206008927339999985e+02
1.032097242830000011e-01 3.412475812750000170e-02 1.710391395679999871e-01 -2.852717119809999868e-01 -1.357834866279999915e+02 7.733238528879999762e+01 1.208266115330000048e+02
4.534624358350000106e-01 3.581502531200000256e-02 1.702362754249999999e-01 -2.903857667790000208e-01 -1.351574530990000085e+02 7.752081882929999779e+01 1.205148726630000056e+02
3.645224090679999862e-01 4.091614706599999707e-02 1.655376327789999935e-01 -2.851578423230000103e-01 -1.366302653690000000e+02 7.800628799499999388e+01 1.203741938779999998e+02
2.276231833609999866e-01 3.533188286660000205e-02 1.683306147539999909e-01 -2.878379502769999876e-01 -1.354850586370000087e+02 7.762462181719999421e+01 1.207661835459999935e+02
1.042629886090000041e-01 3.604379532210000292e-02 1.668971928740000110e-01 -2.885984988199999934e-01 -1.363536146819999999e+02 7.825490622300000609e+01 1.205520758309999962e+02
3.283385652620000039e-01 3.114140385910000100e-02 1.675958718599999953e-01 -2.907620281300000165e-01 -1.350974245159999896e+02 7.793228961820000222e+01 1.205349018670000021e+02
1.151816818699999967e-01 3.277763278350000198e-02 1.703727662919999886e-01 -2.874536654100000033e-01 -1.356870465380000041e+02 7.707356902790000674e+01 1.204885763930000024e+02
2.974000001800000126e-01 3.472656735310000048e-02 1.648576793319999900e-01 -2.904682251819999950e-01 -1.353601213340000129e+02 7.820684172849999527e+01 1.205895541919999943e+02
2.211825083869999875e-01 3.529302326219999758e-02 1.669937806579999962e-01 -2.967859885269999998e-01 -1.352741546299999982e+02 7.853329974179999340e+01 1.205956741709999989e+02
3.564249491450000029e-01 3.569108248370000264e-02 1.664459285379999987e-01 -2.927463935890000091e-01 -1.354526203309999914e+02 7.810333667470000307e+01 1.209239584790000066e+02
2.006809813650000107e-01 3.624036481339999727e-02 1.689748308469999905e-01 -2.905765952780000050e-01 -1.357286731110000062e+02 7.830537863159999290e+01 1.207984449599999976e+02
9.920936196190000000e-01 3.320945582410000235e-02 1.712245314370000049e-01 -2.833710615560000035e-01 -1.357857016810000061e+02 7.712793781819999595e+01 1.209525941069999959e+02
1.001294236590000025e-01 3.605399557200000132e-02 1.708976980909999999e-01 -2.922419852909999838e-01 -1.357189615910000100e+02 7.736140439310000261e+01 1.204214654200000041e+02
5.241870188949999676e-01 3.031578183839999871e-02 1.670768500610000096e-01 -2.904959649989999892e-01 -1.350051100530000099e+02 7.800853425340000058e+01 1.211266660449999932e+02
1.282454942600000092e-01 3.451017155749999676e-02 1.686716800720000076e-01 -2.941351861809999857e-01 -1.350370175310000036e+02 7.817985065400000622e+01 1.207334901410000043e+02
1.407279861200000093e-01 3.380215350850000050e-02 1.684081260239999878e-01 -2.791773434570000156e-01 -1.361218434200000047e+02 7.751632677109999747e+01 1.208723609379999999e+02
1.783518639849999976e-01 3.626057242169999917e-02 1.681417989000000002e-01 -2.888372835299999886e-01 -1.359718299410000100e+02 7.795005856609999739e+01 1.210624905109999929e+02
2.892744877569999873e-01 3.800611038440000061e-02 1.714648553510000062e-01 -2.873552573879999961e-01 -1.359598757310000110e+02 7.718055868060000080e+01 1.203836305549999963e+02
2.613730672619999917e-01 3.877312389379999891e-02 1.738213219649999974e-01 -2.856754272959999841e-01 -1.363075094680000063e+02 7.732070942740000419e+01 1.200905285390000046e+02
1.045440592580000050e-01 3.769987918170000091e-02 1.678690787010000129e-01 -2.883937574009999838e-01 -1.356840051080000080e+02 7.783787204909999957e+01 1.207401489930000054e+02
1.030732528420000016e-01 3.635947575100000051e-02 1.711798465200000119e-01 -2.849362639179999768e-01 -1.357807687309999949e+02 7.689034332149999784e+01 1.206268708150000037e+02
1.659518504789999904e-01 3.747425962050000142e-02 1.755885800289999910e-01 -2.922468509630000155e-01 -1.358264413770000090e+02 7.725715436199999431e+01 1.202696273650000052e+02
1.081521067169999989e-01 3.352628906570000178e-02 1.716916387590000093e-01 -2.874724432710000221e-01 -1.355340805099999955e+02 7.718886706889999516e+01 1.208449444499999998e+02
1.257501043910000116e-01 3.519446395260000110e-02 1.642426069959999901e-01 -2.896631576659999818e-01 -1.358841281310000113e+02 7.834939203470000280e+01 1.208798880760000003e+02
4.443877491429999993e-01 3.654947203830000158e-02 1.622853679669999938e-01 -2.922272883939999732e-01 -1.356409389160000103e+02 7.874089638760000298e+01 1.208187536509999944e+02
1.042736622730000007e-01 3.588279085010000202e-02 1.671545432909999906e-01 -2.946309633370000070e-01 -1.354874554360000047e+02 7.818624290249999831e+01 1.207027731900000020e+02
1.284804728879999913e-01 3.396092823980000064e-02 1.657331361980000084e-01 -2.841904478119999800e-01 -1.356634619920000091e+02 7.790277615399999434e+01 1.208827418660000035e+02
1.798887205849999948e-01 3.690628884669999721e-02 1.679092732759999984e-01 -2.881109746400000171e-01 -1.358570043750000025e+02 7.810062761620000060e+01 1.204585445329999942e+02
2.324600220470000034e-01 3.610569110160000150e-02 1.639231865150000134e-01 -2.948931359540000186e-01 -1.356577383160000068e+02 7.849753436029999420e+01 1.206342462930000039e+02
2.349324900260000015e-01 3.889032112270000147e-02 1.769832998220000064e-01 -2.904039230609999911e-01 -1.358129527030000077e+02 7.683182747380000421e+01 1.200244287350000008e+02
1.118808092729999953e-01 3.825512718469999823e-02 1.690292431709999876e-01 -2.886745819100000054e-01 -1.358959693779999895e+02 7.774622580899999491e+01 1.203915399450000052e+02
5.561079050660000078e+00 3.844446189089999882e-02 1.719216643289999957e-01 -2.835820643609999747e-01 -1.364046133139999881e+02 7.709490261610000061e+01 1.204513393670000028e+02
1.003109440089999943e-01 3.087473872480000006e-02 1.715821853499999994e-01 -2.884182294040000261e-01 -1.353451393889999963e+02 7.735737645919999750e+01 1.207232272610000052e+02
1.188298884139999956e-01 3.870355872720000062e-02 1.685048449350000088e-01 -2.903738797820000217e-01 -1.360819250039999986e+02 7.777568247940000390e+01 1.205908464759999958e+02
4.027407491650000226e-01 3.860266839289999696e-02 1.711256546759999941e-01 -2.873904243179999929e-01 -1.362143028950000030e+02 7.715755152360000579e+01 1.205360055170000066e+02
1.052512135460000053e-01 3.675875037290000230e-02 1.667570436999999961e-01 -2.876226244260000064e-01 -1.357121830920000036e+02 7.812479187239999590e+01 1.207363954510000070e+02
2.914303459379999905e-01 3.560760627920000337e-02 1.686969777500000045e-01 -2.873564367859999802e-01 -1.358265635729999872e+02 7.730505990189999466e+01 1.207639630369999963e+02
3.343930274329999786e-01 3.469389255110000292e-02 1.688963954540000090e-01 -2.867735449969999739e-01 -1.357040426830000115e+02 7.816163699199999826e+01 1.205456795289999974e+02
1.811771469500000065e-01 3.978911222820000204e-02 1.633603720410000126e-01 -2.883066577389999940e-01 -1.363020203940000101e+02 7.837263731839999537e+01 1.207046960840000054e+02
1.149476122290000041e-01 4.065671884500000194e-02 1.686001132219999976e-01 -2.942041481909999923e-01 -1.356505651550000096e+02 7.808713213670000641e+01 1.204351163460000009e+02
2.899876351200000091e+00 3.924465122740000006e-02 1.698852069239999985e-01 -2.883327824729999822e-01 -1.359225198970000008e+02 7.756528520029999640e+01 1.202677645480000024e+02
4.623380483930000229e-01 3.600773337470000030e-02 1.672896094219999963e-01 -2.888674438220000251e-01 -1.356255289110000035e+02 7.759395189580000363e+01 1.205842823159999995e+02
1.291430908270000122e-01 3.812760766150000147e-02 1.657622568790000084e-01 -2.918689059349999781e-01 -1.356394422029999873e+02 7.805859984939999663e+01 1.206036680240000010e+02
1.398050722489999897e-01 4.271899846829999708e-02 1.701763281879999923e-01 -2.896420611900000219e-01 -1.361666956219999918e+02 7.762600246030000051e+01 1.199883375800000067e+02
1.338290452170000089e+00 3.701122953449999947e-02 1.676557057660000016e-01 -2.879648551930000244e-01 -1.359784474710000097e+02 7.789006687170000021e+01 1.201298611760000057e+02
4.582029973260000055e-01 3.623340567129999801e-02 1.659023635240000072e-01 -2.893620756970000096e-01 -1.355831497869999964e+02 7.800930829569999503e+01 1.206174371379999997e+02
1.316014653889999997e-01 3.211605556569999825e-02 1.694530929189999868e-01 -2.920442147480000195e-01 -1.352600054430000114e+02 7.776831819919999589e+01 1.209840340399999974e+02
1.079428638219999959e-01 3.356769483839999735e-02 1.698750699649999862e-01 -2.868588113910000015e-01 -1.357704372890000002e+02 7.752094341459999782e+01 1.205537067709999945e+02
1.246952163349999976e-01 3.703014036450000268e-02 1.685330997710000056e-01 -2.868362755860000002e-01 -1.357015179679999903e+02 7.775724232819999315e+01 1.205803288150000014e+02
1.224203471290000039e-01 3.276090528799999874e-02 1.647196074410000044e-01 -2.862114762449999850e-01 -1.355731788310000070e+02 7.775024243750000608e+01 1.212188066399999968e+02
1.109182224879999984e-01 3.139857426199999663e-02 1.639343214850000063e-01 -2.871794327430000071e-01 -1.353934266999999920e+02 7.813478022869999506e+01 1.214761598409999976e+02
2.647099023949999741e-01 3.726324270729999832e-02 1.681031236140000107e-01 -2.883846874420000206e-01 -1.352744375940000054e+02 7.790043091760000493e+01 1.206667108710000065e+02
1.197523041250000003e-01 3.803723255679999915e-02 1.661653282749999960e-01 -2.879316237880000240e-01 -1.362522606569999937e+02 7.776529809219999834e+01 1.208335249830000038e+02
3.421205423850000038e-01 3.356586853299999701e-02 1.705642384720000015e-01 -2.884542374010000132e-01 -1.352339071410000031e+02 7.791921877529999563e+01 1.206830389720000056e+02
1.082942977069999979e-01 3.536328634449999869e-02 1.720239902980000013e-01 -2.850866973460000064e-01 -1.355421387920000029e+02 7.727202632979999919e+01 1.205068072950000015e+02
1.064511063849999939e-01 3.550176003339999831e-02 1.722444997149999990e-01 -2.874299303260000049e-01 -1.361363136109999914e+02 7.708500536139999326e+01 1.207058659690000013e+02
1.818229574409999938e-01 3.873623788890000197e-02 1.648762122509999928e-01 -2.848960619629999913e-01 -1.364469211009999867e+02 7.809421796990000075e+01 1.208875568600000037e+02
3.637127259010000113e-01 3.559427537800000096e-02 1.682984379830000099e-01 -2.872455994229999865e-01 -1.355116011240000091e+02 7.734708847439999602e+01 1.204468352380000056e+02
1.336854387020000035e-01 3.602209645519999920e-02 1.700910685679999923e-01 -2.872958397329999913e-01 -1.359725329599999952e+02 7.786184255499999551e+01 1.203768782519999974e+02
1.997040063799999932e-01 3.613720195999999690e-02 1.685804655389999962e-01 -2.880513738300000126e-01 -1.360282225310000115e+02 7.788566778279999880e+01 1.206906627099999980e+02
1.441233578780000135e-01 3.831375878169999971e-02 1.663370525929999955e-01 -2.839258558780000108e-01 -1.362231754039999885e+02 7.794188944660000118e+01 1.207157552519999939e+02
6.637826795569999883e-01 3.819760543769999683e-02 1.666483494350000094e-01 -2.852128782159999987e-01 -1.361591913130000080e+02 7.778727954990000626e+01 1.207291774560000022e+02
1.014139356939999931e-01 3.561166292060000127e-02 1.666703144380000112e-01 -2.869195699889999784e-01 -1.359785074239999858e+02 7.828324434149999433e+01 1.207478981820000001e+02
2.386155663260000059e-01 3.675199775130000290e-02 1.691528683350000117e-01 -2.864990938679999877e-01 -1.357147682629999963e+02 7.735047586609999826e+01 1.209374133350000022e+02
1.149044807009999974e-01 3.465643673930000196e-02 1.692733137119999953e-01 -2.845636819410000129e-01 -1.362372124080000049e+02 7.760649264859999619e+01 1.207853810090000053e+02
1.585511498040000078e-01 3.859938334350000028e-02 1.678330136360000058e-01 -2.877351086189999796e-01 -1.360950003050000134e+02 7.810610709350000036e+01 1.204610530490000002e+02
9.221538110860000304e-01 3.813216695149999891e-02 1.648112983109999985e-01 -2.858894529020000186e-01 -1.365643192539999973e+02 7.791605367200000387e+01 1.208663857989999997e+02
1.319864237149999953e-01 3.521696059889999758e-02 1.689503600239999903e-01 -2.889483700009999878e-01 -1.354399490319999870e+02 7.812084142870000392e+01 1.205688908999999995e+02
2.856320859640000265e-01 3.689878698659999900e-02 1.682009073700000135e-01 -2.897091981620000256e-01 -1.361427339310000093e+02 7.804943718619999515e+01 1.207187497630000053e+02
6.000730364799999883e-01 3.723161049149999874e-02 1.717503453039999906e-01 -2.895371063619999741e-01 -1.353846210600000006e+02 7.741450272010000333e+01 1.202318821119999939e+02
1.878736509989999970e-01 3.368700449169999972e-02 1.655137791859999929e-01 -2.874662022009999984e-01 -1.360856365559999972e+02 7.800871598099999460e+01 1.208045761169999963e+02
1.173217960159999990e-01 3.618227579250000298e-02 1.685890721789999880e-01 -2.896798071319999779e-01 -1.353798863149999931e+02 7.752140338499999928e+01 1.207035287230000051e+02
1.142550410209999950e-01 3.700997306130000136e-02 1.693537818180000099e-01 -2.887036599389999902e-01 -1.357726117709999869e+02 7.742921393029999422e+01 1.202318357770000006e+02
1.764830925460000033e-01 3.874991767089999706e-02 1.688101439949999949e-01 -2.907361185830000250e-01 -1.363533539350000012e+02 7.803078037439999548e+01 1.202573607660000050e+02
1.506455235430000095e-01 3.627266948249999873e-02 1.682679277009999919e-01 -2.900533327029999886e-01 -1.357224217620000104e+02 7.732924711430000286e+01 1.206962629119999946e+02
1.507853441410000050e-01 3.524542514839999752e-02 1.690197738889999968e-01 -2.874781577439999847e-01 -1.356465506799999901e+02 7.780611457530000052e+01 1.210098671610000025e+02
3.471018564180000099e-01 3.796724842310000153e-02 1.662229439329999947e-01 -2.931489131830000150e-01 -1.358856167019999930e+02 7.817935006890000693e+01 1.203320832659999979e+02
2.471684328679999987e-01 3.942380296339999951e-02 1.680466135479999901e-01 -2.854831833570000144e-01 -1.365205108039999971e+02 7.742187603630000581e+01 1.207037717179999987e+02
3.297261586110000198e-01 3.465416463640000333e-02 1.643679024770000052e-01 -2.918245942630000034e-01 -1.354787087509999992e+02 7.857092529230000366e+01 1.207756319060000010e+02
1.475824209659999942e-01 3.645737794690000200e-02 1.672611172300000060e-01 -2.872870969760000226e-01 -1.355970596049999983e+02 7.767319686599999784e+01 1.209036502310000003e+02
1.651536859190000095e-01 3.538993360360000173e-02 1.699454764249999916e-01 -2.891723016839999882e-01 -1.357496871879999958e+02 7.778679742789999807e+01 1.205045662819999990e+02
1.110221122560000051e-01 3.672551936190000116e-02 1.699998519669999875e-01 -2.851601317060000196e-01 -1.359366912929999955e+02 7.754162740779999297e+01 1.207728932680000042e+02
1.582594904169999928e-01 3.680945977729999791e-02 1.683621365669999981e-01 -2.877087999030000232e-01 -1.359019702040000084e+02 7.781541607900000201e+01 1.205121021359999958e+02
3.301826646039999757e-01 3.921676611819999853e-02 1.667361308689999932e-01 -2.905501090150000021e-01 -1.360973057589999939e+02 7.791913481900000704e+01 1.202868593620000013e+02
4.528232610730000274e-01 4.203674709079999877e-02 1.712127191210000010e-01 -2.912571359550000238e-01 -1.361713253179999867e+02 7.775877679369999385e+01 1.199831752639999962e+02
2.726179680549999929e-01 3.610864320860000115e-02 1.690568283209999967e-01 -2.907963461320000054e-01 -1.354094694270000048e+02 7.756667536989999689e+01 1.206052344790000035e+02
1.193395742249999947e-01 3.378257574770000132e-02 1.647910754920000054e-01 -2.879544063039999879e-01 -1.360388444259999972e+02 7.812487363249999817e+01 1.208830055030000068e+02
1.445918007219999968e+00 3.533108387089999719e-02 1.701212566189999886e-01 -2.909485923130000207e-01 -1.354727630840000074e+02 7.825446031769999422e+01 1.205200437950000065e+02
1.563383527399999917e-01 3.842099419370000046e-02 1.689328788349999944e-01 -2.881152817559999857e-01 -1.364854737109999974e+02 7.743847039029999735e+01 1.201814679000000012e+02
1.104601695130000005e-01 3.733488934459999742e-02 1.702228686950000014e-01 -2.856030559550000181e-01 -1.362372247849999951e+02 7.754350658520000650e+01 1.206059668460000012e+02
1.307687024480000126e-01 3.796066642680000214e-02 1.684508286289999879e-01 -2.880926353320000244e-01 -1.361140097830000002e+02 7.725564892559999919e+01 1.203767896770000050e+02
4.494181104550000194e-01 3.576860290339999721e-02 1.691899531409999935e-01 -2.878861678290000059e-01 -1.354466321799999946e+02 7.805765634860000546e+01 1.205311572370000022e+02
1.024034928789999965e-01 3.682537537589999910e-02 1.703296016820000092e-01 -2.883308223459999931e-01 -1.353316695720000098e+02 7.718692179820000376e+01 1.206088307969999960e+02
3.449456846699999746e-01 3.412678979790000067e-02 1.747646511560000115e-01 -2.821771063990000106e-01 -1.359669279029999984e+02 7.655481517459999452e+01 1.204189159280000041e+02
2.879111877330000069e-01 4.491222211060000302e-02 1.709171843529999901e-01 -2.906515072290000168e-01 -1.365276226720000068e+02 7.754930917740000496e+01 1.198641926949999998e+02
7.033566090680000160e-01 3.674571863989999770e-02 1.712917608940000003e-01 -2.879410125769999995e-01 -1.357472823619999929e+02 7.729212207829999670e+01 1.203025663380000054e+02
2.255706856899999946e-01 3.967950323770000343e-02 1.718921983130000108e-01 -2.861916069409999874e-01 -1.363833439409999926e+02 7.721054332750000526e+01 1.200895361059999971e+02
1.009917830649999931e-01 3.483705955199999788e-02 1.689900384549999912e-01 -2.881102503829999772e-01 -1.355647372649999909e+02 7.735783271600000432e+01 1.205972798079999961e+02
1.033373683110000024e-01 3.758338636670000010e-02 1.667786138279999941e-01 -2.921989876300000177e-01 -1.359081736359999866e+02 7.796047470759999953e+01 1.207134610930000065e+02
2.864353917479999789e-01 3.903834555670000067e-02 1.698308367409999964e-01 -2.885654872980000230e-01 -1.363307531099999892e+02 7.747272046189999628e+01 1.205605041409999956e+02
1.573163154470000047e-01 3.481166683749999796e-02 1.615667180579999918e-01 -2.853111159130000130e-01 -1.358789509970000040e+02 7.842105044420000581e+01 1.211580933350000038e+02
1.039013334100000047e-01 3.462160459449999811e-02 1.716379149420000083e-01 -2.802781081210000136e-01 -1.361478176370000028e+02 7.705146417400000303e+01 1.206980009450000040e+02
1.184192598879999947e+00 3.836446499249999975e-02 1.682535813569999983e-01 -2.873701081289999903e-01 -1.361805154600000094e+02 7.782742858660000707e+01 1.202347034940000015e+02
3.373152023520000209e-01 3.953250593169999744e-02 1.677084588509999974e-01 -2.911695252970000203e-01 -1.359696981140000105e+02 7.801582784660000414e+01 1.205284348859999994e+02
3.904617517039999930e-01 3.821633249939999921e-02 1.627394301929999954e-01 -2.957262131200000255e-01 -1.356520501169999875e+02 7.870663997030000303e+01 1.205025005199999981e+02
2.003183880930000105e-01 3.343310732449999989e-02 1.668265844880000015e-01 -2.880900206979999933e-01 -1.353619845789999943e+02 7.820372401250000394e+01 1.206896679909999932e+02
1.021426396019999988e-01 3.625710103770000275e-02 1.674295831389999989e-01 -2.856324223550000263e-01 -1.359983931749999897e+02 7.810230150450000508e+01 1.210976713769999975e+02
9.182391961410000247e-01 3.545683413149999796e-02 1.675821026079999942e-01 -2.879145288370000277e-01 -1.351065320079999879e+02 7.796911685969999439e+01 1.207908819040000026e+02
9.076996193840000116e-01 3.540186086819999828e-02 1.691798604330000122e-01 -2.886705129770000267e-01 -1.354282751480000115e+02 7.781420277239999450e+01 1.208755942819999945e+02
1.494617779970000004e+00 3.880022858599999763e-02 1.668191177560000016e-01 -2.875773780299999971e-01 -1.362093136670000035e+02 7.807967191349999325e+01 1.207260354499999977e+02
1.150449883550000024e-01 3.681021645199999970e-02 1.639824423879999993e-01 -2.892534882719999811e-01 -1.361995671020000032e+02 7.838731130760000099e+01 1.207283720880000004e+02
1.178682756440000007e-01 3.608387623490000307e-02 1.676146606889999946e-01 -2.900529055419999724e-01 -1.354101249240000016e+02 7.743058029350000027e+01 1.205854424860000051e+02
2.876403555689999725e-01 3.502249734139999821e-02 1.695545046649999943e-01 -2.881321509540000214e-01 -1.358811843000000010e+02 7.788020926839999447e+01 1.204831235580000026e+02
1.211916455920000052e-01 3.807187620449999782e-02 1.695020711730000074e-01 -2.895984900740000145e-01 -1.356402756450000027e+02 7.786739561779999974e+01 1.204340313419999973e+02
1.638093480610000041e-01 3.482170065529999886e-02 1.692091701089999956e-01 -2.929999887149999926e-01 -1.350995424179999986e+02 7.776471245599999804e+01 1.205649817350000035e+02
1.427697400269999917e-01 4.010941385100000312e-02 1.649548292309999942e-01 -2.908710658620000111e-01 -1.360463017959999945e+02 7.834957270820000019e+01 1.205283834049999996e+02
1.537442196490000079e-01 3.709118233710000101e-02 1.714849823469999923e-01 -2.950042189779999990e-01 -1.355913818020000008e+02 7.745475066589999358e+01 1.202827674549999983e+02
1.307649693569999938e-01 3.954247372610000116e-02 1.758569433469999999e-01 -2.840319138540000066e-01 -1.364463284320000014e+02 7.670384218760000294e+01 1.202938152100000053e+02
1.786698639869999938e-01 3.170577293650000267e-02 1.652924947080000040e-01 -2.871258460189999862e-01 -1.355609520989999908e+02 7.798288630039999703e+01 1.208231489740000058e+02
1.208798771919999959e-01 3.260798275500000065e-02 1.677307314969999907e-01 -2.918985968939999953e-01 -1.351209576459999937e+02 7.806115230150000173e+01 1.208564864249999999e+02
1.572905490500000059e-01 3.588812087099999687e-02 1.720934612520000073e-01 -2.901052282000000093e-01 -1.357302690120000079e+02 7.785536461530000452e+01 1.205280410050000057e+02
3.748384861290000036e-01 3.790074733700000281e-02 1.688626825020000111e-01 -2.900730602220000232e-01 -1.358377904269999874e+02 7.771992490430000089e+01 1.202840554790000027e+02
2.865335089030000004e-01 3.574126228659999654e-02 1.723532694680000033e-01 -2.961358852400000075e-01 -1.352162461359999952e+02 7.761676870920000226e+01 1.204694991369999997e+02
3.040712012010000076e-01 3.922808714909999800e-02 1.681138926019999924e-01 -2.858334311119999915e-01 -1.364361367310000048e+02 7.777952385790000278e+01 1.204401979919999945e+02
1.453137222979999921e-01 3.431109351940000302e-02 1.671246949669999982e-01 -2.809130656400000148e-01 -1.360872690619999901e+02 7.760439980159999607e+01 1.211029177390000058e+02
1.003691125659999933e-01 3.712757528240000215e-02 1.704147966710000128e-01 -2.869152048020000012e-01 -1.359921994949999942e+02 7.776940962380000144e+01 1.202151918450000068e+02
1.920379700239999987e-01 3.658469013730000080e-02 1.686063035049999992e-01 -2.887509527600000125e-01 -1.361411929559999976e+02 7.776017510609999306e+01 1.207835007479999945e+02
1.667957054070000056e-01 3.482948661620000053e-02 1.654234067170000100e-01 -2.813852701719999905e-01 -1.361421281819999933e+02 7.779846720129999937e+01 1.207322653359999975e+02
1.038149811079999985e-01 3.561432972309999667e-02 1.697250080959999963e-01 -2.857873809729999937e-01 -1.356317669560000070e+02 7.729097926570000254e+01 1.206833132000000006e+02
1.141385205599999980e-01 3.566562612259999848e-02 1.716562198699999875e-01 -2.877480996149999748e-01 -1.357221349330000066e+02 7.743098321409999585e+01 1.205628069520000025e+02
1.760569609079999931e-01 3.518698037299999859e-02 1.734016011769999865e-01 -2.898573670199999786e-01 -1.356250970549999977e+02 7.720853772809999782e+01 1.201050895850000018e+02
1.094072356539999985e-01 3.396345497679999909e-02 1.684298633680000046e-01 -2.860561973290000060e-01 -1.362190503680000120e+02 7.801480665440000450e+01 1.207154100719999974e+02
3.375516695920000032e-01 3.647110873230000050e-02 1.702816848150000006e-01 -2.866793586310000252e-01 -1.359531526780000092e+02 7.727457199090000017e+01 1.201462001830000048e+02
1.080760242980000063e-01 4.029154654110000261e-02 1.714716548780000072e-01 -2.908720328350000162e-01 -1.358006515170000057e+02 7.737929099439999447e+01 1.202769306879999931e+02
1.100633269869999986e-01 3.711151995680000287e-02 1.688255069050000057e-01 -2.895053846469999859e-01 -1.356520092860000091e+02 7.771316499030000102e+01 1.203208671099999947e+02
1.499813916359999943e-01 4.107368882689999695e-02 1.705604195830000003e-01 -2.913612775659999987e-01 -1.365531474599999910e+02 7.767642388950000054e+01 1.200377957139999978e+02
2.028065358460000023e-01 3.582752572009999942e-02 1.677565689989999886e-01 -2.937314843170000245e-01 -1.355731880540000134e+02 7.834099663259999602e+01 1.206693535950000040e+02
1.721602452440000042e-01 3.677780737059999777e-02 1.661608103899999966e-01 -2.895461166700000200e-01 -1.359114957909999930e+02 7.765499581589999423e+01 1.204403150520000025e+02
2.407479776370000102e-01 3.845716219039999745e-02 1.678875034619999873e-01 -2.900067160979999947e-01 -1.359786853260000044e+02 7.812018025049999892e+01 1.205009769739999967e+02
2.578611288800000123e-01 3.506734048409999860e-02 1.687169179390000107e-01 -2.881148587749999823e-01 -1.357069090180000046e+02 7.716022035950000202e+01 1.207962512449999934e+02
3.642596415850000158e-01 3.550403466319999868e-02 1.716556986430000098e-01 -2.860947606459999792e-01 -1.359592518409999968e+02 7.689521140780000508e+01 1.203297418759999999e+02
1.480038733150000063e-01 3.378532844789999823e-02 1.661081275029999971e-01 -2.911000911839999872e-01 -1.357604301970000051e+02 7.789044430619999559e+01 1.208603061139999966e+02
1.707579970629999888e-01 3.525644060670000274e-02 1.692841222289999947e-01 -2.909927586900000196e-01 -1.358989808610000125e+02 7.817119925580000483e+01 1.203790877250000051e+02
1.384613554240000100e-01 3.673136140700000024e-02 1.675692095709999940e-01 -2.905529102150000154e-01 -1.353300951049999981e+02 7.770526845930000093e+01 1.206951531899999992e+02
1.214394018030000022e-01 3.752285125089999812e-02 1.647999595759999936e-01 -2.870104060249999978e-01 -1.360245020469999986e+02 7.824364013660000694e+01 1.207341359389999980e+02
1.337604345910000103e-01 3.447500116289999722e-02 1.702978846429999971e-01 -2.870833513189999797e-01 -1.361448325640000121e+02 7.751272233929999800e+01 1.209592948290000010e+02
1.145170791270000016e-01 3.471665851180000262e-02 1.658685267620000070e-01 -2.876997957840000120e-01 -1.360329963940000084e+02 7.795654607699999872e+01 1.208082375580000019e+02
1.267312514820000047e+01 3.160019572520000181e-02 1.707299376230000110e-01 -2.879151746640000176e-01 -1.356625118810000004e+02 7.767642540740000356e+01 1.207961877740000034e+02
1.165948169930000056e-01 3.721381237819999799e-02 1.617594140660000013e-01 -2.917852415280000056e-01 -1.360040656090000084e+02 7.883512151509999910e+01 1.209209433620000027e+02
1.186847940110000027e-01 3.706116793759999667e-02 1.697892547460000123e-01 -2.910965671829999768e-01 -1.354677625170000113e+02 7.756379457069999717e+01 1.205423563060000021e+02
1.931875374179999882e-01 3.099170159869999927e-02 1.649293432870000131e-01 -2.865365899589999987e-01 -1.353650060589999953e+02 7.819341052900000477e+01 1.212475830919999993e+02
2.225308631650000091e-01 3.541394686510000028e-02 1.646647933070000125e-01 -2.849002298200000172e-01 -1.362190312189999872e+02 7.803458477339999888e+01 1.208931445059999987e+02
2.758174852170000024e-01 3.880672726260000344e-02 1.692940128690000046e-01 -2.869946403390000178e-01 -1.360203500990000123e+02 7.752065096050000648e+01 1.200128030110000026e+02
1.726513951599999985e-01 3.553841259019999838e-02 1.698068003379999968e-01 -2.874315837920000116e-01 -1.360132260489999965e+02 7.806811637449999353e+01 1.205962173000000064e+02
1.311827502550000080e-01 3.366753674470000096e-02 1.678621088950000007e-01 -2.889117914550000110e-01 -1.358348588529999859e+02 7.777755181749999736e+01 1.212320991520000035e+02
1.084710450520000036e-01 3.154577823350000060e-02 1.695767019159999944e-01 -2.869849302049999884e-01 -1.358252949900000033e+02 7.759973827289999804e+01 1.209263108680000016e+02
9.200588088950000243e-01 3.938149754599999663e-02 1.695699329689999979e-01 -2.873663446240000141e-01 -1.360998655379999889e+02 7.760987033559999304e+01 1.201184750989999941e+02
1.226903848550000009e-01 3.867580913290000200e-02 1.680555799210000090e-01 -2.913101705009999987e-01 -1.357378598340000053e+02 7.766890121560000182e+01 1.207210456929999935e+02
1.229212431789999949e-01 3.785002527780000070e-02 1.652694462700000089e-01 -2.885549655069999941e-01 -1.359614025580000032e+02 7.838788494540000329e+01 1.203860071200000021e+02
1.460880994060000104e-01 3.511277052959999728e-02 1.711156349500000118e-01 -2.871056156199999765e-01 -1.358921641469999884e+02 7.772393716230000393e+01 1.206233861879999978e+02
1.499702462720000073e-01 3.514387358840000142e-02 1.654601754989999951e-01 -2.853010373079999940e-01 -1.355896431939999900e+02 7.781361992639999414e+01 1.210333596899999975e+02
1.025953309289999948e+00 3.057830759200000012e-02 1.688535498029999915e-01 -2.872250439190000004e-01 -1.356418417110000121e+02 7.764923725399999910e+01 1.210750761829999931e+02
1.601343622929999877e-01 3.815770800550000175e-02 1.678966792419999965e-01 -2.906644443649999965e-01 -1.359749797549999926e+02 7.803925164989999530e+01 1.206021466880000048e+02
1.795254720620000077e-01 3.321139978249999791e-02 1.705800934270000069e-01 -2.908266218819999804e-01 -1.355105585750000046e+02 7.737882688290000033e+01 1.206752100060000004e+02
3.092518517599999739e-01 3.835331456019999696e-02 1.680407401729999972e-01 -2.889087010929999866e-01 -1.351538775719999990e+02 7.785085905619999380e+01 1.201369552430000027e+02
1.315615976139999921e-01 3.517354271950000333e-02 1.672597170590000015e-01 -2.832329105979999873e-01 -1.362039243160000126e+02 7.775049541590000501e+01 1.209315922339999929e+02
3.750337210069999827e+01 3.752014276440000101e-02 1.700475194609999963e-01 -2.892358900829999913e-01 -1.355370653930000060e+02 7.736436560069999757e+01 1.208425649579999970e+02
5.324903775160000352e-01 4.215895429390000004e-02 1.649985246579999953e-01 -2.846247900309999967e-01 -1.365676840049999896e+02 7.808157732850000343e+01 1.205121256259999996e+02
1.539992399160000081e-01 3.835634897339999794e-02 1.645005442480000080e-01 -2.916483482710000019e-01 -1.355840964340000028e+02 7.836586725249999574e+01 1.205700314529999986e+02
1.379185925039999872e-01 3.558763803889999910e-02 1.659409021140000051e-01 -2.882627690299999768e-01 -1.360329928559999928e+02 7.812046125359999849e+01 1.204236939839999962e+02
1.348612780350000040e-01 3.943899771809999955e-02 1.652208858360000032e-01 -2.905669435350000107e-01 -1.362892416640000022e+02 7.809354597109999929e+01 1.204183600479999967e+02
1.244474599670000042e-01 3.563702400029999939e-02 1.704108658980000024e-01 -2.913005485660000171e-01 -1.354241184800000042e+02 7.793179274700000292e+01 1.206001453589999954e+02
1.532289189530000040e-01 3.907612071170000340e-02 1.697112194979999988e-01 -2.894165270710000182e-01 -1.361102414830000100e+02 7.750627924319999806e+01 1.205798269879999935e+02
1.110083448719999949e-01 3.580572173240000045e-02 1.692170819469999976e-01 -2.899353216719999793e-01 -1.355180790430000002e+02 7.803830616369999973e+01 1.205062423100000046e+02
4.276348730219999839e-01 3.707241192510000311e-02 1.643436565680000128e-01 -2.815656847490000114e-01 -1.362452291820000028e+02 7.798254330480000363e+01 1.209051039099999940e+02
1.886505165559999864e-01 3.376050012299999792e-02 1.709680797800000041e-01 -2.891341514210000185e-01 -1.353277855549999913e+02 7.752506420999999648e+01 1.209688875009999975e+02
1.416829390010000134e-01 3.438542444070000204e-02 1.679458912569999907e-01 -2.877967719860000106e-01 -1.355644569620000084e+02 7.755977763779999634e+01 1.211656448730000051e+02
1.126721137210000001e-01 3.618474743339999966e-02 1.676795528679999869e-01 -2.914159906179999981e-01 -1.357405431159999978e+02 7.793174872839999523e+01 1.207228913999999946e+02
1.370179076130000062e-01 3.777317113260000164e-02 1.673285837900000128e-01 -2.908882948550000069e-01 -1.361453314400000068e+02 7.790498114119999684e+01 1.203702545539999988e+02
2.492088475960000105e-01 3.258762165410000050e-02 1.710499009449999996e-01 -2.921227059079999910e-01 -1.353871744569999862e+02 7.761390821480000568e+01 1.205222158990000025e+02
4.363688777629999849e-01 3.012282020560000037e-02 1.659445314820000017e-01 -2.838652351959999875e-01 -1.352217633360000093e+02 7.768587528490000693e+01 1.211824006060000016e+02
4.049298965740000256e-01 4.128373011690000122e-02 1.731384174009999999e-01 -2.912014502060000232e-01 -1.361284083699999883e+02 7.748247894509999867e+01 1.201613175140000038e+02
3.414782889679999767e-01 3.467769830780000062e-02 1.701394397029999950e-01 -2.930188300789999811e-01 -1.350915928450000081e+02 7.755009998139999539e+01 1.205150740570000067e+02
1.915818665759999873e-01 3.457396610860000163e-02 1.658899565639999907e-01 -2.876663380089999889e-01 -1.358036845139999969e+02 7.761512045599999965e+01 1.207736955839999951e+02
1.279721572270000052e-01 3.863482361869999965e-02 1.703123288289999926e-01 -2.873301739119999976e-01 -1.362266016480000133e+02 7.732452116419999300e+01 1.202858113260000010e+02
1.830255729799999953e-01 3.835565073979999712e-02 1.711334439639999871e-01 -2.865577808190000186e-01 -1.360387505939999926e+02 7.745625802809999527e+01 1.201309074199999998e+02
2.910604727339999864e-01 3.723981674179999840e-02 1.693949808909999966e-01 -2.882789611450000122e-01 -1.360657005429999913e+02 7.752820291849999990e+01 1.204290553240000037e+02
1.501235042540000064e-01 3.791451292249999744e-02 1.711152493429999866e-01 -2.885530033259999794e-01 -1.362374118740000029e+02 7.762923043440000015e+01 1.205100335030000025e+02
3.817928930080000116e-01 3.779356717349999922e-02 1.659537550500000125e-01 -2.898384911060000180e-01 -1.356703398699999923e+02 7.831333323680000547e+01 1.205763570499999986e+02
2.191451019900000075e-01 3.523250958980000264e-02 1.713162070310000062e-01 -2.876488170739999739e-01 -1.359387271340000041e+02 7.763911390510000388e+01 1.208190359010000066e+02
5.039549477229999797e-01 3.739525775440000199e-02 1.720231110169999911e-01 -2.853433226300000070e-01 -1.360449548459999960e+02 7.733982902600000386e+01 1.205325100360000050e+02
1.249352621039999944e-01 3.633175495160000101e-02 1.684030733619999998e-01 -2.892699980410000093e-01 -1.354013629670000114e+02 7.828242389070000229e+01 1.205165114499999959e+02
1.522068752840000094e-01 3.754340990760000191e-02 1.684448280970000100e-01 -2.869288700850000096e-01 -1.358846628789999897e+02 7.775436806470000306e+01 1.203454421189999977e+02
5.103609125920000045e-01 3.698290341269999670e-02 1.658991911999999902e-01 -2.882029311639999758e-01 -1.363020680669999933e+02 7.796962265429999661e+01 1.203774021050000016e+02
2.659149620530000258e-01 3.576447728229999873e-02 1.681501361799999927e-01 -2.862789393729999743e-01 -1.353332035500000075e+02 7.759620848490000355e+01 1.207612108219999953e+02
4.145114407939999857e-01 3.328742508779999887e-02 1.688715626070000086e-01 -2.853826190329999957e-01 -1.355824602719999916e+02 7.737034790959999953e+01 1.206449651190000054e+02
2.240164602649999948e-01 3.539604128769999886e-02 1.661137154669999894e-01 -2.954890021980000059e-01 -1.354619284030000017e+02 7.850259029439999381e+01 1.207850676890000017e+02
2.696591907709999791e-01 3.625142647170000176e-02 1.709568681929999889e-01 -2.789617941110000277e-01 -1.363825177999999880e+02 7.696441287950000287e+01 1.206396194390000005e+02
1.429213232340000028e-01 3.559529438359999853e-02 1.664159667220000138e-01 -2.868035144050000151e-01 -1.360515850810000131e+02 7.776260363650000329e+01 1.206290606780000019e+02
1.368284678080000094e-01 3.871479998789999905e-02 1.715211832880000065e-01 -2.872727670979999814e-01 -1.365095742759999951e+02 7.738563262920000341e+01 1.206054130670000006e+02
1.712035098430000069e-01 3.376812166700000201e-02 1.736500169169999941e-01 -2.890218398330000049e-01 -1.354143562870000039e+02 7.733179099429999326e+01 1.205963598170000068e+02
1.069560729360000018e+00 3.342423710620000266e-02 1.725064366119999915e-01 -2.879914349909999949e-01 -1.352932396799999992e+02 7.743232298370000422e+01 1.205422512540000071e+02
6.212523763759999484e-01 3.836132137320000246e-02 1.681864635289999910e-01 -2.888002428329999871e-01 -1.357917323249999981e+02 7.754759265059999507e+01 1.197878498190000016e+02
1.224686612759999932e-01 3.297383636929999973e-02 1.713575026589999883e-01 -2.887159409980000202e-01 -1.357135448260000032e+02 7.723548784589999627e+01 1.208959738490000007e+02
1.616937921419999924e+00 3.739678818819999750e-02 1.684238946190000086e-01 -2.879127358749999921e-01 -1.358941146839999874e+02 7.725879520329999650e+01 1.202289132880000011e+02
2.219034763359999940e-01 3.867103436850000131e-02 1.669723144599999931e-01 -2.865724079749999986e-01 -1.360531393290000040e+02 7.785475427900000511e+01 1.208516870859999983e+02
1.542165188890000094e-01 3.360646692900000343e-02 1.695114153329999873e-01 -2.838667445479999829e-01 -1.358301471910000089e+02 7.708879025539999930e+01 1.206881544600000069e+02
1.166048420840000016e-01 3.756323989649999751e-02 1.703836506109999982e-01 -2.881610962110000007e-01 -1.360931889379999973e+02 7.773885124000000246e+01 1.203835774310000062e+02
3.390920234629999919e-01 3.630523743900000017e-02 1.686567672640000015e-01 -2.848971577439999847e-01 -1.360481799519999981e+02 7.765322403170000598e+01 1.209269218769999981e+02
1.208521333019999949e-01 3.343334669069999987e-02 1.724678042449999948e-01 -2.918089513020000192e-01 -1.350439208710000116e+02 7.749892961259999424e+01 1.207874907479999962e+02
2.294288079310000117e-01 3.480469754260000215e-02 1.666855328609999909e-01 -2.852534116739999792e-01 -1.359062577379999937e+02 7.773415006060000110e+01 1.212184471270000046e+02
1.002548443040000015e-01 3.351344768049999839e-02 1.655730442399999947e-01 -2.894011085079999934e-01 -1.356550850790000027e+02 7.813178958500000704e+01 1.210165843850000016e+02
3.749823002439999775e-01 3.485642622460000117e-02 1.654845773770000084e-01 -2.864905978219999816e-01 -1.362274861719999990e+02 7.769106026439999368e+01 1.206967186079999976e+02
1.077613155830000058e-01 3.900592385349999774e-02 1.698131684949999998e-01 -2.894690452850000040e-01 -1.361724095989999910e+02 7.752219825390000096e+01 1.203471344430000016e+02
1.517658807019999889e+00 3.614949878100000291e-02 1.720476674829999886e-01 -2.876450380730000145e-01 -1.360326232150000010e+02 7.768556994409999561e+01 1.203275906009999972e+02
2.030451293730000106e-01 3.893189239440000143e-02 1.677480224379999940e-01 -2.891634908929999748e-01 -1.361347330819999968e+02 7.827768082759999402e+01 1.208118764390000024e+02
1.694706563429999868e-01 3.292103591989999772e-02 1.681960980159999952e-01 -2.888911160329999950e-01 -1.351266423019999934e+02 7.772404387740000686e+01 1.211351851849999974e+02
1.008205098169999980e-01 3.383620631329999767e-02 1.673500688610000120e-01 -2.863815854080000167e-01 -1.359752579329999946e+02 7.800902301569999509e+01 1.209763019189999937e+02
3.907136125490000000e-01 3.786998088349999986e-02 1.683105593829999913e-01 -2.836284914989999906e-01 -1.362720096349999892e+02 7.734814428360000704e+01 1.206933300310000021e+02
2.944911653949999764e-01 4.060868285960000240e-02 1.730335443780000038e-01 -2.944240764780000075e-01 -1.357013885389999928e+02 7.759917150530000640e+01 1.202453320550000058e+02
3.000152509549999791e-01 3.524557112139999754e-02 1.709541376610000107e-01 -2.869623063599999746e-01 -1.356031245009999964e+02 7.728022514990000502e+01 1.205844582870000039e+02
3.434596272730000011e-01 3.639458761250000118e-02 1.656665794199999875e-01 -2.860584095540000260e-01 -1.365020377369999949e+02 7.797167917429999306e+01 1.204673076629999997e+02
3.154641104290000220e-01 3.728626505350000203e-02 1.703937553329999965e-01 -2.909802295360000013e-01 -1.358055405199999939e+02 7.807255949519999660e+01 1.208530580399999934e+02
1.059019002569999979e-01 3.987129162320000170e-02 1.664236378570000119e-01 -2.817969283269999847e-01 -1.368804387449999922e+02 7.792702295879999497e+01 1.205792872659999944e+02
1.057357069710000014e-01 3.920667988619999655e-02 1.696845433040000128e-01 -2.930951505189999806e-01 -1.359447056619999898e+02 7.784369390419999490e+01 1.200693331530000023e+02
1.045463051239999969e-01 3.320006568089999693e-02 1.684471580340000108e-01 -2.813821013360000012e-01 -1.357896607799999913e+02 7.756956833089999748e+01 1.207726972229999944e+02
1.897283698820000086e-01 4.120015400560000235e-02 1.674663619900000067e-01 -2.912084744880000242e-01 -1.360789891279999893e+02 7.815710526150000703e+01 1.203240685410000026e+02
1.299281752299999981e+00 3.586051299859999847e-02 1.700797173670000051e-01 -2.851263594960000147e-01 -1.362072007190000136e+02 7.697083848610000700e+01 1.206877003750000057e+02
2.494886546420000129e-01 3.573267082260000310e-02 1.699976597249999999e-01 -2.901830520909999822e-01 -1.354482949300000030e+02 7.769692468700000632e+01 1.205942153609999963e+02
1.332957905740000115e-01 3.853880511269999753e-02 1.696046588700000080e-01 -2.917791025359999790e-01 -1.361174988159999941e+02 7.821476746380000122e+01 1.205208063089999939e+02
8.041380354099999517e-01 4.044409185160000031e-02 1.710261898019999893e-01 -2.843535419300000089e-01 -1.364402255530000048e+02 7.750585060749999400e+01 1.203368315409999951e+02
3.147729205989999723e-01 2.986370924429999907e-02 1.726987610680000007e-01 -2.927441252079999723e-01 -1.349309396579999998e+02 7.742757001169999853e+01 1.206649923930000057e+02
1.545471746600000085e-01 3.182769769200000098e-02 1.714949631469999958e-01 -2.822418684140000078e-01 -1.358366032220000079e+02 7.711620325859999525e+01 1.208542215020000015e+02
2.688286273600000165e-01 4.018177320519999984e-02 1.765374838859999906e-01 -2.847755605769999865e-01 -1.363087389620000067e+02 7.675318145810000203e+01 1.199886726120000020e+02
1.166175081270000025e-01 3.924928223029999774e-02 1.627068591040000123e-01 -2.927052767130000066e-01 -1.360140896309999903e+02 7.862043493779999892e+01 1.206010602479999960e+02
1.117299754460000072e+00 3.517111759100000068e-02 1.727767133950000034e-01 -2.876301223880000091e-01 -1.357081141280000054e+02 7.753550717369999745e+01 1.203607344309999974e+02
2.796062341189999856e-01 3.718021994330000107e-02 1.695491635420000032e-01 -2.851891816079999975e-01 -1.363387187360000041e+02 7.763109141530000556e+01 1.205749955600000050e+02
1.627812527030000067e-01 3.060585700230000067e-02 1.681982174309999967e-01 -2.890973290409999952e-01 -1.349754930500000114e+02 7.775386168549999866e+01 1.206594574770000037e+02
1.901200011209999985e-01 3.470086838460000045e-02 1.678477191930000112e-01 -2.885617664649999803e-01 -1.353950363229999994e+02 7.752971890240000619e+01 1.211422884079999989e+02
1.402747704619999869e-01 3.707947610170000269e-02 1.706534165099999889e-01 -2.882204032730000254e-01 -1.359885565380000116e+02 7.714226858000000675e+01 1.205934972590000029e+02
1.354688291599999983e-01 3.903627893009999766e-02 1.675266897730000037e-01 -2.833773227999999977e-01 -1.364473442039999895e+02 7.747445915090000312e+01 1.206814124480000032e+02
1.181070927570000012e-01 3.843076948389999997e-02 1.665695922419999919e-01 -2.864696667439999844e-01 -1.361959816259999911e+02 7.829593961899999499e+01 1.208812520299999989e+02
6.258428192430000259e+00 3.615472555879999800e-02 1.663045792320000105e-01 -2.856157803830000064e-01 -1.360783147280000094e+02 7.820934025249999877e+01 1.209347610739999936e+02
3.279131791329999990e-01 3.285912971930000231e-02 1.726070048639999910e-01 -2.888931954469999841e-01 -1.354553792019999889e+02 7.728990296230000467e+01 1.207892551009999949e+02
2.386056598780000038e-01 3.791193793059999956e-02 1.701177928950000084e-01 -2.898222460639999776e-01 -1.361865199019999864e+02 7.790491373259999364e+01 1.202430137470000062e+02
1.647985324079999925e-01 3.490643329200000117e-02 1.692212901880000009e-01 -2.854859642620000137e-01 -1.361322177829999873e+02 7.775494477959999529e+01 1.204479811319999953e+02
1.313879324890000033e+00 3.559273247240000299e-02 1.649153441740000003e-01 -2.860918634629999735e-01 -1.362192071569999996e+02 7.814812525870000570e+01 1.208487830849999938e+02
1.471756089509999865e-01 3.931987962769999817e-02 1.701923461629999967e-01 -2.949677347670000005e-01 -1.357208792060000064e+02 7.820461968940000475e+01 1.203327747630000033e+02
7.436271494280000116e-01 3.881662842630000110e-02 1.685037680810000105e-01 -2.865434434770000038e-01 -1.361704958370000043e+02 7.761931118050000578e+01 1.204361156020000010e+02
1.281415511369999871e-01 3.451661386339999887e-02 1.691126515340000136e-01 -2.862776578369999880e-01 -1.354682614650000119e+02 7.749418461999999863e+01 1.207493280099999993e+02
1.202523143210000034e-01 3.743602238870000209e-02 1.724638429610000079e-01 -2.873883536069999911e-01 -1.357263217160000011e+02 7.760165375379999375e+01 1.201823952299999974e+02
5.048514530190000293e-01 4.110120295450000322e-02 1.670217564079999883e-01 -2.828915795320000037e-01 -1.365912300180000045e+02 7.761623836379999375e+01 1.203825399690000069e+02
2.880557677139999884e-01 3.189164432480000311e-02 1.728552151759999989e-01 -2.906128885600000045e-01 -1.352385363969999901e+02 7.723837209959999939e+01 1.208762123540000033e+02
1.392743839779999881e-01 3.742126040819999944e-02 1.722994433030000105e-01 -2.918740384349999828e-01 -1.353836287240000047e+02 7.767634101359999477e+01 1.204485355160000069e+02
1.593042658899999908e-01 3.275513306430000160e-02 1.727469569029999874e-01 -2.868087031939999809e-01 -1.355399842580000040e+02 7.727138021960000458e+01 1.208199454300000042e+02
1.216715378290000038e-01 3.284153740859999809e-02 1.725009532879999974e-01 -2.844487472839999920e-01 -1.356898125650000111e+02 7.704686414729999910e+01 1.207233487320000052e+02
1.920278840659999930e-01 3.733175304229999908e-02 1.687348971500000072e-01 -2.867113009269999790e-01 -1.361618570649999924e+02 7.740508903270000474e+01 1.202793394069999948e+02
4.197113858159999822e-01 3.414265957559999703e-02 1.675623767860000002e-01 -2.899901301600000258e-01 -1.352040723650000018e+02 7.750313131709999936e+01 1.206742322289999976e+02
1.926297340939999991e-01 3.452054539309999670e-02 1.710471954420000051e-01 -2.911832684690000006e-01 -1.353078098309999859e+02 7.710859389969999711e+01 1.205388997679999932e+02
2.627598596169999912e-01 3.721040087250000045e-02 1.691905121520000110e-01 -2.906171340779999945e-01 -1.355702124210000079e+02 7.809578509290000170e+01 1.204781270269999993e+02
3.981541298919999972e-01 3.796888513950000266e-02 1.724167027409999886e-01 -2.862758466040000171e-01 -1.360436454800000092e+02 7.704970856449999417e+01 1.205352234970000040e+02
1.492189507999999998e-01 3.544087341729999785e-02 1.715080735610000073e-01 -2.846767678009999858e-01 -1.359836194309999939e+02 7.706297241709999923e+01 1.204149187170000062e+02
1.179531522049999948e-01 4.101306290699999885e-02 1.694497390009999938e-01 -2.912062660949999993e-01 -1.362945621149999909e+02 7.813854506079999851e+01 1.202334788940000010e+02
2.382430510459999928e-01 3.469125819660000276e-02 1.684928784689999903e-01 -2.851936487539999954e-01 -1.355276304399999958e+02 7.771307009609999739e+01 1.208376972570000021e+02
1.161016443859999997e-01 3.410379472970000159e-02 1.691752679400000126e-01 -2.876262870340000055e-01 -1.358529320929999926e+02 7.772120823459999883e+01 1.209893418719999971e+02
1.133020362839999989e-01 3.560083954180000287e-02 1.673452381440000136e-01 -2.898362536899999897e-01 -1.358803272989999869e+02 7.822741972629999907e+01 1.206700024010000050e+02
1.973772343809999941e-01 3.764946527159999945e-02 1.663006586140000076e-01 -2.950933223989999910e-01 -1.354721364909999863e+02 7.827249139709999781e+01 1.202571511320000042e+02
1.189364538349999972e-01 3.628126860570000251e-02 1.701018175879999983e-01 -2.884788357070000031e-01 -1.361706479860000059e+02 7.765642932869999981e+01 1.204526197579999973e+02
1.071229410809999977e-01 3.827089780640000050e-02 1.670979418549999873e-01 -2.859666683750000105e-01 -1.356933124919999898e+02 7.795316658439999458e+01 1.207697244339999969e+02
2.368664081280000000e-01 3.574445694219999942e-02 1.683067689130000044e-01 -2.898183212220000193e-01 -1.354824900579999962e+02 7.752040805789999922e+01 1.203911956129999936e+02
1.063143657979999934e-01 3.609095149939999664e-02 1.706368366550000126e-01 -2.885866322599999756e-01 -1.360657480419999956e+02 7.744826665649999597e+01 1.202202598599999988e+02
8.172496580550000500e-01 4.026255336859999728e-02 1.735987537779999923e-01 -2.890364903900000115e-01 -1.360168073959999901e+02 7.724928742080000177e+01 1.199592312700000036e+02
1.046569017829999948e-01 3.230815064950000315e-02 1.660303434160000091e-01 -2.853768469849999878e-01 -1.359948445649999940e+02 7.781360812459999465e+01 1.207376277750000071e+02
2.321427128430000042e-01 3.666057168549999995e-02 1.707536312479999985e-01 -2.919437844389999870e-01 -1.354226298819999954e+02 7.757007201499999383e+01 1.204702289500000063e+02
2.289988329679999990e-01 2.675906296359999853e-02 1.716150749239999940e-01 -2.854417992270000259e-01 -1.349917898580000042e+02 7.713551060579999330e+01 1.209257463600000051e+02
1.696045135679999927e-01 3.420259612360000007e-02 1.690334693109999953e-01 -2.847041621370000053e-01 -1.358419701919999909e+02 7.716313745719999417e+01 1.211087612569999976e+02
1.263820534729999945e-01 4.042190208279999863e-02 1.691363070069999974e-01 -2.857874794390000139e-01 -1.366004169599999898e+02 7.763163954639999531e+01 1.201432682840000012e+02
1.186063858090000034e+00 3.752705485840000105e-02 1.687466990860000127e-01 -2.904653130679999973e-01 -1.359973216809999883e+02 7.830012736279999785e+01 1.204627513730000032e+02
