1.377574782079999949e-01 1.131459790160000006e-01 -3.609569773049999819e-01 -1.317537078800000074e+02 8.524818751829999997e+01 9.049646160640000403e+01
1.333091465000000031e-01 1.133575411579999942e-01 -3.658991707309999786e-01 -1.311740264830000058e+02 8.510185162010000681e+01 9.062720876560000249e+01
1.365262491060000027e-01 1.031635655589999978e-01 -3.600219305919999946e-01 -1.316948895479999919e+02 8.590906067500000631e+01 9.070304601339999806e+01
1.393034503639999921e-01 1.115226363679999999e-01 -3.599362352850000168e-01 -1.317597364149999919e+02 8.553454681450000407e+01 9.032601632099999733e+01
1.299977071629999925e-01 1.106684257150000045e-01 -3.612620116349999910e-01 -1.315504884599999968e+02 8.581180973239999332e+01 9.052669488989999991e+01
1.339963080969999998e-01 1.059196122750000052e-01 -3.592475427569999935e-01 -1.314525157930000034e+02 8.573971217589999583e+01 9.072701934600000584e+01
1.301581427580000005e-01 1.093789267279999949e-01 -3.624936512949999967e-01 -1.312045586849999950e+02 8.515391915520000055e+01 9.077194581089999303e+01
1.339442177800000133e-01 1.120328814780000015e-01 -3.647878190250000152e-01 -1.314416232689999902e+02 8.562435447769999541e+01 9.089598754150000559e+01
1.342893511840000109e-01 1.122493193839999986e-01 -3.645757435020000048e-01 -1.311261239849999924e+02 8.578875303789999407e+01 9.056706748320000600e+01
1.277038800789999928e-01 1.053759278329999965e-01 -3.675948799189999727e-01 -1.308335296360000086e+02 8.563334358919999545e+01 9.089571167120000439e+01
1.306465742559999865e-01 1.096028490990000048e-01 -3.648016951549999942e-01 -1.315853766689999986e+02 8.526170503110000709e+01 9.074345685090000302e+01
1.322467237839999865e-01 1.083744959220000054e-01 -3.650101862919999940e-01 -1.309219585859999881e+02 8.554024717260000443e+01 9.086092020319999563e+01
1.368190114349999986e-01 1.112409037579999982e-01 -3.613786480019999803e-01 -1.317362453910000113e+02 8.534000782719999734e+01 9.037748919000000569e+01
1.361116680470000062e-01 1.113258938819999960e-01 -3.625276032549999972e-01 -1.316689164269999992e+02 8.551401780289999977e+01 9.022447984490000294e+01
1.272097677829999995e-01 1.066353239530000024e-01 -3.631734539340000234e-01 -1.309824616800000001e+02 8.534294558380000240e+01 9.094096972830000425e+01
1.331415861499999909e-01 1.114906095579999978e-01 -3.586808056229999764e-01 -1.316835809250000011e+02 8.539228063560000237e+01 9.102397278710000705e+01
1.329550227940000107e-01 1.092571339739999980e-01 -3.623697051729999896e-01 -1.313594339269999978e+02 8.560630593209999972e+01 9.078425724519999562e+01
1.303127139910000010e-01 1.139160134590000012e-01 -3.637619005809999972e-01 -1.311328750380000088e+02 8.545731141170000456e+01 9.036477885969999591e+01
1.359182849070000032e-01 1.079131694110000012e-01 -3.685080588840000115e-01 -1.313351831479999987e+02 8.574086729180000077e+01 9.096794574419999435e+01
1.261850468290000027e-01 1.075611672019999993e-01 -3.666463840820000097e-01 -1.308811740620000137e+02 8.546092154270000663e+01 9.099118518660000632e+01
1.262704541399999880e-01 1.085393338380000045e-01 -3.670347276970000183e-01 -1.310030859070000133e+02 8.574167797430000348e+01 9.097485752010000226e+01
1.275995632259999957e-01 1.069242557189999943e-01 -3.654540347310000215e-01 -1.309225567949999913e+02 8.575953508700000327e+01 9.112807386869999959e+01
1.348984039560000014e-01 1.101540848130000000e-01 -3.592654261909999924e-01 -1.314931649309999955e+02 8.533673539480000159e+01 9.088701842529999908e+01
1.298943551199999991e-01 1.129563644260000027e-01 -3.626490689119999944e-01 -1.312948845379999909e+02 8.546051529640000410e+01 9.080860217309999882e+01
1.268856011420000096e-01 1.088523581270000040e-01 -3.593843342160000232e-01 -1.315014265039999941e+02 8.564909999299999299e+01 9.100243942790000062e+01
1.305320455800000057e-01 1.024793919630000022e-01 -3.679216885759999944e-01 -1.311581031149999887e+02 8.618316765730000384e+01 9.071444284429999527e+01
1.291005808479999961e-01 1.086068807960000049e-01 -3.631617275940000056e-01 -1.311594211620000010e+02 8.520241977429999736e+01 9.085200967699999808e+01
1.331417308410000055e-01 1.054817203450000018e-01 -3.600021612520000192e-01 -1.315370332990000009e+02 8.581243905579999875e+01 9.076198303500000009e+01
1.307811215480000067e-01 1.169901367439999951e-01 -3.656986978160000068e-01 -1.312058860500000037e+02 8.531453860579999571e+01 9.073478431780000619e+01
1.351678517640000077e-01 1.101949588760000043e-01 -3.674791392580000204e-01 -1.315911221149999903e+02 8.562988809120000155e+01 9.046542750710000291e+01
1.330325032380000050e-01 1.100362194539999949e-01 -3.659220573199999937e-01 -1.310696336359999918e+02 8.539836908380000580e+01 9.104655442029999790e+01
1.369991747240000002e-01 1.086001006289999959e-01 -3.647245022919999857e-01 -1.315372674230000030e+02 8.575707054240000105e+01 9.038249719590000097e+01
1.320185345279999978e-01 1.152533145319999952e-01 -3.599094749210000055e-01 -1.314459301050000022e+02 8.491813404479999861e+01 9.074029440399999658e+01
1.346244800460000002e-01 1.076755011119999994e-01 -3.612931186939999928e-01 -1.315658838370000012e+02 8.551027366760000348e+01 9.078360481110000535e+01
1.314426071700000032e-01 1.140628048439999986e-01 -3.655246840579999823e-01 -1.310257638520000114e+02 8.533933209820000343e+01 9.095348096710000618e+01
1.292502961070000067e-01 1.082989615439999970e-01 -3.625719077930000256e-01 -1.311064564529999927e+02 8.559380145619999780e+01 9.068702998400000581e+01
1.291568692589999956e-01 1.118682935410000023e-01 -3.630945163700000089e-01 -1.312316110410000078e+02 8.563603011909999907e+01 9.139596363520000466e+01
1.311631558639999862e-01 1.096371971589999994e-01 -3.658876369690000074e-01 -1.306697151740000038e+02 8.549978805259999604e+01 9.097965260659999842e+01
1.365455322730000087e-01 1.120229454459999996e-01 -3.663217980440000021e-01 -1.316264346220000050e+02 8.519650330899999346e+01 9.065899479879999490e+01
1.332183446530000037e-01 1.109024317330000037e-01 -3.625121665650000158e-01 -1.314191123679999862e+02 8.534385618950000207e+01 9.065629855589999408e+01
1.342240926300000137e-01 1.052542490140000037e-01 -3.612239486480000039e-01 -1.315466947109999865e+02 8.576783219310000561e+01 9.072199593249999339e+01
1.284593219100000072e-01 1.097500017259999960e-01 -3.582031361160000205e-01 -1.315697980520000101e+02 8.575734913259999814e+01 9.107457639950000328e+01
1.329570136160000138e-01 1.116907147430000052e-01 -3.611170761410000263e-01 -1.316709361009999952e+02 8.522595984779999867e+01 9.104868846600000154e+01
1.292456996330000052e-01 1.086621433759999977e-01 -3.675716250009999908e-01 -1.312045808999999963e+02 8.594263724099999990e+01 9.110883934599999634e+01
1.271051705959999889e-01 1.095084189009999931e-01 -3.600479153869999838e-01 -1.309565537770000105e+02 8.556038315479999312e+01 9.095242909879999615e+01
1.321426863219999914e-01 1.074939918880000039e-01 -3.613425576729999977e-01 -1.311548392740000111e+02 8.511795955620000598e+01 9.092581458040000086e+01
1.292379855059999916e-01 1.100301612560000003e-01 -3.687297323400000049e-01 -1.307863633929999878e+02 8.554195629359999486e+01 9.090216506439999478e+01
1.330554807980000032e-01 1.104779206540000003e-01 -3.578974156759999747e-01 -1.312931478319999883e+02 8.528385622570000635e+01 9.069233229939999319e+01
1.307203572869999886e-01 1.106387088400000024e-01 -3.632927511960000189e-01 -1.317189986630000078e+02 8.531655698829999324e+01 9.099297727920000511e+01
1.363617989149999987e-01 1.118749486410000049e-01 -3.587197295349999759e-01 -1.316175266740000040e+02 8.538466196139999909e+01 9.032898990370000547e+01
1.323837880269999878e-01 1.076640479270000034e-01 -3.660541142409999837e-01 -1.310295637240000133e+02 8.529570617480000294e+01 9.100030622030000416e+01
1.296452488900000088e-01 1.117381914680000005e-01 -3.656206869359999723e-01 -1.312142017090000081e+02 8.588549809389999723e+01 9.088102979640000001e+01
1.311187341260000028e-01 1.113169502999999949e-01 -3.665855566199999749e-01 -1.311137692149999907e+02 8.552659308740000199e+01 9.097744062300000678e+01
1.209859512770000006e-01 1.109201185040000065e-01 -3.622012978820000062e-01 -1.308098664439999936e+02 8.556410965150000436e+01 9.126054871159999493e+01
1.357726739909999869e-01 1.109782504449999957e-01 -3.654455664090000000e-01 -1.311168827729999862e+02 8.527976603320000493e+01 9.066004608990000690e+01
1.251076444910000085e-01 1.138603377129999983e-01 -3.705858210160000166e-01 -1.307217427349999923e+02 8.524292861380000375e+01 9.080602875409999797e+01
1.342831312980000136e-01 1.081007789050000001e-01 -3.664023270149999734e-01 -1.314953284890000020e+02 8.577668703370000003e+01 9.064989983089999726e+01
1.306504438520000033e-01 1.097410187729999931e-01 -3.703489595439999893e-01 -1.311676108800000122e+02 8.576299024230000612e+01 9.086409196869999505e+01
1.308629495539999910e-01 1.070875552479999965e-01 -3.628053492169999728e-01 -1.317588797420000049e+02 8.562478706340000656e+01 9.069696894569999301e+01
1.312820666539999959e-01 1.096018887500000011e-01 -3.606300712719999746e-01 -1.315674260140000058e+02 8.528346386030000303e+01 9.068974000750000641e+01
1.345354256480000010e-01 1.090547706030000064e-01 -3.614380058219999747e-01 -1.317576868970000135e+02 8.528902387450000333e+01 9.083794600919999596e+01
1.345951490969999886e-01 1.047244853540000020e-01 -3.691470529279999857e-01 -1.311797876960000053e+02 8.617988772420000032e+01 9.059857737289999591e+01
1.299966841430000020e-01 1.106138147049999937e-01 -3.695489598810000054e-01 -1.308542959339999925e+02 8.567861692990000222e+01 9.080404239780000353e+01
1.299435032650000099e-01 1.131937019269999983e-01 -3.659206556890000073e-01 -1.312890014079999901e+02 8.524971168439999758e+01 9.073836365959999739e+01
1.293922567520000011e-01 1.042624750199999950e-01 -3.683182139719999859e-01 -1.311515520600000002e+02 8.622675192030000346e+01 9.102095532170000070e+01
1.360954684219999877e-01 1.068011407649999966e-01 -3.685300501550000107e-01 -1.313418321050000088e+02 8.598617671590000100e+01 9.055385555029999978e+01
1.306290171970000136e-01 1.034041833340000049e-01 -3.694962534890000039e-01 -1.311161533149999912e+02 8.602918301249999899e+01 9.093584224410000161e+01
1.320762584759999914e-01 1.104633475819999933e-01 -3.548742010629999943e-01 -1.317962428159999888e+02 8.516694313840000063e+01 9.080689670280000314e+01
1.272088582160000036e-01 1.069684863639999983e-01 -3.575147259459999782e-01 -1.311468427460000044e+02 8.546091863499999874e+01 9.118426086819999909e+01
1.260466802720000001e-01 1.088155441830000042e-01 -3.589195028489999828e-01 -1.311615257070000098e+02 8.530470193419999703e+01 9.095506078370000580e+01
1.256834806619999967e-01 1.102818350959999943e-01 -3.656292108129999829e-01 -1.312600635230000137e+02 8.566241332959999966e+01 9.091598084289999804e+01
1.335329892379999994e-01 1.078771857549999935e-01 -3.667985794440000169e-01 -1.315088764129999959e+02 8.557900507009999558e+01 9.096659276869999644e+01
1.312101298259999993e-01 1.101638774620000011e-01 -3.633715345469999969e-01 -1.315558888639999964e+02 8.509924526730000593e+01 9.099839979729999584e+01
1.294953642810000027e-01 1.106713532559999991e-01 -3.646485642810000094e-01 -1.312286064740000029e+02 8.541685645699999441e+01 9.082890021859999763e+01
1.299258204079999923e-01 1.101543400919999943e-01 -3.568171386419999869e-01 -1.314635968069999876e+02 8.553572912079999924e+01 9.123529838749999499e+01
1.346281175469999924e-01 1.161995607830000055e-01 -3.596377026129999877e-01 -1.314237170350000099e+02 8.517249798699999985e+01 9.061698532820000196e+01
1.310872077090000087e-01 1.085143525919999991e-01 -3.622430796189999858e-01 -1.316776211789999991e+02 8.584986150059999943e+01 9.094438940630000445e+01
1.310902223819999934e-01 1.092603583909999981e-01 -3.635224309519999863e-01 -1.310602533390000133e+02 8.534365090270000564e+01 9.076618149360000132e+01
1.296734721109999988e-01 1.053627460549999978e-01 -3.624550498779999796e-01 -1.312613747059999980e+02 8.596645536849999303e+01 9.081231168989999958e+01
1.327627341369999880e-01 1.101313270949999951e-01 -3.609766216840000208e-01 -1.313790340390000040e+02 8.605891105089999371e+01 9.088489063759999453e+01
1.334426055229999963e-01 1.096381850409999942e-01 -3.643016954589999856e-01 -1.315086836870000013e+02 8.554009321499999885e+01 9.029039314109999737e+01
1.278444657080000102e-01 1.104646519910000013e-01 -3.604195319660000174e-01 -1.313710478380000097e+02 8.528801597010000535e+01 9.113601375710000241e+01
1.267193116470000103e-01 1.077358804609999943e-01 -3.642999744579999977e-01 -1.309101309829999877e+02 8.560620742220000068e+01 9.088638978199999485e+01
1.292665751990000056e-01 1.093371227010000030e-01 -3.591035749220000128e-01 -1.317647045520000120e+02 8.543187751809999497e+01 9.085646139179999636e+01
1.326598262049999977e-01 1.081628575590000002e-01 -3.605156558900000086e-01 -1.315193328350000002e+02 8.554197755830000460e+01 9.109789729519999923e+01
1.378526298870000055e-01 1.095911584430000058e-01 -3.658367978300000045e-01 -1.314056935810000084e+02 8.592953384140000139e+01 9.055393944169999543e+01
1.250618984499999864e-01 1.087060746149999951e-01 -3.648203829239999862e-01 -1.308569780050000020e+02 8.574009731440000337e+01 9.107007677420000391e+01
1.292503942309999876e-01 1.156885028719999986e-01 -3.698314285820000213e-01 -1.307363349100000107e+02 8.510537201139999297e+01 9.062368280420000133e+01
1.362774310160000113e-01 1.072168705860000043e-01 -3.682188277160000078e-01 -1.312809226429999967e+02 8.572937938889999998e+01 9.064651165419999757e+01
1.328878762410000136e-01 1.113296084570000039e-01 -3.634497376959999748e-01 -1.316724006050000071e+02 8.552137321850000262e+01 9.023207316260000255e+01
1.297645486890000033e-01 1.074289769589999999e-01 -3.624973777050000123e-01 -1.315984466900000029e+02 8.540935732580000206e+01 9.107522171620000506e+01
1.342419867630000041e-01 1.134849336470000053e-01 -3.671345903570000235e-01 -1.310830776599999865e+02 8.534968405019999693e+01 9.057310047119999297e+01
1.321552869500000060e-01 1.110310791920000040e-01 -3.664012866090000098e-01 -1.311331268659999978e+02 8.596389240269999732e+01 9.047686494360000609e+01
1.280382470199999956e-01 1.114822627420000017e-01 -3.612612085790000149e-01 -1.310770336369999995e+02 8.532912144220000528e+01 9.077329966359999958e+01
1.291993832970000089e-01 1.117587978620000061e-01 -3.629165462000000231e-01 -1.315002133239999864e+02 8.558024228809999556e+01 9.060360979840000084e+01
1.331374140619999979e-01 1.097599090159999957e-01 -3.696831183479999949e-01 -1.310314041130000078e+02 8.583568216940000184e+01 9.036542606650000664e+01
1.275298408509999981e-01 1.120848106540000000e-01 -3.635433010879999816e-01 -1.314462675030000014e+02 8.502462106769999650e+01 9.106989721569999574e+01
1.289365493359999892e-01 1.076262114420000054e-01 -3.691168516269999755e-01 -1.307382874310000034e+02 8.590289566730000104e+01 9.069981214550000459e+01
1.290988622079999870e-01 1.168514316800000064e-01 -3.662011857799999937e-01 -1.309672503879999965e+02 8.530400795069999731e+01 9.069982671930000606e+01
1.353002334510000071e-01 1.135239768789999965e-01 -3.643935752599999911e-01 -1.316576715980000074e+02 8.505001153480000653e+01 9.055111670130000334e+01
1.287301888029999952e-01 1.125260481770000015e-01 -3.640340358129999787e-01 -1.313084513930000128e+02 8.580973883000000058e+01 9.104860600599999998e+01
1.286390643389999922e-01 1.051373923140000027e-01 -3.696565962230000113e-01 -1.308539262500000007e+02 8.610230937670000628e+01 9.101566644870000289e+01
1.356529361280000012e-01 1.128460212910000066e-01 -3.616838149559999938e-01 -1.317052199199999905e+02 8.567207746270000257e+01 9.051360058070000036e+01
1.314529593050000056e-01 1.086727082219999946e-01 -3.631149077270000025e-01 -1.308646705970000141e+02 8.582150663769999710e+01 9.060774704739999663e+01
1.317174731749999883e-01 1.119797139759999977e-01 -3.614638524039999745e-01 -1.316462965460000021e+02 8.546847992760000068e+01 9.067085712630000671e+01
1.327211925879999976e-01 1.111772982970000018e-01 -3.628810881030000157e-01 -1.311096952739999892e+02 8.515881711679999455e+01 9.034648946970000338e+01
1.323652044920000104e-01 1.103770250629999977e-01 -3.675387924379999727e-01 -1.310679260930000112e+02 8.574121160660000385e+01 9.042042013100000020e+01
1.279720688329999967e-01 1.121871811340000025e-01 -3.655906975389999758e-01 -1.308807655749999981e+02 8.521939370510000344e+01 9.078330271270000651e+01
1.306736672019999934e-01 1.020628162340000006e-01 -3.630926596480000268e-01 -1.315002680560000101e+02 8.616462616959999821e+01 9.084017267219999781e+01
1.338151403270000095e-01 1.070067956510000057e-01 -3.635901051800000117e-01 -1.313434220000000039e+02 8.549322275219999767e+01 9.052474310430000060e+01
1.287628597100000105e-01 1.111193202230000010e-01 -3.576205742870000037e-01 -1.315459718630000054e+02 8.529466080269999395e+01 9.066241829649999318e+01
1.277894245679999929e-01 1.075453760350000010e-01 -3.633848017340000069e-01 -1.311696735310000008e+02 8.574439081750000469e+01 9.115683819859999915e+01
1.322471369169999911e-01 1.109590524149999952e-01 -3.674084786240000011e-01 -1.310125884560000031e+02 8.527805815790000565e+01 9.103316487050000205e+01
1.344112305869999968e-01 1.064445881979999980e-01 -3.616609807080000127e-01 -1.315187097879999953e+02 8.551912906699999439e+01 9.049947201210000003e+01
1.291440712109999944e-01 1.130710594710000044e-01 -3.600815709390000063e-01 -1.311439111109999942e+02 8.509446238760000369e+01 9.095343216019999488e+01
1.382381774969999866e-01 1.082294575709999984e-01 -3.616816591059999753e-01 -1.319624786710000137e+02 8.579385383250000530e+01 9.050316599340000323e+01
1.289177579989999878e-01 1.099031495270000047e-01 -3.595294230309999950e-01 -1.316877459869999996e+02 8.560264937549999331e+01 9.100081146440000168e+01
1.360878161809999931e-01 1.126586058270000051e-01 -3.645374479060000117e-01 -1.314777954150000028e+02 8.565656000680000659e+01 9.024931015010000124e+01
1.334112420640000130e-01 1.114684058770000069e-01 -3.588387176810000079e-01 -1.319209423599999980e+02 8.532227379270000256e+01 9.089509854099999586e+01
1.303253050809999869e-01 1.100644014800000042e-01 -3.665436125250000066e-01 -1.309194908220000002e+02 8.544370893919999332e+01 9.083623767449999775e+01
1.319687172760000138e-01 1.127764630020000047e-01 -3.649691235559999747e-01 -1.310427424350000081e+02 8.547492452119999484e+01 9.080196478759999934e+01
1.358208098360000060e-01 1.117372068860000012e-01 -3.628711711470000156e-01 -1.317431339180000123e+02 8.523244090560000075e+01 9.064654415969999945e+01
1.289643404009999939e-01 1.131236233670000063e-01 -3.601957461659999749e-01 -1.314067161119999980e+02 8.501770484840000108e+01 9.092753428189999454e+01
1.332164028210000017e-01 1.047752417839999950e-01 -3.632207118399999879e-01 -1.316797007220000069e+02 8.595784311309999737e+01 9.055447544480000488e+01
1.340458343679999942e-01 1.110736477019999974e-01 -3.625768568959999993e-01 -1.311417648610000128e+02 8.508156498939999324e+01 9.063336219880000044e+01
1.280383061270000122e-01 1.120759669640000039e-01 -3.624853802369999989e-01 -1.314423483109999893e+02 8.519888969939999868e+01 9.100568784659999721e+01
1.345486231789999876e-01 1.118217222770000047e-01 -3.642646230020000209e-01 -1.317971840929999985e+02 8.533677360430000647e+01 9.068583994550000682e+01
1.278338692250000075e-01 1.125398595299999943e-01 -3.638485831189999797e-01 -1.312551367469999946e+02 8.509176757630000054e+01 9.084791345409999508e+01
1.307903619749999913e-01 1.086669409160000016e-01 -3.592559803040000221e-01 -1.315249118629999998e+02 8.585316323710000574e+01 9.095936905009999407e+01
1.310040138109999919e-01 1.071446091659999933e-01 -3.616502292580000000e-01 -1.313105652790000022e+02 8.546875425220000011e+01 9.089938725979999390e+01
1.268853410909999979e-01 1.103487704499999944e-01 -3.618344164939999996e-01 -1.313272037590000139e+02 8.540832725049999397e+01 9.138430182060000107e+01
1.361589924680000063e-01 1.122798057230000035e-01 -3.609554094749999886e-01 -1.317858685440000102e+02 8.529182381379999356e+01 9.091964960929999506e+01
1.285887028100000107e-01 1.099250326330000055e-01 -3.607092516870000209e-01 -1.312093283959999894e+02 8.553911090799999783e+01 9.139012055119999900e+01
1.329644267460000084e-01 1.107856086289999986e-01 -3.657980570350000127e-01 -1.313975410760000102e+02 8.573260256929999912e+01 9.071347129430000678e+01
1.363582329030000040e-01 1.108167243849999956e-01 -3.573545960789999976e-01 -1.318972835060000079e+02 8.532329200249999701e+01 9.087964896180000096e+01
1.271553115250000088e-01 1.075642919780000067e-01 -3.642854938080000160e-01 -1.311666527010000038e+02 8.561539839879999647e+01 9.109458819479999647e+01
1.237174568659999974e-01 1.133721105450000016e-01 -3.665015309040000058e-01 -1.307277315460000011e+02 8.515773599749999789e+01 9.089683861870000214e+01
1.320897636439999911e-01 1.100255860040000033e-01 -3.659826392469999745e-01 -1.308882548089999887e+02 8.565645470370000680e+01 9.114940491430000691e+01
1.312727533939999913e-01 1.087889255179999987e-01 -3.637681793109999728e-01 -1.314889448209999898e+02 8.540358456280000610e+01 9.076320859839999855e+01
1.298175194550000022e-01 1.080936007640000002e-01 -3.624808140310000204e-01 -1.314948251410000069e+02 8.602770867259999932e+01 9.090076108610000460e+01
1.343495220400000023e-01 1.104899312749999946e-01 -3.618930440370000112e-01 -1.313191226689999951e+02 8.547391618940000058e+01 9.074325823879999575e+01
1.274479677149999990e-01 1.084350664200000036e-01 -3.614869105860000209e-01 -1.315415152090000106e+02 8.579360246449999750e+01 9.108879105980000190e+01
1.316641595980000135e-01 1.110258376820000004e-01 -3.646077327669999812e-01 -1.309524815720000106e+02 8.565303872500000182e+01 9.056069632460000207e+01
1.282055393990000070e-01 1.074106039480000052e-01 -3.596792889040000274e-01 -1.314396466610000118e+02 8.572392300399999954e+01 9.119631989430000374e+01
1.273970801360000127e-01 1.162600078489999939e-01 -3.605683994960000027e-01 -1.312899023829999976e+02 8.512072187820000124e+01 9.086490352270000415e+01
1.285552300320000063e-01 1.112791949760000010e-01 -3.625493326359999768e-01 -1.311419667979999986e+02 8.579871464580000406e+01 9.095696122559999708e+01
1.252466656450000049e-01 1.055173465739999983e-01 -3.634008236069999898e-01 -1.308005292530000077e+02 8.587605884350000451e+01 9.108748239679999870e+01
1.346635353139999935e-01 1.111739787719999983e-01 -3.624013462990000045e-01 -1.314222661530000096e+02 8.513453781660000175e+01 9.083389058679999550e+01
1.354523904369999976e-01 1.132911116780000033e-01 -3.630718013690000245e-01 -1.313077171029999874e+02 8.533539494480000087e+01 9.082454297639999652e+01
1.330601604340000133e-01 1.091488976529999960e-01 -3.623394342790000056e-01 -1.314728001679999920e+02 8.575525915919999420e+01 9.087208959320000190e+01
1.286441226870000121e-01 1.140584621360000023e-01 -3.637011880070000203e-01 -1.314837265259999981e+02 8.515784889040000394e+01 9.062375602349999326e+01
1.294071680459999985e-01 1.083453832479999990e-01 -3.656460729539999788e-01 -1.308794487350000111e+02 8.576981077799999298e+01 9.095744661700000222e+01
1.326755056670000099e-01 1.075856866029999970e-01 -3.647431701519999736e-01 -1.314920745530000090e+02 8.592092867969999759e+01 9.085398242300000504e+01
1.273010997519999909e-01 1.120383495920000000e-01 -3.675747526359999795e-01 -1.307596707609999953e+02 8.536413838260000375e+01 9.093533336660000543e+01
1.338845948150000076e-01 1.133488524259999991e-01 -3.641908912430000256e-01 -1.312659928580000042e+02 8.557268497789999628e+01 9.075610001520000480e+01
1.322191303559999975e-01 1.099750550329999937e-01 -3.641053523089999855e-01 -1.314015223639999874e+02 8.515065022609999801e+01 9.121486702430000548e+01
1.341896035900000117e-01 1.107199081729999951e-01 -3.617561064579999930e-01 -1.315889982189999898e+02 8.567623432950000506e+01 9.048940768030000470e+01
1.303612829130000039e-01 1.142409398709999940e-01 -3.633245015709999914e-01 -1.309311882179999884e+02 8.541695785609999803e+01 9.102154670890000432e+01
1.244967848530000032e-01 1.093878258379999968e-01 -3.626931562299999801e-01 -1.310731882350000035e+02 8.556969472699999812e+01 9.087266623819999722e+01
1.328331148559999952e-01 1.096163270650000049e-01 -3.650662420099999861e-01 -1.309130863789999921e+02 8.576370341819999510e+01 9.074370750849999467e+01
1.296470260860000112e-01 1.067486374160000057e-01 -3.637801117150000207e-01 -1.312934986669999944e+02 8.567492901020000318e+01 9.095299288610000588e+01
1.344368103380000068e-01 1.123620103830000050e-01 -3.600980409780000224e-01 -1.317295932499999935e+02 8.539688822419999781e+01 9.055526834360000521e+01
1.290137518910000058e-01 1.110541906910000043e-01 -3.671291667589999808e-01 -1.311147647440000128e+02 8.529425039769999728e+01 9.100895970729999362e+01
1.379554873809999971e-01 1.122755635909999938e-01 -3.681981480379999949e-01 -1.314045311589999869e+02 8.543263261590000468e+01 9.073454972979999411e+01
1.329403174029999968e-01 1.117215001119999940e-01 -3.653850036280000269e-01 -1.305945045699999980e+02 8.554095597289999375e+01 9.129040942420000704e+01
1.336302046139999922e-01 1.067221587670000027e-01 -3.638650671159999739e-01 -1.314589058020000039e+02 8.579552555499999755e+01 9.102242756939999424e+01
1.346077566910000023e-01 1.040210711590000003e-01 -3.662947723700000213e-01 -1.313825914900000100e+02 8.608577015880000260e+01 9.043491648820000250e+01
1.309275607400000041e-01 1.104269832580000027e-01 -3.615773984840000010e-01 -1.314214130130000058e+02 8.547619281299999727e+01 9.107609460809999291e+01
1.311288365419999991e-01 1.097812429710000037e-01 -3.653052919490000217e-01 -1.311575070659999938e+02 8.576423170539999319e+01 9.056424087450000115e+01
1.317232454030000111e-01 1.107513200799999931e-01 -3.658269690479999947e-01 -1.314722102309999912e+02 8.574141369250000366e+01 9.053830486420000057e+01
1.328117262069999915e-01 1.084621346369999961e-01 -3.642167835189999980e-01 -1.311795255810000072e+02 8.556424275339999497e+01 9.101977389590000200e+01
1.309273847719999995e-01 1.072290400900000051e-01 -3.649732551570000205e-01 -1.310515124210000124e+02 8.558831469439999751e+01 9.134426989550000542e+01
1.336699090510000132e-01 1.070390419980000035e-01 -3.690755505159999950e-01 -1.310200452029999951e+02 8.546678989640000168e+01 9.069875573609999719e+01
1.321632825969999980e-01 1.044728576280000015e-01 -3.607525039430000136e-01 -1.312794011260000104e+02 8.571769990660000360e+01 9.076229870400000266e+01
1.354791262570000099e-01 1.087368235820000001e-01 -3.650998702570000254e-01 -1.314814937849999978e+02 8.538442187440000453e+01 9.067275449080000271e+01
1.292692261700000012e-01 1.085317010909999935e-01 -3.666135203600000003e-01 -1.312297672420000083e+02 8.572047248609999315e+01 9.043094186039999727e+01
1.319890229329999942e-01 1.095026853319999993e-01 -3.649620053900000105e-01 -1.318076661960000138e+02 8.540053314889999569e+01 9.063762668869999573e+01
1.304410856359999871e-01 1.126552911419999997e-01 -3.641761048800000178e-01 -1.311212369090000038e+02 8.582091005309999332e+01 9.070751297329999829e+01
1.345849763820000100e-01 1.097125405330000025e-01 -3.673758946430000227e-01 -1.313371947990000024e+02 8.606292129439999883e+01 9.067457921259999409e+01
1.341566127699999889e-01 1.085300050909999980e-01 -3.669453131220000164e-01 -1.308966249270000048e+02 8.587870161860000451e+01 9.089030100959999459e+01
1.323905573839999905e-01 1.085930445750000056e-01 -3.684774371489999978e-01 -1.309755968759999973e+02 8.585140558599999849e+01 9.090383232220000309e+01
1.301900913909999902e-01 1.103211698199999952e-01 -3.640962947640000169e-01 -1.311337515570000107e+02 8.552045097990000500e+01 9.079700169699999890e+01
1.320599346340000091e-01 1.060187901639999958e-01 -3.625172449430000277e-01 -1.313650827710000044e+02 8.574315150549999487e+01 9.048898323090000417e+01
1.298824026329999937e-01 1.113585829760000007e-01 -3.675010982929999837e-01 -1.312880222889999970e+02 8.587068240770000216e+01 9.089589343720000159e+01
1.294851650140000088e-01 1.033611704660000047e-01 -3.676941892269999790e-01 -1.312430163749999963e+02 8.594230551210000613e+01 9.093159358959999850e+01
1.300387925950000079e-01 1.074280415379999937e-01 -3.647531925299999922e-01 -1.311566997029999868e+02 8.563591907699999695e+01 9.109368774300000382e+01
1.298425748179999895e-01 1.102508376809999968e-01 -3.662134710309999930e-01 -1.307362296160000028e+02 8.561279631290000225e+01 9.098503496579999705e+01
1.348423466539999949e-01 1.111327498720000029e-01 -3.620127119959999917e-01 -1.313505534589999968e+02 8.589277025890000061e+01 9.065210421129999929e+01
1.310619743039999896e-01 1.139492050419999986e-01 -3.646950384870000228e-01 -1.312124319780000121e+02 8.506180073410000375e+01 9.100270961619999355e+01
1.320046152119999927e-01 1.082924521590000050e-01 -3.649477887390000230e-01 -1.311009644990000140e+02 8.535652113179999390e+01 9.113737392080000177e+01
1.316709234810000129e-01 1.101281523869999945e-01 -3.602988443810000163e-01 -1.313996235470000045e+02 8.526798528279999800e+01 9.125350867049999692e+01
1.331962419019999955e-01 1.079363641330000068e-01 -3.591936790170000005e-01 -1.313358826909999948e+02 8.552843901079999966e+01 9.085543787800000359e+01
1.281179045159999974e-01 1.118369146409999987e-01 -3.582257310129999817e-01 -1.313369864230000132e+02 8.558248669380000706e+01 9.081764963189999662e+01
1.338361125220000059e-01 1.086408721549999984e-01 -3.656180045119999944e-01 -1.316418833589999906e+02 8.555930589029999567e+01 9.061206959160000451e+01
1.326720471270000090e-01 1.121819099910000006e-01 -3.627334368530000241e-01 -1.313458776150000062e+02 8.501305461489999971e+01 9.086156839509999372e+01
1.311651212590000115e-01 1.092460659290000052e-01 -3.686418292040000155e-01 -1.308715273550000120e+02 8.572871105439999440e+01 9.049292171860000167e+01
1.310532987999999954e-01 1.091772584790000056e-01 -3.649905560799999726e-01 -1.311935461779999912e+02 8.588413683349999417e+01 9.100768339340000068e+01
1.321370046769999862e-01 1.086916730960000022e-01 -3.655664479519999954e-01 -1.314539093500000035e+02 8.532120389000000671e+01 9.060837674169999900e+01
1.328121863429999883e-01 1.081489697729999949e-01 -3.624804108060000196e-01 -1.313885719019999954e+02 8.515043943809999405e+01 9.097537050930000646e+01
1.287298863280000039e-01 1.062726837619999976e-01 -3.672001617480000202e-01 -1.308885038219999899e+02 8.570631161439999346e+01 9.095511625279999635e+01
1.330762130079999883e-01 1.117554839639999936e-01 -3.647785470589999801e-01 -1.323205271950000110e+02 8.522715176129999293e+01 9.062650184529999819e+01
1.315964749959999958e-01 1.126833788800000041e-01 -3.590522340649999755e-01 -1.313382522139999935e+02 8.570370421219999457e+01 9.088562811890000148e+01
1.332304120030000094e-01 1.103945267449999990e-01 -3.628550219460000004e-01 -1.315969148160000088e+02 8.562804832809999311e+01 9.080155075400000442e+01
1.286925188899999961e-01 1.035936659220000056e-01 -3.565904616750000256e-01 -1.314273430060000010e+02 8.597086517089999802e+01 9.109597243560000379e+01
1.334427245420000130e-01 1.119185188810000037e-01 -3.645733869019999740e-01 -1.314090505359999952e+02 8.520748006860000601e+01 9.062368591509999760e+01
1.309915022539999974e-01 1.067620008760000044e-01 -3.620486746750000151e-01 -1.310839215750000051e+02 8.544198914099999342e+01 9.077821379329999729e+01
1.280125831850000007e-01 1.066906321920000067e-01 -3.630607553440000079e-01 -1.313560109059999945e+02 8.584132978620000642e+01 9.089544187319999935e+01
1.248928808449999983e-01 1.119117661990000068e-01 -3.624024114100000138e-01 -1.311074652570000012e+02 8.544347100230000081e+01 9.107357587869999804e+01
1.346953717119999949e-01 1.094680674950000016e-01 -3.646635423030000211e-01 -1.317941893549999861e+02 8.544901861670000187e+01 9.081506618100000594e+01
1.367167728829999929e-01 1.112927769459999966e-01 -3.689374244160000260e-01 -1.313114060359999939e+02 8.571515444109999748e+01 9.034559010040000260e+01
1.318638390469999977e-01 1.094746484219999982e-01 -3.604701795940000175e-01 -1.316215868079999893e+02 8.526881476100000157e+01 9.052320834100000013e+01
1.310682168539999970e-01 1.097418809229999959e-01 -3.654157867450000263e-01 -1.312777334339999982e+02 8.595099955790000479e+01 9.081644451239999682e+01
1.332473422100000082e-01 1.084050724430000029e-01 -3.607610489909999774e-01 -1.316069152180000117e+02 8.583391382710000528e+01 9.075448027710000076e+01
1.337812798090000088e-01 1.092596009200000051e-01 -3.648911922729999868e-01 -1.311801461869999912e+02 8.538000446840000279e+01 9.063664315639999813e+01
1.277603750990000120e-01 1.113479149689999975e-01 -3.631190385899999984e-01 -1.314888661980000109e+02 8.509649926020000521e+01 9.085177230680000093e+01
1.316557409180000027e-01 1.063488533009999959e-01 -3.647380342770000228e-01 -1.314231847490000007e+02 8.575386711989999355e+01 9.083758062729999949e+01
1.311786170579999911e-01 1.135023791410000038e-01 -3.601086073079999839e-01 -1.311120867770000018e+02 8.552657997629999898e+01 9.071361140909999676e+01
1.307985364149999996e-01 1.052085598540000028e-01 -3.615372581110000150e-01 -1.316064295749999928e+02 8.592669302289999678e+01 9.098158679050000330e+01
1.311165776900000135e-01 1.118895879740000043e-01 -3.602963490919999789e-01 -1.314021735089999936e+02 8.503686412499999392e+01 9.119345951190000221e+01
1.357338139429999924e-01 1.107195782770000053e-01 -3.663492798229999736e-01 -1.315773817220000126e+02 8.518092042749999848e+01 9.068490439180000351e+01
1.335954229609999933e-01 1.085411480070000018e-01 -3.657660532340000215e-01 -1.314078851959999952e+02 8.598388030920000347e+01 9.070094142610000176e+01
1.305105060220000113e-01 1.123050190449999958e-01 -3.616677654539999787e-01 -1.312033622820000005e+02 8.521892242520000593e+01 9.075300329130000421e+01
1.333686938799999999e-01 1.165100185510000025e-01 -3.651962628779999998e-01 -1.312047433459999866e+02 8.502678747100000578e+01 9.074850583549999783e+01
1.341715890949999879e-01 1.093330427059999999e-01 -3.644911069610000109e-01 -1.316201561489999960e+02 8.552779695019999906e+01 9.044920181080000532e+01
1.310090649279999908e-01 1.131612435079999979e-01 -3.599272296009999872e-01 -1.316704963740000096e+02 8.510253087009999717e+01 9.079087794519999477e+01
1.302213946580000059e-01 1.054061916449999942e-01 -3.619326197330000050e-01 -1.311395071240000050e+02 8.602186240570000564e+01 9.096161190360000148e+01
1.287694254520000137e-01 1.108380465110000018e-01 -3.673773496650000192e-01 -1.310308466930000009e+02 8.575223463080000386e+01 9.106389904959999626e+01
1.335713400709999943e-01 1.053050463709999940e-01 -3.665770815759999968e-01 -1.310834444179999991e+02 8.588069160329999363e+01 9.099277916229999619e+01
1.217457870070000059e-01 1.136421276279999948e-01 -3.642306851139999746e-01 -1.308065804340000113e+02 8.535637389439999367e+01 9.121525204190000125e+01
1.305943307849999901e-01 1.131212885639999999e-01 -3.646279898320000101e-01 -1.312951696860000084e+02 8.536052566719999390e+01 9.114271837639999774e+01
1.310115247080000100e-01 1.097891545069999975e-01 -3.566846133339999780e-01 -1.316719852520000131e+02 8.553597896910000031e+01 9.066206753669999330e+01
1.339985446920000101e-01 1.085982088580000060e-01 -3.651980139200000086e-01 -1.316005194360000132e+02 8.605136794620000273e+01 9.067251541839999618e+01
1.297674371230000123e-01 1.126049417860000013e-01 -3.609337279000000009e-01 -1.313353438160000053e+02 8.535528617139999596e+01 9.105432989630000407e+01
1.310104254380000111e-01 1.117399868349999992e-01 -3.658182364659999797e-01 -1.307298856820000026e+02 8.536219377369999961e+01 9.073829685169999948e+01
1.370040590509999934e-01 1.067263818040000006e-01 -3.604625111520000091e-01 -1.317566066569999919e+02 8.572970226559999674e+01 9.054566207999999961e+01
1.307522656940000028e-01 1.097703096370000048e-01 -3.634304411509999833e-01 -1.310214324350000084e+02 8.542541039399999647e+01 9.093832982140000354e+01
1.320632436680000132e-01 1.079281083869999963e-01 -3.640232391930000033e-01 -1.318296435800000097e+02 8.593884065909999492e+01 9.069206739470000400e+01
1.263750847319999870e-01 1.088493643940000033e-01 -3.661581698249999905e-01 -1.308779519539999967e+02 8.565096866010000554e+01 9.061655201620000355e+01
1.283825927059999983e-01 1.121567703209999933e-01 -3.628623254539999898e-01 -1.313251111010000045e+02 8.501657089789999588e+01 9.068822664379999310e+01
1.300657495829999899e-01 1.059661179849999968e-01 -3.658887955780000256e-01 -1.309225750980000100e+02 8.577792601669999328e+01 9.064981043269999361e+01
1.305969868749999874e-01 1.079103544830000011e-01 -3.722485743949999759e-01 -1.309263803249999967e+02 8.601502638709999360e+01 9.076270875699999863e+01
1.310935187339999919e-01 1.076326211000000060e-01 -3.684305476260000267e-01 -1.310166845459999934e+02 8.567249308050000423e+01 9.105365512139999851e+01
1.318300416319999890e-01 1.099575110059999999e-01 -3.661947659299999991e-01 -1.312607761939999875e+02 8.603149954110000408e+01 9.098025845259999755e+01
1.288614604209999959e-01 1.129077744399999972e-01 -3.591181591170000131e-01 -1.313517705669999884e+02 8.522346119169999668e+01 9.116072619589999704e+01
1.316480141290000128e-01 1.125316350520000064e-01 -3.676202893489999846e-01 -1.312859384870000099e+02 8.516661116129999698e+01 9.068183560440000690e+01
1.254989214530000119e-01 1.082808236120000045e-01 -3.663044344529999830e-01 -1.308266957429999877e+02 8.571065730060000476e+01 9.117958016039999336e+01
1.296554880149999867e-01 1.097815009610000059e-01 -3.697074403439999934e-01 -1.307122589210000001e+02 8.581849920259999465e+01 9.091886559190000128e+01
1.296495007379999953e-01 1.098061774700000021e-01 -3.548264338839999810e-01 -1.315521733900000072e+02 8.560984626569999989e+01 9.097238687959999481e+01
1.320160533510000012e-01 1.093718903800000031e-01 -3.646432738570000165e-01 -1.314755843050000124e+02 8.568734871549999355e+01 9.124456284420000429e+01
1.337033791480000122e-01 1.131596919620000002e-01 -3.627323433290000065e-01 -1.313301209550000124e+02 8.515549354300000573e+01 9.070956128589999423e+01
1.346998358369999871e-01 1.153688434899999976e-01 -3.608698551289999945e-01 -1.316223091619999934e+02 8.542235017039999434e+01 9.048038968790000069e+01
1.332251250170000123e-01 1.091870564460000054e-01 -3.639979134990000142e-01 -1.311330602479999925e+02 8.555399095600000692e+01 9.099885664280000697e+01
1.319503558089999973e-01 1.130587141629999931e-01 -3.604705192800000124e-01 -1.312007232750000014e+02 8.492198984879999557e+01 9.090033427829999368e+01
1.331255122030000071e-01 1.172361490230000025e-01 -3.675879355389999881e-01 -1.313443118630000015e+02 8.523608730230000674e+01 9.071327542340000605e+01
1.290159585760000116e-01 1.133740312279999940e-01 -3.631538648539999747e-01 -1.311600368670000023e+02 8.518334107869999627e+01 9.109002601589999415e+01
1.308916469080000089e-01 1.052522778300000045e-01 -3.652847372590000141e-01 -1.313988953500000036e+02 8.590629607030000159e+01 9.092623386510000216e+01
1.320546766419999907e-01 1.030771238879999996e-01 -3.677924883700000036e-01 -1.311162986120000085e+02 8.613373917100000199e+01 9.084370807989999719e+01
1.313163769410000126e-01 1.082932800240000021e-01 -3.701701875760000093e-01 -1.310732617300000129e+02 8.573217853049999349e+01 9.086888594149999676e+01
1.295019709649999906e-01 1.069638495309999937e-01 -3.598209396240000246e-01 -1.311666540489999875e+02 8.571211010890000637e+01 9.092979581839999526e+01
1.325652845460000007e-01 1.090213253080000028e-01 -3.634852526710000142e-01 -1.313196518899999887e+02 8.586051144069999452e+01 9.063920826609999892e+01
1.316488657740000068e-01 1.048919512770000034e-01 -3.703484650960000013e-01 -1.312095752570000116e+02 8.589522329689999935e+01 9.071687315139999441e+01
1.344986448200000129e-01 1.188946461429999935e-01 -3.655942211009999832e-01 -1.312391719240000043e+02 8.491844374510000648e+01 9.053059799480000436e+01
1.338947260109999982e-01 1.103723228229999964e-01 -3.640400884750000232e-01 -1.312413862740000070e+02 8.558114657400000169e+01 9.067925734400000692e+01
1.344309011979999968e-01 1.136326823489999943e-01 -3.590095957800000237e-01 -1.316870206849999931e+02 8.518004176530000393e+01 9.077710633530000450e+01
1.262929041580000133e-01 1.131485931019999974e-01 -3.639929809149999862e-01 -1.311404642230000093e+02 8.534317790330000264e+01 9.090918892690000064e+01
1.344707224939999946e-01 1.098671089880000062e-01 -3.658398394549999821e-01 -1.314155559429999869e+02 8.549986228010000389e+01 9.077377250360000005e+01
1.344654157140000028e-01 1.128458970750000068e-01 -3.628757416469999830e-01 -1.315415752259999920e+02 8.510719824539999934e+01 9.086369732720000059e+01
1.323003657680000000e-01 1.078716410120000024e-01 -3.631827136890000141e-01 -1.311384115710000060e+02 8.583099751560000357e+01 9.088497326259999909e+01
1.312591766260000070e-01 1.103483078250000055e-01 -3.629598072390000096e-01 -1.313262984730000085e+02 8.515059547449999400e+01 9.097176986149999323e+01
1.302734799889999906e-01 1.099269266810000006e-01 -3.622116915040000107e-01 -1.312421825280000007e+02 8.602636401229999308e+01 9.071968670879999763e+01
1.356795922540000032e-01 1.043597312720000031e-01 -3.638162552209999734e-01 -1.315360036630000025e+02 8.590489576330000432e+01 9.080035799969999744e+01
1.361131428679999977e-01 1.097920248289999956e-01 -3.695945947540000276e-01 -1.309906579940000029e+02 8.568166093909999859e+01 9.072299339219999581e+01
1.348786967620000110e-01 1.113474010859999974e-01 -3.636164993109999855e-01 -1.312004450370000086e+02 8.542446403370000496e+01 9.057416051250000066e+01
1.315161502599999921e-01 1.087848405179999978e-01 -3.643184507389999882e-01 -1.311312774520000062e+02 8.530491974730000493e+01 9.073190020319999860e+01
1.336064117200000123e-01 1.069887829610000063e-01 -3.673268177399999779e-01 -1.310500572150000096e+02 8.560212717849999819e+01 9.074724939739999741e+01
1.384783721750000030e-01 1.116217385249999999e-01 -3.647419769479999796e-01 -1.313186162789999969e+02 8.541681121409999378e+01 9.034813309550000326e+01
1.327434340430000137e-01 1.089284071589999986e-01 -3.631122875130000094e-01 -1.314036619830000063e+02 8.562865263829999662e+01 9.033373904260000131e+01
1.317010945019999879e-01 1.071298934660000063e-01 -3.648198831169999767e-01 -1.310619416080000121e+02 8.563872306230000220e+01 9.072421886669999935e+01
1.274577237350000003e-01 1.108144265199999950e-01 -3.677901386629999769e-01 -1.310254101149999997e+02 8.551917356459999553e+01 9.114469001439999829e+01
1.292158047430000123e-01 1.113448055079999943e-01 -3.623103274869999835e-01 -1.313641076840000039e+02 8.544255610039999738e+01 9.074413744240000312e+01
1.325602206950000084e-01 1.098638688640000000e-01 -3.623158275480000134e-01 -1.311162635770000122e+02 8.559199459129999354e+01 9.080820781719999957e+01
1.282712089789999899e-01 1.060980002820000045e-01 -3.620650788409999765e-01 -1.311719232760000011e+02 8.546023932440000692e+01 9.122458847110000590e+01
1.268111750520000136e-01 1.050601155619999977e-01 -3.631996074550000175e-01 -1.310757891300000040e+02 8.578492745409999998e+01 9.143476502480000079e+01
1.325029713529999875e-01 1.093641003949999968e-01 -3.639186381969999884e-01 -1.307353652319999924e+02 8.565084188509999308e+01 9.087533368159999725e+01
1.339321407730000024e-01 1.075544840490000043e-01 -3.635628104759999757e-01 -1.315916208829999903e+02 8.542251998240000432e+01 9.099601548709999577e+01
1.288433981219999913e-01 1.117587443429999966e-01 -3.640012012270000263e-01 -1.308682758820000060e+02 8.581920152230000554e+01 9.087921578060000627e+01
1.308165289559999889e-01 1.136156322029999999e-01 -3.605304205839999776e-01 -1.310505853249999859e+02 8.534501488470000652e+01 9.076127990029999637e+01
1.313815143540000008e-01 1.139943598069999980e-01 -3.630313329550000079e-01 -1.316537550859999897e+02 8.509983061479999833e+01 9.100752385529999344e+01
1.347345383909999972e-01 1.060063105690000063e-01 -3.605477517519999897e-01 -1.316813059199999998e+02 8.580300643180000009e+01 9.100197352600000045e+01
1.310209461690000077e-01 1.099272467149999960e-01 -3.626159942719999751e-01 -1.310122240059999967e+02 8.517292138089999298e+01 9.063477282370000410e+01
1.317716664490000134e-01 1.113218942749999996e-01 -3.626404554359999866e-01 -1.314545348359999934e+02 8.576944337209999958e+01 9.062646237379999548e+01
1.319288297229999907e-01 1.098342961680000007e-01 -3.636013153859999902e-01 -1.315190315989999874e+02 8.568286230260000025e+01 9.089583619619999411e+01
1.341601193230000100e-01 1.075383655380000025e-01 -3.594703577139999884e-01 -1.314766491190000011e+02 8.575356345509999301e+01 9.086381348449999962e+01
1.340081315659999994e-01 1.079714742539999994e-01 -3.607738719870000055e-01 -1.314431399569999996e+02 8.557406509540000172e+01 9.089744313629999795e+01
1.313617669029999990e-01 1.076550868290000046e-01 -3.624733879659999825e-01 -1.314482739240000058e+02 8.602907222470000193e+01 9.085215024599999367e+01
1.322962181929999981e-01 1.107569478549999958e-01 -3.622389476460000091e-01 -1.311426042680000137e+02 8.523374944549999555e+01 9.117761647259999336e+01
1.306014429519999909e-01 1.106650131899999945e-01 -3.601779209689999761e-01 -1.317258510480000098e+02 8.556236222910000322e+01 9.097033195090000390e+01
1.343654155469999889e-01 1.089495034029999976e-01 -3.631347421409999998e-01 -1.313907313960000067e+02 8.584443357339999636e+01 9.071358424090000483e+01
1.342319126519999906e-01 1.060813859279999966e-01 -3.615231653900000119e-01 -1.318470376690000023e+02 8.559442567829999859e+01 9.097420664540000246e+01
1.306172114580000099e-01 1.100421266339999954e-01 -3.643999377450000132e-01 -1.310108807230000139e+02 8.590484133619999341e+01 9.074010169880000376e+01
1.327723069979999948e-01 1.093730237570000041e-01 -3.652639020769999911e-01 -1.316372765460000096e+02 8.575380936300000201e+01 9.088755724370000166e+01
1.325521956469999929e-01 1.132890687269999946e-01 -3.647963744280000031e-01 -1.308552099270000042e+02 8.536923402530000260e+01 9.053242278899999462e+01
1.295520932399999992e-01 1.067150405780000061e-01 -3.630404515899999796e-01 -1.316556455690000007e+02 8.570263861579999798e+01 9.085763466090000406e+01
1.315240377259999927e-01 1.101221458050000018e-01 -3.652302598189999805e-01 -1.309132091170000081e+02 8.527536062480000112e+01 9.088751926439999806e+01
1.326191977310000047e-01 1.109408898829999934e-01 -3.639566437360000073e-01 -1.312630776620000006e+02 8.521831165720000456e+01 9.052228929020000692e+01
1.347132131840000080e-01 1.099899706799999932e-01 -3.659737077319999976e-01 -1.316880645870000137e+02 8.575724405329999911e+01 9.046494507069999713e+01
1.318552195909999947e-01 1.099500456470000054e-01 -3.655929176869999742e-01 -1.312459183400000029e+02 8.505262493290000236e+01 9.086832637839999904e+01
1.307812065400000001e-01 1.103113283090000063e-01 -3.632563628300000125e-01 -1.311841530670000111e+02 8.565300553980000586e+01 9.121077989459999458e+01
1.336317516290000118e-01 1.073685274739999973e-01 -3.684199577600000275e-01 -1.313237085750000119e+02 8.571331601359999297e+01 9.049519507509999983e+01
1.354682512000000005e-01 1.096131456239999996e-01 -3.610542368929999801e-01 -1.317404840990000139e+02 8.526245209619999343e+01 9.094928364679999788e+01
1.300826552200000097e-01 1.052417451079999955e-01 -3.673723680020000160e-01 -1.310566231310000092e+02 8.607427143990000218e+01 9.082424226269999679e+01
1.319248795899999882e-01 1.086815284449999947e-01 -3.629741305049999922e-01 -1.310461816209999881e+02 8.542680002199999478e+01 9.107096351090000041e+01
1.310106954830000114e-01 1.112533312509999955e-01 -3.645959526940000250e-01 -1.313201408650000133e+02 8.563724955870000599e+01 9.072300813169999856e+01
1.324181081910000002e-01 1.114382940969999986e-01 -3.607873375399999749e-01 -1.313308393519999981e+02 8.549934447169999885e+01 9.102056741600000578e+01
1.324969321639999920e-01 1.096661151479999957e-01 -3.631376838090000225e-01 -1.313551935609999930e+02 8.561206330640000317e+01 9.073528593470000203e+01
1.349871829150000035e-01 1.080387308939999985e-01 -3.657947273020000223e-01 -1.314074999800000114e+02 8.552404501300000561e+01 9.046371974240000213e+01
1.378247776690000037e-01 1.125654388370000009e-01 -3.663623671740000032e-01 -1.313945443659999910e+02 8.555051460910000571e+01 9.036485112180000101e+01
1.314766602419999986e-01 1.105617270589999979e-01 -3.662769926309999979e-01 -1.309597315929999866e+02 8.531346093649999318e+01 9.079102543850000018e+01
1.296120509739999982e-01 1.059278117929999957e-01 -3.635756707930000164e-01 -1.316044179220000103e+02 8.576851295810000408e+01 9.091483481250000409e+01
1.307626900309999951e-01 1.111165669890000068e-01 -3.663800892769999984e-01 -1.310717738529999963e+02 8.604935008329999846e+01 9.072957331089999400e+01
1.344715148900000046e-01 1.104970114780000068e-01 -3.633307890670000040e-01 -1.317946427050000011e+02 8.526533171299999481e+01 9.047092577979999817e+01
1.332299131809999981e-01 1.116617438309999988e-01 -3.611177920079999826e-01 -1.315983399120000001e+02 8.549876120470000274e+01 9.087467250740000679e+01
1.337638202130000120e-01 1.101526592420000034e-01 -3.634444005920000054e-01 -1.314737813350000124e+02 8.506604190509999341e+01 9.065848185849999652e+01
1.311521981600000109e-01 1.103041566040000032e-01 -3.633253110010000175e-01 -1.309578397980000091e+02 8.590280339059999903e+01 9.073808449370000062e+01
1.321227580400000101e-01 1.120421178749999996e-01 -3.638623915340000181e-01 -1.308363507130000016e+02 8.510230120059999592e+01 9.091679645060000325e+01
1.298899421549999933e-01 1.167899170490000055e-01 -3.575916325080000235e-01 -1.314816364929999963e+02 8.484013006499999676e+01 9.074810633219999545e+01
1.408969642740000028e-01 1.124249116800000031e-01 -3.656862869249999926e-01 -1.315976278930000092e+02 8.532409842299999525e+01 9.029377483659999371e+01
1.323245599079999890e-01 1.129124037319999968e-01 -3.632517735779999812e-01 -1.312066880700000127e+02 8.525313761309999450e+01 9.060304475690000459e+01
1.356376602090000050e-01 1.135539458750000064e-01 -3.613689248670000076e-01 -1.316390892199999882e+02 8.521353783940000426e+01 9.044475489520000622e+01
1.303291590089999952e-01 1.106061169480000023e-01 -3.635884557219999924e-01 -1.311419594790000076e+02 8.520115398420000474e+01 9.078441898440000557e+01
1.332691095269999959e-01 1.080617298290000028e-01 -3.677435508160000199e-01 -1.313582336469999916e+02 8.554389536259999716e+01 9.087630407630000207e+01
1.349764331090000102e-01 1.113656572510000053e-01 -3.640285350199999881e-01 -1.316289376880000077e+02 8.531758315509999591e+01 9.078890095689999384e+01
1.304826216920000059e-01 1.025094976970000044e-01 -3.610891986120000063e-01 -1.313197589750000134e+02 8.599968572059999872e+01 9.109064571829999579e+01
1.304851703459999901e-01 1.133336179229999935e-01 -3.558519865329999865e-01 -1.315782141859999967e+02 8.525158302270000377e+01 9.092628463100000147e+01
1.341985581969999952e-01 1.095501902010000000e-01 -3.626104337650000176e-01 -1.314925097850000100e+02 8.561995515750000152e+01 9.048948210369999856e+01
1.352113647590000023e-01 1.089300338599999973e-01 -3.665997819519999923e-01 -1.312830124900000044e+02 8.565629796059999990e+01 9.073932881720000410e+01
1.337165057309999960e-01 1.035910229090000051e-01 -3.710872756660000271e-01 -1.311043352700000071e+02 8.601645132149999995e+01 9.059460407720000319e+01
1.287967478629999940e-01 1.078746640809999935e-01 -3.635947856710000092e-01 -1.309786678179999910e+02 8.594020507199999770e+01 9.077035689970000476e+01
1.320009333130000018e-01 1.085136667669999999e-01 -3.614554642710000043e-01 -1.314120223420000002e+02 8.592818608119999624e+01 9.125483000170000025e+01
1.306038471569999915e-01 1.087914484960000039e-01 -3.635156540400000247e-01 -1.306363331029999983e+02 8.572461742710000010e+01 9.093749702019999859e+01
1.307875700149999931e-01 1.104778459060000023e-01 -3.643497618489999756e-01 -1.309840173020000123e+02 8.563431135860000154e+01 9.106822477720000109e+01
1.346436344559999998e-01 1.079702062189999978e-01 -3.631459069460000189e-01 -1.314923420840000006e+02 8.577218643070000326e+01 9.092541113439999378e+01
1.326952305219999961e-01 1.049684808720000029e-01 -3.647716169879999804e-01 -1.316132167270000082e+02 8.593238659079999309e+01 9.079274393679999378e+01
1.314454068179999879e-01 1.092349922410000007e-01 -3.655054908450000029e-01 -1.309393440270000042e+02 8.512424080540000659e+01 9.073620719049999650e+01
1.307337190529999915e-01 1.107879445550000036e-01 -3.635365077009999890e-01 -1.314364445939999939e+02 8.574850847589999603e+01 9.068870643409999843e+01
1.335191541480000021e-01 1.107942163139999936e-01 -3.649616961480000032e-01 -1.309654646140000125e+02 8.560353294460000484e+01 9.064144031470000584e+01
1.299999683309999987e-01 1.105924395579999941e-01 -3.684564048130000158e-01 -1.307406493919999946e+02 8.546583070490000011e+01 9.076072100890000627e+01
1.358287625190000014e-01 1.059783827010000040e-01 -3.662775443910000206e-01 -1.313202579519999915e+02 8.587300144740000007e+01 9.068478112869999563e+01
1.325870207229999931e-01 1.130831031369999989e-01 -3.703041688850000068e-01 -1.311488320420000093e+02 8.518535071419999838e+01 9.060498633369999766e+01
1.355509630500000007e-01 1.177984111230000047e-01 -3.594016066240000029e-01 -1.317129031789999942e+02 8.493290805819999889e+01 9.075955292359999760e+01
1.272346723720000072e-01 1.065039847570000003e-01 -3.627001345299999957e-01 -1.312324615830000027e+02 8.569892189159999418e+01 9.083356715470000609e+01
1.278366390990000045e-01 1.089083181060000044e-01 -3.675339517539999989e-01 -1.308492219569999975e+02 8.573805030670000349e+01 9.096974176390000366e+01
1.314867749249999940e-01 1.133295982079999958e-01 -3.655721941399999730e-01 -1.312829382280000061e+02 8.577603235390000691e+01 9.081322713180000505e+01
1.335205019129999948e-01 1.102515637239999957e-01 -3.653195291249999865e-01 -1.312418164750000074e+02 8.547949634379999395e+01 9.046255495260000146e+01
1.310047254059999999e-01 1.138351305299999949e-01 -3.715752183009999876e-01 -1.308728972790000000e+02 8.535334577049999893e+01 9.080299611409999727e+01
1.352199488080000067e-01 1.094291481779999936e-01 -3.612131097360000154e-01 -1.316780522999999903e+02 8.560712596349999615e+01 9.067557514240000671e+01
1.301303890190000090e-01 1.085047107780000020e-01 -3.567158994669999972e-01 -1.315150090299999874e+02 8.557852753289999725e+01 9.118289294189999339e+01
1.328616623030000055e-01 1.117024549480000045e-01 -3.621572296619999798e-01 -1.313952807320000034e+02 8.570178185669999493e+01 9.049960654589999365e+01
1.324572649580000039e-01 1.099615007149999935e-01 -3.643680988679999788e-01 -1.316343419789999984e+02 8.552805817959999501e+01 9.099344506570000135e+01
1.306745608809999903e-01 1.066979864200000017e-01 -3.569041620469999843e-01 -1.315337574000000131e+02 8.568059185849999437e+01 9.076760376720000068e+01
1.311195168840000036e-01 1.113509630369999975e-01 -3.613401015670000271e-01 -1.311095262849999870e+02 8.523040469180000400e+01 9.090156157190000386e+01
1.312515382049999901e-01 1.131735267280000040e-01 -3.632380649129999806e-01 -1.312488798249999888e+02 8.540458707899999524e+01 9.084116410640000083e+01
1.307235675819999887e-01 1.150755082569999976e-01 -3.650385891740000055e-01 -1.312105420960000117e+02 8.520046290749999685e+01 9.042956108830000517e+01
1.299175424440000004e-01 1.095628759660000062e-01 -3.616054256310000103e-01 -1.317693450669999891e+02 8.588276580000000138e+01 9.086244841020000251e+01
1.321916525680000010e-01 1.119197313390000031e-01 -3.618644471560000242e-01 -1.313927471179999884e+02 8.521767316780000101e+01 9.040928634889999671e+01
1.358478573499999897e-01 1.130785709969999997e-01 -3.661787657039999866e-01 -1.311118018740000082e+02 8.521834890579999922e+01 9.063018414440000470e+01
1.326333617890000094e-01 1.102250523809999994e-01 -3.647884837859999840e-01 -1.311441565270000069e+02 8.545623028869999871e+01 9.052443130540000027e+01
1.371480214549999910e-01 1.119799102390000023e-01 -3.664910356630000088e-01 -1.318094264160000080e+02 8.544552705549999416e+01 9.038175304050000136e+01
1.313204586860000078e-01 1.087658202550000064e-01 -3.692509978369999946e-01 -1.311509022129999948e+02 8.593569786509999631e+01 9.084300398390000453e+01
1.324695605189999958e-01 1.076429168420000027e-01 -3.648832286009999759e-01 -1.313632658440000114e+02 8.528269873739999696e+01 9.056473224799999855e+01
1.341504418829999878e-01 1.090294436269999973e-01 -3.653631837149999839e-01 -1.313149001900000030e+02 8.576820711589999746e+01 9.056437239490000479e+01
1.306532075229999978e-01 1.104818072699999959e-01 -3.637334507810000006e-01 -1.312626727459999927e+02 8.498263921369999707e+01 9.098067959620000522e+01
1.312485855599999918e-01 1.135333141309999988e-01 -3.614185759890000127e-01 -1.314502586280000003e+02 8.492658163279999428e+01 9.060656829769999376e+01
1.294348368059999865e-01 1.074231194649999943e-01 -3.667265864939999731e-01 -1.313877966230000141e+02 8.551888397129999930e+01 9.095082107119999648e+01
1.309882411720000028e-01 1.103568442030000013e-01 -3.663133482050000000e-01 -1.314839352470000051e+02 8.591654773610000007e+01 9.056473226859999670e+01
1.320237246029999922e-01 1.090031974139999971e-01 -3.660829044710000035e-01 -1.308300058519999993e+02 8.537218409529999974e+01 9.084593135410000286e+01
1.332580867419999870e-01 1.058510120530000015e-01 -3.625447126910000262e-01 -1.313681032490000007e+02 8.588473098180000420e+01 9.082613345810000283e+01
1.303765791579999944e-01 1.117706377310000027e-01 -3.628349370519999839e-01 -1.317031768740000075e+02 8.544166601409999373e+01 9.118089000240000530e+01
1.305214351610000101e-01 1.071094565000000054e-01 -3.632840598450000069e-01 -1.315478663929999925e+02 8.564578491240000346e+01 9.088398561089999816e+01
1.272315177199999925e-01 1.120729058820000013e-01 -3.635357177399999862e-01 -1.314296714230000021e+02 8.564022413349999852e+01 9.096919555200000218e+01
1.329599725889999973e-01 1.024890346890000026e-01 -3.674205992010000088e-01 -1.314281023000000062e+02 8.621040937639999413e+01 9.094191048560000468e+01
1.324485562509999936e-01 1.112856771669999967e-01 -3.665420663150000258e-01 -1.309619798100000025e+02 8.534210105059999307e+01 9.075261978609999858e+01
1.263915113090000042e-01 1.059883760739999958e-01 -3.624028085039999736e-01 -1.310648604410000075e+02 8.591097213940000188e+01 9.122510645769999371e+01
1.313206530690000096e-01 1.058337047749999954e-01 -3.605355262759999957e-01 -1.316397927650000099e+02 8.575458374980000542e+01 9.094376779739999961e+01
1.345193908419999862e-01 1.107848156779999982e-01 -3.620878338890000103e-01 -1.313139400149999858e+02 8.538555950980000375e+01 9.029484545079999691e+01
1.313277151439999901e-01 1.108967405789999944e-01 -3.629254290560000040e-01 -1.315233942790000015e+02 8.595696947499999396e+01 9.082568641909999485e+01
1.293710736049999976e-01 1.092090291419999942e-01 -3.648208034029999935e-01 -1.314605268370000033e+02 8.553415865009999663e+01 9.136004428069999506e+01
1.272761347299999901e-01 1.109974636130000025e-01 -3.626900288209999879e-01 -1.315319683909999924e+02 8.549928840900000182e+01 9.107892419899999936e+01
1.351375591769999884e-01 1.109982496929999979e-01 -3.625403216329999845e-01 -1.313592142429999967e+02 8.547075799530000495e+01 9.041609205899999324e+01
1.342133362000000052e-01 1.095184694950000065e-01 -3.668754850370000153e-01 -1.311192197610000107e+02 8.533002027359999886e+01 9.092426118139999858e+01
1.335428820120000137e-01 1.062332010829999951e-01 -3.638488026219999782e-01 -1.313166273649999880e+02 8.599293242609999766e+01 9.050133916049999527e+01
1.308259871709999966e-01 1.124235991969999987e-01 -3.626226469359999927e-01 -1.314274850609999987e+02 8.568661750930000665e+01 9.085521890699999403e+01
1.306172288130000025e-01 1.067781528350000009e-01 -3.610461316399999898e-01 -1.310594891300000029e+02 8.556218211700000609e+01 9.110595889370000577e+01
1.261977946879999923e-01 1.102482825200000044e-01 -3.630180922630000251e-01 -1.314028893180000068e+02 8.552347063579999542e+01 9.117723412159999441e+01
1.338713518340000075e-01 1.090930129619999966e-01 -3.661275623040000093e-01 -1.313684118369999965e+02 8.570167496729999357e+01 9.075649684740000112e+01
1.287065949060000047e-01 1.121860441020000043e-01 -3.663697660649999910e-01 -1.312048382229999959e+02 8.522129582819999882e+01 9.088211632409999652e+01
1.335310194519999938e-01 1.093336518759999987e-01 -3.642586757599999836e-01 -1.307361575349999896e+02 8.560026435359999653e+01 9.075720878280000647e+01
1.310710646319999950e-01 1.085660805730000039e-01 -3.589258381559999878e-01 -1.316250793579999936e+02 8.564903085250000458e+01 9.105200158930000498e+01
1.329379700820000065e-01 1.116588231069999965e-01 -3.649155498350000193e-01 -1.309681639800000141e+02 8.520683784189999699e+01 9.109955169319999868e+01
1.381742420750000089e-01 1.061382736929999959e-01 -3.600268680500000040e-01 -1.316205081500000063e+02 8.578814433179999810e+01 9.068451824720000332e+01
1.337868683900000077e-01 1.055240585699999956e-01 -3.670692888950000121e-01 -1.309702974559999973e+02 8.586051267290000055e+01 9.068188931429999400e+01
1.313813264170000106e-01 1.070726161980000007e-01 -3.635800726669999872e-01 -1.315168925620000095e+02 8.578988712679999651e+01 9.052148022849999620e+01
1.353426747160000054e-01 1.064186592999999958e-01 -3.658942992040000175e-01 -1.315886988899999892e+02 8.564152347489999784e+01 9.057138134180000577e+01
1.310250876240000029e-01 1.116317580269999971e-01 -3.667914117419999731e-01 -1.310028360549999888e+02 8.574474899550000373e+01 9.081659178079999606e+01
1.348433513149999985e-01 1.112385308489999974e-01 -3.649066354350000152e-01 -1.313888685560000056e+02 8.530636099420000562e+01 9.083976163699999518e+01
1.312559607509999893e-01 1.103725418450000051e-01 -3.653491033019999890e-01 -1.310773450430000082e+02 8.581445114240000294e+01 9.069777590270000189e+01
1.329429978439999882e-01 1.055126765110000059e-01 -3.572066916469999742e-01 -1.315118775720000031e+02 8.579061187790000531e+01 9.094727413290000584e+01
1.291074081899999948e-01 1.124442027809999939e-01 -3.648921187279999812e-01 -1.309723055610000131e+02 8.542992381419999504e+01 9.118585235380000142e+01
1.298789001669999887e-01 1.094339600510000066e-01 -3.636636977880000066e-01 -1.311444599229999994e+02 8.535319581999999627e+01 9.130725409730000308e+01
1.317814123670000004e-01 1.089573521820000057e-01 -3.669683928729999822e-01 -1.312696849360000044e+02 8.558444351059999633e+01 9.088046901219999540e+01
1.336191189260000078e-01 1.086327322739999990e-01 -3.661851563219999939e-01 -1.315652614999999912e+02 8.553577822959999821e+01 9.052235117719999380e+01
1.280119937489999915e-01 1.124952708109999977e-01 -3.675606311929999759e-01 -1.311307833220000134e+02 8.544064176160000557e+01 9.073862109300000611e+01
1.254263958899999865e-01 1.073118941959999989e-01 -3.596894997489999968e-01 -1.309299709850000113e+02 8.554657632990000593e+01 9.116197381640000685e+01
1.370624616230000092e-01 1.146568624009999954e-01 -3.664539388740000181e-01 -1.314095874250000122e+02 8.536464723539999966e+01 9.058995834270000103e+01
1.298551730610000010e-01 1.116596152310000006e-01 -3.684504688010000195e-01 -1.307461325440000053e+02 8.529881184069999733e+01 9.073742140999999606e+01
1.302259140829999939e-01 1.073690175950000048e-01 -3.632280227429999786e-01 -1.313446131309999885e+02 8.532144489110000052e+01 9.085351732899999888e+01
1.345023745760000056e-01 1.119251829039999979e-01 -3.626305284279999763e-01 -1.315415536410000072e+02 8.524015684219999400e+01 9.059848925000000008e+01
1.340956929669999964e-01 1.126317784029999963e-01 -3.617509892890000134e-01 -1.313696308709999983e+02 8.542573609539999779e+01 9.044741558450000696e+01
1.330360475250000063e-01 1.108970851809999991e-01 -3.636764300579999887e-01 -1.314955781719999948e+02 8.535181606950000344e+01 9.072644898769999600e+01
1.338085231660000041e-01 1.124973565109999990e-01 -3.640213564529999890e-01 -1.316029521369999884e+02 8.558140158610000015e+01 9.084210167829999705e+01
1.332910029219999959e-01 1.069779146170000000e-01 -3.652743807530000053e-01 -1.310652067370000111e+02 8.590536439470000118e+01 9.070761377419999860e+01
1.309789114730000037e-01 1.126896903529999994e-01 -3.633153492369999848e-01 -1.314796560860000056e+02 8.559598142980000546e+01 9.108032192260000670e+01
1.331575340370000082e-01 1.135757359059999944e-01 -3.608249844349999957e-01 -1.314202756219999912e+02 8.538552987420000306e+01 9.084686021390000121e+01
1.316838638120000071e-01 1.093950457950000066e-01 -3.646855246219999902e-01 -1.309199887839999974e+02 8.602393749949999346e+01 9.069497332759999608e+01
1.331876117999999942e-01 1.097813588079999958e-01 -3.622443758930000146e-01 -1.312543535590000090e+02 8.557975470469999379e+01 9.058580297330000519e+01
1.329374351400000043e-01 1.071447162520000052e-01 -3.634965190719999795e-01 -1.317026157599999863e+02 8.562250108470000498e+01 9.050566210809999745e+01
1.310535688230000106e-01 1.095913453769999935e-01 -3.618697466260000217e-01 -1.308057735250000064e+02 8.544169881349999685e+01 9.093665687360000049e+01
1.287987221790000136e-01 1.104443425770000042e-01 -3.608821962809999895e-01 -1.311648152840000137e+02 8.529766942080000547e+01 9.078819829530000618e+01
1.308228924529999948e-01 1.070513144509999959e-01 -3.710743336380000201e-01 -1.310797747930000128e+02 8.598062614559999872e+01 9.091986715679999520e+01
1.322392773559999957e-01 1.127119269900000026e-01 -3.544929065169999949e-01 -1.316939481869999895e+02 8.516587060919999885e+01 9.086991626779999365e+01
1.313965132790000101e-01 1.077755280859999942e-01 -3.622743744310000236e-01 -1.315173048659999893e+02 8.550685194730000660e+01 9.074376537060000203e+01
1.347843417190000004e-01 1.130705842089999996e-01 -3.628120656609999939e-01 -1.318229186149999919e+02 8.535513045279999744e+01 9.094445872869999903e+01
1.291797489969999935e-01 1.152211205360000046e-01 -3.645491978829999979e-01 -1.310663411140000107e+02 8.536024496650000515e+01 9.090136099350000620e+01
1.287487232049999986e-01 1.140079145490000001e-01 -3.634643119859999882e-01 -1.309395774120000056e+02 8.544916320449999603e+01 9.080496084729999495e+01
1.339225871489999886e-01 1.096608547000000045e-01 -3.638048799979999859e-01 -1.311406843389999892e+02 8.539520553879999909e+01 9.024085681210000587e+01
1.286069804549999918e-01 1.130252155450000018e-01 -3.644221551269999915e-01 -1.313824519819999921e+02 8.518323560589999488e+01 9.111204156690000389e+01
1.330620218449999892e-01 1.101245055419999980e-01 -3.631478920049999726e-01 -1.313042905320000102e+02 8.506350783659999593e+01 9.047764716540000052e+01
1.344033815879999982e-01 1.082634442400000063e-01 -3.622311848579999882e-01 -1.313363126669999872e+02 8.560159039580000240e+01 9.105081207930000176e+01
1.292801641659999945e-01 1.112554643610000060e-01 -3.594070202579999762e-01 -1.313694050389999859e+02 8.509408944969999311e+01 9.085534376280000401e+01
1.333633532069999905e-01 1.117020886620000014e-01 -3.635442324809999848e-01 -1.314818984220000004e+02 8.564787755160000415e+01 9.072578827760000308e+01
1.320808970529999959e-01 1.100334914810000009e-01 -3.606138039880000257e-01 -1.314492688580000106e+02 8.555803084730000307e+01 9.112199346520000631e+01
1.286000090209999946e-01 1.139729796299999987e-01 -3.674579149930000121e-01 -1.307576407759999881e+02 8.538798549950000449e+01 9.105917617759999416e+01
1.305127483490000073e-01 1.080376192240000005e-01 -3.611449120840000138e-01 -1.313973935059999860e+02 8.554609356929999819e+01 9.132601255129999629e+01
1.290856774499999915e-01 1.067084409220000057e-01 -3.651281389759999940e-01 -1.312724078280000128e+02 8.577232138380000492e+01 9.107497926649999442e+01
1.307949245460000021e-01 1.069031101000000039e-01 -3.619930112379999843e-01 -1.317224545789999866e+02 8.540941941500000212e+01 9.076634697180000444e+01
1.348279057300000028e-01 1.113097027750000051e-01 -3.647951840720000116e-01 -1.314752744220000125e+02 8.537494767469999601e+01 9.062531703800000571e+01
1.319419431009999921e-01 1.133746920319999990e-01 -3.629758222999999728e-01 -1.315166871579999963e+02 8.568085260419999827e+01 9.063047679340000684e+01
1.346699843049999901e-01 1.087947207350000028e-01 -3.647957276059999865e-01 -1.312935571349999861e+02 8.586736582620000036e+01 9.100096906390000129e+01
1.281357933039999897e-01 1.095728439539999932e-01 -3.647301064730000264e-01 -1.308000636200000031e+02 8.550552536169999485e+01 9.125554189800000415e+01
1.296208199710000009e-01 1.085069493870000068e-01 -3.621050254300000049e-01 -1.315402900960000068e+02 8.582280552710000165e+01 9.109358953119999569e+01
1.337647881050000043e-01 1.098975295689999937e-01 -3.591811221669999887e-01 -1.315613586009999949e+02 8.527036311809999347e+01 9.090000443380000661e+01
1.361157689760000011e-01 1.145088737509999954e-01 -3.697346802939999733e-01 -1.310820226419999983e+02 8.538204075970000417e+01 9.067192293130000280e+01
1.307461329219999913e-01 1.125806719890000002e-01 -3.624626336719999897e-01 -1.311279276459999892e+02 8.524820715490000111e+01 9.084960523319999481e+01
1.324833521899999866e-01 1.068905353780000012e-01 -3.614031742459999919e-01 -1.318668674779999890e+02 8.567003866550000168e+01 9.055863567599999442e+01
1.329076365159999884e-01 1.115152975369999994e-01 -3.666536845000000211e-01 -1.312771477880000077e+02 8.587739487380000014e+01 9.107803852440000014e+01
1.361422279750000019e-01 1.076100075059999994e-01 -3.572494588799999815e-01 -1.320065642380000099e+02 8.580009274260000041e+01 9.074366289200000324e+01
1.348946017400000086e-01 1.110138557469999981e-01 -3.682247734119999949e-01 -1.313345206600000097e+02 8.553801841659999639e+01 9.034998359749999963e+01
1.288365849379999872e-01 1.098336724389999963e-01 -3.569604170569999901e-01 -1.312980003579999959e+02 8.559965857999999628e+01 9.087534837709999636e+01
1.369267359199999867e-01 1.085930577190000051e-01 -3.665048026370000267e-01 -1.313123914070000069e+02 8.578027260400000387e+01 9.057264042680000671e+01
1.317647946359999933e-01 1.119197813660000040e-01 -3.606899154100000060e-01 -1.316483175349999897e+02 8.494924626600000295e+01 9.092734821240000542e+01
1.311371309949999897e-01 1.113852018600000049e-01 -3.656724601470000002e-01 -1.310202605080000069e+02 8.550961116220000235e+01 9.081798278670000002e+01
1.343541911779999876e-01 1.106525503130000032e-01 -3.672205895710000112e-01 -1.315133280219999961e+02 8.594538517840000225e+01 9.076908158109999647e+01
1.364157300109999915e-01 1.124741580229999954e-01 -3.596981622020000158e-01 -1.316190180559999874e+02 8.550634635139999773e+01 9.066828179389999320e+01
1.250233121990000085e-01 1.142568489139999949e-01 -3.682945479429999835e-01 -1.308397970590000057e+02 8.531711167619999969e+01 9.089822009540000636e+01
1.275379663379999917e-01 1.131650487849999998e-01 -3.579126073089999860e-01 -1.314551339299999881e+02 8.526768527149999954e+01 9.103859344299999634e+01
1.360855601979999996e-01 1.184447589259999961e-01 -3.599390066659999832e-01 -1.315613062589999913e+02 8.498374930280000683e+01 9.048621770200000469e+01
1.349696804680000084e-01 1.035890652550000013e-01 -3.681361182719999903e-01 -1.313554922890000114e+02 8.600372634890000256e+01 9.069065809159999958e+01
1.307536176970000019e-01 1.141983988969999947e-01 -3.629871845020000154e-01 -1.312521241359999919e+02 8.556658694620000460e+01 9.066387399820000326e+01
1.331472144979999883e-01 1.109326540290000024e-01 -3.606728161000000155e-01 -1.316967176510000002e+02 8.556375662019999595e+01 9.082026497459999348e+01
1.257578290280000066e-01 1.095492658579999973e-01 -3.645851587760000068e-01 -1.307663911799999994e+02 8.555023821829999520e+01 9.074212065860000109e+01
1.300720734530000089e-01 1.093699646219999932e-01 -3.644111366300000210e-01 -1.309746996739999929e+02 8.529139756399999328e+01 9.128350900469999374e+01
1.328269362370000095e-01 1.123869547289999965e-01 -3.637471751810000264e-01 -1.314370842200000027e+02 8.508829759239999646e+01 9.092143355080000333e+01
1.350277521159999883e-01 1.090362716829999939e-01 -3.589166016190000197e-01 -1.316599288980000040e+02 8.535825483140000358e+01 9.088034742429999824e+01
1.342691127300000009e-01 1.075530183310000054e-01 -3.621401713719999971e-01 -1.314876300269999945e+02 8.601918049889999907e+01 9.105389838579999662e+01
1.319557427649999948e-01 1.073327085130000025e-01 -3.613071033329999793e-01 -1.314927139970000098e+02 8.597566551319999917e+01 9.105396006670000020e+01
1.283158877649999974e-01 1.142193848440000020e-01 -3.645395488320000155e-01 -1.311478941350000014e+02 8.528520290139999815e+01 9.104443189159999861e+01
1.337209852340000005e-01 1.113523866769999954e-01 -3.650201504939999952e-01 -1.314176330189999931e+02 8.571271675319999872e+01 9.039010422399999811e+01
1.307771338729999955e-01 1.105194954479999936e-01 -3.608603744259999968e-01 -1.316248401899999863e+02 8.567985606240000607e+01 9.063748484420000295e+01
1.315031162059999981e-01 1.060175637539999965e-01 -3.616986370620000057e-01 -1.316531589619999920e+02 8.583287657530000558e+01 9.090900369819999582e+01
1.348604160690000109e-01 1.112820213919999968e-01 -3.702977082880000159e-01 -1.311516455070000120e+02 8.585403384539999649e+01 9.064764888930000097e+01
1.346309383510000124e-01 1.099341545780000012e-01 -3.619284943609999972e-01 -1.314474767849999921e+02 8.545052703730000587e+01 9.069298320059999696e+01
1.299297255709999932e-01 1.106073250260000002e-01 -3.618633153760000276e-01 -1.310124067300000092e+02 8.539566641199999708e+01 9.092730134539999653e+01
1.329819621430000098e-01 1.138439516360000014e-01 -3.626265515959999908e-01 -1.311381674300000100e+02 8.561560736840000629e+01 9.051553874420000056e+01
1.371495238750000123e-01 1.084362506229999967e-01 -3.582198756569999754e-01 -1.316812574520000112e+02 8.547989561640000034e+01 9.059396642350000661e+01
1.272219296300000080e-01 1.145224581420000026e-01 -3.663224793059999818e-01 -1.310121822689999931e+02 8.519123750960000052e+01 9.113421170540000560e+01
1.327489477650000138e-01 1.136873390820000024e-01 -3.672961928340000015e-01 -1.308818502990000070e+02 8.553828951699999550e+01 9.077210544369999923e+01
1.282635443980000012e-01 1.143447647409999990e-01 -3.624807154540000131e-01 -1.312026593740000067e+02 8.533559485610000195e+01 9.108087892209999836e+01
1.284415107849999904e-01 1.142342336430000049e-01 -3.600468242470000191e-01 -1.313031136490000108e+02 8.517137695380000650e+01 9.096779244180000035e+01
1.331779039540000042e-01 1.103100993619999942e-01 -3.619830730699999943e-01 -1.315389929959999904e+02 8.526139113070000519e+01 9.052827588259999914e+01
1.293925717199999881e-01 1.091207655199999960e-01 -3.654991711360000006e-01 -1.308269413010000051e+02 8.522391723059999435e+01 9.080017013410000004e+01
1.298493705040000001e-01 1.128430083980000026e-01 -3.666408753220000150e-01 -1.309482995440000082e+02 8.496299172339999473e+01 9.078061159210000142e+01
1.326681094890000134e-01 1.103173226720000066e-01 -3.660041160429999829e-01 -1.310534519949999890e+02 8.583766162080000584e+01 9.065777052570000194e+01
1.337240819899999933e-01 1.141812632919999987e-01 -3.617687214149999941e-01 -1.314065608850000046e+02 8.508795983250000461e+01 9.087719403959999909e+01
1.311986151469999862e-01 1.132661466640000059e-01 -3.600594359479999951e-01 -1.314574994120000042e+02 8.506986276569999461e+01 9.068740481540000076e+01
1.369004232280000011e-01 1.105569365190000042e-01 -3.664604080880000114e-01 -1.315452096900000072e+02 8.585445657079999648e+01 9.053687226959999634e+01
1.301345726199999997e-01 1.098298687720000028e-01 -3.608346316050000113e-01 -1.310354302190000055e+02 8.561129563670000664e+01 9.099527327299999513e+01
1.298084012669999954e-01 1.105248633630000060e-01 -3.633817889529999956e-01 -1.314442589690000034e+02 8.557874315210000304e+01 9.116576880629999380e+01
1.313023375169999896e-01 1.083995514400000054e-01 -3.653440830179999765e-01 -1.314158464100000003e+02 8.590624009959999796e+01 9.080534112120000145e+01
1.330372339249999980e-01 1.073987520370000004e-01 -3.703144594669999790e-01 -1.309668679890000078e+02 8.576162751549999541e+01 9.043085768010000436e+01
1.321872441159999967e-01 1.114925534620000019e-01 -3.638863923260000077e-01 -1.316967317060000084e+02 8.553144698430000403e+01 9.073516696350000643e+01
1.337548127560000133e-01 1.083065889259999942e-01 -3.615634096790000251e-01 -1.309988589779999870e+02 8.573183173489999831e+01 9.095469035460000384e+01
1.311652862009999865e-01 1.098474462529999973e-01 -3.651427164450000151e-01 -1.310291158500000108e+02 8.525780596200000616e+01 9.057137520540000253e+01
1.319225104110000046e-01 1.121623964660000000e-01 -3.638275863100000063e-01 -1.315935851810000088e+02 8.536664951599999540e+01 9.049658237139999528e+01
1.359704363229999879e-01 1.152451902520000016e-01 -3.641439029929999793e-01 -1.313145856900000013e+02 8.523212310739999964e+01 9.037783179100000552e+01
1.281250747969999992e-01 1.073305560599999986e-01 -3.609000328179999828e-01 -1.316017780530000039e+02 8.561305766840000331e+01 9.077253953039999601e+01
1.320294214740000138e-01 1.122380854769999964e-01 -3.673554735019999851e-01 -1.309550669369999980e+02 8.537367629349999731e+01 9.072666412809999770e+01
1.219868345250000041e-01 1.132997105650000030e-01 -3.611415213260000256e-01 -1.309406834700000104e+02 8.522416445240000371e+01 9.103973569240000074e+01
1.298777553759999925e-01 1.107453467260000046e-01 -3.605440311409999765e-01 -1.313669999610000048e+02 8.511215897719999646e+01 9.127937602080000090e+01
1.365082828699999973e-01 1.105413603860000010e-01 -3.609732772770000153e-01 -1.317817533680000111e+02 8.550579298350000101e+01 9.042772596999999735e+01
1.332700777960000027e-01 1.097370739480000024e-01 -3.658240358179999929e-01 -1.314233622339999954e+02 8.600893125250000537e+01 9.060643307429999993e+01
