6.491035637049999973e-01 1.910787349209999986e-01 7.755883408500000020e-02 -3.947315250740000003e-01 -1.276209414930000037e+02 8.767453118160000258e+01 7.408470971100000213e+01
1.084863933979999945e-01 1.864252852390000104e-01 7.783109678779999430e-02 -3.997172090259999977e-01 -1.271980642890000013e+02 8.752957319850000317e+01 7.416437077310000348e+01
1.007333792790000015e-01 1.898197721640000057e-01 6.735343101479999983e-02 -3.938588276430000090e-01 -1.275463190010000005e+02 8.810176536269999303e+01 7.419158583770000348e+01
1.339510978869999924e-01 1.926168044830000037e-01 7.582567456329999955e-02 -3.936410062190000003e-01 -1.275784972839999938e+02 8.792240989089999914e+01 7.391725459670000475e+01
2.575263691499999896e-01 1.832707117119999896e-01 7.485752422999999989e-02 -3.950244448570000011e-01 -1.275808050010000017e+02 8.819815306670000155e+01 7.399737129259999335e+01
1.063949752240000018e-01 1.872009910780000064e-01 7.016235570840000102e-02 -3.930920572150000125e-01 -1.273528709029999959e+02 8.801101928740000346e+01 7.420182109479999610e+01
2.782829323170000202e-01 1.832919824350000004e-01 7.384797678360000006e-02 -3.963557800499999950e-01 -1.272512067889999940e+02 8.749674225779999404e+01 7.423796987849999596e+01
1.463534300160000134e-01 1.871536006429999899e-01 7.629561935369999492e-02 -3.987171338050000124e-01 -1.273867247259999971e+02 8.802940577559999724e+01 7.443835089339999911e+01
1.110914043640000015e-01 1.873718868139999938e-01 7.644423190469999685e-02 -3.983714382910000240e-01 -1.270840617930000036e+02 8.819601840810000226e+01 7.411711446820000049e+01
1.869746700490000080e-01 1.807066306710000125e-01 6.967590878979999791e-02 -4.014981091559999826e-01 -1.269830823650000013e+02 8.784616618249999931e+01 7.431711802440000270e+01
1.032876815669999948e-01 1.839418748889999899e-01 7.403180638539999525e-02 -3.986544505119999915e-01 -1.276559188749999976e+02 8.758608321970000077e+01 7.422127712190000182e+01
2.156451952729999955e-01 1.852605986620000089e-01 7.269819192010000541e-02 -3.989124298630000176e-01 -1.269520169710000062e+02 8.782113377880000371e+01 7.434556053229999861e+01
1.339033760480000113e-01 1.901361206789999869e-01 7.562574279830000523e-02 -3.950991193560000059e-01 -1.276175963639999935e+02 8.772008463420000624e+01 7.394226386930000672e+01
1.176073141450000026e-01 1.894059938819999955e-01 7.564011841859999419e-02 -3.961849943910000227e-01 -1.275733997429999960e+02 8.789043502580000222e+01 7.378777300519999471e+01
2.792876471560000184e-01 1.802645204230000076e-01 7.103950618120000171e-02 -3.970916325880000097e-01 -1.270858999590000025e+02 8.762466890810000564e+01 7.434453104029999793e+01
1.256865554190000067e-01 1.864486408790000105e-01 7.584535291369999543e-02 -3.926558540510000084e-01 -1.276171899410000066e+02 8.780992105999999353e+01 7.453458974229999967e+01
1.043065514229999935e-01 1.861427148910000107e-01 7.353837453219999598e-02 -3.962463299639999992e-01 -1.273588787220000000e+02 8.795631860049999773e+01 7.429835143200000402e+01
1.831032371990000129e-01 1.834219571350000078e-01 7.823747863860000540e-02 -3.974651317619999902e-01 -1.272017581030000031e+02 8.791023336179999603e+01 7.386725781840000593e+01
4.452116854589999728e-01 1.890927416279999940e-01 7.216284894749999679e-02 -4.024673114689999998e-01 -1.273254232179999974e+02 8.798476015480000001e+01 7.451567678850000220e+01
1.734199093899999877e-01 1.792124327580000009e-01 7.191757951970000062e-02 -4.005876452539999799e-01 -1.270529106430000041e+02 8.774167807480000647e+01 7.440476546319999329e+01
1.142520197779999941e-01 1.793490953130000010e-01 7.277610183839999802e-02 -4.009713353850000161e-01 -1.271800973959999936e+02 8.804256644560000211e+01 7.439744676319999428e+01
3.683635944499999981e-01 1.806343777359999958e-01 7.116032970129999857e-02 -3.994532342680000014e-01 -1.270494970649999971e+02 8.802762171109999656e+01 7.455078342759999543e+01
4.753340008570000053e-01 1.881185387669999931e-01 7.454088797699999491e-02 -3.931865629099999815e-01 -1.273874790330000053e+02 8.771152529069999559e+01 7.441061110539999390e+01
4.881242136569999834e-01 1.830684289399999998e-01 7.727946161269999559e-02 -3.965321901559999973e-01 -1.273551502459999938e+02 8.789824647369999866e+01 7.430020780200000274e+01
1.238277435320000036e-01 1.801457286089999943e-01 7.311228626259999586e-02 -3.933277020970000204e-01 -1.275644429809999991e+02 8.801455958459999351e+01 7.440432126999999696e+01
1.183623920689999970e-01 1.836528787579999877e-01 6.656996844410000003e-02 -4.017535739790000227e-01 -1.272365238799999929e+02 8.831710852170000692e+01 7.415420410510000693e+01
2.127989022050000012e-01 1.822217730250000056e-01 7.306019185840000041e-02 -3.970522835620000079e-01 -1.272336764899999935e+02 8.752568946610000467e+01 7.429739148800000237e+01
1.706432868470000030e-01 1.863868218999999993e-01 6.969799744209999315e-02 -3.938586892020000119e-01 -1.274639806520000036e+02 8.806772206269999970e+01 7.422569135039999821e+01
1.665834142050000022e-01 1.839246688960000098e-01 8.136024365369999567e-02 -3.995631373080000270e-01 -1.272958516879999991e+02 8.781719527680000681e+01 7.427858753350000143e+01
1.359421931439999953e-01 1.884473864170000124e-01 7.447527059580000275e-02 -4.012313852370000267e-01 -1.275787648999999959e+02 8.794435261040000285e+01 7.400908692550000012e+01
4.123223713499999943e-01 1.861073106180000103e-01 7.440987882930000241e-02 -3.999027154779999926e-01 -1.271007958050000042e+02 8.771883304269999826e+01 7.454030329239999730e+01
3.794303082470000255e-01 1.902400154880000138e-01 7.283423439260000576e-02 -3.984445784319999850e-01 -1.274465690950000010e+02 8.804054266340000368e+01 7.393721135209999318e+01
1.060130848899999978e-01 1.852384080389999910e-01 7.978421259060000659e-02 -3.937718193809999767e-01 -1.274285690929999930e+02 8.742687992070000291e+01 7.426579623790000539e+01
1.838807487540000118e-01 1.878787223249999971e-01 7.200832712179999762e-02 -3.951685667320000150e-01 -1.274809100290000003e+02 8.780376893849999931e+01 7.429388797209999495e+01
2.162753054850000134e-01 1.845076309679999915e-01 7.843524487790000388e-02 -3.994741552239999827e-01 -1.270958426960000054e+02 8.778230762510000318e+01 7.447655215029999454e+01
1.438126119500000022e-01 1.823476980010000081e-01 7.259213588769999892e-02 -3.963942297629999834e-01 -1.271705732000000069e+02 8.791256793910000056e+01 7.413049408019999476e+01
4.250829828820000267e-01 1.823081922560000068e-01 7.612589871519999385e-02 -3.972148124800000124e-01 -1.273075509629999971e+02 8.804140331319999291e+01 7.486841155240000489e+01
1.331982441500000058e-01 1.840828745850000003e-01 7.397071102199999360e-02 -3.998380825530000182e-01 -1.267458989520000046e+02 8.781364983160000293e+01 7.445947704339999973e+01
5.206958361269999891e-01 1.898328642899999863e-01 7.647096243039999686e-02 -4.001611779340000230e-01 -1.275825349779999982e+02 8.756075975279999568e+01 7.423805896970000617e+01
7.639065634399999638e-01 1.864254298630000084e-01 7.528556307099999734e-02 -3.963410456149999983e-01 -1.273957403200000016e+02 8.772489641789999837e+01 7.419065812419999872e+01
2.661083129049999774e-01 1.874713218919999980e-01 6.949342714360000339e-02 -3.950676007630000153e-01 -1.274661124000000001e+02 8.800273831520000556e+01 7.420306140450000498e+01
1.527258702610000130e-01 1.817376916279999921e-01 7.395971258179999397e-02 -3.921811543500000052e-01 -1.275864509169999934e+02 8.814914447990000212e+01 7.450018542979999836e+01
1.025717792029999936e-01 1.862657689459999988e-01 7.611614044270000046e-02 -3.951048219230000047e-01 -1.276380457510000070e+02 8.763519636760000253e+01 7.457137391649999358e+01
3.063094668479999783e-01 1.823954740329999935e-01 7.281894221189999516e-02 -4.015714627070000042e-01 -1.273280402869999932e+02 8.823152520239999319e+01 7.457130008359999351e+01
1.573785874330000112e-01 1.801432884520000055e-01 7.380288606019999587e-02 -3.939732130249999909e-01 -1.270297491339999993e+02 8.793597247179999954e+01 7.436501939810000295e+01
2.637099121820000169e-01 1.852282182980000136e-01 7.196640514709999603e-02 -3.952673815039999816e-01 -1.270892044200000015e+02 8.750244179940000322e+01 7.439586981380000452e+01
1.614659094919999871e-01 1.822200900569999893e-01 7.434640053530000570e-02 -4.026481549740000276e-01 -1.269305305890000000e+02 8.785758756609999409e+01 7.437988702609999336e+01
1.178822438610000051e-01 1.861987450460000082e-01 7.488081497600000691e-02 -3.917324906319999966e-01 -1.272111492389999938e+02 8.768419706960000326e+01 7.418603163180000593e+01
1.825753779440000002e-01 1.840662518769999867e-01 7.503503470639999451e-02 -3.972531731960000090e-01 -1.277655590399999994e+02 8.768880364470000188e+01 7.449693614109999373e+01
1.407096980879999903e-01 1.896261657149999891e-01 7.623334448450000411e-02 -3.924177777780000209e-01 -1.274789268789999994e+02 8.780092636419999508e+01 7.388124005500000635e+01
1.194403888070000030e-01 1.854431925480000132e-01 7.209305434259999368e-02 -4.000135477189999955e-01 -1.270674591129999982e+02 8.755500434040000357e+01 7.448466528720000213e+01
2.647561291030000041e-01 1.827953208410000030e-01 7.589882170730000155e-02 -3.995314011710000002e-01 -1.273194190450000036e+02 8.826664510480000558e+01 7.436256115460000160e+01
2.164266071239999978e-01 1.842222859909999899e-01 7.562894367689999842e-02 -4.005374125849999745e-01 -1.271963580139999976e+02 8.789076313120000350e+01 7.446727414949999968e+01
1.035383180039999990e-01 1.739974805470000108e-01 7.520536812889999645e-02 -3.962411672939999963e-01 -1.270399434349999979e+02 8.797688976460000276e+01 7.461208681249999586e+01
2.950913822160000088e-01 1.888488612049999960e-01 7.539466350019999319e-02 -3.992798054480000136e-01 -1.270646172889999974e+02 8.763086961129999963e+01 7.421245380839999939e+01
1.242977316320000025e-01 1.780877548410000066e-01 7.828113232269999500e-02 -4.044642722719999917e-01 -1.269799894150000057e+02 8.764732271210000647e+01 7.427712129399999696e+01
1.927194778309999912e-01 1.875243070250000033e-01 7.233255595099999380e-02 -4.002230231059999976e-01 -1.274874107769999938e+02 8.803361437329999717e+01 7.415985552419999749e+01
2.752672544929999798e+00 1.837860915829999942e-01 7.397175057310000079e-02 -4.042566541179999917e-01 -1.272977151989999953e+02 8.805432496429999389e+01 7.436614046939999412e+01
2.140389799119999936e-01 1.842194033150000021e-01 7.137695012450000209e-02 -3.966336501200000142e-01 -1.277806567079999951e+02 8.790118405270000324e+01 7.415124817390000089e+01
1.759467342749999885e-01 1.845538596040000034e-01 7.401367656820000140e-02 -3.944609720439999911e-01 -1.275601256140000004e+02 8.764391137190000336e+01 7.416912836049999669e+01
1.914899753000000038e-01 1.878703049050000073e-01 7.347137099110000180e-02 -3.953394940759999976e-01 -1.276807885610000000e+02 8.761697416820000228e+01 7.436519120449999320e+01
1.151072404349999939e-01 1.877115833780000076e-01 6.880977201580000535e-02 -4.029468136209999884e-01 -1.271975169840000035e+02 8.834714939330000050e+01 7.411142945570000506e+01
1.618968642230000088e-01 1.830055771259999908e-01 7.487252074990000117e-02 -4.034309715730000079e-01 -1.269935479290000018e+02 8.800132372679999548e+01 7.430011476629999834e+01
1.207370401289999950e-01 1.831239516439999993e-01 7.760791187330000340e-02 -3.997766545220000078e-01 -1.273922273189999999e+02 8.766935499560000267e+01 7.423778447990000018e+01
1.028833365390000032e-01 1.825175751410000047e-01 6.832677382870000482e-02 -4.022766219180000102e-01 -1.272634085360000000e+02 8.840037348980000331e+01 7.446158765159999859e+01
2.132947084010000105e-01 1.892712803959999968e-01 7.095600983810000650e-02 -4.023179604639999796e-01 -1.273253734729999991e+02 8.820123542279999640e+01 7.409686465810000300e+01
8.219454727999999655e-01 1.837368493010000103e-01 6.755603857950000235e-02 -4.034224981649999764e-01 -1.272154432629999974e+02 8.817412042860000554e+01 7.439085909669999808e+01
1.665231437739999876e-01 1.854219817830000117e-01 7.490784096890000521e-02 -3.887500417320000068e-01 -1.276914413540000055e+02 8.759523858039999311e+01 7.427092294099999492e+01
1.260870110969999902e-01 1.803151918179999869e-01 7.131181333029999736e-02 -3.915277850119999736e-01 -1.271721408709999963e+02 8.779636089070000082e+01 7.456373390509999410e+01
1.050895589120000029e-01 1.791697016159999878e-01 7.321528263870000219e-02 -3.928403009620000108e-01 -1.272365627939999939e+02 8.767860576859999355e+01 7.434169017450000183e+01
4.180736072440000006e-01 1.788680183960000003e-01 7.453956802580000152e-02 -3.995419095330000059e-01 -1.274368571760000037e+02 8.801741805020000697e+01 7.433864167469999984e+01
4.114928074509999756e-01 1.867852519050000049e-01 7.219083866200000366e-02 -4.007479648400000261e-01 -1.275272664660000004e+02 8.783335228759999325e+01 7.446966074530000412e+01
1.523666073870000026e-01 1.844823697540000085e-01 7.465589799329999665e-02 -3.973297106400000001e-01 -1.275777414329999999e+02 8.744627891940000097e+01 7.448158189090000292e+01
3.395379552719999805e-01 1.826489386379999968e-01 7.502867276369999672e-02 -3.985351268680000225e-01 -1.273219566420000035e+02 8.777856210299999873e+01 7.429862428239999872e+01
2.171453178989999899e-01 1.831503399280000055e-01 7.445120790310000292e-02 -3.908644924390000108e-01 -1.274325637729999983e+02 8.794568576860000064e+01 7.467675902439999902e+01
3.591813251159999831e-01 1.878270045900000129e-01 8.062320570000000575e-02 -3.934576610089999815e-01 -1.273513741759999931e+02 8.769411440780000078e+01 7.418186610380000445e+01
1.883025505819999890e-01 1.844091583249999888e-01 7.270232152019999450e-02 -3.961770781110000028e-01 -1.276941177249999981e+02 8.816799350409999647e+01 7.441683366569999691e+01
2.645670734969999827e-01 1.841632962499999970e-01 7.365494461119999337e-02 -3.973852889460000037e-01 -1.271010033769999978e+02 8.767038444989999846e+01 7.424749571300000639e+01
2.862011318250000103e-01 1.828285650800000051e-01 6.951858488140000292e-02 -3.963241581999999985e-01 -1.272979319309999937e+02 8.820923281129999793e+01 7.423583070719999455e+01
1.439772778700000033e-01 1.859507244820000071e-01 7.422354631039999873e-02 -3.948935667969999952e-01 -1.273426873439999980e+02 8.842271161589999906e+01 7.439164675739999666e+01
2.946654935219999993e-01 1.867040440709999971e-01 7.394705302949999837e-02 -3.979805764279999991e-01 -1.275690290539999978e+02 8.789126842550000163e+01 7.382877121730000169e+01
1.688815765470000008e+00 1.810512626000000125e-01 7.486704523419999979e-02 -3.944250533099999956e-01 -1.274365441860000061e+02 8.768344307959999639e+01 7.457150425730000620e+01
2.381800657139999944e-01 1.797504604240000026e-01 7.202802818379999694e-02 -3.981975739709999740e-01 -1.270425024869999930e+02 8.790655244670000457e+01 7.429733724269999584e+01
1.547778539770000017e-01 1.826234516380000061e-01 7.368494281309999339e-02 -3.929947606449999964e-01 -1.277742927719999955e+02 8.780458970639999450e+01 7.429635723149999649e+01
1.964444768220000026e-01 1.859030614109999924e-01 7.247632246910000464e-02 -3.945159729520000269e-01 -1.274718855800000057e+02 8.786440865219999807e+01 7.458675819239999782e+01
1.278132650069999932e-01 1.910404948230000066e-01 7.375141448890000506e-02 -3.996320231470000262e-01 -1.273213377659999992e+02 8.822804829339999344e+01 7.413013173650000454e+01
1.052588788780000062e-01 1.780804667560000054e-01 7.293811553949999804e-02 -3.987913301239999764e-01 -1.270325111789999966e+02 8.806450012109999648e+01 7.446932230150000009e+01
8.826678426359999552e-01 1.822176360149999896e-01 8.015796396329999407e-02 -4.036477484150000072e-01 -1.269068633379999937e+02 8.754771718610000164e+01 7.415579327870000270e+01
1.213897635380000034e-01 1.894265921670000019e-01 7.147450835719999784e-02 -4.020458993839999828e-01 -1.272569444389999944e+02 8.795784687069999563e+01 7.419441282190000209e+01
2.389225192449999924e-01 1.862039094949999862e-01 7.563902756489999935e-02 -3.971063964089999732e-01 -1.276707505579999946e+02 8.790680074419999812e+01 7.377486342689999788e+01
1.508210854200000006e-01 1.830601320649999919e-01 7.180431110420000540e-02 -3.964791589539999883e-01 -1.276440364909999943e+02 8.769672721790000480e+01 7.451940956430000540e+01
1.106601852090000060e-01 1.873201240210000118e-01 7.786175832269999486e-02 -4.009349243920000139e-01 -1.271052632210000013e+02 8.775345759360000386e+01 7.413158221010000659e+01
1.760003630470000080e-01 1.852627168769999944e-01 7.516715764140000089e-02 -4.001483400779999866e-01 -1.271957220959999972e+02 8.830876668250000705e+01 7.397088845780000099e+01
4.972156357740000199e-01 1.811262404750000055e-01 7.586367512930000667e-02 -3.951209217850000233e-01 -1.271524560790000038e+02 8.774507758469999885e+01 7.422297904740000263e+01
1.066434889750000059e-01 1.824596037100000012e-01 7.604026425920000498e-02 -3.967130992599999795e-01 -1.275685259119999984e+02 8.798272042370000179e+01 7.408357639339999423e+01
7.555623023169999453e-01 1.862038521970000027e-01 7.396124855749999782e-02 -4.033909601680000234e-01 -1.270996547590000034e+02 8.812468646560000707e+01 7.389208981269999299e+01
1.696238299820000073e+00 1.807343376699999948e-01 7.657872977139999759e-02 -3.975229049769999912e-01 -1.273722226120000016e+02 8.752272163610000177e+01 7.450664773469999602e+01
1.844370656440000034e-01 1.818990782699999864e-01 7.180650502230000176e-02 -4.029475463630000087e-01 -1.268834472000000062e+02 8.815925549770000202e+01 7.415734536310000635e+01
1.373805527660000025e-01 1.821531539769999930e-01 8.122648650979999441e-02 -4.000470135079999823e-01 -1.270985456089999985e+02 8.780387056200000018e+01 7.422269734219999293e+01
1.170164665160000061e-01 1.886014662090000071e-01 7.801896804110000638e-02 -3.981871490389999879e-01 -1.276169719800000024e+02 8.747570371560000524e+01 7.412178340510000396e+01
1.932814611889999978e-01 1.819171574540000003e-01 7.670974483259999921e-02 -3.980114410019999771e-01 -1.274031655649999948e+02 8.822800846030000343e+01 7.451895155649999936e+01
6.540075612879999944e+00 1.816500111029999975e-01 6.924947621589999658e-02 -4.036131193060000233e-01 -1.270038347570000070e+02 8.829309797630000389e+01 7.445633666599999856e+01
2.231006530300000124e-01 1.889646224100000049e-01 7.708552927980000247e-02 -3.954602047399999876e-01 -1.276204592760000054e+02 8.809374693259999844e+01 7.407647507910000684e+01
1.028527267170000065e-01 1.844422961309999942e-01 7.287425791750000437e-02 -3.969123178610000080e-01 -1.268895690079999952e+02 8.813163422649999745e+01 7.408743412820000174e+01
2.648630951859999860e-01 1.850234929119999872e-01 7.630397863240000189e-02 -3.952928880300000114e-01 -1.276476747530000040e+02 8.788406158879999452e+01 7.417627253210000049e+01
2.162401228289999866e-01 1.858061418730000136e-01 7.563517844740000329e-02 -3.965816758040000001e-01 -1.271100882350000063e+02 8.754678128000000470e+01 7.387517013910000685e+01
3.955574066890000129e+00 1.854455872509999936e-01 7.461027043329999942e-02 -4.012644186759999898e-01 -1.271298961429999963e+02 8.806133984929999770e+01 7.392349778999999899e+01
1.667327086429999938e-01 1.809919554040000100e-01 7.661792111229999425e-02 -3.994573084870000068e-01 -1.270176096440000038e+02 8.761905062850000547e+01 7.424492920529999651e+01
1.395054696789999882e-01 1.839211445510000043e-01 6.615499777550000460e-02 -3.969707277549999747e-01 -1.275104254409999953e+02 8.832322241200000690e+01 7.425501519620000579e+01
1.279427335530000098e-01 1.869881562150000065e-01 7.135564918429999903e-02 -3.973568934260000018e-01 -1.273074757299999931e+02 8.774542697370000610e+01 7.402386599860000160e+01
1.602470359269999867e-01 1.820291910010000125e-01 7.551075081439999337e-02 -3.914320347590000138e-01 -1.275513382660000019e+02 8.772727760829999966e+01 7.410049618269999883e+01
1.146152932700000016e-01 1.809198262089999898e-01 7.178111107439999472e-02 -3.973953204869999922e-01 -1.272671616580000062e+02 8.804193957530000603e+01 7.457705696610000246e+01
3.764029890939999956e-01 1.853063821579999937e-01 7.537525733210000134e-02 -4.013867032990000028e-01 -1.270824630919999976e+02 8.763308795849999910e+01 7.453888759790000051e+01
1.359339069290000090e-01 1.876470019400000022e-01 7.077882636719999565e-02 -3.954161283700000085e-01 -1.274384958769999940e+02 8.778961405149999564e+01 7.399441546309999751e+01
1.050036926359999984e-01 1.822515762989999899e-01 7.753944272969999496e-02 -3.940202590610000222e-01 -1.271813362479999938e+02 8.755444062230000668e+01 7.442652113709999639e+01
1.361528071379999871e-01 1.916413551370000079e-01 7.244526652919999754e-02 -3.954520244140000140e-01 -1.278124660309999996e+02 8.809028375479999795e+01 7.406251472959999660e+01
2.031693547919999898e-01 1.822463353900000138e-01 7.417847195330000420e-02 -3.934804924759999767e-01 -1.277132419379999959e+02 8.798629125370000281e+01 7.444260704049999333e+01
2.388626905200000039e-01 1.893107417359999878e-01 7.691024332989999934e-02 -3.982073492900000122e-01 -1.274166108480000048e+02 8.805350137460000326e+01 7.382218574009999656e+01
3.015558766299999971e-01 1.868135790880000036e-01 7.585256236970000510e-02 -3.927611649259999949e-01 -1.278436733510000067e+02 8.773727359410000304e+01 7.440811241119999409e+01
1.607777948880000085e-01 1.833524909729999930e-01 7.441859255759999958e-02 -4.004345914729999789e-01 -1.270177199339999987e+02 8.776937408839999932e+01 7.431285199360000604e+01
1.310086190480000135e-01 1.850397580049999990e-01 7.709528082739999788e-02 -3.988549615829999895e-01 -1.271095037259999998e+02 8.790812343090000525e+01 7.432018255890000091e+01
4.694506155040000239e-01 1.891482085990000006e-01 7.616444609290000389e-02 -3.967021283830000078e-01 -1.276599535330000066e+02 8.762223255729999494e+01 7.421010610700000143e+01
1.014573706650000046e-01 1.821824052759999923e-01 7.762259727499999651e-02 -3.941224310579999890e-01 -1.274562664719999958e+02 8.748370024369999953e+01 7.439300529039999788e+01
1.922044339129999890e-01 1.865280482249999927e-01 6.894163347010000276e-02 -3.969932419669999768e-01 -1.276450913770000000e+02 8.816861514999999372e+01 7.402459950799999433e+01
1.016661163099999987e-01 1.871346038529999867e-01 7.556398137919999314e-02 -3.963981923720000244e-01 -1.270987530040000024e+02 8.746636957600000528e+01 7.417659832219999316e+01
1.306213814249999883e-01 1.812789620680000102e-01 7.650981809220000485e-02 -3.964448870269999814e-01 -1.275297099000000003e+02 8.762127662490000546e+01 7.447597214280000344e+01
1.961837661030000068e-01 1.879060743239999998e-01 7.620505212700000308e-02 -3.981086300750000251e-01 -1.277510667260000048e+02 8.773234573679999926e+01 7.423366361700000482e+01
1.097220711759999967e-01 1.809989913900000025e-01 7.701255003269999455e-02 -3.977387649579999795e-01 -1.273503355879999930e+02 8.754137498389999905e+01 7.429618063430000063e+01
1.727331789379999982e-01 1.840420778730000040e-01 7.284662804550000315e-02 -3.931925412150000243e-01 -1.275047861890000007e+02 8.820162400559999583e+01 7.441457980869999744e+01
1.495766424040000098e-01 1.841741117600000088e-01 7.149484931720000158e-02 -3.955622655039999769e-01 -1.273230420409999937e+02 8.776075722560000258e+01 7.435683246760000031e+01
2.177345290669999989e-01 1.800824731879999974e-01 7.470488007709999434e-02 -3.959404662029999966e-01 -1.274326027240000059e+02 8.778928849359999731e+01 7.481226014140000302e+01
1.173368584610000043e-01 1.894994394310000052e-01 7.667783946530000450e-02 -3.948984638069999997e-01 -1.276808338459999987e+02 8.770278744239999469e+01 7.448249085919999857e+01
1.296446988330000050e-01 1.817259303780000002e-01 7.422914657119999982e-02 -3.948202789290000125e-01 -1.272612481419999995e+02 8.791091031130000033e+01 7.483099292170000183e+01
1.106194647329999947e-01 1.861727086930000108e-01 7.502075919759999822e-02 -3.996406686589999979e-01 -1.274220516249999946e+02 8.805841835639999715e+01 7.420158809250000331e+01
3.056375854169999795e-01 1.897333809160000051e-01 7.520321912880000015e-02 -3.912756400340000051e-01 -1.277387158269999929e+02 8.772449642140000492e+01 7.441752795009999488e+01
1.048047729870000000e-01 1.802893235620000034e-01 7.185407292850000405e-02 -3.982695910330000255e-01 -1.272871128350000021e+02 8.790899586090000639e+01 7.451053069140000673e+01
1.395308522469999868e-01 1.766958825730000071e-01 7.782164837499999654e-02 -4.004082777940000115e-01 -1.269639472979999937e+02 8.758854023909999853e+01 7.432505166539999664e+01
1.319918373410000068e-01 1.850950279340000115e-01 7.429374562120000247e-02 -4.000055726239999943e-01 -1.269443596969999959e+02 8.797511772660000418e+01 7.464254353569999978e+01
2.813068276790000044e-01 1.845212772819999902e-01 7.316288663580000629e-02 -3.976294680640000134e-01 -1.275259477980000042e+02 8.771156446649999339e+01 7.424400639940000701e+01
1.132536323340000095e+00 1.830705428219999986e-01 7.221045473810000503e-02 -3.963922411990000172e-01 -1.275402916120000043e+02 8.833614816099999700e+01 7.435080602969999575e+01
1.716783058459999955e-01 1.875076560620000110e-01 7.482310113380000183e-02 -3.957585268420000246e-01 -1.272595388790000044e+02 8.783751137340000525e+01 7.428189999430000512e+01
1.851188492670000074e-01 1.807278740899999903e-01 7.264242233180000230e-02 -3.954686713180000091e-01 -1.276215629780000000e+02 8.812818204360000607e+01 7.450493149540000104e+01
1.134532613719999999e-01 1.846984545679999923e-01 7.528682064489999881e-02 -3.983918206670000184e-01 -1.270188603040000004e+02 8.801125222109999413e+01 7.406781595430000209e+01
2.017126497229999871e-01 1.814342184119999979e-01 7.164883777119999964e-02 -3.937036354969999929e-01 -1.274755132530000026e+02 8.804656652180000265e+01 7.460601434439999480e+01
1.689089090130000137e-01 1.805762358770000020e-01 8.070136615909999367e-02 -3.944715678910000189e-01 -1.273809581550000019e+02 8.765869559390000632e+01 7.433825084750000656e+01
5.748880609580000467e-01 1.816705325140000049e-01 7.547275955080000320e-02 -3.964869098670000258e-01 -1.272211381120000055e+02 8.819008513910000602e+01 7.441826935369999774e+01
1.142213848649999974e-01 1.782348898159999973e-01 6.970721382809999533e-02 -3.973721438439999920e-01 -1.269422823900000026e+02 8.813384781880000673e+01 7.445715617759999816e+01
1.387263153799999926e-01 1.878645269579999888e-01 7.564194740070000200e-02 -3.963064262070000177e-01 -1.273647764579999944e+02 8.752196284789999936e+01 7.438387051830000019e+01
1.454167233520000102e-01 1.886055547790000120e-01 7.766805693419999435e-02 -3.969771320759999944e-01 -1.272470723569999933e+02 8.776332300810000220e+01 7.439213298479999992e+01
5.733139787859999892e-01 1.862879736870000080e-01 7.337562577650000306e-02 -3.962531397319999926e-01 -1.274436063480000030e+02 8.807498909490000472e+01 7.438957090050000431e+01
1.002571143910000045e-01 1.819050219249999933e-01 7.849832568070000405e-02 -3.975013053779999916e-01 -1.275820327060000068e+02 8.763607875079999587e+01 7.408143605840000134e+01
1.897135279000000119e-01 1.824179470039999917e-01 7.257214341590000062e-02 -3.995818886070000020e-01 -1.269772593360000030e+02 8.806268722500000479e+01 7.441154917219999732e+01
1.201478192390000033e-01 1.859193375629999978e-01 7.175798854539999772e-02 -3.986431362489999963e-01 -1.275022054100000020e+02 8.817686514419999355e+01 7.434162409149999462e+01
8.617128887449999608e-01 1.802791807690000137e-01 7.641396884300000192e-02 -4.015045202409999736e-01 -1.269349043950000038e+02 8.774409611039999390e+01 7.440004466080000611e+01
1.000413263680000053e-01 1.870303355790000066e-01 7.762646839009999800e-02 -3.980650300279999776e-01 -1.272506634329999997e+02 8.800956630539999992e+01 7.430858038969999768e+01
1.468274321030000051e-01 1.854316088279999997e-01 7.444752166439999597e-02 -3.981583116799999877e-01 -1.274389302529999952e+02 8.748511263429999474e+01 7.472343376589999764e+01
1.735394045360000026e-01 1.874595740159999968e-01 7.496729195279999702e-02 -3.955179394500000223e-01 -1.275326135389999962e+02 8.805179254829999991e+01 7.403223066980000056e+01
1.114732586629999939e-01 1.833872657039999909e-01 7.857618573319999355e-02 -3.972980782089999829e-01 -1.269986950990000025e+02 8.788312328680000007e+01 7.452613947230000235e+01
5.554378545579999882e-01 1.776013781799999913e-01 7.368199397319999400e-02 -3.965807000900000157e-01 -1.272334392879999996e+02 8.793020709060000684e+01 7.426069517310000379e+01
1.486889971110000042e-01 1.858449433079999991e-01 7.384139404030000409e-02 -3.989235867550000036e-01 -1.269513482579999959e+02 8.807623040999999375e+01 7.424256198259999451e+01
3.893717032649999799e-01 1.828203821180000022e-01 7.101963108820000259e-02 -3.977105102349999810e-01 -1.273544855229999939e+02 8.794136265820000631e+01 7.439195848789999843e+01
6.318300470630000554e-01 1.877599112339999876e-01 7.671390873849999459e-02 -3.938860756600000013e-01 -1.276503029999999939e+02 8.782074506009999482e+01 7.409231491020000249e+01
3.814271617810000015e-01 1.821283715460000063e-01 7.546343545450000245e-02 -4.010913417990000229e-01 -1.272462703220000009e+02 8.765079544290000513e+01 7.448545458750000137e+01
1.689988433300000092e-01 1.911519356699999950e-01 7.663041447969999587e-02 -4.020748687169999891e-01 -1.273639766369999933e+02 8.777974558699999363e+01 7.434339049170000635e+01
1.699584714269999908e-01 1.858245087679999963e-01 7.602185599510000169e-02 -3.994159514680000189e-01 -1.266617072949999994e+02 8.791988844200000131e+01 7.454836203760000046e+01
1.137724839820000028e-01 1.868523929299999997e-01 7.094858107340000497e-02 -3.978349442419999993e-01 -1.274313547900000003e+02 8.803871602419999931e+01 7.451478618180000524e+01
1.454302822770000003e-01 1.877991154149999953e-01 6.814410241679999536e-02 -4.000233791910000059e-01 -1.273590599540000028e+02 8.825541326889999993e+01 7.393024321289999534e+01
1.485484086989999897e-01 1.841443238219999945e-01 7.475634927280000452e-02 -3.955685872170000006e-01 -1.274382948439999979e+02 8.785243394809999984e+01 7.456166639510000493e+01
1.738739230449999895e-01 1.842475435860000121e-01 7.400483624470000077e-02 -3.990853117670000172e-01 -1.272252581099999986e+02 8.808299835879999762e+01 7.404625371570000425e+01
1.565108331989999990e-01 1.849714397320000037e-01 7.497981023770000641e-02 -3.995988682950000204e-01 -1.275409377040000010e+02 8.808131189069999323e+01 7.403117583140000590e+01
6.638488352570000028e-01 1.859287046510000041e-01 7.277625718079999695e-02 -3.981870777550000073e-01 -1.271974183349999947e+02 8.784326553539999338e+01 7.451712410960000454e+01
1.194093426380000017e-01 1.839995387900000001e-01 7.153660523360000356e-02 -3.990694516380000056e-01 -1.271060323840000024e+02 8.785143382350000252e+01 7.480669519539999612e+01
1.029392518260000000e-01 1.867261176929999877e-01 7.140525003519999914e-02 -4.029170143490000133e-01 -1.270629562109999995e+02 8.769283469570000022e+01 7.421204389800000456e+01
1.170545404690000041e-01 1.853085975640000049e-01 6.873387478600000156e-02 -3.946049276520000038e-01 -1.272355484830000023e+02 8.794598924119999594e+01 7.420608650510000359e+01
8.471389394580000065e-01 1.887013345749999904e-01 7.312496377190000341e-02 -3.989334920300000031e-01 -1.274101672519999937e+02 8.766436950690000174e+01 7.419906692780000412e+01
1.177573138979999962e-01 1.824267050339999918e-01 7.277879270260000089e-02 -4.003337186329999908e-01 -1.273397582900000060e+02 8.801395810229999483e+01 7.388851742229999786e+01
1.408907485860000086e-01 1.853701404160000010e-01 7.387672819059999674e-02 -3.987737766080000079e-01 -1.278522612680000066e+02 8.771560953549999340e+01 7.412811499129999504e+01
2.159787530529999888e-01 1.835462029300000131e-01 7.683481254960000673e-02 -3.980189477150000155e-01 -1.271941557829999994e+02 8.823781649369999514e+01 7.420515887359999851e+01
2.161930169500000165e+00 1.877633125819999915e-01 7.381822353620000332e-02 -4.012108879590000066e-01 -1.273398977030000054e+02 8.836042443110000022e+01 7.420264169700000423e+01
2.501506027770000196e-01 1.871548394249999969e-01 7.271763968000000133e-02 -4.008652759799999910e-01 -1.269047747890000011e+02 8.814654836370000623e+01 7.440150956009999561e+01
1.165607673780000020e-01 1.854339799030000069e-01 7.279201785830000104e-02 -4.024012627979999812e-01 -1.270434239439999971e+02 8.811957135110000650e+01 7.440631282949999559e+01
2.388939531510000103e-01 1.833011535690000082e-01 7.463759872630000569e-02 -3.979710600620000038e-01 -1.272106906159999937e+02 8.787360100920000150e+01 7.427364222090000112e+01
1.418227415880000120e-01 1.852465854789999977e-01 7.026572996839999807e-02 -3.962606666299999802e-01 -1.273499607170000019e+02 8.798992769070000008e+01 7.394675483460000009e+01
1.002373549429999983e-01 1.830655747870000016e-01 7.553104384860000187e-02 -4.014191199939999843e-01 -1.274069523069999974e+02 8.822603847400000632e+01 7.438339803009999684e+01
1.098056616930000035e-01 1.826455980920000111e-01 6.754543754599999505e-02 -4.016139258859999783e-01 -1.273429553830000032e+02 8.810137209469999675e+01 7.436394875800000648e+01
1.415815457329999971e-01 1.831575073570000101e-01 7.171361463570000150e-02 -3.987444514130000228e-01 -1.272260014130000059e+02 8.791020838689999550e+01 7.454649816719999933e+01
5.352873082179999686e-01 1.827963983089999911e-01 7.453324411900000279e-02 -4.001650415179999754e-01 -1.268435965649999986e+02 8.794875132689999475e+01 7.445850242720000267e+01
1.136707718470000017e-01 1.880109509310000093e-01 7.528978596490000508e-02 -3.958436087409999971e-01 -1.272788451610000067e+02 8.827482924049999724e+01 7.420443440660000078e+01
1.611893794320000128e-01 1.842032689289999914e-01 7.843441839820000649e-02 -3.986635098419999967e-01 -1.272796408410000026e+02 8.751060058710000078e+01 7.452037391259999310e+01
1.436909339349999870e-01 1.850952470999999988e-01 7.269208030330000236e-02 -3.989632886580000148e-01 -1.271484972810000045e+02 8.763562140220000174e+01 7.461919074499999738e+01
4.831368835589999744e-01 1.848714211320000023e-01 7.454265635989999750e-02 -3.943636854579999906e-01 -1.273820860000000010e+02 8.764574013870000613e+01 7.474315286300000594e+01
3.257643295120000171e-01 1.863580520389999939e-01 7.225473096739999657e-02 -3.930930947760000183e-01 -1.272596667250000024e+02 8.785321080449999442e+01 7.433849330019999968e+01
2.976891963330000057e-01 1.813037911060000063e-01 7.610722312159999559e-02 -3.921010718840000076e-01 -1.273682920640000020e+02 8.802842313799999374e+01 7.425495412070000611e+01
1.505801897219999907e-01 1.871389180720000045e-01 7.295990740640000138e-02 -3.994188570150000173e-01 -1.276398628780000024e+02 8.782573123679999583e+01 7.410078681880000318e+01
2.468846923030000029e-01 1.858534462020000055e-01 7.669383805889999628e-02 -3.966468257040000056e-01 -1.273430731240000000e+02 8.742858502490000205e+01 7.439541608170000586e+01
1.143532647559999949e-01 1.841724596279999959e-01 7.349107313790000096e-02 -4.023951179229999786e-01 -1.269701128389999951e+02 8.801806670099999508e+01 7.398629183399999931e+01
1.494722860219999949e-01 1.841858998739999975e-01 7.335417575119999867e-02 -3.989518582100000099e-01 -1.272570898480000068e+02 8.818981138649999707e+01 7.448484939339999755e+01
1.865336429879999869e-01 1.853722113969999974e-01 7.310437056910000508e-02 -3.993650306079999934e-01 -1.274969563840000006e+02 8.760773033670000132e+01 7.409319819729999779e+01
1.069108743509999959e-01 1.860071289809999973e-01 7.262915736910000031e-02 -3.964322702949999999e-01 -1.273681540660000024e+02 8.744702053570000544e+01 7.447360572750000074e+01
7.174562188180000355e+00 1.817492928099999905e-01 7.053762524109999377e-02 -4.011316245770000233e-01 -1.270100549360000031e+02 8.794291956130000187e+01 7.439440128110000217e+01
3.489476267519999730e-01 1.865654124159999983e-01 7.614681331299999467e-02 -3.986629857010000055e-01 -1.279745521309999958e+02 8.773519963440000424e+01 7.438956617329999688e+01
1.077517286659999962e-01 1.847698119079999868e-01 7.690368160129999742e-02 -3.929683951669999953e-01 -1.273100607429999940e+02 8.815166270689999806e+01 7.438477421620000030e+01
3.274924376930000158e-01 1.865093493570000038e-01 7.466372189610000210e-02 -3.967453682930000003e-01 -1.275646000870000023e+02 8.799445661180000400e+01 7.434593960949999314e+01
4.287867153170000223e-01 1.819020112630000130e-01 6.774428673320000149e-02 -3.905638584980000161e-01 -1.273958299469999957e+02 8.822462299190000579e+01 7.446288324479999687e+01
2.794144193299999968e-01 1.866315637790000037e-01 7.634590896069999577e-02 -3.984025455229999735e-01 -1.273255747599999950e+02 8.764232618510000350e+01 7.421955757530000142e+01
1.296540336650000014e-01 1.840671182670000072e-01 7.112966158080000212e-02 -3.959082154460000225e-01 -1.270935337210000000e+02 8.769990790699999650e+01 7.422105732510000564e+01
2.138936129039999967e-01 1.812165809819999973e-01 7.089067261510000051e-02 -3.969626405769999811e-01 -1.274389616389999986e+02 8.811878812489999291e+01 7.431083097120000502e+01
1.041202562060000031e-01 1.780112274879999956e-01 7.624438707950000060e-02 -3.963782954350000276e-01 -1.272660774219999951e+02 8.786791940189999650e+01 7.448724490079999327e+01
5.159919226939999604e-01 1.880220914100000085e-01 7.381498471519999660e-02 -3.985446504049999783e-01 -1.276140680900000035e+02 8.779729507880000483e+01 7.428660325049999358e+01
1.469805997159999988e-01 1.898812995309999974e-01 7.553685760540000682e-02 -4.026494205569999818e-01 -1.273002501510000002e+02 8.803684576530000072e+01 7.393122126359999413e+01
2.037219203629999920e-01 1.851538565470000064e-01 7.389344371099999809e-02 -3.942342392029999920e-01 -1.275950750570000025e+02 8.762479266350000273e+01 7.401071751550000499e+01
1.018135051120000051e-01 1.842379153629999933e-01 7.388982054270000488e-02 -3.992969539819999913e-01 -1.273517159339999978e+02 8.826466612480000151e+01 7.428780837569999562e+01
1.092536313559999972e-01 1.865244927009999942e-01 7.259852975769999495e-02 -3.946221603819999868e-01 -1.275494285409999975e+02 8.815635998060000134e+01 7.425246125220000692e+01
4.684003453300000230e-01 1.869148113680000056e-01 7.364772430509999857e-02 -3.986857024239999769e-01 -1.272717062589999983e+02 8.767178760779999891e+01 7.405387165259999449e+01
1.165871890190000038e-01 1.810212056259999924e-01 7.583303391859999576e-02 -3.970135615550000052e-01 -1.275800861299999980e+02 8.747532956620000277e+01 7.431537932409999314e+01
3.825058994039999827e-01 1.848750529650000085e-01 7.059343822789999889e-02 -3.986264882500000217e-01 -1.274506397239999984e+02 8.799263341409999839e+01 7.430358917360000248e+01
2.558440628670000105e+00 1.842652355570000011e-01 7.779064912840000234e-02 -3.939544419329999991e-01 -1.271158183210000061e+02 8.799906738360000702e+01 7.421246549200000686e+01
1.559652211299999980e-01 1.840875554339999887e-01 6.938117857969999802e-02 -3.954782762790000072e-01 -1.276056990790000043e+02 8.816670939009999586e+01 7.441724105590000704e+01
1.214943891549999933e-01 1.843223662859999890e-01 7.638958227700000381e-02 -3.943379144799999958e-01 -1.274041054749999944e+02 8.746003863200000694e+01 7.468808190510000600e+01
1.056918411459999985e-01 1.890024651730000116e-01 7.518003258050000304e-02 -4.001936584449999890e-01 -1.275402605069999993e+02 8.751638031359999559e+01 7.423778248399999313e+01
2.144868081380000013e-01 1.868047474810000108e-01 7.268599721580000506e-02 -3.996043048169999889e-01 -1.274184773759999985e+02 8.824827547149999418e+01 7.419450770829999442e+01
1.077213607240000010e-01 1.836411753209999942e-01 7.672962070729999473e-02 -3.955280835280000074e-01 -1.272363348880000018e+02 8.764583371339999474e+01 7.424561492979999855e+01
2.731974815479999985e-01 1.864985153660000117e-01 8.100116842189999944e-02 -3.990718513029999914e-01 -1.272333719370000011e+02 8.751672161259999427e+01 7.431995100470000182e+01
3.355258173539999689e+01 1.874590130309999880e-01 7.365642830110000205e-02 -3.982324484809999787e-01 -1.275868960079999965e+02 8.783481305780000525e+01 7.397349559650000117e+01
1.039875695300000041e-01 1.843268843770000109e-01 7.763377448609999620e-02 -3.938093749120000209e-01 -1.276749559489999939e+02 8.751830445630000099e+01 7.432245561640000631e+01
1.319583330540000099e-01 1.833226360040000058e-01 6.953867879630000470e-02 -3.958643119390000131e-01 -1.271585850230000005e+02 8.826694572430000107e+01 7.439110332639999967e+01
3.374489420630000236e-01 1.818516921730000124e-01 7.506158855639999405e-02 -4.013606424260000027e-01 -1.271722191789999954e+02 8.809613594430000205e+01 7.453364470549999510e+01
2.151716964229999918e-01 1.866463704630000053e-01 6.950628722080000321e-02 -4.005344200379999942e-01 -1.270915756240000007e+02 8.807936984389999679e+01 7.448412366210000357e+01
6.438453355100000053e-01 1.747596614780000113e-01 7.800335599160000688e-02 -3.982614131139999847e-01 -1.270551274089999936e+02 8.781621350759999700e+01 7.460989885239999353e+01
1.452477951529999867e-01 1.837716900130000053e-01 7.748789373599999919e-02 -3.986510424620000048e-01 -1.273722082519999930e+02 8.778876913620000266e+01 7.464680561660000535e+01
6.687448133679999573e-01 1.843155866249999997e-01 7.408831539940000099e-02 -3.904986251299999989e-01 -1.276118404390000052e+02 8.793485714579999524e+01 7.411494964579999589e+01
1.482900298740000011e-01 1.872826723509999902e-01 7.271949003790000032e-02 -3.990227539139999946e-01 -1.275899838170000038e+02 8.829643838309999637e+01 7.415865254610000079e+01
1.032097242830000011e-01 1.829537256600000106e-01 7.697036805739999876e-02 -3.949154408530000104e-01 -1.273741680199999990e+02 8.779595655820000388e+01 7.453498992910000709e+01
4.534624358350000106e-01 1.839575857400000125e-01 7.611511084430000462e-02 -3.996732017699999862e-01 -1.268184700839999977e+02 8.774744427720000317e+01 7.423387189299999989e+01
3.645224090679999862e-01 1.903239858119999961e-01 7.097317016029999759e-02 -3.942431606940000055e-01 -1.276124567089999999e+02 8.800305296579999492e+01 7.407162899239999376e+01
2.276231833609999866e-01 1.838118869360000074e-01 7.412850428349999909e-02 -3.973639151999999730e-01 -1.270740439860000066e+02 8.776517353379999520e+01 7.441833567860000187e+01
1.042629886090000041e-01 1.854478707299999918e-01 7.208880277979999585e-02 -3.978557516930000260e-01 -1.278477862139999957e+02 8.821401224650000472e+01 7.417571377490000373e+01
3.283385652620000039e-01 1.793997759319999885e-01 7.312029899409999700e-02 -3.999476023579999762e-01 -1.270425532259999954e+02 8.796624597390000133e+01 7.403919028430000537e+01
1.151816818699999967e-01 1.815737880330000054e-01 7.666550200829999606e-02 -3.966916895290000245e-01 -1.274066861560000063e+02 8.744025211369999795e+01 7.415990227700000048e+01
2.974000001800000126e-01 1.830890196889999877e-01 7.020249299109999896e-02 -3.996965903199999892e-01 -1.269960880809999964e+02 8.800951850280000599e+01 7.409842147569999327e+01
2.211825083869999875e-01 1.836372817440000138e-01 7.204991409140000524e-02 -4.061138223319999963e-01 -1.270756231470000017e+02 8.824841003909999415e+01 7.426203256389999297e+01
3.564249491450000029e-01 1.841588955479999956e-01 7.190862785990000117e-02 -4.024115667159999798e-01 -1.271080245520000034e+02 8.792397338479999291e+01 7.453579042619999484e+01
2.006809813650000107e-01 1.849903339450000017e-01 7.407266002289999984e-02 -4.001472425270000133e-01 -1.273251774839999939e+02 8.834329455980000034e+01 7.446878204649999589e+01
9.920936196190000000e-01 1.820534885120000113e-01 7.732199217790000634e-02 -3.931397553950000123e-01 -1.273845200210000002e+02 8.768823127010000462e+01 7.462269238989999565e+01
1.001294236590000025e-01 1.848232776389999998e-01 7.698737272059999470e-02 -4.014565415429999784e-01 -1.273722232249999990e+02 8.755304328539999403e+01 7.419864091389999317e+01
5.241870188949999676e-01 1.785067488200000052e-01 7.252997004969999328e-02 -4.003222559380000267e-01 -1.270114235040000068e+02 8.801256634879999297e+01 7.458813601699999651e+01
1.282454942600000092e-01 1.826077767750000080e-01 7.398748888789999367e-02 -4.036346212399999911e-01 -1.268601440099999991e+02 8.811828450630000020e+01 7.440568602929999997e+01
1.407279861200000093e-01 1.829054747030000039e-01 7.407039842739999991e-02 -3.887619088920000188e-01 -1.274963351009999997e+02 8.802838758129999519e+01 7.439588115239999411e+01
1.783518639849999976e-01 1.852599014169999947e-01 7.362919941310000493e-02 -3.987053387960000084e-01 -1.275177723540000017e+02 8.799505739200000676e+01 7.473819497520000255e+01
2.892744877569999873e-01 1.868733253200000055e-01 7.760849310240000576e-02 -3.965862401840000162e-01 -1.273041577700000033e+02 8.759297812890000046e+01 7.425691653500000200e+01
2.613730672619999917e-01 1.879823308099999868e-01 7.969608970840000306e-02 -3.946333398870000009e-01 -1.275595350509999975e+02 8.791464681760000133e+01 7.404440535439999849e+01
1.045440592580000050e-01 1.863266212159999935e-01 7.350117299920000402e-02 -3.979660570529999775e-01 -1.271692328719999949e+02 8.785251167680000606e+01 7.452562037830000463e+01
1.030732528420000016e-01 1.850691129890000008e-01 7.760016034550000497e-02 -3.943952193270000017e-01 -1.271826744220000052e+02 8.737363781339999491e+01 7.441108840190000251e+01
1.659518504789999904e-01 1.863205735510000127e-01 8.164285811039999341e-02 -4.014519264049999925e-01 -1.274106780810000004e+02 8.772001494859999582e+01 7.429774931679999384e+01
1.081521067169999989e-01 1.821395671490000090e-01 7.780936810609999366e-02 -3.971513612249999992e-01 -1.272435818130000058e+02 8.762963157430000649e+01 7.457479985759999863e+01
1.257501043910000116e-01 1.841048173439999991e-01 6.943935752919999649e-02 -3.992064313279999888e-01 -1.274445820600000019e+02 8.812066806590000567e+01 7.437761805329999731e+01
4.443877491429999993e-01 1.851516313930000046e-01 6.718576376920000481e-02 -4.016822859720000083e-01 -1.271639615680000048e+02 8.827860782749999657e+01 7.430627555440000265e+01
1.042736622730000007e-01 1.844086769059999908e-01 7.254447804060000504e-02 -4.040789013269999730e-01 -1.271823851620000028e+02 8.798635536109999578e+01 7.436770043270000485e+01
1.284804728879999913e-01 1.826128023810000001e-01 7.121047215579999479e-02 -3.937387527849999791e-01 -1.271767980289999969e+02 8.801850205920000292e+01 7.435421071470000243e+01
1.798887205849999948e-01 1.857394887169999953e-01 7.320726239670000135e-02 -3.972989827150000264e-01 -1.273342868619999990e+02 8.816846475929999372e+01 7.413599956279999503e+01
2.324600220470000034e-01 1.847936593010000017e-01 6.909322353159999541e-02 -4.041906177630000263e-01 -1.273024259729999983e+02 8.806812805190000404e+01 7.419911051319999729e+01
2.349324900260000015e-01 1.876405566540000069e-01 8.342122105139999910e-02 -3.993882998639999848e-01 -1.272582476519999943e+02 8.745256256099999348e+01 7.413883985229999496e+01
1.118808092729999953e-01 1.870293197189999979e-01 7.465950242299999873e-02 -3.978805745349999756e-01 -1.272234157710000062e+02 8.795660309180000525e+01 7.422363484129999733e+01
5.561079050660000078e+00 1.877349339540000106e-01 7.806479150370000675e-02 -3.928901337819999950e-01 -1.276000090849999964e+02 8.764581057370000394e+01 7.431955968379999433e+01
1.003109440089999943e-01 1.794244883380000100e-01 7.751840713379999637e-02 -3.979079653109999781e-01 -1.272987018010000071e+02 8.778861581229999445e+01 7.435408686579999937e+01
1.188298884139999956e-01 1.876762963420000041e-01 7.419928724909999329e-02 -3.997112930410000042e-01 -1.273943608170000061e+02 8.782082130989999769e+01 7.428155502830000501e+01
4.027407491650000226e-01 1.877184480040000047e-01 7.731720055999999341e-02 -3.967944986940000196e-01 -1.274980109290000030e+02 8.753239584979999677e+01 7.441896770079999612e+01
1.052512135460000053e-01 1.853973960289999889e-01 7.207506647109999942e-02 -3.970946338960000266e-01 -1.271411083659999974e+02 8.811360947090000195e+01 7.436858151660000260e+01
2.914303459379999905e-01 1.844393963329999941e-01 7.481436293679999405e-02 -3.969114322980000220e-01 -1.273564349210000017e+02 8.751472071080000603e+01 7.447250542940000173e+01
3.343930274329999786e-01 1.834215146010000075e-01 7.403395892819999990e-02 -3.960538369550000160e-01 -1.272820569619999986e+02 8.838415440679999335e+01 7.419286008769999796e+01
1.811771469500000065e-01 1.889226472539999868e-01 6.855196001079999490e-02 -3.976964305449999793e-01 -1.274585667409999985e+02 8.809734482240000375e+01 7.430282255689999715e+01
1.149476122290000041e-01 1.891495776719999966e-01 7.405823891729999831e-02 -4.034579615750000237e-01 -1.269982259420000048e+02 8.796385368800000037e+01 7.429158033820000639e+01
2.899876351200000091e+00 1.879885553239999951e-01 7.569763818239999553e-02 -3.974158383929999871e-01 -1.271438110400000028e+02 8.780569178550000231e+01 7.412815546279999523e+01
4.623380483930000229e-01 1.846187314330000051e-01 7.320067642170000055e-02 -3.981670093129999755e-01 -1.271739673259999961e+02 8.760733873270000061e+01 7.421272767749999844e+01
1.291430908270000122e-01 1.866705592679999970e-01 7.129759967620000194e-02 -4.011860015689999726e-01 -1.270714859250000046e+02 8.783481985029999350e+01 7.425019695429999445e+01
1.398050722489999897e-01 1.916266892129999955e-01 7.598037761459999762e-02 -3.984574472419999958e-01 -1.272160993069999932e+02 8.777442065639999669e+01 7.394606448439999724e+01
1.338290452170000089e+00 1.859483314350000027e-01 7.320948130490000094e-02 -3.968029345840000111e-01 -1.274001500690000057e+02 8.793821986230000221e+01 7.384200128640000571e+01
4.582029973260000055e-01 1.847731390100000037e-01 7.141790638889999876e-02 -3.986629673689999764e-01 -1.270955075990000012e+02 8.789646260819999668e+01 7.419509097979999979e+01
1.316014653889999997e-01 1.805439906359999902e-01 7.513337666750000143e-02 -4.018043699939999880e-01 -1.271959549710000061e+02 8.786532848010000407e+01 7.460316576779999309e+01
1.079428638219999959e-01 1.824187768130000054e-01 7.568344683880000312e-02 -3.961623177110000227e-01 -1.274260503760000063e+02 8.784099954830000456e+01 7.421489013030000592e+01
1.246952163349999976e-01 1.856465160190000074e-01 7.415154816650000591e-02 -3.962026035949999803e-01 -1.271108611530000019e+02 8.794090365050000457e+01 7.432118135780000046e+01
1.224203471290000039e-01 1.813955054549999946e-01 7.045586957589999866e-02 -3.961011020569999985e-01 -1.272362441949999976e+02 8.773179097870000476e+01 7.463533042010000429e+01
1.109182224879999984e-01 1.799046715429999943e-01 6.929077480560000279e-02 -3.973170069340000166e-01 -1.271813261469999929e+02 8.802690660140000034e+01 7.482176207739999541e+01
2.647099023949999741e-01 1.854393814810000041e-01 7.363473370449999389e-02 -3.978308442180000237e-01 -1.267622244380000041e+02 8.796693246830000135e+01 7.437757197439999857e+01
1.197523041250000003e-01 1.872072776919999904e-01 7.193079666450000187e-02 -3.975251435489999818e-01 -1.275564634229999967e+02 8.768176897630000610e+01 7.450386788139999794e+01
3.421205423850000038e-01 1.818487902320000127e-01 7.594380385219999530e-02 -3.979076813810000224e-01 -1.269602781060000041e+02 8.821212103249999359e+01 7.434350637999999378e+01
1.082942977069999979e-01 1.838821959499999936e-01 7.797900978569999308e-02 -3.943938759050000242e-01 -1.270727695100000005e+02 8.781581200579999802e+01 7.425154343050000705e+01
1.064511063849999939e-01 1.846972266599999912e-01 7.846074498739999403e-02 -3.970022922540000221e-01 -1.276867972750000035e+02 8.756256074419999891e+01 7.452812440479999623e+01
1.818229574409999938e-01 1.880331831519999886e-01 7.022587620299999833e-02 -3.945090363770000219e-01 -1.275821676150000030e+02 8.806172685810000189e+01 7.449509320129999423e+01
3.637127259010000113e-01 1.840723373890000014e-01 7.438615208349999564e-02 -3.964263230080000144e-01 -1.270430606369999964e+02 8.752771588080000242e+01 7.412258689349999941e+01
1.336854387020000035e-01 1.850022255250000081e-01 7.552799728570000481e-02 -3.964524496560000166e-01 -1.274725622920000063e+02 8.815944249470000216e+01 7.413788909710000041e+01
1.997040063799999932e-01 1.851880771169999995e-01 7.408753422640000641e-02 -3.975218036070000127e-01 -1.275483335549999993e+02 8.801860921979999830e+01 7.439795757529999776e+01
1.441233578780000135e-01 1.873755102409999929e-01 7.176775589259999644e-02 -3.933752416199999824e-01 -1.273807112780000068e+02 8.806142142369999704e+01 7.435716700010000579e+01
6.637826795569999883e-01 1.872140670730000067e-01 7.227487415989999886e-02 -3.946948060950000170e-01 -1.273680260219999951e+02 8.788213195730000393e+01 7.440105121560000612e+01
1.014139356939999931e-01 1.845882127089999991e-01 7.177532355980000001e-02 -3.963669434309999851e-01 -1.274593245810000042e+02 8.831920420749999323e+01 7.431312081100000455e+01
2.386155663260000059e-01 1.853948407609999904e-01 7.518601824010000267e-02 -3.962781288069999741e-01 -1.271443844049999967e+02 8.761094566559999919e+01 7.469295943320000220e+01
1.149044807009999974e-01 1.839405773189999871e-01 7.495505802709999388e-02 -3.941239106800000225e-01 -1.277283274210000030e+02 8.795577812329999290e+01 7.444768327939999608e+01
1.585511498040000078e-01 1.875536749510000045e-01 7.314403207750000413e-02 -3.969892517779999852e-01 -1.273349280099999987e+02 8.814267757529999869e+01 7.426037373559999821e+01
9.221538110860000304e-01 1.876036695649999919e-01 7.038827862530000479e-02 -3.954725251239999961e-01 -1.277712889170000068e+02 8.784644150069999569e+01 7.446470060119999346e+01
1.319864237149999953e-01 1.836761839580000055e-01 7.420454887359999308e-02 -3.982516267999999804e-01 -1.270805549220000046e+02 8.823881541640000137e+01 7.421839192699999899e+01
2.856320859640000265e-01 1.860815529529999957e-01 7.360537601210000169e-02 -3.991787623599999946e-01 -1.276737617619999980e+02 8.805145228019999593e+01 7.437963906939999958e+01
6.000730364799999883e-01 1.855398217049999965e-01 7.764860273170000327e-02 -3.985744522240000087e-01 -1.268911838319999958e+02 8.781527344319999884e+01 7.406476174360000186e+01
1.878736509989999970e-01 1.828726042100000115e-01 7.097355770289999477e-02 -3.969312461439999939e-01 -1.277076773109999976e+02 8.797344540849999817e+01 7.429503665859999728e+01
1.173217960159999990e-01 1.845409068480000081e-01 7.454401802009999467e-02 -3.991451551349999849e-01 -1.269744153869999934e+02 8.760750693679999301e+01 7.437833868369999379e+01
1.142550410209999950e-01 1.857725201819999949e-01 7.538118073720000145e-02 -3.977321708189999749e-01 -1.272883512270000068e+02 8.757492406570000298e+01 7.406406783609999422e+01
1.764830925460000033e-01 1.880286204009999906e-01 7.421600521670000672e-02 -3.997202623569999780e-01 -1.276555077999999952e+02 8.807944654610000157e+01 7.398240167989999350e+01
1.506455235430000095e-01 1.850081710049999995e-01 7.446581600939999879e-02 -3.995000611419999847e-01 -1.273045638730000064e+02 8.737412100599999576e+01 7.436036305240000388e+01
1.507853441410000050e-01 1.839086089879999886e-01 7.457256910989999710e-02 -3.973035905869999884e-01 -1.272411812940000004e+02 8.800881984869999997e+01 7.469817224130000000e+01
3.471018564180000099e-01 1.868111271350000047e-01 7.163099204900000294e-02 -4.021774411869999954e-01 -1.273578238209999967e+02 8.794985957679999444e+01 7.400687262620000695e+01
2.471684328679999987e-01 1.887903953179999872e-01 7.403662817799999685e-02 -3.950041733169999958e-01 -1.276373392819999992e+02 8.760968267410000010e+01 7.448876241719999314e+01
3.297261586110000198e-01 1.831637438710000121e-01 6.936269762329999589e-02 -4.012519568860000163e-01 -1.271436685240000060e+02 8.827618169640000190e+01 7.427393444579999482e+01
1.475824209659999942e-01 1.849866508749999916e-01 7.304532566379999536e-02 -3.969636594370000160e-01 -1.270614810959999943e+02 8.773721527879999371e+01 7.455957712320000041e+01
1.651536859190000095e-01 1.841972598839999864e-01 7.551721936409999669e-02 -3.984446821320000165e-01 -1.273923143979999963e+02 8.801220537529999888e+01 7.422015202949999946e+01
1.110221122560000051e-01 1.855882820139999889e-01 7.575268374280000327e-02 -3.947610958550000215e-01 -1.273038320710000022e+02 8.790111927030000061e+01 7.453135364409999397e+01
1.582594904169999928e-01 1.856850374590000019e-01 7.394858518489999533e-02 -3.969941270599999794e-01 -1.273665713089999940e+02 8.794720644609999738e+01 7.424662831080000558e+01
3.301826646039999757e-01 1.881861640380000089e-01 7.237445194229999434e-02 -3.995402676240000228e-01 -1.273706971750000037e+02 8.778038833220000470e+01 7.398015253609999320e+01
4.528232610730000274e-01 1.910122087799999979e-01 7.686673520009999760e-02 -4.000856778779999789e-01 -1.273293776240000028e+02 8.792047022069999684e+01 7.396637283299999410e+01
2.726179680549999929e-01 1.845153662239999992e-01 7.496699412740000235e-02 -4.001522571580000132e-01 -1.270343588740000058e+02 8.765112079569999537e+01 7.428141698189999431e+01
1.193395742249999947e-01 1.829117269140000113e-01 7.016432452750000215e-02 -3.974889116729999894e-01 -1.276579426309999974e+02 8.801560089390000030e+01 7.434773975480000274e+01
1.445918007219999968e+00 1.838517094150000086e-01 7.521575192120000253e-02 -4.002298818969999838e-01 -1.271660540759999947e+02 8.840282392330000505e+01 7.421792875270000422e+01
1.563383527399999917e-01 1.878260394179999959e-01 7.491679825420000105e-02 -3.970869712639999993e-01 -1.277387982839999978e+02 8.762625751970000465e+01 7.402274155380000309e+01
1.104601695130000005e-01 1.865065313160000071e-01 7.597576314729999336e-02 -3.950347251860000242e-01 -1.275546901820000016e+02 8.790390532450000194e+01 7.440078113680000627e+01
1.307687024480000126e-01 1.869924493000000021e-01 7.465451773619999343e-02 -3.972767747159999807e-01 -1.274468463390000039e+02 8.742730581649999522e+01 7.420551802839999311e+01
4.494181104550000194e-01 1.841841186779999973e-01 7.446252932949999626e-02 -3.971794117960000259e-01 -1.270014546280000047e+02 8.825682126889999779e+01 7.423120639930000664e+01
1.024034928789999965e-01 1.851042876929999970e-01 7.651896464509999607e-02 -3.977983367090000000e-01 -1.268811491820000015e+02 8.751128010969999593e+01 7.444824999680000133e+01
3.449456846699999746e-01 1.831287797399999973e-01 8.134005475319999734e-02 -3.914517989210000160e-01 -1.274819926220000070e+02 8.740767976879999424e+01 7.424602599399999292e+01
2.879111877330000069e-01 1.941538200529999980e-01 7.682135692699999796e-02 -3.993884285090000263e-01 -1.274674598029999970e+02 8.768446712159999379e+01 7.393494671979999566e+01
7.033566090680000160e-01 1.854519513679999954e-01 7.732264895160000095e-02 -3.970579821210000193e-01 -1.272183072640000034e+02 8.768245816549999461e+01 7.413061843879999913e+01
2.255706856899999946e-01 1.889222942819999973e-01 7.797737764470000221e-02 -3.951177867499999774e-01 -1.275548351890000021e+02 8.765734571619999826e+01 7.401072013489999790e+01
1.009917830649999931e-01 1.834420671760000066e-01 7.505029289369999357e-02 -3.974594660990000139e-01 -1.272111891649999933e+02 8.757135582109999916e+01 7.426778384899999708e+01
1.033373683110000024e-01 1.864633258379999881e-01 7.238927279649999547e-02 -4.016565852339999965e-01 -1.273952612319999957e+02 8.780171634209999354e+01 7.438241162699999620e+01
2.864353917479999789e-01 1.882605874290000092e-01 7.576020282320000687e-02 -3.979114009529999829e-01 -1.275632011529999943e+02 8.769731784280000397e+01 7.432265557469999351e+01
1.573163154470000047e-01 1.836517853150000101e-01 6.666352543329999436e-02 -3.950683920959999762e-01 -1.273099575789999989e+02 8.818505165089999309e+01 7.449655685359999779e+01
1.039013334100000047e-01 1.837536091610000033e-01 7.772936736079999465e-02 -3.897788312170000213e-01 -1.275310264670000038e+02 8.774674077180000609e+01 7.439625020059999372e+01
1.184192598879999947e+00 1.874291013640000114e-01 7.383013086009999892e-02 -3.963714011530000136e-01 -1.274379442510000047e+02 8.795157548390000102e+01 7.402848398999999802e+01
3.373152023520000209e-01 1.883610542849999958e-01 7.320653988179999516e-02 -4.004613845359999980e-01 -1.272558821829999971e+02 8.793639696900000047e+01 7.426843096860000060e+01
3.904617517039999930e-01 1.868103577009999905e-01 6.775126569040000601e-02 -4.048835629670000102e-01 -1.271625076779999972e+02 8.814836579149999807e+01 7.409914496460000066e+01
2.003183880930000105e-01 1.818452573250000093e-01 7.202969381849999575e-02 -3.974496639219999850e-01 -1.270605564930000071e+02 8.823906100790000551e+01 7.420552253660000019e+01
1.021426396019999988e-01 1.852068877090000121e-01 7.266759293279999310e-02 -3.955192386899999968e-01 -1.273970828079999933e+02 8.825440847989999327e+01 7.473784629460000417e+01
9.182391961410000247e-01 1.835050196459999949e-01 7.303210555189999786e-02 -3.974459496530000080e-01 -1.266883272379999994e+02 8.803838503250000258e+01 7.440412408349999396e+01
9.076996193840000116e-01 1.838348462759999968e-01 7.474734893109999390e-02 -3.983375946780000065e-01 -1.270512754340000043e+02 8.798797212840000270e+01 7.455216127159999928e+01
1.494617779970000004e+00 1.878721183879999979e-01 7.219984483239999529e-02 -3.970826363089999811e-01 -1.274293228979999952e+02 8.804497019750000675e+01 7.444938675660000627e+01
1.150449883550000024e-01 1.859864875259999994e-01 6.914674991430000417e-02 -3.986422850929999817e-01 -1.276120520590000069e+02 8.813756292989999963e+01 7.426341851700000518e+01
1.178682756440000007e-01 1.844729511450000081e-01 7.372477445189999645e-02 -3.993560179360000073e-01 -1.270005608090000067e+02 8.742923808380000139e+01 7.421719527659999471e+01
2.876403555689999725e-01 1.839645624510000133e-01 7.500535975600000627e-02 -3.973689552319999985e-01 -1.274922821549999981e+02 8.812511502370000471e+01 7.417449230629999590e+01
1.211916455920000052e-01 1.865403823600000066e-01 7.508285819040000364e-02 -3.987812347770000043e-01 -1.269481341049999941e+02 8.792821853089999706e+01 7.416094793630000481e+01
1.638093480610000041e-01 1.829595200720000037e-01 7.493698210629999579e-02 -4.023190005860000085e-01 -1.268671737669999970e+02 8.779579890159999422e+01 7.424912066640000319e+01
1.427697400269999917e-01 1.889899769810000074e-01 7.018025709800000678e-02 -4.001151449359999779e-01 -1.272760191269999979e+02 8.808400417199999310e+01 7.420895401639999989e+01
1.537442196490000079e-01 1.857083021279999913e-01 7.753528310450000238e-02 -4.041165862169999734e-01 -1.272478661819999957e+02 8.755417324779999433e+01 7.415854740529999845e+01
1.307649693569999938e-01 1.888653415830000015e-01 8.231343644150000693e-02 -3.932855519339999995e-01 -1.276246666549999986e+02 8.748852343720000135e+01 7.434951491089999820e+01
1.786698639869999938e-01 1.803903384249999908e-01 7.076209134369999820e-02 -3.965741383070000015e-01 -1.273264694329999998e+02 8.797846981120000009e+01 7.423704267189999939e+01
1.208798771919999959e-01 1.808469533479999947e-01 7.314661737310000633e-02 -4.014735646129999891e-01 -1.270034457579999980e+02 8.803945338890000016e+01 7.441667431889999307e+01
1.572905490500000059e-01 1.846577429100000056e-01 7.752591189139999839e-02 -3.994622123370000222e-01 -1.273543213730000048e+02 8.820285296980000567e+01 7.432809527759999924e+01
3.748384861290000036e-01 1.866604921030000086e-01 7.458910237740000448e-02 -3.990617075640000011e-01 -1.272473910920000009e+02 8.781394394119999447e+01 7.396378498069999807e+01
2.865335089030000004e-01 1.840235422400000043e-01 7.821625252330000055e-02 -4.054680285789999949e-01 -1.270237993530000011e+02 8.773213430190000395e+01 7.435048652560000448e+01
3.040712012010000076e-01 1.885186505399999990e-01 7.371324738800000276e-02 -3.950493456499999945e-01 -1.275848703110000031e+02 8.794301638219999973e+01 7.420953326650000292e+01
1.453137222979999921e-01 1.833734773150000052e-01 7.279264315620000148e-02 -3.907389982039999876e-01 -1.274721180220000036e+02 8.794716814929999771e+01 7.461293112920000681e+01
1.003691125659999933e-01 1.860602037980000067e-01 7.593373559869999456e-02 -3.959206503489999807e-01 -1.273772113069999961e+02 8.810434187840000675e+01 7.402796071180000581e+01
1.920379700239999987e-01 1.857646426020000130e-01 7.428029233730000513e-02 -3.983299432690000086e-01 -1.276674399219999998e+02 8.785539627759999348e+01 7.450165367740000022e+01
1.667957054070000056e-01 1.839218701869999861e-01 7.095392844480000183e-02 -3.907547453790000125e-01 -1.274746201279999980e+02 8.800212454649999927e+01 7.419043613190000030e+01
1.038149811079999985e-01 1.842074599609999919e-01 7.577596646100000222e-02 -3.952612413320000240e-01 -1.271235286440000039e+02 8.763272006020000049e+01 7.439407914609999750e+01
1.141385205599999980e-01 1.844031731899999915e-01 7.751968418589999521e-02 -3.971388948460000123e-01 -1.272935180599999967e+02 8.784301752819999365e+01 7.435364942840000424e+01
1.760569609079999931e-01 1.838664665339999893e-01 7.949938830739999851e-02 -3.987729545479999915e-01 -1.272881132469999983e+02 8.767014720080000245e+01 7.395288135799999907e+01
1.094072356539999985e-01 1.832814494979999875e-01 7.372988439680000505e-02 -3.955041649250000124e-01 -1.278046146719999996e+02 8.823530272089999471e+01 7.432652231400000176e+01
3.375516695920000032e-01 1.853918305120000054e-01 7.634792187760000570e-02 -3.955880616019999962e-01 -1.273865103229999960e+02 8.763053475130000436e+01 7.392428738709999436e+01
1.080760242980000063e-01 1.889274124199999960e-01 7.751099114810000579e-02 -4.000059665590000035e-01 -1.270854953660000035e+02 8.761404492030000313e+01 7.420599802510000131e+01
1.100633269869999986e-01 1.857399097720000003e-01 7.457394183759999406e-02 -3.985576027439999836e-01 -1.271804059380000069e+02 8.778216360640000460e+01 7.403241635889999372e+01
1.499813916359999943e-01 1.905080601999999956e-01 7.632710787429999866e-02 -4.002182717860000016e-01 -1.277535513400000013e+02 8.780225158019999299e+01 7.396969413659999759e+01
2.028065358460000023e-01 1.844427023590000103e-01 7.292961314710000309e-02 -4.031487295819999872e-01 -1.272501193960000023e+02 8.820670330720000152e+01 7.433985724660000471e+01
1.721602452440000042e-01 1.856629949639999888e-01 7.207616103029999832e-02 -3.986633860900000159e-01 -1.273849568859999977e+02 8.754622978300000113e+01 7.404851261609999824e+01
2.407479776370000102e-01 1.873159913889999861e-01 7.326176435209999505e-02 -3.991381514069999858e-01 -1.273007961330000057e+02 8.803793096149999542e+01 7.402398597280000558e+01
2.578611288800000123e-01 1.838139818710000095e-01 7.501747328739999388e-02 -3.976850816529999832e-01 -1.273244857549999978e+02 8.734605957370000340e+01 7.446381620169999849e+01
3.642596415850000158e-01 1.844768200640000133e-01 7.807104058460000162e-02 -3.952222025220000212e-01 -1.274643044729999986e+02 8.738760577040000044e+01 7.411527388929999915e+01
1.480038733150000063e-01 1.826552932299999876e-01 7.175842190940000254e-02 -4.006597136010000004e-01 -1.274890444840000043e+02 8.778702722529999392e+01 7.440621738689999631e+01
1.707579970629999888e-01 1.842444146109999958e-01 7.451609982079999972e-02 -4.000946306679999953e-01 -1.275670245590000036e+02 8.824383383129999459e+01 7.405066047910000293e+01
1.384613554240000100e-01 1.850047360969999943e-01 7.339379688000000068e-02 -3.999794202899999984e-01 -1.268847437609999957e+02 8.766442098459999954e+01 7.433156490689999885e+01
1.214394018030000022e-01 1.864404500740000081e-01 7.004138988659999732e-02 -3.964303740999999826e-01 -1.273280092950000011e+02 8.812376780879999671e+01 7.430226263260000508e+01
1.337604345910000103e-01 1.837164490119999882e-01 7.610872927610000394e-02 -3.968708264970000066e-01 -1.277544840169999958e+02 8.784493177759999583e+01 7.467313720680000699e+01
1.145170791270000016e-01 1.837940429990000124e-01 7.139091498879999997e-02 -3.971886229880000063e-01 -1.275837330699999939e+02 8.791921229369999935e+01 7.433524696860000347e+01
1.267312514820000047e+01 1.804808367600000130e-01 7.632925631810000278e-02 -3.974764282580000030e-01 -1.275805371309999998e+02 8.804117910399999403e+01 7.442091456929999538e+01
1.165948169930000056e-01 1.861795398749999941e-01 6.656909853030000546e-02 -4.013519795839999849e-01 -1.274497290970000023e+02 8.834101094080000394e+01 7.441139759569999512e+01
1.186847940110000027e-01 1.854842829470000065e-01 7.567490361010000000e-02 -4.004029660899999787e-01 -1.270191360870000068e+02 8.770031583879999459e+01 7.424859100899999476e+01
1.931875374179999882e-01 1.794809807580000083e-01 7.016077399940000292e-02 -3.964337821619999813e-01 -1.271716208090000038e+02 8.818277713739999513e+01 7.460987665000000391e+01
2.225308631650000091e-01 1.846185748439999885e-01 7.007219932829999998e-02 -3.944634787340000059e-01 -1.276160661629999993e+02 8.801725975930000345e+01 7.439122268869999743e+01
2.758174852170000024e-01 1.876747075659999930e-01 7.515187867009999467e-02 -3.957699368800000062e-01 -1.272505773169999941e+02 8.776173855150000236e+01 7.383805959410000241e+01
1.726513951599999985e-01 1.845890460559999890e-01 7.502808915849999705e-02 -3.968174811299999827e-01 -1.275523977940000009e+02 8.833605864810000696e+01 7.432906261760000177e+01
1.311827502550000080e-01 1.826197363379999938e-01 7.352671557720000250e-02 -3.989233564310000202e-01 -1.275529845669999958e+02 8.785444967460000498e+01 7.482040232639999999e+01
1.084710450520000036e-01 1.805582026510000049e-01 7.531618067249999660e-02 -3.966746836719999836e-01 -1.276408592540000058e+02 8.788078401129999406e+01 7.452621175999999537e+01
9.200588088950000243e-01 1.883087120649999946e-01 7.533087678289999978e-02 -3.962742565899999847e-01 -1.272830422819999967e+02 8.784420969410000168e+01 7.396874432719999959e+01
1.226903848550000009e-01 1.873038010199999936e-01 7.392534484030000019e-02 -4.008119457279999964e-01 -1.271309933720000060e+02 8.762927259170000127e+01 7.444726273519999893e+01
1.229212431789999949e-01 1.867065808920000125e-01 7.038039033809999345e-02 -3.976033621069999802e-01 -1.272886823179999993e+02 8.822709786679999411e+01 7.398830706869999574e+01
1.460880994060000104e-01 1.840496635459999974e-01 7.665827591280000020e-02 -3.965262534640000003e-01 -1.274653071259999990e+02 8.810311407960000452e+01 7.435479387499999859e+01
1.499702462720000073e-01 1.836834457000000032e-01 7.109099266620000357e-02 -3.950409348169999779e-01 -1.270686672390000069e+02 8.784814806400000009e+01 7.455267415650000373e+01
1.025953309289999948e+00 1.794323498540000006e-01 7.455957803559999653e-02 -3.970375900970000149e-01 -1.275379864330000004e+02 8.789324537410000460e+01 7.459786771759999624e+01
1.601343622929999877e-01 1.870627078519999931e-01 7.334926655850000643e-02 -3.999895725050000017e-01 -1.273713288619999986e+02 8.798874073540000040e+01 7.425372896589999527e+01
1.795254720620000077e-01 1.818584265379999954e-01 7.661782225299999805e-02 -4.002801412229999856e-01 -1.273361826080000014e+02 8.761292293600000392e+01 7.435945383119999974e+01
3.092518517599999739e-01 1.864785550929999869e-01 7.362799513020000519e-02 -3.981293722750000041e-01 -1.268081630199999950e+02 8.790356200909999984e+01 7.428792912090000300e+01
1.315615976139999921e-01 1.843611943300000056e-01 7.282973048499999380e-02 -3.929011566239999920e-01 -1.275918504440000021e+02 8.799734766080000270e+01 7.451095152839999969e+01
3.750337210069999827e+01 1.859700268260000011e-01 7.609811920910000693e-02 -3.989236068040000194e-01 -1.269943277720000054e+02 8.759107744290000142e+01 7.461905161800000030e+01
5.324903775160000352e-01 1.914318323639999930e-01 7.036393504669999355e-02 -3.938661631570000154e-01 -1.274470636049999968e+02 8.804748724050000419e+01 7.421871008009999571e+01
1.539992399160000081e-01 1.868156651510000099e-01 6.973314709410000090e-02 -4.008997667840000223e-01 -1.269797260510000001e+02 8.806202827779999609e+01 7.417704939120000063e+01
1.379185925039999872e-01 1.846379495590000086e-01 7.129640574439999323e-02 -3.973382414289999831e-01 -1.275374602280000005e+02 8.805616488559999766e+01 7.398505891199999951e+01
1.348612780350000040e-01 1.886152565720000118e-01 7.071283942269999956e-02 -3.996843694119999735e-01 -1.275483455939999970e+02 8.786595972400000676e+01 7.409101298870000107e+01
1.244474599670000042e-01 1.840852244400000004e-01 7.585226540099999915e-02 -4.006777465160000218e-01 -1.270953996740000065e+02 8.811789179069999989e+01 7.430819813300000476e+01
1.532289189530000040e-01 1.880324872399999903e-01 7.564081267930000685e-02 -3.988106344530000236e-01 -1.273417167209999974e+02 8.767254324149999434e+01 7.437319823900000415e+01
1.110083448719999949e-01 1.843427112280000002e-01 7.457107578640000123e-02 -3.991854186700000140e-01 -1.271504267739999960e+02 8.815433049439999991e+01 7.418503783629999759e+01
4.276348730219999839e-01 1.861710695419999950e-01 6.973178497159999989e-02 -3.911355790339999805e-01 -1.274062496319999980e+02 8.807272476640000036e+01 7.439304839109999534e+01
1.886505165559999864e-01 1.821582133920000013e-01 7.678632912489999351e-02 -3.989272994129999805e-01 -1.270779710129999955e+02 8.783857420680000416e+01 7.466276557659999469e+01
1.416829390010000134e-01 1.829932496520000063e-01 7.382295176809999804e-02 -3.977455349449999789e-01 -1.272165073070000005e+02 8.768773520080000594e+01 7.477196177000000432e+01
1.126721137210000001e-01 1.849456101649999962e-01 7.326192631529999943e-02 -4.008797266129999759e-01 -1.273357300250000037e+02 8.787107811980000349e+01 7.436909397799999510e+01
1.370179076130000062e-01 1.868931785680000013e-01 7.296016163690000056e-02 -3.999505334069999862e-01 -1.275761643550000031e+02 8.780873448650000057e+01 7.401786020510000697e+01
2.492088475960000105e-01 1.811390603349999906e-01 7.683723469660000416e-02 -4.014121650220000004e-01 -1.272889294019999937e+02 8.783111487249999527e+01 7.421589420979999829e+01
4.363688777629999849e-01 1.784581641999999913e-01 7.162113620359999988e-02 -3.936913458180000269e-01 -1.270242195290000069e+02 8.787811532700000328e+01 7.453032474450000677e+01
4.049298965740000256e-01 1.902617949069999870e-01 7.902379009939999865e-02 -4.002717286590000145e-01 -1.273711078569999984e+02 8.778598787740000375e+01 7.419907804359999659e+01
3.414782889679999767e-01 1.828182460889999916e-01 7.606680783039999894e-02 -4.023050349310000051e-01 -1.268783958989999974e+02 8.765764514839999322e+01 7.423237390799999957e+01
1.915818665759999873e-01 1.834168930010000031e-01 7.178143620070000230e-02 -3.971198026880000120e-01 -1.273894108589999945e+02 8.760639643679999722e+01 7.430300310680000564e+01
1.279721572270000052e-01 1.877535852639999892e-01 7.634607030680000406e-02 -3.964396304949999728e-01 -1.274891567380000055e+02 8.764490897960000382e+01 7.415135092760000646e+01
1.830255729799999953e-01 1.872769435390000126e-01 7.697188289690000407e-02 -3.954964062369999978e-01 -1.273199348050000026e+02 8.785077136370000517e+01 7.399174787079999760e+01
2.910604727339999864e-01 1.862791011459999924e-01 7.528058960569999902e-02 -3.975357259330000170e-01 -1.274937572759999966e+02 8.771682467349999968e+01 7.426745476520000011e+01
1.501235042540000064e-01 1.870899899219999885e-01 7.677432046729999737e-02 -3.979314901850000141e-01 -1.275741578930000060e+02 8.800333065959999601e+01 7.439834535459999643e+01
3.817928930080000116e-01 1.863574531970000059e-01 7.116004914369999934e-02 -3.991146064319999742e-01 -1.270669612030000053e+02 8.814572695430000238e+01 7.419783657559999313e+01
2.191451019900000075e-01 1.842265235559999992e-01 7.696024770959999928e-02 -3.973131733820000067e-01 -1.275297263479999970e+02 8.801929047069999967e+01 7.458726861220000615e+01
5.039549477229999797e-01 1.863627520470000076e-01 7.792552842439999516e-02 -3.947322580950000104e-01 -1.273847940490000070e+02 8.784212968890000184e+01 7.437940837790000614e+01
1.249352621039999944e-01 1.847011522589999954e-01 7.351309056879999637e-02 -3.985203509820000045e-01 -1.269695075260000010e+02 8.833648539930000254e+01 7.418129668810000510e+01
1.522068752840000094e-01 1.863260475190000043e-01 7.407472777569999722e-02 -3.960419615569999996e-01 -1.272270290339999974e+02 8.792573970850000364e+01 7.410983344020000629e+01
5.103609125920000045e-01 1.862625893139999989e-01 7.143872672319999395e-02 -3.972532037390000270e-01 -1.276868532560000062e+02 8.788245740569999498e+01 7.399397768629999916e+01
2.659149620530000258e-01 1.840173055340000030e-01 7.394038758380000464e-02 -3.958026588749999908e-01 -1.268235819150000054e+02 8.779208233549999818e+01 7.441755656540000530e+01
4.145114407939999857e-01 1.819171467279999954e-01 7.484427730409999591e-02 -3.947475557430000226e-01 -1.272136351230000031e+02 8.768668871590000435e+01 7.423691916660000345e+01
2.240164602649999948e-01 1.839215528950000067e-01 7.120753957330000494e-02 -4.050019404490000086e-01 -1.272066067970000063e+02 8.820106259819999650e+01 7.440962273409999739e+01
2.696591907709999791e-01 1.855429711859999942e-01 7.714478727220000498e-02 -3.883989051289999939e-01 -1.275889513829999942e+02 8.765137156919999484e+01 7.435222582999999474e+01
1.429213232340000028e-01 1.846507286500000122e-01 7.210802478290000150e-02 -3.961245533409999964e-01 -1.275255083229999968e+02 8.780890286059999994e+01 7.421007870619999380e+01
1.368284678080000094e-01 1.881505942599999981e-01 7.743896914209999482e-02 -3.967650971919999825e-01 -1.277676628210000018e+02 8.778429606100000626e+01 7.450497483760000250e+01
1.712035098430000069e-01 1.822692505759999915e-01 7.957716782179999337e-02 -3.984733040749999788e-01 -1.271712268520000038e+02 8.783902424110000595e+01 7.440409845329999428e+01
1.069560729360000018e+00 1.817844381740000015e-01 7.833095357960000171e-02 -3.973452640019999871e-01 -1.270364869069999969e+02 8.790981753600000559e+01 7.429153753939999660e+01
6.212523763759999484e-01 1.870187141130000008e-01 7.402860970829999721e-02 -3.974743752730000024e-01 -1.271358711849999992e+02 8.774874484330000257e+01 7.382691047420000530e+01
1.224686612759999932e-01 1.818269919249999866e-01 7.746390018519999643e-02 -3.984264959359999914e-01 -1.274899600319999990e+02 8.761485080619999621e+01 7.458659234920000358e+01
1.616937921419999924e+00 1.862258616559999969e-01 7.462937048230000592e-02 -3.969014974910000104e-01 -1.273007080569999943e+02 8.741474060369999677e+01 7.400328491919999863e+01
2.219034763359999940e-01 1.875674374959999946e-01 7.255812894629999621e-02 -3.962190808159999911e-01 -1.272718474419999950e+02 8.789815905230000226e+01 7.457309003330000508e+01
1.542165188890000094e-01 1.824770067860000122e-01 7.573219619819999970e-02 -3.933017139780000115e-01 -1.273909406939999940e+02 8.751498941250000030e+01 7.431218750230000580e+01
1.166048420840000016e-01 1.865971183609999862e-01 7.595718450220000084e-02 -3.974062572170000140e-01 -1.274629146449999979e+02 8.804359693300000345e+01 7.428021355529999425e+01
3.390920234629999919e-01 1.852997718430000051e-01 7.433060298770000074e-02 -3.946253010499999880e-01 -1.274222542109999949e+02 8.792678074699999513e+01 7.461515369709999845e+01
1.208521333019999949e-01 1.815721698399999917e-01 7.832949769489999658e-02 -4.014454302450000123e-01 -1.269093066460000045e+02 8.781231685919999563e+01 7.455541587320000474e+01
2.294288079310000117e-01 1.837191918330000062e-01 7.235002484220000307e-02 -3.952325537360000252e-01 -1.274124211870000067e+02 8.786554231440000251e+01 7.478358128840000063e+01
1.002548443040000015e-01 1.822562277210000026e-01 7.094124973330000195e-02 -3.991088181069999963e-01 -1.273614187099999953e+02 8.803082370200000639e+01 7.451441208980000397e+01
3.749823002439999775e-01 1.841358285320000010e-01 7.127928874239999879e-02 -3.958492013000000087e-01 -1.277405358900000039e+02 8.769483733330000064e+01 7.421843264310000166e+01
1.077613155830000058e-01 1.880523903119999951e-01 7.568144196590000095e-02 -3.986149580360000000e-01 -1.274263572680000038e+02 8.775053334999999777e+01 7.417592792080000663e+01
1.517658807019999889e+00 1.851987955269999986e-01 7.760561795810000385e-02 -3.967931200379999912e-01 -1.275382235250000065e+02 8.812701225249999482e+01 7.415821701129999610e+01
2.030451293730000106e-01 1.878125977639999999e-01 7.299469948079999326e-02 -3.987560432689999934e-01 -1.272157644880000049e+02 8.809782720530000688e+01 7.448674828919999413e+01
1.694706563429999868e-01 1.811183259810000001e-01 7.389911049510000662e-02 -3.987865349529999826e-01 -1.269177940550000017e+02 8.784108125049999671e+01 7.469922761140000489e+01
1.008205098169999980e-01 1.828931077379999937e-01 7.270402520480000186e-02 -3.960966108199999725e-01 -1.275882790099999937e+02 8.815017115450000063e+01 7.454766365160000419e+01
3.907136125490000000e-01 1.870179812689999888e-01 7.431199073659999765e-02 -3.931041757720000196e-01 -1.274788096139999993e+02 8.764312863429999823e+01 7.440730758899999842e+01
2.944911653949999764e-01 1.891937834540000085e-01 7.887505328329999510e-02 -4.035862727810000106e-01 -1.271078572490000056e+02 8.777529677180000078e+01 7.428097123210000063e+01
3.000152509549999791e-01 1.838474668389999955e-01 7.699270332219999846e-02 -3.963648304260000144e-01 -1.271692989080000018e+02 8.767805901219999498e+01 7.435199328449999712e+01
3.434596272730000011e-01 1.858679594279999958e-01 7.116313131910000089e-02 -3.951785361699999832e-01 -1.278113173979999999e+02 8.793794370480000566e+01 7.403372066539999707e+01
3.154641104290000220e-01 1.860691462129999973e-01 7.568390142439999912e-02 -4.006498256789999823e-01 -1.273157360470000015e+02 8.823733530030000338e+01 7.458185672140000122e+01
1.059019002569999979e-01 1.895605885240000121e-01 7.181684123369999617e-02 -3.911077730790000206e-01 -1.278400363549999952e+02 8.812275992520000045e+01 7.425147665240000094e+01
1.057357069710000014e-01 1.880739314719999944e-01 7.532903633970000623e-02 -4.019312893420000088e-01 -1.273471199079999963e+02 8.786722293859999411e+01 7.390060147719999861e+01
1.045463051239999969e-01 1.819981106590000119e-01 7.410544099110000227e-02 -3.908561679509999776e-01 -1.272902099079999942e+02 8.800400268059999576e+01 7.429890882739999824e+01
1.897283698820000086e-01 1.900813049990000003e-01 7.282055854140000173e-02 -4.003035562450000251e-01 -1.272519923370000043e+02 8.805127165579999371e+01 7.412942788949999340e+01
1.299281752299999981e+00 1.850688181709999880e-01 7.645639826149999707e-02 -3.946243539820000201e-01 -1.276361437279999933e+02 8.737035254910000504e+01 7.443323035279999544e+01
2.494886546420000129e-01 1.842023583959999933e-01 7.570337095069999689e-02 -3.995602942170000116e-01 -1.271026026290000033e+02 8.787739070760000004e+01 7.431447911230000614e+01
1.332957905740000115e-01 1.876060452549999924e-01 7.479984681760000476e-02 -4.010953253499999760e-01 -1.275208279390000001e+02 8.827483058110000513e+01 7.430089497260000542e+01
8.041380354099999517e-01 1.896834757299999952e-01 7.678127203819999635e-02 -3.935376138460000006e-01 -1.274940788939999976e+02 8.792911741950000248e+01 7.422938491220000401e+01
3.147729205989999723e-01 1.780469611299999866e-01 7.864085156649999742e-02 -4.022087849459999864e-01 -1.270733020459999949e+02 8.774948973909999950e+01 7.435912440949999791e+01
1.545471746600000085e-01 1.807750773619999918e-01 7.755671464039999574e-02 -3.918792923800000216e-01 -1.274984702090000042e+02 8.775193753470000502e+01 7.447745860700000264e+01
2.688286273600000165e-01 1.893372332380000023e-01 8.293718085050000299e-02 -3.937135358030000032e-01 -1.274714845700000012e+02 8.754817986460000157e+01 7.408944752450000237e+01
1.166175081270000025e-01 1.881532430739999984e-01 6.775084214359999857e-02 -4.019720644179999858e-01 -1.273490840510000055e+02 8.815107990520000669e+01 7.419699038449999762e+01
1.117299754460000072e+00 1.839076718619999939e-01 7.847219284610000567e-02 -3.968154084569999740e-01 -1.273010797150000002e+02 8.803193377489999705e+01 7.417639522410000552e+01
2.796062341189999856e-01 1.864634082540000126e-01 7.522334945399999917e-02 -3.945655164179999730e-01 -1.276487314150000003e+02 8.795234126959999799e+01 7.433803265410000449e+01
1.627812527030000067e-01 1.787361812920000015e-01 7.385507675649999326e-02 -3.984242594519999958e-01 -1.269278709870000057e+02 8.789534084090000476e+01 7.415480071839999709e+01
1.901200011209999985e-01 1.831177475870000015e-01 7.378645981499999673e-02 -3.984835924080000202e-01 -1.270525178559999944e+02 8.761675751680000701e+01 7.474987002659999291e+01
1.402747704619999869e-01 1.860479466989999886e-01 7.686551499320000425e-02 -3.976892171049999924e-01 -1.274442524180000049e+02 8.751634528690000536e+01 7.447434776939999779e+01
1.354688291599999983e-01 1.883141110999999868e-01 7.341963296740000589e-02 -3.928328699199999940e-01 -1.275432183829999957e+02 8.770696865120000041e+01 7.439494587640000134e+01
1.181070927570000012e-01 1.874954633339999954e-01 7.167990338349999879e-02 -3.961263945180000245e-01 -1.274233682029999954e+02 8.829682102259999965e+01 7.456228277009999772e+01
6.258428192430000259e+00 1.851940391309999934e-01 7.147508520339999893e-02 -3.952856447579999877e-01 -1.274727429200000017e+02 8.826421000839999920e+01 7.452504135440000255e+01
3.279131791329999990e-01 1.814423213169999993e-01 7.861044921769999583e-02 -3.985179563569999917e-01 -1.272686676750000032e+02 8.774395886119999943e+01 7.452641497889999300e+01
2.386056598780000038e-01 1.869174044080000041e-01 7.559147778899999448e-02 -3.987377431199999878e-01 -1.273519671600000009e+02 8.806008269270000710e+01 7.391787811609999892e+01
1.647985324079999925e-01 1.840757789670000033e-01 7.476340060260000531e-02 -3.946702275860000109e-01 -1.276323476639999939e+02 8.806353449910000109e+01 7.411774145239999712e+01
1.313879324890000033e+00 1.848090746190000078e-01 7.022613126599999700e-02 -3.956133100049999962e-01 -1.276419653260000047e+02 8.808554419899999743e+01 7.436087661919999903e+01
1.471756089509999865e-01 1.879714021689999903e-01 7.547032638530000448e-02 -4.041301153240000055e-01 -1.271979088450000006e+02 8.816989469739999663e+01 7.421475073780000287e+01
7.436271494280000116e-01 1.878391857479999871e-01 7.428015926830000559e-02 -3.957732543770000055e-01 -1.273750011719999975e+02 8.779905151459999502e+01 7.423263472879999370e+01
1.281415511369999871e-01 1.829842832209999937e-01 7.496860220720000245e-02 -3.957904158689999896e-01 -1.270570393819999993e+02 8.777780299670000375e+01 7.439787137250000626e+01
1.202523143210000034e-01 1.860768221759999952e-01 7.809975651259999652e-02 -3.963993375859999890e-01 -1.271296428750000018e+02 8.807083533419999810e+01 7.405538779510000325e+01
5.048514530190000293e-01 1.904330538029999909e-01 7.277269578099999914e-02 -3.920218488439999871e-01 -1.275105362540000016e+02 8.781376027400000339e+01 7.412574833249999529e+01
2.880557677139999884e-01 1.803021820830000010e-01 7.895407340629999327e-02 -4.003375213450000025e-01 -1.271787018499999959e+02 8.764213027190000105e+01 7.461420146780000096e+01
1.392743839779999881e-01 1.857525436759999982e-01 7.798488352530000278e-02 -4.011746708009999995e-01 -1.269425105100000053e+02 8.794996169030000033e+01 7.431226825139999903e+01
1.593042658899999908e-01 1.814073260140000032e-01 7.871066486939999607e-02 -3.964736907470000071e-01 -1.272980774910000008e+02 8.781378428390000579e+01 7.456105115990000343e+01
1.216715378290000038e-01 1.816188970600000063e-01 7.866425875179999805e-02 -3.939910544820000027e-01 -1.273609733969999951e+02 8.766378606199999979e+01 7.443747052470000369e+01
1.920278840659999930e-01 1.864327050729999991e-01 7.473042510569999353e-02 -3.957576391670000193e-01 -1.275078685499999978e+02 8.762627458410000258e+01 7.405522205130000657e+01
4.197113858159999822e-01 1.823824665290000036e-01 7.356712340210000423e-02 -3.993713522099999746e-01 -1.269280543849999958e+02 8.754028587279999840e+01 7.425839347999999518e+01
1.926297340939999991e-01 1.828919782229999902e-01 7.737820091720000459e-02 -4.005137010209999793e-01 -1.270626462150000009e+02 8.736869310570000380e+01 7.427750235620000296e+01
2.627598596169999912e-01 1.857390513609999960e-01 7.450989456249999809e-02 -3.998252051669999863e-01 -1.270989113859999975e+02 8.816074169060000543e+01 7.415218629669999473e+01
3.981541298919999972e-01 1.869239072549999936e-01 7.865186566890000619e-02 -3.956917584590000092e-01 -1.273729552810000030e+02 8.755309523799999738e+01 7.442510101450000093e+01
1.492189507999999998e-01 1.844147725499999946e-01 7.776465236799999514e-02 -3.939017239679999949e-01 -1.273662340409999985e+02 8.743903414199999702e+01 7.423221435470000529e+01
1.179531522049999948e-01 1.901516625169999974e-01 7.474333699620000493e-02 -4.002477722689999906e-01 -1.274887137810000013e+02 8.817586448080000139e+01 7.410808930369999814e+01
2.382430510459999928e-01 1.831939411390000050e-01 7.410545377430000080e-02 -3.947881653970000126e-01 -1.270579278969999990e+02 8.797816915479999977e+01 7.445938978249999707e+01
1.161016443859999997e-01 1.830460426290000109e-01 7.481451723370000084e-02 -3.974076286680000014e-01 -1.275159247210000046e+02 8.794432133120000117e+01 7.464018872680000527e+01
1.133020362839999989e-01 1.845247200790000042e-01 7.257216254199999605e-02 -3.992215314829999917e-01 -1.274718097779999937e+02 8.818957103130000519e+01 7.428010790199999747e+01
1.973772343809999941e-01 1.860778522759999887e-01 7.164340598330000420e-02 -4.040463160880000126e-01 -1.270392147799999947e+02 8.798991398740000136e+01 7.394571271819999936e+01
1.189364538349999972e-01 1.855224385439999957e-01 7.579854078349999857e-02 -3.977499025660000131e-01 -1.277382894920000069e+02 8.791255372359999853e+01 7.428053566539999508e+01
1.071229410809999977e-01 1.867821247129999862e-01 7.254511610630000329e-02 -3.955086069470000187e-01 -1.269433875819999997e+02 8.804033793530000196e+01 7.446090457319999700e+01
2.368664081280000000e-01 1.842309275100000032e-01 7.427671068260000009e-02 -3.989276379750000268e-01 -1.270959036579999974e+02 8.758888038130000098e+01 7.406096302839999623e+01
1.063143657979999934e-01 1.852159975990000096e-01 7.652914936129999457e-02 -3.975911654979999987e-01 -1.276373899430000023e+02 8.778126737729999718e+01 7.403267506890000504e+01
8.172496580550000500e-01 1.891295475539999937e-01 7.965809642009999414e-02 -3.978709358849999989e-01 -1.272688405530000040e+02 8.769218963800000211e+01 7.396913109509999629e+01
1.046569017829999948e-01 1.814240397490000101e-01 7.161696886360000014e-02 -3.947510988560000156e-01 -1.276547468779999974e+02 8.792461561519999691e+01 7.418649297400000364e+01
2.321427128430000042e-01 1.850661117869999983e-01 7.660999507759999605e-02 -4.012096922980000202e-01 -1.270298421990000008e+02 8.775340655600000161e+01 7.424117865549999351e+01
2.289988329679999990e-01 1.750463555439999985e-01 7.771108116739999794e-02 -3.950967678339999956e-01 -1.271428599350000042e+02 8.770167609160000666e+01 7.441905277079999337e+01
1.696045135679999927e-01 1.830742133940000127e-01 7.521979408760000319e-02 -3.946153233979999841e-01 -1.273928699359999968e+02 8.750961793320000481e+01 7.474808003779999410e+01
1.263820534729999945e-01 1.898438822519999958e-01 7.486098571950000613e-02 -3.947121676559999792e-01 -1.276618263010000049e+02 8.787121512170000415e+01 7.398241424319999737e+01
1.186063858090000034e+00 1.864878201530000001e-01 7.386286377369999379e-02 -3.996237015979999807e-01 -1.274438507330000050e+02 8.831522214870000198e+01 7.409948259179999752e+01
