6.491035637049999973e-01 -2.021870610579999950e-01 2.768359381339999814e-01 -8.402825061739999449e-03 -1.212988559159999937e+02 3.418848731159999943e+01 1.684125610049999864e+02
1.084863933979999945e-01 -2.040438519789999905e-01 2.774002536010000131e-01 -1.232053935429999920e-02 -1.200623869839999998e+02 3.469424176140000071e+01 1.694405119429999900e+02
1.007333792790000015e-01 -2.027951879880000030e-01 2.696204436710000207e-01 -5.429063283659999600e-03 -1.204799240800000035e+02 3.534179349930000313e+01 1.694188181799999882e+02
1.339510978869999924e-01 -2.010492416399999871e-01 2.759783352729999750e-01 -7.691078842150000407e-03 -1.215220180169999935e+02 3.440310544900000167e+01 1.682830818220000140e+02
2.575263691499999896e-01 -2.073529631930000061e-01 2.762206278509999891e-01 -8.145779050860000800e-03 -1.195238826270000061e+02 3.526375637860000012e+01 1.686009585870000080e+02
1.063949752240000018e-01 -2.041616483719999875e-01 2.714841941500000244e-01 -5.086257894330000091e-03 -1.199358188060000003e+02 3.500640442529999774e+01 1.689780775440000014e+02
2.782829323170000202e-01 -2.063262163959999895e-01 2.736657500620000016e-01 -8.329368812590000684e-03 -1.191348751299999975e+02 3.482102358539999898e+01 1.692394016590000092e+02
1.463534300160000134e-01 -2.044959054009999888e-01 2.768972438849999773e-01 -1.058400196229999923e-02 -1.204376867600000054e+02 3.474998614430000288e+01 1.695007200089999913e+02
1.110914043640000015e-01 -2.033943524340000031e-01 2.778358406179999851e-01 -1.128115726560000032e-02 -1.203046002699999946e+02 3.516305356339999832e+01 1.691698079440000129e+02
1.869746700490000080e-01 -2.071793535869999869e-01 2.723213349090000124e-01 -1.197885674679999984e-02 -1.183254424389999997e+02 3.629169301400000336e+01 1.705825330559999884e+02
1.032876815669999948e-01 -2.067767583919999930e-01 2.745746046229999848e-01 -1.049449126960000020e-02 -1.195413134039999932e+02 3.524243385599999812e+01 1.696063626030000080e+02
2.156451952729999955e-01 -2.040359776439999995e-01 2.743815959220000100e-01 -1.026463125389999974e-02 -1.193454769800000008e+02 3.570985751820000331e+01 1.698073717999999985e+02
1.339033760480000113e-01 -2.028535822599999983e-01 2.755188326119999975e-01 -8.769891330880000627e-03 -1.210700189330000001e+02 3.452336072460000338e+01 1.685632284710000022e+02
1.176073141450000026e-01 -2.033598993580000014e-01 2.762115136680000083e-01 -1.024936024370000018e-02 -1.211282548549999944e+02 3.474182887839999978e+01 1.685268037840000090e+02
2.792876471560000184e-01 -2.079650995429999927e-01 2.718821257869999952e-01 -8.010939429990000110e-03 -1.182990535200000011e+02 3.535172854390000197e+01 1.697467406009999991e+02
1.256865554190000067e-01 -2.053870337579999927e-01 2.752977994440000131e-01 -4.811274535239999824e-03 -1.201787583899999987e+02 3.424626254100000011e+01 1.684451725719999899e+02
1.043065514229999935e-01 -2.047225626720000080e-01 2.747772454979999779e-01 -8.002261943839999309e-03 -1.199437972919999993e+02 3.524923205929999881e+01 1.692478412220000052e+02
1.831032371990000129e-01 -2.061701145740000019e-01 2.785466718280000253e-01 -1.119188368820000015e-02 -1.194599368679999998e+02 3.494683956010000259e+01 1.687050320810000130e+02
4.452116854589999728e-01 -2.023795727059999883e-01 2.748180945529999919e-01 -1.320806689989999921e-02 -1.205146977179999936e+02 3.598679433440000253e+01 1.705782967069999927e+02
1.734199093899999877e-01 -2.084810621709999867e-01 2.735881983719999910e-01 -1.119891893669999923e-02 -1.181659584490000015e+02 3.588319460299999974e+01 1.702475032650000060e+02
1.142520197779999941e-01 -2.087321711829999982e-01 2.752011964589999859e-01 -1.178490439990000083e-02 -1.183687672450000008e+02 3.614526072929999856e+01 1.701651108469999940e+02
3.683635944499999981e-01 -2.075283702850000134e-01 2.735299933059999744e-01 -9.765836334429999280e-03 -1.184235592619999977e+02 3.597782591050000178e+01 1.701708562679999943e+02
4.753340008570000053e-01 -2.036590592189999882e-01 2.741087330770000108e-01 -5.419725523579999905e-03 -1.203343845060000064e+02 3.428055800519999963e+01 1.686621816139999908e+02
4.881242136569999834e-01 -2.068414553969999958e-01 2.774828068149999827e-01 -9.027533541550000068e-03 -1.194055520109999975e+02 3.485277977319999820e+01 1.688489500700000008e+02
1.238277435320000036e-01 -2.095250521160000046e-01 2.738729259339999778e-01 -4.892733782569999926e-03 -1.187281019119999996e+02 3.504510286819999720e+01 1.688044224580000048e+02
1.183623920689999970e-01 -2.058660492820000021e-01 2.712184536069999763e-01 -1.238598130959999918e-02 -1.190776538690000024e+02 3.696658222789999826e+01 1.707671530350000069e+02
2.127989022050000012e-01 -2.069707501280000084e-01 2.732400209959999771e-01 -8.561871124520000625e-03 -1.188599615549999982e+02 3.503139273280000054e+01 1.695002958530000114e+02
1.706432868470000030e-01 -2.049635642229999943e-01 2.714507276240000211e-01 -5.609634940290000003e-03 -1.198270086809999952e+02 3.526565955480000270e+01 1.691553052970000124e+02
1.665834142050000022e-01 -2.060474246840000023e-01 2.812241191059999812e-01 -1.258124001190000056e-02 -1.198067525609999961e+02 3.486857105869999884e+01 1.689430714019999868e+02
1.359421931439999953e-01 -2.036747866829999865e-01 2.764118936270000271e-01 -1.370506898250000057e-02 -1.207236612659999935e+02 3.572939656589999657e+01 1.699005524000000094e+02
4.123223713499999943e-01 -2.042429510019999894e-01 2.749231294550000260e-01 -1.067351125669999991e-02 -1.207088670779999973e+02 3.465281764489999716e+01 1.700245794139999873e+02
3.794303082470000255e-01 -2.022171203060000033e-01 2.748990815690000034e-01 -1.133832257139999987e-02 -1.209481842229999984e+02 3.554759236550000168e+01 1.694608035109999946e+02
1.060130848899999978e-01 -2.056979547270000042e-01 2.775982046680000037e-01 -7.076838403799999740e-03 -1.198515313289999966e+02 3.364867482849999902e+01 1.680970745680000107e+02
1.838807487540000118e-01 -2.039892229670000057e-01 2.728390311319999761e-01 -7.100456473920000247e-03 -1.202805617749999954e+02 3.496176275399999867e+01 1.691948961889999907e+02
2.162753054850000134e-01 -2.050569017180000064e-01 2.785453364480000027e-01 -1.139718252910000042e-02 -1.196054775310000053e+02 3.487490812779999771e+01 1.694108039239999925e+02
1.438126119500000022e-01 -2.067379464930000077e-01 2.738777536220000086e-01 -8.427768838029999973e-03 -1.188661522790000049e+02 3.537713654630000093e+01 1.692737313789999973e+02
4.250829828820000267e-01 -2.072365293729999947e-01 2.769597977270000233e-01 -7.873228502349999616e-03 -1.191817532010000065e+02 3.508651011919999974e+01 1.693820475930000100e+02
1.331982441500000058e-01 -2.041441753780000035e-01 2.751848161639999790e-01 -1.080430428639999989e-02 -1.188959693860000044e+02 3.482240970379999823e+01 1.700453354580000109e+02
5.206958361269999891e-01 -2.027096331780000038e-01 2.766526965059999954e-01 -1.256363516499999985e-02 -1.210129682240000051e+02 3.492170457739999989e+01 1.696334756939999977e+02
7.639065634399999638e-01 -2.046750466189999895e-01 2.753809931369999853e-01 -9.147081620450000020e-03 -1.200363559110000011e+02 3.476384540549999969e+01 1.688441488990000039e+02
2.661083129049999774e-01 -2.041850128809999942e-01 2.713878867460000066e-01 -6.774378440510000175e-03 -1.200706846820000067e+02 3.538070078589999667e+01 1.693944822619999968e+02
1.527258702610000130e-01 -2.085659379250000001e-01 2.746671368329999807e-01 -3.867250562710000152e-03 -1.191231404130000016e+02 3.485242337660000089e+01 1.685361346690000062e+02
1.025717792029999936e-01 -2.054302888900000068e-01 2.754767294720000259e-01 -6.932886539510000126e-03 -1.200970971539999965e+02 3.440245921500000037e+01 1.688856139650000046e+02
3.063094668479999783e-01 -2.069859239190000033e-01 2.758411830260000253e-01 -1.204560250300000003e-02 -1.191142427919999989e+02 3.625876708010000016e+01 1.703384448250000105e+02
1.573785874330000112e-01 -2.080916613680000027e-01 2.743587873960000034e-01 -5.717612362839999754e-03 -1.184063069980000051e+02 3.498595373949999754e+01 1.688335187090000034e+02
2.637099121820000169e-01 -2.051700096469999957e-01 2.717559996169999770e-01 -6.563537338619999592e-03 -1.195321290039999980e+02 3.469155946269999902e+01 1.693917838069999959e+02
1.614659094919999871e-01 -2.060256575659999978e-01 2.762488625519999852e-01 -1.374457800739999937e-02 -1.188655893579999940e+02 3.591901057289999954e+01 1.703221739820000096e+02
1.178822438610000051e-01 -2.045599155720000117e-01 2.740510106499999821e-01 -4.650081853249999654e-03 -1.198050270119999965e+02 3.411452745359999739e+01 1.682593484649999880e+02
1.825753779440000002e-01 -2.070759035259999992e-01 2.752476679240000168e-01 -8.802866320219999291e-03 -1.196962143540000056e+02 3.496761546209999949e+01 1.693407548200000008e+02
1.407096980879999903e-01 -2.029257218720000033e-01 2.757178660090000011e-01 -6.579089215489999747e-03 -1.208355767219999990e+02 3.419285752689999924e+01 1.680172510360000047e+02
1.194403888070000030e-01 -2.042346593319999959e-01 2.732015578099999953e-01 -1.067974813399999966e-02 -1.194479783010000062e+02 3.548246734399999980e+01 1.702654190140000026e+02
2.647561291030000041e-01 -2.067728829079999997e-01 2.780089539699999723e-01 -1.132964432540000017e-02 -1.193218885990000047e+02 3.572524441950000096e+01 1.695300005359999886e+02
2.164266071239999978e-01 -2.054501867909999946e-01 2.768907702810000093e-01 -1.178048522210000011e-02 -1.194767436340000017e+02 3.543219073680000264e+01 1.699317515070000013e+02
1.035383180039999990e-01 -2.123257114050000061e-01 2.759895060800000022e-01 -7.040507589669999997e-03 -1.172728280190000021e+02 3.537479528259999739e+01 1.692152043129999868e+02
2.950913822160000088e-01 -2.021864218689999881e-01 2.757798346859999805e-01 -1.156878839879999996e-02 -1.204828394710000055e+02 3.493504844000000276e+01 1.696081980259999966e+02
1.242977316320000025e-01 -2.090549197279999993e-01 2.792512155290000075e-01 -1.623356977510000132e-02 -1.183132468130000063e+02 3.584583481429999807e+01 1.700993849589999911e+02
1.927194778309999912e-01 -2.040328809530000120e-01 2.748872997169999888e-01 -1.193368491280000047e-02 -1.203435740809999999e+02 3.596633793169999649e+01 1.701019614719999993e+02
2.752672544929999798e+00 -2.058778420980000023e-01 2.768382560970000239e-01 -1.533554673910000020e-02 -1.194931707570000015e+02 3.635053754039999774e+01 1.705587881689999961e+02
2.140389799119999936e-01 -2.070921356659999879e-01 2.729739230980000042e-01 -8.501708312740000745e-03 -1.196315171610000050e+02 3.553302744410000003e+01 1.694025913039999978e+02
1.759467342749999885e-01 -2.063880777909999908e-01 2.738325968590000214e-01 -6.955772134370000193e-03 -1.196141372189999998e+02 3.465213722659999718e+01 1.688039213589999861e+02
1.914899753000000038e-01 -2.044953675479999899e-01 2.734945941490000143e-01 -7.342248682149999685e-03 -1.204446210859999979e+02 3.468686286749999681e+01 1.690985501019999901e+02
1.151072404349999939e-01 -2.029433885170000007e-01 2.733257094589999769e-01 -1.421584455209999945e-02 -1.200350562290000056e+02 3.680093795879999874e+01 1.707009486309999886e+02
1.618968642230000088e-01 -2.056445044980000081e-01 2.772165961449999938e-01 -1.487070988420000073e-02 -1.191470042410000048e+02 3.607684317049999834e+01 1.702975433290000069e+02
1.207370401289999950e-01 -2.067350881209999991e-01 2.777545971540000269e-01 -1.208088006930000020e-02 -1.194572622969999998e+02 3.506855437250000307e+01 1.694249799979999977e+02
1.028833365390000032e-01 -2.067227248100000081e-01 2.729350683219999851e-01 -1.229429960560000056e-02 -1.189489576900000003e+02 3.698038543690000068e+01 1.708407454940000036e+02
2.132947084010000105e-01 -2.022530084539999884e-01 2.745436228179999882e-01 -1.408482192369999927e-02 -1.205316517079999983e+02 3.636115707230000282e+01 1.703896412260000091e+02
8.219454727999999655e-01 -2.056911509169999930e-01 2.718713222590000145e-01 -1.341817778699999977e-02 -1.191261455549999937e+02 3.691903773429999802e+01 1.711041399069999898e+02
1.665231437739999876e-01 -2.064750362370000036e-01 2.731988463050000204e-01 -1.589843882489999985e-03 -1.199127218010000036e+02 3.367664027979999730e+01 1.678208280839999986e+02
1.260870110969999902e-01 -2.084430112810000124e-01 2.713541917169999818e-01 -2.401221769759999923e-03 -1.183474789819999984e+02 3.462809197859999699e+01 1.688611612470000125e+02
1.050895589120000029e-01 -2.093455508000000020e-01 2.728957746769999915e-01 -4.493698974169999839e-03 -1.182586997039999943e+02 3.465333387169999924e+01 1.687550761459999933e+02
4.180736072440000006e-01 -2.098143489460000122e-01 2.763003102739999828e-01 -1.092999250840000040e-02 -1.185281149249999970e+02 3.584127691140000138e+01 1.696876353320000135e+02
4.114928074509999756e-01 -2.045254015319999952e-01 2.742323974959999799e-01 -1.149599286890000058e-02 -1.200930837330000003e+02 3.586505761930000347e+01 1.703749701309999978e+02
1.523666073870000026e-01 -2.063085916450000112e-01 2.743417118490000250e-01 -8.770071516690000624e-03 -1.195968908849999934e+02 3.478636864660000327e+01 1.694272855250000021e+02
3.395379552719999805e-01 -2.068567212169999947e-01 2.757988078999999981e-01 -1.032996649350000073e-02 -1.191397729859999970e+02 3.526681965099999871e+01 1.695020793850000018e+02
2.171453178989999899e-01 -2.072547531239999907e-01 2.741442100279999905e-01 -2.291483512650000116e-03 -1.192880636109999983e+02 3.430772259700000149e+01 1.684068338410000081e+02
3.591813251159999831e-01 -2.037735538919999978e-01 2.790665910540000016e-01 -7.351493776790000122e-03 -1.205445219289999983e+02 3.383778534289999840e+01 1.679334519749999970e+02
1.883025505819999890e-01 -2.067703481529999943e-01 2.745799437129999854e-01 -7.708874767519999921e-03 -1.197077341669999981e+02 3.548846456780000125e+01 1.692773258530000078e+02
2.645670734969999827e-01 -2.052786557150000080e-01 2.742127018819999762e-01 -9.230436365259999179e-03 -1.192053073320000038e+02 3.511845042649999726e+01 1.694484629789999985e+02
2.862011318250000103e-01 -2.068138447350000020e-01 2.722231379200000245e-01 -7.610516071660000312e-03 -1.189859228159999986e+02 3.589835980809999683e+01 1.696144153710000069e+02
1.439772778700000033e-01 -2.049758438219999868e-01 2.762215563379999961e-01 -7.061899685230000299e-03 -1.199553686569999940e+02 3.529328453560000156e+01 1.688281912710000086e+02
2.946654935219999993e-01 -2.048122109520000012e-01 2.750103958210000088e-01 -1.049118108549999991e-02 -1.207618260899999996e+02 3.558718510549999792e+01 1.696027959220000128e+02
1.688815765470000008e+00 -2.084976283420000021e-01 2.745145558629999982e-01 -5.752856227109999845e-03 -1.188587797250000051e+02 3.464406821299999706e+01 1.689530240670000012e+02
2.381800657139999944e-01 -2.081757752720000132e-01 2.736911031340000244e-01 -9.379643286060000348e-03 -1.182625822189999951e+02 3.569584172390000276e+01 1.697453425280000090e+02
1.547778539770000017e-01 -2.083861741120000000e-01 2.737151235429999829e-01 -5.101595115359999766e-03 -1.193853263050000066e+02 3.471780393259999897e+01 1.686376105919999873e+02
1.964444768220000026e-01 -2.053245486099999906e-01 2.731218875359999743e-01 -5.754064515910000191e-03 -1.198560936119999951e+02 3.486428424729999875e+01 1.691405987740000114e+02
1.278132650069999932e-01 -2.012302456989999988e-01 2.763062452980000194e-01 -1.214503410159999998e-02 -1.210457620669999983e+02 3.568238225630000215e+01 1.696373471560000041e+02
1.052588788780000062e-01 -2.093145041009999985e-01 2.749512023089999979e-01 -9.576307113090000087e-03 -1.179963494769999954e+02 3.587650888440000330e+01 1.698085795789999963e+02
8.826678426359999552e-01 -2.060210256099999915e-01 2.803334132770000098e-01 -1.631184690450000058e-02 -1.191570186839999934e+02 3.533531049580000172e+01 1.697299657389999936e+02
1.213897635380000034e-01 -2.019888957659999873e-01 2.741897518270000056e-01 -1.362246659669999992e-02 -1.205123305770000002e+02 3.601845503839999907e+01 1.703851005799999996e+02
2.389225192449999924e-01 -2.052041536210000017e-01 2.764079553420000224e-01 -1.113224831110000076e-02 -1.199922491800000017e+02 3.505780071409999721e+01 1.687368224520000126e+02
1.508210854200000006e-01 -2.075038089900000104e-01 2.726037890429999777e-01 -7.314610246360000144e-03 -1.192686875140000069e+02 3.521249729280000196e+01 1.696020607400000131e+02
1.106601852090000060e-01 -2.031384672250000079e-01 2.784423434389999841e-01 -1.370362321470000068e-02 -1.202348769120000043e+02 3.512585519160000302e+01 1.695292314270000134e+02
1.760003630470000080e-01 -2.047193655320000139e-01 2.777298371649999931e-01 -1.282676339850000007e-02 -1.197572127300000062e+02 3.585762972679999905e+01 1.695577259130000130e+02
4.972156357740000199e-01 -2.076964333870000012e-01 2.756893595109999873e-01 -7.563829203279999816e-03 -1.187672985479999994e+02 3.473976097029999721e+01 1.687456898499999909e+02
1.066434889750000059e-01 -2.078381836119999881e-01 2.769556883029999916e-01 -9.543777043250000619e-03 -1.194243038320000068e+02 3.523703282299999984e+01 1.688817549460000009e+02
7.555623023169999453e-01 -2.037558668929999872e-01 2.769656886130000273e-01 -1.596455279660000115e-02 -1.198975769869999937e+02 3.628590405370000127e+01 1.701393109999999922e+02
1.696238299820000073e+00 -2.094954250249999872e-01 2.765718332150000069e-01 -9.058265877650000658e-03 -1.192071997820000036e+02 3.521688841710000162e+01 1.692248641939999914e+02
1.844370656440000034e-01 -2.061347608630000050e-01 2.751591967940000272e-01 -1.424290114650000015e-02 -1.187221116749999936e+02 3.651198941639999873e+01 1.704584059850000131e+02
1.373805527660000025e-01 -2.067380757170000083e-01 2.811895782639999841e-01 -1.305872377830000035e-02 -1.193124682210000032e+02 3.499231725010000105e+01 1.690147133789999998e+02
1.170164665160000061e-01 -2.037823617860000103e-01 2.771869878079999960e-01 -1.130184643419999968e-02 -1.208498484240000010e+02 3.440943102460000347e+01 1.690708504659999960e+02
1.932814611889999978e-01 -2.077620801750000024e-01 2.782017159860000199e-01 -9.623402802339999645e-03 -1.192592237700000055e+02 3.541759779240000228e+01 1.692607650799999988e+02
6.540075612879999944e+00 -2.065781542940000048e-01 2.735701022540000249e-01 -1.361610235330000009e-02 -1.186402737699999932e+02 3.693182878569999872e+01 1.709835933580000074e+02
2.231006530300000124e-01 -2.036506923410000003e-01 2.777371371930000277e-01 -8.998247880840000781e-03 -1.209071953280000002e+02 3.475115915220000318e+01 1.685006456769999943e+02
1.028527267170000065e-01 -2.046004813079999873e-01 2.748845091359999881e-01 -9.349835155399999209e-03 -1.191846466089999979e+02 3.557462472670000153e+01 1.691749884129999941e+02
2.648630951859999860e-01 -2.063169748529999903e-01 2.764711768729999908e-01 -8.198070571669999543e-03 -1.199574996160000069e+02 3.475795447769999669e+01 1.686266759899999954e+02
2.162401228289999866e-01 -2.042057049650000122e-01 2.753316485789999990e-01 -1.028138229620000066e-02 -1.195925666819999975e+02 3.476587737580000237e+01 1.686202571899999896e+02
3.955574066890000129e+00 -2.044230616369999975e-01 2.768823977930000013e-01 -1.388005094399999938e-02 -1.197383710170000057e+02 3.588755095860000210e+01 1.698082544899999959e+02
1.667327086429999938e-01 -2.072376045459999871e-01 2.767867824579999803e-01 -1.146193799930000055e-02 -1.187064967959999962e+02 3.512870968139999661e+01 1.695019865170000060e+02
1.395054696789999882e-01 -2.065914091180000023e-01 2.699276584799999990e-01 -7.617869864050000155e-03 -1.192213548430000003e+02 3.632766096110000120e+01 1.700721057899999948e+02
1.279427335530000098e-01 -2.040226176580000050e-01 2.727637261060000262e-01 -9.630909101549999310e-03 -1.199729523360000059e+02 3.542243115729999658e+01 1.695126253050000003e+02
1.602470359269999867e-01 -2.083104348410000084e-01 2.746599823990000244e-01 -4.481856492080000219e-03 -1.191925333909999978e+02 3.428639398909999869e+01 1.680861440390000041e+02
1.146152932700000016e-01 -2.079912065279999889e-01 2.736597769910000255e-01 -7.937273766329999355e-03 -1.186363091669999932e+02 3.565727971630000326e+01 1.697535502450000138e+02
3.764029890939999956e-01 -2.043197457929999961e-01 2.760326628379999869e-01 -1.235462340599999959e-02 -1.195893945779999967e+02 3.525035386399999737e+01 1.702148676680000108e+02
1.359339069290000090e-01 -2.040099610970000088e-01 2.718995426310000241e-01 -7.853251569729999618e-03 -1.201478024240000053e+02 3.514392664969999913e+01 1.692345745469999940e+02
1.050036926359999984e-01 -2.070827193289999923e-01 2.762153395590000171e-01 -6.317734070680000244e-03 -1.190712413570000052e+02 3.417203850269999776e+01 1.685266140870000129e+02
1.361528071379999871e-01 -2.022589547139999888e-01 2.740823644889999744e-01 -8.316458152219999289e-03 -1.213701962600000002e+02 3.515291232650000097e+01 1.690044474359999924e+02
2.031693547919999898e-01 -2.084809317699999887e-01 2.746763182799999981e-01 -5.274240250610000118e-03 -1.193198788119999989e+02 3.487608162330000283e+01 1.686984567959999879e+02
2.388626905200000039e-01 -2.027926985600000120e-01 2.780636588129999920e-01 -1.211658581530000028e-02 -1.208906918429999990e+02 3.513154819359999692e+01 1.689079781529999877e+02
3.015558766299999971e-01 -2.057543128140000011e-01 2.751780316479999766e-01 -5.208655285269999866e-03 -1.204125922489999994e+02 3.424627124020000224e+01 1.684185052839999912e+02
1.607777948880000085e-01 -2.054957736670000035e-01 2.756770102839999903e-01 -1.187060768379999930e-02 -1.190639624690000034e+02 3.552090710819999941e+01 1.699825264229999959e+02
1.310086190480000135e-01 -2.046005716809999875e-01 2.775622368749999791e-01 -1.104742084609999959e-02 -1.195955803359999976e+02 3.491622040290000228e+01 1.693665115370000080e+02
4.694506155040000239e-01 -2.036599580800000087e-01 2.758232391930000027e-01 -9.603436158510000181e-03 -1.209866165560000013e+02 3.451020497500000062e+01 1.687865448569999955e+02
1.014573706650000046e-01 -2.077994465840000138e-01 2.761109329329999862e-01 -6.468658932590000410e-03 -1.192221855460000057e+02 3.415418555170000303e+01 1.685309019599999942e+02
1.922044339129999890e-01 -2.051910005199999998e-01 2.718629341239999775e-01 -8.896904875800000848e-03 -1.200016426199999984e+02 3.596647613209999861e+01 1.696483044439999901e+02
1.016661163099999987e-01 -2.034821241479999876e-01 2.749025424139999729e-01 -9.218482476600000849e-03 -1.200673471019999994e+02 3.449209337580000323e+01 1.688987511560000030e+02
1.306213814249999883e-01 -2.085595888469999881e-01 2.760983896870000120e-01 -8.255391134429999195e-03 -1.190988533069999988e+02 3.476871920050000142e+01 1.690188990970000020e+02
1.961837661030000068e-01 -2.047910275640000000e-01 2.755236092550000238e-01 -1.040952757999999943e-02 -1.204976785129999968e+02 3.398968845419999951e+01 1.695495603050000000e+02
1.097220711759999967e-01 -2.084286226189999980e-01 2.764427657699999874e-01 -9.676783357330000224e-03 -1.190611640340000008e+02 3.481737423370000073e+01 1.692696062349999977e+02
1.727331789379999982e-01 -2.067114538120000122e-01 2.741449322610000072e-01 -4.986249034839999698e-03 -1.195081301230000008e+02 3.505731737709999862e+01 1.687577258130000075e+02
1.495766424040000098e-01 -2.059313685489999879e-01 2.723394157410000127e-01 -6.939614954490000258e-03 -1.192965080599999936e+02 3.510095450920000104e+01 1.693957548539999891e+02
2.177345290669999989e-01 -2.090807232859999976e-01 2.749544453480000095e-01 -6.419201983859999794e-03 -1.186657779720000008e+02 3.496572028279999955e+01 1.693495912139999859e+02
1.173368584610000043e-01 -2.034324803860000086e-01 2.761340649049999763e-01 -7.245315110310000285e-03 -1.209551220799999953e+02 3.429446977890000170e+01 1.687455861400000003e+02
1.296446988330000050e-01 -2.075874977480000050e-01 2.746793763759999840e-01 -5.381444794629999806e-03 -1.188889893900000061e+02 3.487537209290000106e+01 1.691910994159999859e+02
1.106194647329999947e-01 -2.046849562480000106e-01 2.768158730709999737e-01 -1.149380850879999985e-02 -1.199955928690000064e+02 3.547672459630000219e+01 1.697537404409999908e+02
3.056375854169999795e-01 -2.035430976170000128e-01 2.743013252939999758e-01 -3.845141852310000191e-03 -1.209074946589999939e+02 3.394760277590000186e+01 1.682629904830000100e+02
1.048047729870000000e-01 -2.084559597760000105e-01 2.735513869969999901e-01 -8.877265922270000456e-03 -1.185298934350000053e+02 3.570280288619999709e+01 1.698747791790000008e+02
1.395308522469999868e-01 -2.101034953700000041e-01 2.778909764299999918e-01 -1.217303926980000013e-02 -1.179109812399999981e+02 3.530288919449999696e+01 1.695445501149999927e+02
1.319918373410000068e-01 -2.039988138349999869e-01 2.759626062860000006e-01 -1.053589543379999938e-02 -1.192232083770000060e+02 3.543769201130000113e+01 1.703258105129999933e+02
2.813068276790000044e-01 -2.061152117929999916e-01 2.740822248490000224e-01 -9.429822152100000160e-03 -1.195521003989999969e+02 3.530402991350000264e+01 1.695025209000000075e+02
1.132536323340000095e+00 -2.072760648159999997e-01 2.747181606440000090e-01 -7.935802777199999283e-03 -1.193195237359999936e+02 3.576413890799999962e+01 1.693223817930000052e+02
1.716783058459999955e-01 -2.036737411560000099e-01 2.752258747729999788e-01 -8.301440861920000858e-03 -1.202237938739999947e+02 3.475946315150000032e+01 1.688826384140000130e+02
1.851188492670000074e-01 -2.091617256589999863e-01 2.742480895689999865e-01 -6.550449228720000260e-03 -1.188873756600000036e+02 3.546873108529999996e+01 1.692559468030000005e+02
1.134532613719999999e-01 -2.043878893909999994e-01 2.766237952510000042e-01 -1.100938578439999982e-02 -1.192332450349999959e+02 3.524788370880000343e+01 1.693684386689999997e+02
2.017126497229999871e-01 -2.083748753119999964e-01 2.728087962790000098e-01 -4.489991890119999877e-03 -1.188580625740000016e+02 3.514837450179999934e+01 1.691444025389999979e+02
1.689089090130000137e-01 -2.087894283039999910e-01 2.792179178349999957e-01 -7.452171657019999659e-03 -1.190634682350000020e+02 3.419658865830000138e+01 1.682023556460000009e+02
5.748880609580000467e-01 -2.074760704470000050e-01 2.768928531659999859e-01 -8.346079398189999374e-03 -1.189864700499999941e+02 3.533491819150000168e+01 1.690476532810000094e+02
1.142213848649999974e-01 -2.090105096840000065e-01 2.722547893810000064e-01 -7.737710270889999742e-03 -1.177994407190000032e+02 3.600136952729999962e+01 1.699100336120000065e+02
1.387263153799999926e-01 -2.036890285159999869e-01 2.750174813519999928e-01 -8.617513440640000438e-03 -1.203836031959999957e+02 3.443191011529999912e+01 1.689987997929999892e+02
1.454167233520000102e-01 -2.028665056900000041e-01 2.774366777919999860e-01 -9.518909007139999406e-03 -1.205903942709999939e+02 3.447964656079999912e+01 1.689570159600000068e+02
5.733139787859999892e-01 -2.048817820219999974e-01 2.749074943590000264e-01 -8.270639587940000273e-03 -1.199760844390000045e+02 3.527960189000000213e+01 1.691105155120000063e+02
1.002571143910000045e-01 -2.081889995300000018e-01 2.779352312469999808e-01 -1.045016188870000022e-02 -1.193667704610000015e+02 3.474161456350000066e+01 1.688676765010000054e+02
1.897135279000000119e-01 -2.060483482059999871e-01 2.748667577419999786e-01 -1.063792119610000066e-02 -1.187537934960000001e+02 3.588049701130000102e+01 1.699345505379999963e+02
1.201478192390000033e-01 -2.050953083819999911e-01 2.745522342450000264e-01 -1.000749807840000012e-02 -1.198179442099999932e+02 3.602490898199999947e+01 1.697883954110000104e+02
8.617128887449999608e-01 -2.074494423919999997e-01 2.773588385049999827e-01 -1.289765867340000004e-02 -1.185476645189999942e+02 3.553977177520000197e+01 1.699265178310000124e+02
1.000413263680000053e-01 -2.039086622709999908e-01 2.782077356439999760e-01 -1.068063950240000053e-02 -1.202800570720000053e+02 3.486364829840000112e+01 1.690843483399999911e+02
1.468274321030000051e-01 -2.051398926499999886e-01 2.744018301869999843e-01 -8.910311900480000213e-03 -1.196503208849999993e+02 3.487532704200000211e+01 1.697359751040000049e+02
1.735394045360000026e-01 -2.044104212239999940e-01 2.759384953299999776e-01 -8.866607177099999904e-03 -1.204094630729999977e+02 3.497854963510000204e+01 1.686013570449999861e+02
1.114732586629999939e-01 -2.055503965820000001e-01 2.787135436620000184e-01 -9.366862202419999270e-03 -1.192601429519999954e+02 3.481051614470000288e+01 1.689422207560000118e+02
5.554378545579999882e-01 -2.102682577199999903e-01 2.747895168849999736e-01 -8.208143557359999509e-03 -1.180402025860000066e+02 3.547089307449999751e+01 1.692438075640000079e+02
1.486889971110000042e-01 -2.035625111169999946e-01 2.755150926559999935e-01 -1.063795684589999985e-02 -1.196727404650000040e+02 3.530992746689999962e+01 1.698147665079999911e+02
3.893717032649999799e-01 -2.068841462400000109e-01 2.729191640859999768e-01 -8.651704951039999869e-03 -1.190496115610000061e+02 3.568824106169999766e+01 1.698218263100000058e+02
6.318300470630000554e-01 -2.045823280060000138e-01 2.763955693630000265e-01 -7.331893367060000367e-03 -1.205827813759999998e+02 3.440578177380000113e+01 1.683243280650000031e+02
3.814271617810000015e-01 -2.069744463540000023e-01 2.762434517999999839e-01 -1.218288188239999986e-02 -1.190520010580000019e+02 3.543706141380000219e+01 1.700251874630000088e+02
1.689988433300000092e-01 -2.010724015739999981e-01 2.777879697299999728e-01 -1.422594891769999974e-02 -1.211336260869999961e+02 3.531294928850000048e+01 1.699263783879999892e+02
1.699584714269999908e-01 -2.041573792399999920e-01 2.756366349830000062e-01 -1.029500677449999950e-02 -1.197093895790000033e+02 3.471822905169999984e+01 1.691146454299999959e+02
1.137724839820000028e-01 -2.043908686869999880e-01 2.732372706019999820e-01 -8.697115579380000627e-03 -1.200075814709999946e+02 3.570189689189999882e+01 1.698639052149999884e+02
1.454302822770000003e-01 -2.034356011679999965e-01 2.720372010739999791e-01 -1.187792423819999943e-02 -1.200961407129999969e+02 3.644773522050000025e+01 1.701994227099999932e+02
1.485484086989999897e-01 -2.063280744359999863e-01 2.751281313110000015e-01 -7.050673021670000352e-03 -1.195218995390000032e+02 3.484928127429999734e+01 1.691154518520000067e+02
1.738739230449999895e-01 -2.054560998999999943e-01 2.760597696880000007e-01 -1.141745104880000083e-02 -1.193888679020000012e+02 3.573681735499999945e+01 1.695870460410000078e+02
1.565108331989999990e-01 -2.057488252649999905e-01 2.769143898579999874e-01 -1.210754871260000080e-02 -1.198129569259999982e+02 3.569223400589999784e+01 1.695414166729999863e+02
6.638488352570000028e-01 -2.042664934679999933e-01 2.743500165180000061e-01 -9.332399831490000019e-03 -1.196704446530000041e+02 3.552964228279999759e+01 1.696728039250000108e+02
1.194093426380000017e-01 -2.053478980929999975e-01 2.732677406549999799e-01 -8.895240853949999693e-03 -1.191278876890000049e+02 3.560817406059999968e+01 1.702374894730000108e+02
1.029392518260000000e-01 -2.032662771629999976e-01 2.735486646999999993e-01 -1.412599421809999922e-02 -1.197708085560000058e+02 3.596957090290000281e+01 1.706184829180000122e+02
1.170545404690000041e-01 -2.050440844299999954e-01 2.704777934429999919e-01 -6.054293880330000391e-03 -1.193823032380000058e+02 3.535220660849999774e+01 1.694293374149999920e+02
8.471389394580000065e-01 -2.033063152600000090e-01 2.742371178140000088e-01 -1.086640644490000085e-02 -1.206604225239999977e+02 3.535732468940000217e+01 1.697620833999999945e+02
1.177573138979999962e-01 -2.070385340750000025e-01 2.751366419779999739e-01 -1.273966738360000038e-02 -1.191199706379999981e+02 3.604780659930000297e+01 1.697760346659999868e+02
1.408907485860000086e-01 -2.062618165710000118e-01 2.749086117860000122e-01 -1.090058649970000043e-02 -1.199418043910000051e+02 3.540051518399999964e+01 1.695863368619999960e+02
2.159787530529999888e-01 -2.060849536690000094e-01 2.783441039519999882e-01 -1.066538572380000029e-02 -1.194768108189999936e+02 3.535438388259999698e+01 1.690557242630000019e+02
2.161930169500000165e+00 -2.034748093469999908e-01 2.770184094700000044e-01 -1.312811106219999996e-02 -1.204095018080000017e+02 3.610738845609999714e+01 1.699801704459999883e+02
2.501506027770000196e-01 -2.027517179049999896e-01 2.754708689929999954e-01 -1.195164673220000008e-02 -1.199160894019999972e+02 3.591828954119999651e+01 1.702453536609999958e+02
1.165607673780000020e-01 -2.041516839510000014e-01 2.757310824129999838e-01 -1.334322885279999940e-02 -1.195961285369999985e+02 3.618483997669999752e+01 1.704559622970000135e+02
2.388939531510000103e-01 -2.060770900960000040e-01 2.756515768280000112e-01 -9.892849947470000460e-03 -1.191409278480000040e+02 3.527913420250000343e+01 1.694037819200000001e+02
1.418227415880000120e-01 -2.053308293870000079e-01 2.723070931109999870e-01 -8.557894865549999647e-03 -1.195669216449999936e+02 3.562135645459999722e+01 1.693771609160000082e+02
1.002373549429999983e-01 -2.067600025009999898e-01 2.779871987429999858e-01 -1.291782411870000084e-02 -1.194549152799999945e+02 3.598934237280000303e+01 1.699151135099999976e+02
1.098056616930000035e-01 -2.068326606929999922e-01 2.713355460599999880e-01 -1.175223538279999980e-02 -1.189388849120000060e+02 3.667852925940000119e+01 1.707922199319999947e+02
1.415815457329999971e-01 -2.062613950570000021e-01 2.735525849580000002e-01 -9.312424435550000282e-03 -1.190502181939999957e+02 3.568202899309999765e+01 1.700079267339999944e+02
5.352873082179999686e-01 -2.054147289659999931e-01 2.761414978639999962e-01 -1.129574928409999950e-02 -1.188184826950000001e+02 3.556502632530000341e+01 1.699513578940000116e+02
1.136707718470000017e-01 -2.034394245610000040e-01 2.768146652799999829e-01 -8.792735153569999906e-03 -1.204524975150000046e+02 3.509394521840000181e+01 1.687333488159999888e+02
1.611893794320000128e-01 -2.057432893889999947e-01 2.776215787529999757e-01 -1.047444256539999986e-02 -1.195925303770000028e+02 3.454101437749999803e+01 1.693369873370000107e+02
1.436909339349999870e-01 -2.046326358920000088e-01 2.737179107459999927e-01 -9.529645978660000044e-03 -1.193911727939999992e+02 3.538221460350000314e+01 1.700108624240000097e+02
4.831368835589999744e-01 -2.057469822690000116e-01 2.740756960440000056e-01 -5.434167514390000377e-03 -1.195993289999999973e+02 3.443185398949999865e+01 1.690387787420000052e+02
3.257643295120000171e-01 -2.045030867819999931e-01 2.726775506010000183e-01 -5.050105170510000262e-03 -1.197721138290000056e+02 3.467105480800000095e+01 1.688356224489999988e+02
2.976891963330000057e-01 -2.083144309930000104e-01 2.760828209119999821e-01 -4.814634558409999592e-03 -1.189844431089999972e+02 3.458253526610000250e+01 1.681723888550000083e+02
1.505801897219999907e-01 -2.045672109109999970e-01 2.749055349639999979e-01 -1.116260320550000081e-02 -1.200809217009999941e+02 3.595512837679999762e+01 1.702165612860000010e+02
2.468846923030000029e-01 -2.048626922179999921e-01 2.756327619530000161e-01 -8.951867675439999575e-03 -1.198701155589999985e+02 3.431914904330000127e+01 1.689458433700000057e+02
1.143532647559999949e-01 -2.048276686159999915e-01 2.760770576850000158e-01 -1.456401787290000083e-02 -1.193254380930000025e+02 3.613888879929999831e+01 1.701247030789999997e+02
1.494722860219999949e-01 -2.055440286930000082e-01 2.757274201800000157e-01 -1.007076294240000051e-02 -1.193091953090000032e+02 3.578058459919999734e+01 1.697805945080000072e+02
1.865336429879999869e-01 -2.053567958610000022e-01 2.741527831500000234e-01 -1.131723292860000070e-02 -1.197022519610000018e+02 3.548349890330000278e+01 1.698264567450000015e+02
1.069108743509999959e-01 -2.048379201659999982e-01 2.725829571739999957e-01 -7.697268802829999694e-03 -1.197613580270000000e+02 3.479618318600000038e+01 1.695172349709999935e+02
7.174562188180000355e+00 -2.065998174779999919e-01 2.731578287159999729e-01 -1.165670363730000013e-02 -1.186283708450000063e+02 3.617535724479999715e+01 1.704543123269999967e+02
3.489476267519999730e-01 -2.033405259520000008e-01 2.744462617790000003e-01 -1.118222872009999938e-02 -1.193109965560000063e+02 3.431147004550000190e+01 1.697433489850000115e+02
1.077517286659999962e-01 -2.057696577379999892e-01 2.772033686839999733e-01 -5.661950943590000201e-03 -1.197323563860000064e+02 3.457271232629999957e+01 1.682605559950000043e+02
3.274924376930000158e-01 -2.049897498569999976e-01 2.757313198060000192e-01 -9.044533276939999145e-03 -1.200894528169999944e+02 3.512094767629999836e+01 1.690476754729999982e+02
4.287867153170000223e-01 -2.079762842320000138e-01 2.695211845959999963e-01 -1.300078557959999902e-03 -1.187002403200000060e+02 3.517447681880000232e+01 1.689575308080000013e+02
2.794144193299999968e-01 -2.036572734769999948e-01 2.751416842159999931e-01 -9.350502641720000174e-03 -1.195070353459999950e+02 3.444209482819999835e+01 1.699436173400000030e+02
1.296540336650000014e-01 -2.054509688089999897e-01 2.720536860050000172e-01 -7.470800647870000366e-03 -1.191251771740000009e+02 3.517764514800000342e+01 1.694655133470000123e+02
2.138936129039999967e-01 -2.082688553869999903e-01 2.731597376980000047e-01 -8.143442315009999724e-03 -1.187981794570000034e+02 3.582239346619999765e+01 1.696058316209999930e+02
1.041202562060000031e-01 -2.100849821190000077e-01 2.765607229459999816e-01 -7.896197213169999646e-03 -1.182425807350000042e+02 3.508789620280000321e+01 1.690535068979999949e+02
5.159919226939999604e-01 -2.041273369499999879e-01 2.752008744519999772e-01 -1.158967752639999960e-02 -1.201522212809999957e+02 3.554642480649999925e+01 1.694519963660000030e+02
1.469805997159999988e-01 -2.017746830609999931e-01 2.778396236880000258e-01 -1.567194980929999953e-02 -1.208402575279999951e+02 3.585182401109999972e+01 1.698542811810000046e+02
2.037219203629999920e-01 -2.061127580340000043e-01 2.736731330089999803e-01 -7.193191555450000052e-03 -1.197826216979999998e+02 3.462271297070000031e+01 1.687048074989999975e+02
1.018135051120000051e-01 -2.056641454679999925e-01 2.764259138310000141e-01 -1.095347859519999953e-02 -1.194135721079999968e+02 3.584226427069999943e+01 1.696958994830000051e+02
1.092536313559999972e-01 -2.051213344020000051e-01 2.741545222419999872e-01 -6.865114182380000277e-03 -1.201132149839999954e+02 3.518513924079999811e+01 1.689237288569999862e+02
4.684003453300000230e-01 -2.050410705140000012e-01 2.753744073170000251e-01 -1.109046652220000047e-02 -1.204310525409999997e+02 3.541086343919999990e+01 1.692413269479999940e+02
1.165871890190000038e-01 -2.088553362639999911e-01 2.754776815080000052e-01 -8.997303586709999926e-03 -1.190502382570000037e+02 3.491477714300000201e+01 1.691563657670000111e+02
3.825058994039999827e-01 -2.057040166019999949e-01 2.729854808869999760e-01 -9.783777612550000752e-03 -1.195532855719999930e+02 3.589748117140000261e+01 1.699480714850000140e+02
2.558440628670000105e+00 -2.055499553600000084e-01 2.776544056979999842e-01 -7.100944675839999942e-03 -1.195373906859999948e+02 3.448529889809999815e+01 1.682860519029999864e+02
1.559652211299999980e-01 -2.067870449080000117e-01 2.718063986220000117e-01 -6.398190248679999984e-03 -1.194173943539999954e+02 3.570827114339999753e+01 1.695537932539999986e+02
1.214943891549999933e-01 -2.061676305990000069e-01 2.750360615860000246e-01 -5.820829362870000127e-03 -1.195542071039999996e+02 3.412181276159999754e+01 1.688366021109999906e+02
1.056918411459999985e-01 -2.032285930059999912e-01 2.755020715770000184e-01 -1.223332442429999993e-02 -1.207873130530000054e+02 3.503306698139999753e+01 1.698494641730000012e+02
2.144868081380000013e-01 -2.042181747029999939e-01 2.756203028979999914e-01 -1.098147302270000014e-02 -1.200780546919999949e+02 3.581011419050000200e+01 1.703187453539999865e+02
1.077213607240000010e-01 -2.061499177399999938e-01 2.761599096139999987e-01 -8.161550685650000372e-03 -1.193627861890000048e+02 3.453020306479999846e+01 1.687312162329999978e+02
2.731974815479999985e-01 -2.041062064040000124e-01 2.799419328819999775e-01 -1.201514403469999999e-02 -1.202246885210000045e+02 3.441164934070000214e+01 1.689882456329999911e+02
3.355258173539999689e+01 -2.044190571130000134e-01 2.750568429390000125e-01 -1.093924388249999970e-02 -1.203645325009999993e+02 3.548758561439999681e+01 1.694352513020000117e+02
1.039875695300000041e-01 -2.068878650619999926e-01 2.763579046169999942e-01 -6.666191147510000005e-03 -1.198192300160000059e+02 3.417391295769999715e+01 1.683623077610000109e+02
1.319583330540000099e-01 -2.061251429360000109e-01 2.723105386410000217e-01 -6.812517043080000209e-03 -1.190143275749999958e+02 3.591343947330000219e+01 1.696036956689999897e+02
3.374489420630000236e-01 -2.069489497370000097e-01 2.772043034839999920e-01 -1.226874988380000087e-02 -1.189807519759999934e+02 3.589333901580000230e+01 1.700780314099999941e+02
2.151716964229999918e-01 -2.035052873279999952e-01 2.726195895699999872e-01 -1.095064938799999998e-02 -1.196986374760000018e+02 3.615276820329999907e+01 1.705056014660000017e+02
6.438453355100000053e-01 -2.117926675609999865e-01 2.782044871320000223e-01 -9.418711059320000051e-03 -1.175904613539999986e+02 3.524057326150000335e+01 1.692761112830000059e+02
1.452477951529999867e-01 -2.061394067879999958e-01 2.776808319510000178e-01 -9.913431217049999827e-03 -1.194642446379999967e+02 3.492790745020000287e+01 1.694851785849999999e+02
6.687448133679999573e-01 -2.069550354099999878e-01 2.739053656770000234e-01 -3.493997780360000131e-03 -1.196632311070000014e+02 3.438402723269999939e+01 1.680544783549999863e+02
1.482900298740000011e-01 -2.041798478490000068e-01 2.748546773489999873e-01 -1.019162342709999981e-02 -1.202242710069999987e+02 3.506841637459999816e+01 1.698050664689999962e+02
1.032097242830000011e-01 -2.070393248930000041e-01 2.765921257339999939e-01 -6.831334700549999625e-03 -1.193428970460000045e+02 3.453797413659999904e+01 1.687513137850000078e+02
4.534624358350000106e-01 -2.045591522090000058e-01 2.766446467009999743e-01 -1.169805433950000043e-02 -1.190763089000000008e+02 3.505589076950000305e+01 1.697482913709999934e+02
3.645224090679999862e-01 -2.026621779040000126e-01 2.723903941799999950e-01 -6.811651695810000059e-03 -1.208363167790000006e+02 3.503840073109999764e+01 1.690047016030000009e+02
2.276231833609999866e-01 -2.054223029130000100e-01 2.748113074710000214e-01 -8.898054987440000285e-03 -1.191300798000000043e+02 3.509661262000000193e+01 1.694219113640000103e+02
1.042629886090000041e-01 -2.063280834890000026e-01 2.747486796570000056e-01 -9.813020928479999905e-03 -1.199806350169999973e+02 3.592705946840000308e+01 1.695076804880000054e+02
3.283385652620000039e-01 -2.083913116749999961e-01 2.751385045959999776e-01 -1.188830839229999999e-02 -1.183120068350000054e+02 3.595756360970000287e+01 1.697606066799999951e+02
1.151816818699999967e-01 -2.080543063489999900e-01 2.758313531509999916e-01 -9.272848142640000707e-03 -1.190920257150000054e+02 3.466452170600000215e+01 1.689506657819999873e+02
2.974000001800000126e-01 -2.057376530449999963e-01 2.729046431800000172e-01 -1.118605562369999994e-02 -1.189184893369999969e+02 3.611365391820000070e+01 1.700594372369999974e+02
2.211825083869999875e-01 -2.053295965280000079e-01 2.762182810029999991e-01 -1.708014019809999881e-02 -1.192873299059999965e+02 3.695753329290000266e+01 1.709501155140000037e+02
3.564249491450000029e-01 -2.051684104579999945e-01 2.744321629590000255e-01 -1.276209115709999939e-02 -1.192819289229999953e+02 3.610711151750000170e+01 1.706456693469999948e+02
2.006809813650000107e-01 -2.051775135239999881e-01 2.769386229329999782e-01 -1.130773278159999916e-02 -1.196754366410000046e+02 3.594544501800000091e+01 1.698988479189999907e+02
9.920936196190000000e-01 -2.077854626869999888e-01 2.762048000710000117e-01 -4.944582539909999838e-03 -1.191616605819999961e+02 3.419011597899999799e+01 1.684906021060000114e+02
1.001294236590000025e-01 -2.054392034449999960e-01 2.772584264380000274e-01 -1.362072227490000037e-02 -1.197774820700000049e+02 3.518341736440000034e+01 1.698021001099999978e+02
5.241870188949999676e-01 -2.088923791299999999e-01 2.747428297930000207e-01 -1.059007045199999997e-02 -1.180534917140000033e+02 3.602464559429999724e+01 1.701926391629999955e+02
1.282454942600000092e-01 -2.055401157189999939e-01 2.768773219580000222e-01 -1.463647874829999973e-02 -1.189351442699999950e+02 3.629681795209999962e+01 1.704607872370000052e+02
1.407279861200000093e-01 -2.077015676879999939e-01 2.737103423469999797e-01 -1.057205640120000055e-03 -1.192706166330000030e+02 3.419852298659999690e+01 1.679189391680000085e+02
1.783518639849999976e-01 -2.054631148789999862e-01 2.753298329810000000e-01 -9.270177073910000620e-03 -1.196845446490000029e+02 3.551065530209999821e+01 1.698278592309999908e+02
2.892744877569999873e-01 -2.041533337889999966e-01 2.767943410690000272e-01 -9.459858463239999987e-03 -1.201792484550000069e+02 3.429424342309999929e+01 1.687836248959999921e+02
2.613730672619999917e-01 -2.041702254299999908e-01 2.792008985439999869e-01 -8.687658660319999213e-03 -1.207257070120000009e+02 3.431842270860000355e+01 1.681093550479999976e+02
1.045440592580000050e-01 -2.038722906340000030e-01 2.748747906860000145e-01 -9.515514054809999511e-03 -1.198115070399999951e+02 3.540879998089999958e+01 1.694468820410000092e+02
1.030732528420000016e-01 -2.051462533669999866e-01 2.758164974880000231e-01 -6.835923232359999990e-03 -1.196481732000000022e+02 3.393659160970000244e+01 1.685985540929999900e+02
1.659518504789999904e-01 -2.045975398369999920e-01 2.815786084210000206e-01 -1.441890462040000022e-02 -1.203916040109999983e+02 3.495630285989999919e+01 1.692451535579999984e+02
1.081521067169999989e-01 -2.071716660869999949e-01 2.772094695660000108e-01 -8.814540466900000482e-03 -1.191281515240000033e+02 3.461151743740000342e+01 1.691128370980000000e+02
1.257501043910000116e-01 -2.062066084359999996e-01 2.724702166619999977e-01 -9.902660820259999441e-03 -1.193658044700000005e+02 3.617771709609999675e+01 1.701876762640000038e+02
4.443877491429999993e-01 -2.046537911240000063e-01 2.715414717369999953e-01 -1.207029917819999951e-02 -1.193596704649999936e+02 3.676331339709999924e+01 1.707967978199999948e+02
1.042736622730000007e-01 -2.051479340429999965e-01 2.754814818369999974e-01 -1.492956976930000061e-02 -1.194709355060000036e+02 3.636681901730000277e+01 1.707075768580000101e+02
1.284804728879999913e-01 -2.067760810450000042e-01 2.724381744709999942e-01 -5.203452612899999753e-03 -1.188811515090000057e+02 3.513864344110000104e+01 1.690603684040000019e+02
1.798887205849999948e-01 -2.047004558280000053e-01 2.752703478619999977e-01 -9.701757730299999383e-03 -1.196598870859999977e+02 3.556146756929999952e+01 1.691843733869999937e+02
2.324600220470000034e-01 -2.051698366699999942e-01 2.729910697680000276e-01 -1.495583568080000036e-02 -1.194875665950000041e+02 3.679086835750000262e+01 1.709682031520000010e+02
2.349324900260000015e-01 -2.033702796849999883e-01 2.819093647520000134e-01 -1.330658341980000062e-02 -1.205891638119999953e+02 3.425486709030000299e+01 1.686654361880000010e+02
1.118808092729999953e-01 -2.039800565609999894e-01 2.759877927680000065e-01 -1.036149785319999926e-02 -1.201180335410000026e+02 3.579559406999999993e+01 1.697374538919999907e+02
5.561079050660000078e+00 -2.044975158710000129e-01 2.767155497029999967e-01 -6.001965404829999982e-03 -1.205520915849999994e+02 3.392875669890000268e+01 1.681732884049999939e+02
1.003109440089999943e-01 -2.090728828099999992e-01 2.775705075039999747e-01 -9.837848554139999244e-03 -1.185793855630000024e+02 3.497661579879999749e+01 1.692330522420000136e+02
1.188298884139999956e-01 -2.039160062610000101e-01 2.754141352539999921e-01 -1.120388858299999936e-02 -1.205692335410000027e+02 3.528344556150000244e+01 1.700795568210000113e+02
4.027407491650000226e-01 -2.041110131140000117e-01 2.764329178300000134e-01 -9.200626929870000387e-03 -1.204959217319999993e+02 3.429284269970000310e+01 1.689104822239999919e+02
1.052512135460000053e-01 -2.046215291229999955e-01 2.742149588869999821e-01 -8.623035483250000161e-03 -1.195378302430000019e+02 3.561783940109999946e+01 1.694723050290000117e+02
2.914303459379999905e-01 -2.057890927599999864e-01 2.745042363910000227e-01 -8.533853169039999978e-03 -1.194699949599999940e+02 3.472049407960000167e+01 1.692950402609999969e+02
3.343930274329999786e-01 -2.063923876579999983e-01 2.762346012620000013e-01 -8.456842345060000543e-03 -1.193178976429999949e+02 3.556085647959999818e+01 1.689558172790000015e+02
1.811771469500000065e-01 -2.030282969420000028e-01 2.713636967470000050e-01 -8.820919688690000843e-03 -1.203489595369999989e+02 3.581946185729999854e+01 1.699960782459999962e+02
1.149476122290000041e-01 -2.014372565230000134e-01 2.764993857979999858e-01 -1.509532265949999931e-02 -1.203971004400000027e+02 3.593084340749999939e+01 1.703946383029999936e+02
2.899876351200000091e+00 -2.032095986490000117e-01 2.761021513570000030e-01 -1.033529429860000071e-02 -1.205932702919999997e+02 3.480288260519999710e+01 1.690810264780000125e+02
4.623380483930000229e-01 -2.050710566610000063e-01 2.739341478619999881e-01 -9.981414776579999176e-03 -1.193079930739999952e+02 3.527247326709999697e+01 1.696034768199999974e+02
1.291430908270000122e-01 -2.034190495800000109e-01 2.735650527779999730e-01 -1.240925712099999988e-02 -1.197703385399999974e+02 3.590721192769999703e+01 1.703648965019999935e+02
1.398050722489999897e-01 -2.005712897980000131e-01 2.766167643119999964e-01 -1.192576888039999922e-02 -1.211166873829999986e+02 3.490442779730000211e+01 1.691632313450000140e+02
1.338290452170000089e+00 -2.048325204770000130e-01 2.747549313370000190e-01 -1.009421254249999976e-02 -1.197545032099999958e+02 3.548250165660000022e+01 1.689617004129999884e+02
4.582029973260000055e-01 -2.048298783670000067e-01 2.734110444010000029e-01 -1.022032472569999947e-02 -1.193206701099999947e+02 3.574935182370000319e+01 1.698401642030000005e+02
1.316014653889999997e-01 -2.079219455000000105e-01 2.767096886720000204e-01 -1.242625311449999971e-02 -1.187195191680000050e+02 3.579941415780000114e+01 1.702004988340000011e+02
1.079428638219999959e-01 -2.074946352900000068e-01 2.760684331400000135e-01 -8.598692029429999897e-03 -1.192437140889999938e+02 3.500122661609999852e+01 1.689176149319999922e+02
1.246952163349999976e-01 -2.043820758709999907e-01 2.750768196269999799e-01 -8.447221038979999333e-03 -1.196231464069999930e+02 3.503132099399999788e+01 1.690050131959999931e+02
1.224203471290000039e-01 -2.076238942399999954e-01 2.714481820899999898e-01 -6.303247778999999593e-03 -1.185952603100000005e+02 3.527091742660000051e+01 1.697745587299999954e+02
1.109182224879999984e-01 -2.084677895050000007e-01 2.715346860230000159e-01 -6.672922805510000249e-03 -1.182462391830000001e+02 3.582243236499999739e+01 1.701685509659999980e+02
2.647099023949999741e-01 -2.035065715209999904e-01 2.751427115139999935e-01 -9.604469901650000349e-03 -1.194020330000000030e+02 3.539547451539999656e+01 1.693914525659999981e+02
1.197523041250000003e-01 -2.044859506120000059e-01 2.729977880939999935e-01 -8.612607757419999538e-03 -1.201635868319999929e+02 3.526314927970000213e+01 1.697214464570000132e+02
3.421205423850000038e-01 -2.066190663019999985e-01 2.775847373929999917e-01 -9.863671169999999391e-03 -1.188854688579999959e+02 3.545360332460000308e+01 1.692415355349999970e+02
1.082942977069999979e-01 -2.055572943270000119e-01 2.774044947359999846e-01 -7.215622140389999634e-03 -1.193283418329999961e+02 3.443375912380000159e+01 1.685199337949999858e+02
1.064511063849999939e-01 -2.065581482359999943e-01 2.774903365529999832e-01 -9.056594419599999987e-03 -1.199471204099999966e+02 3.439817770759999860e+01 1.689917099810000138e+02
1.818229574409999938e-01 -2.041413931989999875e-01 2.719225255080000014e-01 -5.662672826490000241e-03 -1.202879554820000010e+02 3.519718015389999977e+01 1.693550317259999929e+02
3.637127259010000113e-01 -2.052425853909999875e-01 2.742324733970000206e-01 -8.945453930889999544e-03 -1.191731106200000028e+02 3.480577552020000098e+01 1.690597564439999871e+02
1.336854387020000035e-01 -2.057758344869999867e-01 2.768338414759999866e-01 -9.325526497600000048e-03 -1.198109987569999930e+02 3.519663127169999939e+01 1.688398556699999915e+02
1.997040063799999932e-01 -2.056988907149999990e-01 2.755419476989999783e-01 -9.290254204740000521e-03 -1.197481702420000005e+02 3.536365018610000277e+01 1.693421197590000133e+02
1.441233578780000135e-01 -2.041364963939999999e-01 2.729405034669999952e-01 -5.266109002559999676e-03 -1.200909851600000025e+02 3.492357666609999711e+01 1.689095754399999976e+02
6.637826795569999883e-01 -2.041591840929999901e-01 2.731187731240000138e-01 -6.422024740080000023e-03 -1.200695836080000021e+02 3.491071900000000028e+01 1.691235761849999903e+02
1.014139356939999931e-01 -2.060329137290000112e-01 2.743365758080000272e-01 -7.969474614880000043e-03 -1.195723034560000002e+02 3.573548664999999858e+01 1.693577058019999981e+02
2.386155663260000059e-01 -2.046638024409999923e-01 2.748685593910000224e-01 -7.514870326039999569e-03 -1.195956939120000015e+02 3.456505010829999947e+01 1.692486819220000029e+02
1.149044807009999974e-01 -2.073205455269999942e-01 2.753247756400000190e-01 -6.098936947190000159e-03 -1.197106405020000039e+02 3.479483770790000108e+01 1.687315066280000053e+02
1.585511498040000078e-01 -2.039115439489999904e-01 2.752005276580000159e-01 -9.353744706569999331e-03 -1.203752496869999931e+02 3.553730316669999922e+01 1.691287856410000074e+02
9.221538110860000304e-01 -2.048627371029999866e-01 2.716906169910000002e-01 -6.572109719369999790e-03 -1.203083449680000001e+02 3.519007580040000249e+01 1.695237168689999976e+02
1.319864237149999953e-01 -2.054651088630000122e-01 2.764314701469999802e-01 -1.028391134140000003e-02 -1.191455799419999977e+02 3.566293034230000103e+01 1.694294772179999882e+02
2.856320859640000265e-01 -2.051740980879999954e-01 2.756588326989999893e-01 -1.056914233310000083e-02 -1.198559772119999991e+02 3.564980039809999823e+01 1.697973695249999935e+02
6.000730364799999883e-01 -2.038556297899999925e-01 2.777391067689999882e-01 -1.161063235960000002e-02 -1.196682957320000043e+02 3.476527466539999978e+01 1.691371089879999943e+02
1.878736509989999970e-01 -2.078012764349999875e-01 2.728549221830000038e-01 -8.235350004309999195e-03 -1.192946101630000015e+02 3.566897413990000132e+01 1.695962608069999931e+02
1.173217960159999990e-01 -2.043779627110000052e-01 2.750711736509999783e-01 -1.063978491650000024e-02 -1.188697221030000009e+02 3.509245506519999935e+01 1.694554941830000132e+02
1.142550410209999950e-01 -2.043494780410000100e-01 2.756094285899999830e-01 -1.072002543339999926e-02 -1.194788779149999982e+02 3.493021045519999745e+01 1.691249713550000138e+02
1.764830925460000033e-01 -2.042774685290000003e-01 2.762643668679999887e-01 -1.224987086689999921e-02 -1.206933061430000009e+02 3.565221369239999660e+01 1.697012776660000100e+02
1.506455235430000095e-01 -2.050143527549999900e-01 2.745076183460000152e-01 -1.087010205689999988e-02 -1.194086588699999965e+02 3.510691686319999860e+01 1.699081371290000106e+02
1.507853441410000050e-01 -2.058110003449999947e-01 2.757268987290000251e-01 -8.273116611630000616e-03 -1.193263365199999981e+02 3.519779114010000143e+01 1.694512051259999907e+02
3.471018564180000099e-01 -2.040301261490000129e-01 2.743854958679999845e-01 -1.410165922939999976e-02 -1.200383053630000063e+02 3.617286188060000285e+01 1.703020508440000071e+02
2.471684328679999987e-01 -2.038097855559999894e-01 2.737929398560000060e-01 -6.839661936140000072e-03 -1.206483536350000065e+02 3.449474599389999696e+01 1.690527239170000087e+02
3.297261586110000198e-01 -2.060548738259999901e-01 2.732531571340000021e-01 -1.202686190119999984e-02 -1.190838230250000009e+02 3.662247906220000004e+01 1.704910607600000105e+02
1.475824209659999942e-01 -2.046630576490000020e-01 2.738025490630000003e-01 -8.063968420290000202e-03 -1.193715975890000038e+02 3.508758254819999678e+01 1.695344258369999864e+02
1.651536859190000095e-01 -2.059040521540000113e-01 2.767791523079999871e-01 -1.069828531149999949e-02 -1.194994075209999949e+02 3.532725249620000341e+01 1.693445784719999949e+02
1.110221122560000051e-01 -2.050990466840000026e-01 2.758832789510000105e-01 -6.703487236960000394e-03 -1.198327360279999994e+02 3.461834195969999683e+01 1.687967513099999906e+02
1.582594904169999928e-01 -2.049029062540000112e-01 2.751568920240000105e-01 -9.303821836219999808e-03 -1.197237644030000041e+02 3.524371433040000312e+01 1.691342454859999975e+02
3.301826646039999757e-01 -2.033549098490000095e-01 2.741265866359999803e-01 -1.184701580850000026e-02 -1.204067218029999964e+02 3.564293456589999920e+01 1.698463174039999899e+02
4.528232610730000274e-01 -2.012147724180000097e-01 2.780609851879999872e-01 -1.350573154760000005e-02 -1.211287476770000069e+02 3.522239127910000178e+01 1.693242917219999981e+02
2.726179680549999929e-01 -2.047055066700000092e-01 2.757122091559999766e-01 -1.174886796639999960e-02 -1.192964706080000070e+02 3.525697417220000318e+01 1.699560507570000141e+02
1.193395742249999947e-01 -2.076331248130000029e-01 2.724296467849999792e-01 -8.450579522139999369e-03 -1.192491534849999937e+02 3.584698929710000215e+01 1.698142882010000108e+02
1.445918007219999968e+00 -2.055705984400000019e-01 2.779969910089999940e-01 -1.227262576539999914e-02 -1.194176587089999941e+02 3.595596459360000097e+01 1.696514215310000111e+02
1.563383527399999917e-01 -2.046884723669999961e-01 2.750726634619999889e-01 -1.035900035259999970e-02 -1.205450479029999968e+02 3.491547198960000031e+01 1.687981965820000028e+02
1.104601695130000005e-01 -2.051350350579999871e-01 2.761508536639999956e-01 -7.395204084119999868e-03 -1.202158339860000069e+02 3.465494003010000057e+01 1.687515613770000016e+02
1.307687024480000126e-01 -2.044895016190000081e-01 2.742641528459999756e-01 -9.960704392610000846e-03 -1.202114144629999970e+02 3.459574827630000016e+01 1.686611052670000106e+02
4.494181104550000194e-01 -2.050261825130000048e-01 2.763845383640000097e-01 -9.505869387390000411e-03 -1.192460001839999961e+02 3.542903209320000002e+01 1.691103259139999864e+02
1.024034928789999965e-01 -2.037775639989999887e-01 2.759669708249999909e-01 -1.020982905430000039e-02 -1.199314977880000015e+02 3.651669600120000325e+01 1.688220784309999942e+02
3.449456846699999746e-01 -2.074252990759999915e-01 2.784429944039999993e-01 -5.148817800679999709e-03 -1.196255357910000043e+02 3.343054660010000134e+01 1.676029710839999893e+02
2.879111877330000069e-01 -1.993621427989999972e-01 2.772692034600000022e-01 -1.309825487509999956e-02 -1.217991729759999942e+02 3.483994670170000063e+01 1.692130040629999996e+02
7.033566090680000160e-01 -2.048008247670000115e-01 2.769243540770000012e-01 -1.011235392759999956e-02 -1.197518136399999946e+02 3.452470567520000344e+01 1.688461657100000082e+02
2.255706856899999946e-01 -2.035071607389999926e-01 2.771623472599999971e-01 -8.946541774679999531e-03 -1.208460158540000009e+02 3.423276231220000199e+01 1.683615529859999924e+02
1.009917830649999931e-01 -2.059847918440000092e-01 2.750000659990000096e-01 -9.495831753480000331e-03 -1.191427941740000023e+02 3.488248618629999953e+01 1.693015180650000104e+02
1.033373683110000024e-01 -2.043727188879999879e-01 2.744125298890000009e-01 -1.261644480379999975e-02 -1.199729329930000006e+02 3.586021708309999667e+01 1.704264382899999930e+02
2.864353917479999789e-01 -2.038171213659999981e-01 2.760238006299999824e-01 -1.043721829490000010e-02 -1.191967469349999931e+02 3.492639545819999825e+01 1.684943498190000071e+02
1.573163154470000047e-01 -2.063316301129999863e-01 2.694787518219999845e-01 -5.244790897380000212e-03 -1.189965067680000033e+02 3.580305923329999729e+01 1.698701106679999953e+02
1.039013334100000047e-01 -2.071846709809999909e-01 2.760859329159999764e-01 -2.660713829720000052e-03 -1.196295569370000038e+02 3.375261174229999739e+01 1.677324124810000114e+02
1.184192598879999947e+00 -2.041926654260000085e-01 2.750411614669999727e-01 -9.475686116360000286e-03 -1.203193931259999943e+02 3.522213257180000312e+01 1.688531336860000067e+02
3.373152023520000209e-01 -2.029282504780000052e-01 2.752331123349999742e-01 -1.208211040630000066e-02 -1.204467670469999945e+02 3.568825817790000343e+01 1.700661667720000025e+02
3.904617517039999930e-01 -2.033558510629999982e-01 2.722735662169999959e-01 -1.578752499630000153e-02 -1.197577791279999957e+02 3.699344047919999667e+01 1.711434948069999962e+02
2.003183880930000105e-01 -2.068082158379999924e-01 2.745261115420000175e-01 -9.131613349129999446e-03 -1.187297806039999983e+02 3.585619225330000148e+01 1.695021995189999870e+02
1.021426396019999988e-01 -2.055385754029999956e-01 2.744909205309999933e-01 -6.303529755670000088e-03 -1.197039645560000025e+02 3.528252453300000013e+01 1.693371907449999867e+02
9.182391961410000247e-01 -2.046504924149999960e-01 2.747479256140000214e-01 -8.897195563990000639e-03 -1.188229516159999974e+02 3.546867732670000350e+01 1.694687450909999882e+02
9.076996193840000116e-01 -2.052822086780000110e-01 2.760252375389999902e-01 -9.551679532130000205e-03 -1.191387742240000023e+02 3.529279222979999986e+01 1.695724683100000050e+02
1.494617779970000004e+00 -2.038316652840000132e-01 2.741319739049999926e-01 -8.581786842829999470e-03 -1.203415685300000035e+02 3.547707905939999762e+01 1.694908419319999950e+02
1.150449883550000024e-01 -2.053904958799999958e-01 2.722161517719999813e-01 -9.745501319019999817e-03 -1.198724740349999962e+02 3.612480752769999981e+01 1.700536281809999934e+02
1.178682756440000007e-01 -2.046455086010000035e-01 2.740849137570000038e-01 -1.100126912160000019e-02 -1.191540646849999945e+02 3.524688815900000094e+01 1.698788400070000080e+02
2.876403555689999725e-01 -2.064352016340000040e-01 2.764877887050000149e-01 -9.810802142619999555e-03 -1.195495040769999946e+02 3.538183070560000232e+01 1.691309328060000041e+02
1.211916455920000052e-01 -2.038011763939999998e-01 2.764835679950000125e-01 -1.078158071150000022e-02 -1.201498920009999978e+02 3.522470440360000055e+01 1.698327163040000016e+02
1.638093480610000041e-01 -2.053687872899999933e-01 2.765052054620000255e-01 -1.391258981979999997e-02 -1.189992831670000015e+02 3.575281772649999823e+01 1.701504306559999975e+02
1.427697400269999917e-01 -2.024346484319999862e-01 2.731549793310000251e-01 -1.157170147420000066e-02 -1.203793644210000053e+02 3.602141775940000201e+01 1.701952318900000023e+02
1.537442196490000079e-01 -2.044383462990000122e-01 2.783103181059999875e-01 -1.641822534739999923e-02 -1.199731881449999946e+02 3.552422298719999816e+01 1.701018997689999992e+02
1.307649693569999938e-01 -2.037662316299999887e-01 2.798325351970000208e-01 -7.053596779380000292e-03 -1.209795730329999941e+02 3.347075946660000056e+01 1.678436261059999879e+02
1.786698639869999938e-01 -2.085470690070000133e-01 2.725893783810000026e-01 -7.904485486429999735e-03 -1.185228292129999943e+02 3.567795195509999928e+01 1.695362597079999887e+02
1.208798771919999959e-01 -2.072051040050000015e-01 2.755632397130000077e-01 -1.232962559790000065e-02 -1.185717257000000018e+02 3.608641855709999646e+01 1.702375055370000041e+02
1.572905490500000059e-01 -2.056096856019999919e-01 2.790472617570000091e-01 -1.171169886369999996e-02 -1.198161487039999997e+02 3.541110968219999933e+01 1.693438577569999950e+02
3.748384861290000036e-01 -2.040544234810000024e-01 2.756128729980000247e-01 -1.148497233160000047e-02 -1.200803540349999992e+02 3.518282444559999789e+01 1.697731890830000054e+02
2.865335089030000004e-01 -2.049813591769999999e-01 2.795919590509999830e-01 -1.724191408190000122e-02 -1.195444436039999943e+02 3.582506204429999741e+01 1.703139253800000006e+02
3.040712012010000076e-01 -2.038588252680000046e-01 2.745740224250000083e-01 -7.647021832509999680e-03 -1.206042208319999958e+02 3.491355115820000066e+01 1.688622716350000132e+02
1.453137222979999921e-01 -2.071979103569999980e-01 2.728136891149999799e-01 -2.045929537030000047e-03 -1.192787898520000027e+02 3.444609836680000114e+01 1.685374733310000011e+02
1.003691125659999933e-01 -2.049097242809999886e-01 2.768821481190000267e-01 -9.317466911179999450e-03 -1.200208863269999995e+02 3.497326534989999658e+01 1.686030206019999866e+02
1.920379700239999987e-01 -2.054810692090000002e-01 2.754163858049999969e-01 -9.723586300579999467e-03 -1.198761442790000018e+02 3.530110083769999818e+01 1.695713375660000111e+02
1.667957054070000056e-01 -2.068190695819999980e-01 2.715986902559999749e-01 -2.911015426430000122e-03 -1.193300221970000052e+02 3.472482399559999777e+01 1.684973100340000087e+02
1.038149811079999985e-01 -2.054833534959999986e-01 2.752759847049999764e-01 -7.359009097060000351e-03 -1.193647003819999952e+02 3.449653065759999748e+01 1.688935046729999954e+02
1.141385205599999980e-01 -2.056941744480000056e-01 2.776008462219999862e-01 -9.527851051679999198e-03 -1.196309261969999937e+02 3.477706234640000105e+01 1.689700614760000121e+02
1.760569609079999931e-01 -2.060565563729999938e-01 2.791539956399999856e-01 -1.235247368360000049e-02 -1.196664018670000047e+02 3.479564026380000286e+01 1.688731486679999989e+02
1.094072356539999985e-01 -2.078802904160000076e-01 2.754796664120000016e-01 -7.477072886710000102e-03 -1.196052268379999930e+02 3.544283574589999830e+01 1.689891548520000129e+02
3.375516695920000032e-01 -2.053478989039999869e-01 2.758772483510000262e-01 -9.177119348670000065e-03 -1.198074229580000036e+02 3.454446711589999808e+01 1.685453703130000065e+02
1.080760242980000063e-01 -2.020392383919999979e-01 2.775689919589999777e-01 -1.266458128039999950e-02 -1.205292647680000044e+02 3.482237752740000047e+01 1.694728925459999971e+02
1.100633269869999986e-01 -2.041472562720000050e-01 2.755286836049999910e-01 -1.102775227620000041e-02 -1.195817748820000048e+02 3.505076381589999812e+01 1.695838087930000029e+02
1.499813916359999943e-01 -2.026914728470000093e-01 2.773244567950000072e-01 -1.342732751460000082e-02 -1.212950412269999987e+02 3.523351856930000281e+01 1.694438666910000109e+02
2.028065358460000023e-01 -2.053416252449999924e-01 2.762468150049999793e-01 -1.425225475660000032e-02 -1.195487109029999999e+02 3.642615025130000106e+01 1.704641513150000094e+02
1.721602452440000042e-01 -2.049598588279999967e-01 2.730481108799999723e-01 -1.067607319529999960e-02 -1.196994959019999953e+02 3.542197010990000194e+01 1.697633063039999968e+02
2.407479776370000102e-01 -2.041716915809999866e-01 2.753909719179999938e-01 -1.074220668939999956e-02 -1.207614758419999959e+02 3.544777644349999690e+01 1.700847657799999979e+02
2.578611288800000123e-01 -2.060213445849999880e-01 2.743753567889999911e-01 -9.106056639369999178e-03 -1.192697956519999991e+02 3.468802146320000190e+01 1.695027592520000042e+02
3.642596415850000158e-01 -2.062127122580000027e-01 2.764540313630000079e-01 -8.447089557859999154e-03 -1.197392620159999979e+02 3.411848476720000178e+01 1.685125986859999898e+02
1.480038733150000063e-01 -2.072440349939999871e-01 2.735565326009999909e-01 -1.143857027709999953e-02 -1.191419194949999962e+02 3.581751847959999679e+01 1.702365586020000023e+02
1.707579970629999888e-01 -2.063476434269999882e-01 2.771150012379999805e-01 -1.246352681299999973e-02 -1.197158419189999989e+02 3.599145447690000310e+01 1.696238945409999985e+02
1.384613554240000100e-01 -2.039924115689999984e-01 2.746222964910000064e-01 -1.114962386469999997e-02 -1.192979576040000040e+02 3.563763235889999947e+01 1.702361360069999989e+02
1.214394018030000022e-01 -2.044697835990000045e-01 2.724365593579999856e-01 -7.814471876620000465e-03 -1.198106793710000062e+02 3.565495289550000280e+01 1.696033083789999978e+02
1.337604345910000103e-01 -2.073905169920000069e-01 2.764202121239999754e-01 -8.136273091720000808e-03 -1.197297439069999996e+02 3.492827678860000162e+01 1.692375438310000106e+02
1.145170791270000016e-01 -2.068968497679999907e-01 2.730483747620000012e-01 -8.419656656879999368e-03 -1.194680661799999939e+02 3.552543123529999747e+01 1.696587612769999964e+02
1.267312514820000047e+01 -2.090197927130000022e-01 2.772818536239999854e-01 -9.233908189699999505e-03 -1.189603743360000010e+02 3.528306862769999697e+01 1.691796556660000022e+02
1.165948169930000056e-01 -2.047027692629999895e-01 2.711452604410000133e-01 -1.144303692350000061e-02 -1.197331338009999939e+02 3.680694497660000053e+01 1.708415577289999874e+02
1.186847940110000027e-01 -2.040995556440000080e-01 2.763683167639999771e-01 -1.218313314470000075e-02 -1.196348529739999975e+02 3.517391833549999802e+01 1.699011934019999899e+02
1.931875374179999882e-01 -2.087886885949999938e-01 2.725447528589999835e-01 -6.624132349829999628e-03 -1.182176237670000063e+02 3.582768578700000006e+01 1.697673863070000095e+02
2.225308631650000091e-01 -2.065070961409999906e-01 2.717245911519999835e-01 -5.690369777300000216e-03 -1.195486015040000041e+02 3.533960547379999895e+01 1.693050446580000141e+02
2.758174852170000024e-01 -2.035893898339999897e-01 2.753947015520000208e-01 -9.594582281210000535e-03 -1.203524075880000055e+02 3.480222971479999927e+01 1.685482797310000080e+02
1.726513951599999985e-01 -2.062488647050000068e-01 2.769712691780000235e-01 -9.044612221199999774e-03 -1.197727370070000035e+02 3.545767413899999809e+01 1.690469862680000119e+02
1.311827502550000080e-01 -2.074631259359999980e-01 2.748084123310000071e-01 -9.018648909450000320e-03 -1.192189105939999934e+02 3.547465847229999980e+01 1.699943683850000014e+02
1.084710450520000036e-01 -2.092834625449999930e-01 2.760044688080000030e-01 -8.093630385210000278e-03 -1.189803622700000005e+02 3.521578556709999930e+01 1.691799427269999967e+02
9.200588088950000243e-01 -2.033016340140000044e-01 2.758444734930000086e-01 -9.760943472960000381e-03 -1.206259871259999983e+02 3.487082065940000319e+01 1.686856705030000114e+02
1.226903848550000009e-01 -2.032132105249999932e-01 2.749479343769999917e-01 -1.186763084520000081e-02 -1.200800255019999980e+02 3.535830372350000061e+01 1.702502783779999902e+02
1.229212431789999949e-01 -2.041482011540000086e-01 2.733856933430000025e-01 -9.846058320190000795e-03 -1.199138256420000062e+02 3.601187365959999909e+01 1.695626646540000024e+02
1.460880994060000104e-01 -2.064435944349999885e-01 2.775602695139999798e-01 -8.833744141969999270e-03 -1.196766565430000071e+02 3.506274593690000074e+01 1.688940689620000057e+02
1.499702462720000073e-01 -2.056502324660000047e-01 2.721116312419999961e-01 -5.884335371640000110e-03 -1.189940311149999985e+02 3.510296489209999748e+01 1.694257345830000077e+02
1.025953309289999948e+00 -2.097579622999999893e-01 2.754354345030000095e-01 -7.962418769019999343e-03 -1.186366610310000027e+02 3.533166557650000072e+01 1.694053073389999895e+02
1.601343622929999877e-01 -2.040730385120000101e-01 2.754266638100000275e-01 -1.135016435020000033e-02 -1.202592480039999998e+02 3.565816922479999818e+01 1.702493968500000108e+02
1.795254720620000077e-01 -2.074302428719999869e-01 2.769128924989999740e-01 -1.195636922709999994e-02 -1.191020376379999988e+02 3.521812557100000163e+01 1.696928384770000093e+02
3.092518517599999739e-01 -2.030215058660000127e-01 2.750357158589999962e-01 -1.122396809590000058e-02 -1.199404719700000044e+02 3.535230290039999801e+01 1.690833077199999934e+02
1.315615976139999921e-01 -2.067356215510000039e-01 2.734814256120000064e-01 -4.428862093840000430e-03 -1.196020022520000055e+02 3.481200758450000166e+01 1.688014815029999909e+02
3.750337210069999827e+01 -2.038171728000000016e-01 2.759553928610000151e-01 -1.014177522840000074e-02 -1.197337346150000030e+02 3.466834253519999720e+01 1.696553731559999960e+02
5.324903775160000352e-01 -2.014700403109999927e-01 2.718860188669999789e-01 -6.012711668510000405e-03 -1.209091158370000016e+02 3.496396770230000328e+01 1.690998527120000006e+02
1.539992399160000081e-01 -2.030922839100000044e-01 2.728775105710000148e-01 -1.215978630690000076e-02 -1.196922112510000034e+02 3.619517700619999800e+01 1.703841808329999878e+02
1.379185925039999872e-01 -2.061435658069999954e-01 2.735469818940000075e-01 -9.624125241289999133e-03 -1.195927851809999964e+02 3.579352907629999692e+01 1.694427674430000081e+02
1.348612780350000040e-01 -2.034203574600000064e-01 2.729595858469999747e-01 -1.151623133050000067e-02 -1.204798040510000021e+02 3.581739353369999890e+01 1.700324275659999955e+02
1.244474599670000042e-01 -2.052758473419999952e-01 2.777006597069999749e-01 -1.241599518750000075e-02 -1.194681938869999982e+02 3.564079446139999874e+01 1.698191347190000045e+02
1.532289189530000040e-01 -2.037622850099999883e-01 2.759666920080000030e-01 -1.058226794069999990e-02 -1.208053796389999945e+02 3.489583282830000144e+01 1.698545062620000010e+02
1.110083448719999949e-01 -2.051299184450000035e-01 2.766265934559999917e-01 -1.126786445480000044e-02 -1.193457127899999932e+02 3.564383982180000032e+01 1.695806532640000057e+02
4.276348730219999839e-01 -2.050807124029999928e-01 2.708321775329999848e-01 -2.616206274000000033e-03 -1.196979725019999989e+02 3.480055184020000070e+01 1.688071159110000110e+02
1.886505165559999864e-01 -2.066222500179999977e-01 2.773032835540000240e-01 -9.973279840529999593e-03 -1.189971806669999950e+02 3.510073289540000019e+01 1.696013992149999865e+02
1.416829390010000134e-01 -2.063487145000000023e-01 2.743242831780000057e-01 -8.131914881639999357e-03 -1.190412094769999953e+02 3.507192683080000251e+01 1.697602049479999948e+02
1.126721137210000001e-01 -2.052298857089999984e-01 2.751642938939999894e-01 -1.200773088290000082e-02 -1.195863684800000044e+02 3.578187709139999839e+01 1.702059162600000093e+02
1.370179076130000062e-01 -2.046043222889999957e-01 2.747438605690000202e-01 -1.202912025930000066e-02 -1.201823019450000061e+02 3.572385051330000039e+01 1.699685302979999904e+02
2.492088475960000105e-01 -2.078192340899999990e-01 2.779616372670000168e-01 -1.345286087710000078e-02 -1.190209178359999953e+02 3.560871290099999698e+01 1.697306764459999897e+02
4.363688777629999849e-01 -2.092377495509999963e-01 2.722962233560000112e-01 -4.457795184220000005e-03 -1.179167080379999959e+02 3.505654142179999866e+01 1.691624033409999868e+02
4.049298965740000256e-01 -2.018151472999999974e-01 2.794066325830000252e-01 -1.335676688729999992e-02 -1.210600134799999950e+02 3.492406457900000305e+01 1.692746968890000119e+02
3.414782889679999767e-01 -2.055038705109999975e-01 2.769994772750000167e-01 -1.410862530829999975e-02 -1.190165026549999965e+02 3.551203489670000124e+01 1.700388340259999893e+02
1.915818665759999873e-01 -2.065520384819999888e-01 2.725164244320000262e-01 -8.455613006770000203e-03 -1.191798042879999997e+02 3.525010760669999854e+01 1.696361916509999901e+02
1.279721572270000052e-01 -2.040935221319999937e-01 2.759783843549999949e-01 -9.563125487800000490e-03 -1.204701783940000013e+02 3.450763484720000207e+01 1.686451163259999930e+02
1.830255729799999953e-01 -2.039993270480000009e-01 2.769343205979999945e-01 -9.170758325590000481e-03 -1.203112199429999976e+02 3.454704136010000326e+01 1.684575028529999940e+02
2.910604727339999864e-01 -2.047699464530000069e-01 2.757129398550000055e-01 -1.012050431490000083e-02 -1.198483703859999991e+02 3.499020932959999897e+01 1.690426756980000107e+02
1.501235042540000064e-01 -2.047406407200000056e-01 2.773193187310000196e-01 -1.028874623900000000e-02 -1.204383212829999934e+02 3.480760405049999662e+01 1.691383927070000084e+02
3.817928930080000116e-01 -2.037393548829999901e-01 2.740842712730000019e-01 -1.069717553410000008e-02 -1.197493258800000007e+02 3.609692188609999874e+01 1.699204055140000094e+02
2.191451019900000075e-01 -2.064394389379999861e-01 2.776494369229999815e-01 -8.977808022029999668e-03 -1.197662903840000013e+02 3.501067707229999826e+01 1.691558733500000073e+02
5.039549477229999797e-01 -2.047979216449999917e-01 2.774656222799999905e-01 -7.457388374419999903e-03 -1.201567226089999991e+02 3.435981495509999917e+01 1.685197964650000131e+02
1.249352621039999944e-01 -2.043562362930000098e-01 2.762145636689999906e-01 -1.058311224759999995e-02 -1.191124175260000015e+02 3.577089608459999681e+01 1.695724779919999889e+02
1.522068752840000094e-01 -2.043280364449999997e-01 2.750266574690000132e-01 -8.893141241700000532e-03 -1.199015022389999956e+02 3.507693702870000152e+01 1.688667888820000087e+02
5.103609125920000045e-01 -2.054477785419999980e-01 2.732170144339999829e-01 -9.626707533199999750e-03 -1.200422585040000030e+02 3.560802427120000146e+01 1.694240025459999970e+02
2.659149620530000258e-01 -2.047972053150000082e-01 2.743724300170000130e-01 -7.511290012330000196e-03 -1.190624827609999983e+02 3.486640165360000054e+01 1.691616737589999957e+02
4.145114407939999857e-01 -2.073210762459999912e-01 2.746458059499999882e-01 -7.011660347750000091e-03 -1.189073718570000011e+02 3.470769437530000090e+01 1.688163594849999924e+02
2.240164602649999948e-01 -2.055082678490000037e-01 2.751667664419999992e-01 -1.547822204060000061e-02 -1.193611371949999977e+02 3.681318792300000098e+01 1.709728493629999946e+02
2.696591907709999791e-01 -2.061666802959999933e-01 2.750695345920000090e-01 -1.487309961980000025e-03 -1.199861444670000026e+02 3.346247963790000313e+01 1.675503103979999935e+02
1.429213232340000028e-01 -2.061472870939999869e-01 2.731463597770000251e-01 -7.998752451799999788e-03 -1.195767535730000048e+02 3.523701525900000320e+01 1.693221022959999971e+02
1.368284678080000094e-01 -2.045378510009999984e-01 2.772097899059999815e-01 -9.008533149469999737e-03 -1.207915922520000009e+02 3.450815481770000304e+01 1.689435566049999977e+02
1.712035098430000069e-01 -2.068787112409999907e-01 2.795347483760000085e-01 -1.081973138740000007e-02 -1.192638762880000058e+02 3.486201779849999838e+01 1.690407484119999992e+02
1.069560729360000018e+00 -2.068963441199999920e-01 2.785042641839999833e-01 -9.890172158739999470e-03 -1.190046931360000002e+02 3.488751249580000291e+01 1.688990182690000097e+02
6.212523763759999484e-01 -2.046265906810000035e-01 2.747670263409999758e-01 -1.158975967439999921e-02 -1.208782317189999986e+02 3.539305519220000207e+01 1.691705012010000075e+02
1.224686612759999932e-01 -2.079854855409999925e-01 2.771470760179999826e-01 -9.768815855149999561e-03 -1.192498654780000038e+02 3.484843134940000198e+01 1.694293004499999995e+02
1.616937921419999924e+00 -2.044210837390000035e-01 2.742722087219999771e-01 -9.967224182519999337e-03 -1.198379413410000041e+02 3.480357859250000274e+01 1.690065073609999899e+02
2.219034763359999940e-01 -2.036301918310000070e-01 2.737039988000000146e-01 -7.458336292379999857e-03 -1.201287045140000060e+02 3.508743069829999683e+01 1.694323540679999951e+02
1.542165188890000094e-01 -2.074773877489999863e-01 2.745530509999999924e-01 -5.648306314640000325e-03 -1.191629918090000047e+02 3.424250175729999768e+01 1.685373217929999896e+02
1.166048420840000016e-01 -2.046827600480000120e-01 2.767875117290000131e-01 -1.022886011190000076e-02 -1.201248316669999952e+02 3.489655293149999693e+01 1.689159139319999952e+02
3.390920234629999919e-01 -2.055987873679999967e-01 2.747876653540000103e-01 -6.056667980840000319e-03 -1.197773434610000010e+02 3.476234605450000004e+01 1.689873397400000101e+02
1.208521333019999949e-01 -2.065322186640000113e-01 2.790201708589999940e-01 -1.284421901590000054e-02 -1.189045876750000019e+02 3.532872003749999834e+01 1.697855093640000064e+02
2.294288079310000117e-01 -2.065125622600000044e-01 2.731288484259999927e-01 -5.669236004240000085e-03 -1.192690968520000041e+02 3.500676910109999795e+01 1.694301136629999860e+02
1.002548443040000015e-01 -2.072439260670000116e-01 2.733392535890000197e-01 -9.597012188149999304e-03 -1.189618247330000003e+02 3.595574840070000278e+01 1.701014971030000140e+02
3.749823002439999775e-01 -2.070271497179999864e-01 2.721044012350000152e-01 -7.511985990960000359e-03 -1.195292325369999986e+02 3.519953420579999914e+01 1.693805690659999925e+02
1.077613155830000058e-01 -2.038736556159999880e-01 2.760664645009999751e-01 -1.100824980890000027e-02 -1.207162273619999979e+02 3.487077568389999982e+01 1.696007551410000076e+02
1.517658807019999889e+00 -2.058802818640000087e-01 2.784199626180000053e-01 -9.896316969269999819e-03 -1.200522646069999979e+02 3.501201446660000016e+01 1.687293473709999887e+02
2.030451293730000106e-01 -2.040153453419999985e-01 2.756329002110000093e-01 -1.008222153420000079e-02 -1.206863627649999984e+02 3.601841372389999663e+01 1.695900693460000070e+02
1.694706563429999868e-01 -2.068672052809999995e-01 2.750225112499999902e-01 -9.200029592880000495e-03 -1.185065479510000017e+02 3.539233405800000298e+01 1.698927750889999970e+02
1.008205098169999980e-01 -2.075124626619999912e-01 2.744533592010000023e-01 -7.202900958860000008e-03 -1.192924923629999938e+02 3.546858818630000343e+01 1.693455258140000126e+02
3.907136125490000000e-01 -2.046292220439999976e-01 2.737234548760000274e-01 -5.243825935860000308e-03 -1.201303310610000068e+02 3.428166673900000205e+01 1.686740228969999862e+02
2.944911653949999764e-01 -2.016864193869999933e-01 2.799015060719999837e-01 -1.609738313109999874e-02 -1.206659791889999980e+02 3.539194407299999767e+01 1.698861789180000130e+02
3.000152509549999791e-01 -2.058038299119999970e-01 2.765717516980000235e-01 -8.723703967330000142e-03 -1.193872212330000053e+02 3.458139597409999766e+01 1.689006785340000079e+02
3.434596272730000011e-01 -2.062561469920000112e-01 2.727412500870000089e-01 -7.521331875089999619e-03 -1.200625657380000035e+02 3.539571958509999661e+01 1.691414814270000022e+02
3.154641104290000220e-01 -2.045325848769999899e-01 2.778181238910000239e-01 -1.166784042449999989e-02 -1.200218928919999968e+02 3.561446765800000236e+01 1.699781685789999983e+02
1.059019002569999979e-01 -2.039249096090000046e-01 2.727110006480000237e-01 -3.591902253220000205e-03 -1.208305693859999934e+02 3.463576639789999945e+01 1.684448370030000035e+02
1.057357069710000014e-01 -2.032023482679999882e-01 2.770319113049999893e-01 -1.484786439959999947e-02 -1.204792209659999997e+02 3.567059377340000026e+01 1.698158974010000009e+02
1.045463051239999969e-01 -2.076761205129999954e-01 2.741264469460000242e-01 -3.200614593829999993e-03 -1.189604284419999942e+02 3.450279699189999860e+01 1.682237869820000071e+02
1.897283698820000086e-01 -2.016710744999999916e-01 2.752089818210000094e-01 -1.247398167280000005e-02 -1.207428332799999993e+02 3.573346124910000299e+01 1.699053037280000069e+02
1.299281752299999981e+00 -2.062702952380000010e-01 2.749623404889999789e-01 -6.801748187840000320e-03 -1.198798156499999976e+02 3.412833813710000186e+01 1.687490024909999988e+02
2.494886546420000129e-01 -2.050892284880000138e-01 2.767465439930000271e-01 -1.140308909729999959e-02 -1.192868373419999983e+02 3.527095227539999911e+01 1.696857225560000018e+02
1.332957905740000115e-01 -2.040508619560000014e-01 2.774419293329999925e-01 -1.289216188670000082e-02 -1.205054185449999977e+02 3.587363287739999862e+01 1.699202259589999926e+02
8.041380354099999517e-01 -2.028889873560000001e-01 2.766456459189999828e-01 -6.770426996080000127e-03 -1.209004534639999946e+02 3.433278489690000157e+01 1.683302723920000119e+02
3.147729205989999723e-01 -2.094119131359999941e-01 2.793629123840000172e-01 -1.399608772580000077e-02 -1.183566321090000031e+02 3.559021193870000133e+01 1.697318741260000081e+02
1.545471746600000085e-01 -2.090319648460000068e-01 2.763733988729999980e-01 -4.164964111799999980e-03 -1.189930435229999972e+02 3.416033884859999858e+01 1.681584302670000000e+02
2.688286273600000165e-01 -2.030267887499999924e-01 2.806660517949999822e-01 -8.303621088360000485e-03 -1.210272225030000044e+02 3.356610047499999894e+01 1.676979906200000130e+02
1.166175081270000025e-01 -2.030519231069999875e-01 2.717155000170000112e-01 -1.287405800889999952e-02 -1.201270278089999977e+02 3.655993274880000143e+01 1.707365333639999960e+02
1.117299754460000072e+00 -2.061547690470000027e-01 2.788448241450000031e-01 -9.893925605159999831e-03 -1.196431060500000001e+02 3.485377412470000280e+01 1.686924662360000013e+02
2.796062341189999856e-01 -2.054253149030000059e-01 2.756453706579999885e-01 -7.029400867280000305e-03 -1.202588097659999988e+02 3.474887641389999970e+01 1.686940382440000121e+02
1.627812527030000067e-01 -2.086012571480000133e-01 2.752116024110000114e-01 -1.025292541810000034e-02 -1.180900173280000018e+02 3.561539064610000338e+01 1.695077803019999862e+02
1.901200011209999985e-01 -2.057789492629999994e-01 2.742683370819999911e-01 -8.824991858650000839e-03 -1.189320237849999984e+02 3.512070490299999648e+01 1.699012905310000008e+02
1.402747704619999869e-01 -2.048363452270000051e-01 2.760284811329999921e-01 -9.868428314390000414e-03 -1.198578633310000043e+02 3.439736327330000165e+01 1.690974585259999969e+02
1.354688291599999983e-01 -2.039301138400000102e-01 2.731431770109999935e-01 -4.935041767759999927e-03 -1.204143213950000018e+02 3.434438164579999864e+01 1.687154235380000102e+02
1.181070927570000012e-01 -2.040648335759999987e-01 2.741282423899999987e-01 -7.303130773470000413e-03 -1.202079986269999949e+02 3.554731925720000163e+01 1.694313164799999925e+02
6.258428192430000259e+00 -2.057216697569999864e-01 2.736602584830000184e-01 -6.444894474129999641e-03 -1.196860126469999983e+02 3.548388070800000094e+01 1.693111995799999931e+02
3.279131791329999990e-01 -2.076699900560000089e-01 2.784562722589999928e-01 -1.026132814959999917e-02 -1.190800310829999944e+02 3.486947289849999976e+01 1.692523464770000032e+02
2.386056598780000038e-01 -2.047084873080000089e-01 2.770474545900000196e-01 -1.144196134460000007e-02 -1.204236332990000022e+02 3.527567680130000127e+01 1.694797203310000100e+02
1.647985324079999925e-01 -2.069436855219999871e-01 2.756645134240000017e-01 -7.499824031360000087e-03 -1.196893880100000018e+02 3.504090971229999951e+01 1.686388287919999982e+02
1.313879324890000033e+00 -2.063935981979999890e-01 2.723259606030000168e-01 -6.849965791759999971e-03 -1.196309176900000040e+02 3.557648399349999835e+01 1.694648945159999869e+02
1.471756089509999865e-01 -2.027600996489999918e-01 2.783738182150000129e-01 -1.616799670499999980e-02 -1.203911147719999946e+02 3.617771787040000220e+01 1.702495666300000039e+02
7.436271494280000116e-01 -2.037736527859999869e-01 2.747503788380000200e-01 -8.345940660560000404e-03 -1.203561268180000070e+02 3.483473258160000086e+01 1.689329361810000023e+02
1.281415511369999871e-01 -2.061045984040000001e-01 2.751503854680000249e-01 -7.644429754699999871e-03 -1.190322455689999970e+02 3.481902838429999747e+01 1.690539513070000055e+02
1.202523143210000034e-01 -2.042803738510000078e-01 2.785829529330000054e-01 -9.936048701410000669e-03 -1.200027748899999978e+02 3.478422859890000041e+01 1.685727515149999931e+02
5.048514530190000293e-01 -2.024230353569999863e-01 2.728109934669999959e-01 -4.925503707100000426e-03 -1.208175114560000054e+02 3.434638749450000006e+01 1.684947010589999934e+02
2.880557677139999884e-01 -2.081599331419999865e-01 2.788365991799999777e-01 -1.168685978470000025e-02 -1.188202086200000025e+02 3.504592055500000214e+01 1.695800359890000095e+02
1.392743839779999881e-01 -2.037668177660000024e-01 2.790819576999999940e-01 -1.340682477530000076e-02 -1.198123637770000016e+02 3.532130334259999671e+01 1.696305071440000063e+02
1.593042658899999908e-01 -2.078726045279999934e-01 2.783259094469999750e-01 -8.407227775170000861e-03 -1.190942532699999958e+02 3.464866633079999758e+01 1.688509413380000126e+02
1.216715378290000038e-01 -2.079966328039999923e-01 2.774295616099999862e-01 -6.437742347699999639e-03 -1.191351533039999993e+02 3.422090190149999955e+01 1.683908874009999863e+02
1.920278840659999930e-01 -2.049737239689999879e-01 2.746427969179999762e-01 -8.791719733439999629e-03 -1.200646208940000008e+02 3.472483546360000162e+01 1.688046316729999887e+02
4.197113858159999822e-01 -2.059824973340000087e-01 2.741348868890000068e-01 -1.083556662030000020e-02 -1.187423500200000035e+02 3.529010799550000144e+01 1.698671712640000067e+02
1.926297340939999991e-01 -2.059688491049999903e-01 2.768479303849999962e-01 -1.249765293680000014e-02 -1.191253061510000038e+02 3.487186434600000240e+01 1.696900103829999864e+02
2.627598596169999912e-01 -2.041341251890000097e-01 2.766803834170000198e-01 -1.177319943680000050e-02 -1.197495961200000067e+02 3.562502692380000013e+01 1.698381085059999975e+02
3.981541298919999972e-01 -2.043363984079999973e-01 2.773901323960000220e-01 -8.302122770429999632e-03 -1.202699401149999971e+02 3.410823953660000285e+01 1.686751237949999904e+02
1.492189507999999998e-01 -2.062756103750000014e-01 2.764890083000000054e-01 -7.037001450460000224e-03 -1.197125291769999933e+02 3.417874104900000276e+01 1.683209248660000128e+02
1.179531522049999948e-01 -2.022783822399999987e-01 2.770782506600000250e-01 -1.285105306739999995e-02 -1.210353135269999996e+02 3.568160213659999869e+01 1.696453885939999964e+02
2.382430510459999928e-01 -2.060292228639999945e-01 2.748238952359999820e-01 -6.475998203020000288e-03 -1.190613333160000025e+02 3.493356154559999993e+01 1.689577796590000105e+02
1.161016443859999997e-01 -2.071486597709999988e-01 2.757984704750000016e-01 -8.447100199880000493e-03 -1.193540307239999976e+02 3.522704649859999648e+01 1.694544135490000087e+02
1.133020362839999989e-01 -2.059061081809999971e-01 2.752478527589999890e-01 -1.072616094009999979e-02 -1.195458572130000050e+02 3.598431463829999899e+01 1.698123099569999965e+02
1.973772343809999941e-01 -2.036197287179999926e-01 2.748429490029999922e-01 -1.600636742710000171e-02 -1.196993540769999953e+02 3.644578440579999778e+01 1.705448882219999973e+02
1.189364538349999972e-01 -2.058476026749999910e-01 2.765809145629999910e-01 -1.022070867080000084e-02 -1.199700584870000029e+02 3.508986128760000156e+01 1.691457201579999889e+02
1.071229410809999977e-01 -2.033295035940000106e-01 2.739301734069999883e-01 -7.084579005970000239e-03 -1.197520701130000020e+02 3.510608959870000234e+01 1.692399340430000052e+02
2.368664081280000000e-01 -2.050539584399999893e-01 2.748598098899999731e-01 -1.121542095670000072e-02 -1.191394834019999962e+02 3.524367897060000132e+01 1.696317668579999918e+02
1.063143657979999934e-01 -2.058668722549999996e-01 2.767288457409999847e-01 -1.074052900579999976e-02 -1.199187949599999996e+02 3.489434783000000095e+01 1.689778956449999896e+02
8.172496580550000500e-01 -2.024623958020000114e-01 2.791987999550000210e-01 -1.183186894100000074e-02 -1.207751642449999991e+02 3.450475478559999942e+01 1.686885410090000050e+02
1.046569017829999948e-01 -2.087871536520000126e-01 2.727813483359999847e-01 -6.567402400799999922e-03 -1.189833103130000040e+02 3.530949435109999968e+01 1.690997647099999881e+02
2.321427128430000042e-01 -2.044143689350000070e-01 2.774189896779999942e-01 -1.324253229899999967e-02 -1.196196450359999943e+02 3.527951644969999734e+01 1.698160334860000091e+02
2.289988329679999990e-01 -2.119351902240000085e-01 2.770509596899999871e-01 -6.970933397700000006e-03 -1.176410526610000034e+02 3.475932229040000010e+01 1.686836052829999915e+02
1.696045135679999927e-01 -2.069809072019999918e-01 2.742876804350000142e-01 -5.607089117709999730e-03 -1.192369032919999938e+02 3.435432505589999863e+01 1.690608297040000139e+02
1.263820534729999945e-01 -2.031810466400000015e-01 2.752567599190000047e-01 -8.198136330709999281e-03 -1.210022962510000042e+02 3.469140571100000159e+01 1.685702880789999938e+02
1.186063858090000034e+00 -2.045803162260000085e-01 2.766745006720000011e-01 -1.163426408969999923e-02 -1.201173281659999930e+02 3.590386672089999820e+01 1.697771553890000007e+02
