6.491035637049999973e-01 -1.642610245910000044e-01 2.652168159489999844e-01 -5.974717993840000102e-02 -1.264594219479999992e+02 4.186339313010000041e+01 1.665334500609999964e+02
1.084863933979999945e-01 -1.664935350629999922e-01 2.656327388759999741e-01 -6.394409399479999978e-02 -1.252401562289999930e+02 4.231985159650000128e+01 1.673304812160000097e+02
1.007333792790000015e-01 -1.650928154659999925e-01 2.576499256229999868e-01 -5.710161709739999814e-02 -1.258226109170000058e+02 4.301353702379999788e+01 1.676589505069999859e+02
1.339510978869999924e-01 -1.630538523650000016e-01 2.642903765519999948e-01 -5.900057785619999828e-02 -1.266888638549999939e+02 4.210093127489999887e+01 1.664334657770000092e+02
2.575263691499999896e-01 -1.699537843110000002e-01 2.642898782270000080e-01 -5.955080498580000298e-02 -1.247992774859999940e+02 4.282306317670000340e+01 1.667449695770000062e+02
1.063949752240000018e-01 -1.666289352239999910e-01 2.596212071289999979e-01 -5.662875355190000182e-02 -1.252596155560000000e+02 4.264482923660000324e+01 1.672553452010000115e+02
2.782829323170000202e-01 -1.690404636660000071e-01 2.618685311330000154e-01 -5.992619167310000300e-02 -1.244461180589999998e+02 4.239332935849999728e+01 1.673537029999999959e+02
1.463534300160000134e-01 -1.668250780259999955e-01 2.651081716759999818e-01 -6.224012694429999909e-02 -1.256540592340000018e+02 4.240912676559999994e+01 1.674815921299999957e+02
1.110914043640000015e-01 -1.657733014299999919e-01 2.659216515619999832e-01 -6.283158665950000499e-02 -1.254608190790000037e+02 4.281146396319999781e+01 1.671235128920000079e+02
1.869746700490000080e-01 -1.701354942820000049e-01 2.600791797879999923e-01 -6.395371767030000321e-02 -1.236747382960000010e+02 4.382468092669999749e+01 1.684761936959999957e+02
1.032876815669999948e-01 -1.693674032090000114e-01 2.626500396609999788e-01 -6.218495857649999903e-02 -1.248455397710000057e+02 4.280095569339999884e+01 1.675992705760000092e+02
2.156451952729999955e-01 -1.666976310440000109e-01 2.623137339989999872e-01 -6.202062154730000193e-02 -1.245790723530000008e+02 4.326862609629999668e+01 1.678235369219999882e+02
1.339033760480000113e-01 -1.649935855290000086e-01 2.638004747880000056e-01 -6.015858817240000295e-02 -1.262583311730000020e+02 4.217752623599999851e+01 1.666700292989999923e+02
1.176073141450000026e-01 -1.654938069169999970e-01 2.644111078249999913e-01 -6.162048177579999841e-02 -1.262423499819999932e+02 4.247520657949999645e+01 1.666018132359999981e+02
2.792876471560000184e-01 -1.709260588150000038e-01 2.599274461339999842e-01 -5.976441203110000044e-02 -1.236731532619999996e+02 4.289139365669999648e+01 1.678674410200000011e+02
1.256865554190000067e-01 -1.677894290430000102e-01 2.636704884270000271e-01 -5.619585975039999987e-02 -1.254403323209999996e+02 4.186311845590000047e+01 1.667644480669999894e+02
1.043065514229999935e-01 -1.671973858659999979e-01 2.628434940580000045e-01 -5.960708433990000166e-02 -1.251995981540000002e+02 4.285810617330000127e+01 1.673972878959999946e+02
1.831032371990000129e-01 -1.688012582329999900e-01 2.667085596880000020e-01 -6.260242129189999560e-02 -1.246608171620000007e+02 4.252884528759999938e+01 1.666794528030000038e+02
4.452116854589999728e-01 -1.646872143670000121e-01 2.626529147980000145e-01 -6.517016476280000636e-02 -1.257151283670000055e+02 4.362663074470000169e+01 1.683963029340000048e+02
1.734199093899999877e-01 -1.714872637769999930e-01 2.614734007439999952e-01 -6.307931231100000202e-02 -1.235084535480000056e+02 4.340069406439999966e+01 1.681977306949999900e+02
1.142520197779999941e-01 -1.716805337410000076e-01 2.630066109149999942e-01 -6.363585532059999605e-02 -1.236834999609999954e+02 4.365856545999999838e+01 1.680902033559999893e+02
3.683635944499999981e-01 -1.704568467869999882e-01 2.613829440650000113e-01 -6.163457284380000067e-02 -1.237589538550000015e+02 4.351935254290000188e+01 1.681970213680000086e+02
4.753340008570000053e-01 -1.660144912050000032e-01 2.624659775059999811e-01 -5.686426786430000269e-02 -1.255895320629999929e+02 4.193012471509999983e+01 1.669354932299999916e+02
4.881242136569999834e-01 -1.694834507169999949e-01 2.656751793089999758e-01 -6.050094201520000298e-02 -1.246463087679999973e+02 4.242682611619999733e+01 1.669446014300000058e+02
1.238277435320000036e-01 -1.723573765920000112e-01 2.620147496649999908e-01 -5.638577216179999768e-02 -1.240879771900000037e+02 4.257093923360000076e+01 1.671145685440000079e+02
1.183623920689999970e-01 -1.685926299009999907e-01 2.587649416830000160e-01 -6.441308871959999793e-02 -1.244214656399999939e+02 4.453201737410000050e+01 1.686291773039999953e+02
2.127989022050000012e-01 -1.697660201120000101e-01 2.613795372650000171e-01 -6.023588147350000116e-02 -1.241925288439999946e+02 4.259484029539999739e+01 1.675965461080000125e+02
1.706432868470000030e-01 -1.674622435289999933e-01 2.595114221429999923e-01 -5.720218400790000324e-02 -1.251640184240000053e+02 4.288327588920000011e+01 1.674051853539999968e+02
1.665834142050000022e-01 -1.685819603300000025e-01 2.694115680260000256e-01 -6.405483880529999619e-02 -1.249432612779999943e+02 4.243737185359999842e+01 1.668564164539999979e+02
1.359421931439999953e-01 -1.659208080410000119e-01 2.643296267799999932e-01 -6.545665498069999644e-02 -1.259091573489999973e+02 4.334114845170000052e+01 1.677035834950000037e+02
4.123223713499999943e-01 -1.665420307580000037e-01 2.631834010129999735e-01 -6.253593592599999973e-02 -1.255013512990000066e+02 4.227028317229999743e+01 1.682710701970000002e+02
3.794303082470000255e-01 -1.643945748279999897e-01 2.628673604580000212e-01 -6.297505530909999760e-02 -1.261336101419999949e+02 4.319749644030000013e+01 1.673908842010000058e+02
1.060130848899999978e-01 -1.681842213970000111e-01 2.661487893339999911e-01 -5.834556708869999969e-02 -1.251848386510000068e+02 4.131916016259999935e+01 1.663595261080000114e+02
1.838807487540000118e-01 -1.663568441989999869e-01 2.609905463050000152e-01 -5.869283468409999815e-02 -1.255635161430000011e+02 4.259161516959999716e+01 1.673656885720000105e+02
2.162753054850000134e-01 -1.676465589139999879e-01 2.667254768899999795e-01 -6.302136100880000036e-02 -1.247847994509999978e+02 4.248107765609999831e+01 1.673665532939999991e+02
1.438126119500000022e-01 -1.695334811270000075e-01 2.619113725960000028e-01 -6.003421050450000185e-02 -1.241846570010000050e+02 4.294194144080000086e+01 1.673825366190000068e+02
4.250829828820000267e-01 -1.699448749730000097e-01 2.650816992000000205e-01 -5.951965203109999686e-02 -1.244385409829999958e+02 4.265493915999999786e+01 1.675396274670000025e+02
1.331982441500000058e-01 -1.669791899680000136e-01 2.633043276909999841e-01 -6.264500109930000449e-02 -1.240474769100000003e+02 4.296753511099999656e+01 1.680753984010000011e+02
5.206958361269999891e-01 -1.648706268890000048e-01 2.648128210840000052e-01 -6.424358150200000506e-02 -1.261742366120000014e+02 4.256666980760000030e+01 1.675033518070000014e+02
7.639065634399999638e-01 -1.671218658309999994e-01 2.635953194419999868e-01 -6.062109275170000228e-02 -1.252877310859999938e+02 4.237464337219999777e+01 1.669478696010000078e+02
2.661083129049999774e-01 -1.666114151670000099e-01 2.594115579499999824e-01 -5.842950506780000136e-02 -1.253907007770000064e+02 4.300893525019999686e+01 1.675734460049999939e+02
1.527258702610000130e-01 -1.712818235059999916e-01 2.628643287560000208e-01 -5.528712116719999847e-02 -1.244531405070000005e+02 4.240344710509999970e+01 1.669057362949999970e+02
1.025717792029999936e-01 -1.678577883469999921e-01 2.638046557739999742e-01 -5.843580157580000045e-02 -1.253602473210000028e+02 4.199203434329999851e+01 1.670987664870000060e+02
3.063094668479999783e-01 -1.697118770319999970e-01 2.636064148489999925e-01 -6.394651213169999515e-02 -1.243884873180000028e+02 4.380825631790000330e+01 1.682420569500000056e+02
1.573785874330000112e-01 -1.710285155880000019e-01 2.625156902729999797e-01 -5.721298981299999947e-02 -1.237246454000000000e+02 4.252894988610000127e+01 1.671004999950000069e+02
2.637099121820000169e-01 -1.677588187210000137e-01 2.599935981120000128e-01 -5.822037531489999973e-02 -1.248672433330000047e+02 4.229887726540000159e+01 1.675892095209999866e+02
1.614659094919999871e-01 -1.688322228559999971e-01 2.641158092279999869e-01 -6.562621051710000597e-02 -1.241080440470000070e+02 4.348049287319999934e+01 1.681331135720000134e+02
1.178822438610000051e-01 -1.670745811259999880e-01 2.624616486540000126e-01 -5.597848150540000317e-02 -1.250803020369999956e+02 4.174756261640000332e+01 1.665814332289999982e+02
1.825753779440000002e-01 -1.696211946239999935e-01 2.634067773450000094e-01 -6.042734141670000336e-02 -1.249883078480000052e+02 4.253102989300000303e+01 1.674353679989999932e+02
1.407096980879999903e-01 -1.651351220510000051e-01 2.640999929150000258e-01 -5.781772146570000187e-02 -1.260403174650000011e+02 4.185376185629999668e+01 1.662383385120000128e+02
1.194403888070000030e-01 -1.668582538570000107e-01 2.611992514870000170e-01 -6.256813055069999907e-02 -1.247221170960000052e+02 4.306971167780000087e+01 1.682270901299999935e+02
2.647561291030000041e-01 -1.694427785150000032e-01 2.659350700720000127e-01 -6.299087358329999442e-02 -1.245470085759999961e+02 4.329070903449999719e+01 1.674895894180000084e+02
2.164266071239999978e-01 -1.680714082189999903e-01 2.649018769029999887e-01 -6.355835004500000329e-02 -1.247077340010000057e+02 4.302808485309999753e+01 1.678466901470000039e+02
1.035383180039999990e-01 -1.756049238819999969e-01 2.640400345939999949e-01 -5.864241157399999876e-02 -1.226249066590000041e+02 4.283135353339999796e+01 1.674195223499999940e+02
2.950913822160000088e-01 -1.645091401750000126e-01 2.639343378660000128e-01 -6.324862651769999622e-02 -1.256487067220000000e+02 4.259122517600000180e+01 1.675262240419999955e+02
1.242977316320000025e-01 -1.720351516299999939e-01 2.671512435460000057e-01 -6.803072203189999834e-02 -1.235266335409999954e+02 4.333195734859999959e+01 1.678118701059999864e+02
1.927194778309999912e-01 -1.663903428419999941e-01 2.627350250039999779e-01 -6.375517718640000275e-02 -1.255644338139999974e+02 4.356434599859999679e+01 1.679588092529999983e+02
2.752672544929999798e+00 -1.684956336910000130e-01 2.645732638859999986e-01 -6.727676438969999728e-02 -1.247124223200000017e+02 4.390952113369999665e+01 1.682858026609999911e+02
2.140389799119999936e-01 -1.696492622359999924e-01 2.609612366310000153e-01 -6.014704756969999760e-02 -1.249764097590000063e+02 4.309007145439999675e+01 1.675066593230000080e+02
1.759467342749999885e-01 -1.689547487059999964e-01 2.620854699560000167e-01 -5.843072060119999800e-02 -1.249317354989999984e+02 4.223781375330000287e+01 1.669946026240000094e+02
1.914899753000000038e-01 -1.668137139620000098e-01 2.617318887200000277e-01 -5.890402327089999668e-02 -1.257211707990000065e+02 4.230548439870000266e+01 1.672638909460000036e+02
1.151072404349999939e-01 -1.653912633919999986e-01 2.609138391199999907e-01 -6.620702936080000156e-02 -1.252796571079999950e+02 4.442342536740000014e+01 1.684616931900000054e+02
1.618968642230000088e-01 -1.683699706310000099e-01 2.650333639540000119e-01 -6.673677782379999757e-02 -1.243554919160000054e+02 4.364886524340000307e+01 1.680570469060000107e+02
1.207370401289999950e-01 -1.693633382670000076e-01 2.658818759089999761e-01 -6.370365027700000682e-02 -1.246822323669999975e+02 4.263205909559999895e+01 1.673436602799999946e+02
1.028833365390000032e-01 -1.694911610089999965e-01 2.604810201380000079e-01 -6.434343138440000442e-02 -1.242765300100000019e+02 4.452068485089999683e+01 1.687039550009999971e+02
2.132947084010000105e-01 -1.645545616150000112e-01 2.622637568119999818e-01 -6.598217201519999964e-02 -1.257374968849999988e+02 4.400079336070000124e+01 1.681618888170000048e+02
8.219454727999999655e-01 -1.684058562569999973e-01 2.594321848100000216e-01 -6.553949630890000544e-02 -1.244491758310000051e+02 4.448374110019999961e+01 1.689079330010000035e+02
1.665231437739999876e-01 -1.689493488490000084e-01 2.617483992840000107e-01 -5.280892301980000259e-02 -1.252403507780000069e+02 4.128206853220000028e+01 1.663078097439999965e+02
1.260870110969999902e-01 -1.713861126269999868e-01 2.596194821050000212e-01 -5.393084878800000204e-02 -1.237462910499999964e+02 4.218538602560000328e+01 1.672927225180000050e+02
1.050895589120000029e-01 -1.723189478980000078e-01 2.611568204560000273e-01 -5.597453122579999774e-02 -1.236358201310000027e+02 4.218396997730000209e+01 1.670831950719999952e+02
4.180736072440000006e-01 -1.727156320350000107e-01 2.642016378559999823e-01 -6.264287414590000158e-02 -1.238329033779999975e+02 4.333665023479999689e+01 1.676694363940000017e+02
4.114928074509999756e-01 -1.669530746969999924e-01 2.621169274249999792e-01 -6.340676203139999911e-02 -1.253559243790000011e+02 4.342868589060000062e+01 1.682667830729999991e+02
1.523666073870000026e-01 -1.688826555900000137e-01 2.625547589830000139e-01 -6.042123644019999767e-02 -1.248991188690000058e+02 4.236051436289999828e+01 1.675213159600000097e+02
3.395379552719999805e-01 -1.695738953629999934e-01 2.638661295340000157e-01 -6.199037842780000251e-02 -1.244205518619999964e+02 4.282852818669999806e+01 1.675092768499999920e+02
2.171453178989999899e-01 -1.699213298059999988e-01 2.625034477409999845e-01 -5.368424731939999694e-02 -1.246098214529999950e+02 4.189207707549999782e+01 1.668567037299999924e+02
3.591813251159999831e-01 -1.660799959739999998e-01 2.675595962439999975e-01 -5.855897957560000228e-02 -1.256966403339999943e+02 4.148055186439999886e+01 1.661245695430000069e+02
1.883025505819999890e-01 -1.693111354569999949e-01 2.625786559939999876e-01 -5.932312443450000333e-02 -1.250078765009999984e+02 4.306052244149999808e+01 1.674306460280000124e+02
2.645670734969999827e-01 -1.679742590709999983e-01 2.623231066960000080e-01 -6.088387833649999692e-02 -1.244959109440000020e+02 4.269849651170000016e+01 1.675140253129999905e+02
2.862011318250000103e-01 -1.695690398069999993e-01 2.600973132419999723e-01 -5.932560717549999890e-02 -1.243305440230000016e+02 4.346293227120000324e+01 1.677465065259999903e+02
1.439772778700000033e-01 -1.674502867590000055e-01 2.642732289899999976e-01 -5.854509682000000326e-02 -1.251913515690000054e+02 4.291020193010000128e+01 1.670252009779999867e+02
2.946654935219999993e-01 -1.670207199290000000e-01 2.629788056419999909e-01 -6.219487864960000084e-02 -1.261228989629999973e+02 4.315187800009999819e+01 1.677017646449999972e+02
1.688815765470000008e+00 -1.712939845989999987e-01 2.627761177219999911e-01 -5.728422091750000333e-02 -1.241898288390000005e+02 4.218843491410000013e+01 1.672161165910000022e+02
2.381800657139999944e-01 -1.711527870350000036e-01 2.616319914029999749e-01 -6.112200125449999966e-02 -1.236036588160000065e+02 4.322692260609999693e+01 1.677988776519999874e+02
1.547778539770000017e-01 -1.710194702960000090e-01 2.619537976490000086e-01 -5.654200149079999932e-02 -1.247290925030000039e+02 4.226632663049999650e+01 1.669367836979999993e+02
1.964444768220000026e-01 -1.678194848950000095e-01 2.613070609820000167e-01 -5.734287393299999924e-02 -1.251585874600000068e+02 4.247016308709999777e+01 1.673985165500000107e+02
1.278132650069999932e-01 -1.633826855099999864e-01 2.642293303680000038e-01 -6.382973193299999737e-02 -1.261971107869999997e+02 4.335597674529999779e+01 1.675281199279999953e+02
1.052588788780000062e-01 -1.723747715889999976e-01 2.628403420670000212e-01 -6.133707537670000237e-02 -1.233270917319999995e+02 4.338297329249999734e+01 1.678585107320000134e+02
8.826678426359999552e-01 -1.687528176520000089e-01 2.683803079429999960e-01 -6.799498850900000113e-02 -1.243020327710000004e+02 4.288360491969999799e+01 1.674363732829999947e+02
1.213897635380000034e-01 -1.642960042770000018e-01 2.620139603109999937e-01 -6.552222472759999805e-02 -1.257202600260000054e+02 4.366420073649999978e+01 1.681815072980000139e+02
2.389225192449999924e-01 -1.676648633760000062e-01 2.645310970820000107e-01 -6.255104708509999500e-02 -1.252419711919999941e+02 4.267312165180000250e+01 1.666975805579999985e+02
1.508210854200000006e-01 -1.701709146160000075e-01 2.606894887769999891e-01 -5.903022521049999805e-02 -1.246227439479999930e+02 4.276862923560000240e+01 1.677654134029999966e+02
1.106601852090000060e-01 -1.655407909870000027e-01 2.665419984090000027e-01 -6.534400055069999880e-02 -1.253754662430000053e+02 4.275421143820000225e+01 1.673523616829999980e+02
1.760003630470000080e-01 -1.672609922190000098e-01 2.656091416860000276e-01 -6.448262245550000216e-02 -1.249465349310000022e+02 4.346322333220000189e+01 1.674246222200000034e+02
4.972156357740000199e-01 -1.705262261670000001e-01 2.639194525549999892e-01 -5.901762680039999986e-02 -1.240605609419999951e+02 4.229519068970000006e+01 1.669183550159999925e+02
1.066434889750000059e-01 -1.704720929970000021e-01 2.650347633599999808e-01 -6.102215579570000048e-02 -1.246820332369999988e+02 4.278265868449999942e+01 1.669443260049999935e+02
7.555623023169999453e-01 -1.662557295379999966e-01 2.647142379910000232e-01 -6.777211027210000571e-02 -1.250758185709999992e+02 4.388571965450000079e+01 1.678315996590000054e+02
1.696238299820000073e+00 -1.721883338459999913e-01 2.646647641120000172e-01 -6.064663081039999709e-02 -1.245155925319999994e+02 4.271159396270000030e+01 1.673197078990000080e+02
1.844370656440000034e-01 -1.689821169290000036e-01 2.628454127570000187e-01 -6.616146706709999381e-02 -1.239856741220000060e+02 4.406833465830000307e+01 1.682364199579999990e+02
1.373805527660000025e-01 -1.694222639009999865e-01 2.693416928560000145e-01 -6.455048492400000670e-02 -1.244604769909999931e+02 4.254323370880000255e+01 1.669039812729999994e+02
1.170164665160000061e-01 -1.659919787040000094e-01 2.655033867200000119e-01 -6.282053595400000079e-02 -1.260208398620000025e+02 4.205867060490000142e+01 1.670156154430000015e+02
1.932814611889999978e-01 -1.704498404239999931e-01 2.662241734340000110e-01 -6.121753501089999966e-02 -1.244949635060000048e+02 4.297066915130000098e+01 1.673219028409999964e+02
6.540075612879999944e+00 -1.694443545980000021e-01 2.611294676570000139e-01 -6.569964151040000311e-02 -1.239458841830000040e+02 4.447879266700000045e+01 1.687854732840000054e+02
2.231006530300000124e-01 -1.658433451809999959e-01 2.659487608930000135e-01 -6.036556161920000191e-02 -1.260767871689999993e+02 4.240451962979999934e+01 1.665978045360000124e+02
1.028527267170000065e-01 -1.673058777370000083e-01 2.628531701480000260e-01 -6.092165767649999897e-02 -1.244515627960000046e+02 4.316930844409999679e+01 1.672537029540000049e+02
2.648630951859999860e-01 -1.687879132160000073e-01 2.646906281129999816e-01 -5.961184449149999759e-02 -1.252117941709999940e+02 4.234646741920000323e+01 1.667752468129999954e+02
2.162401228289999866e-01 -1.667864564640000047e-01 2.635512356260000244e-01 -6.168037377749999856e-02 -1.248599989779999930e+02 4.233687743360000155e+01 1.666831397050000021e+02
3.955574066890000129e+00 -1.669690911960000079e-01 2.647534275869999898e-01 -6.560289291370000053e-02 -1.249355550060000013e+02 4.348632050380000180e+01 1.676101300489999915e+02
1.667327086429999938e-01 -1.700908659860000116e-01 2.648977631619999773e-01 -6.311330091849999546e-02 -1.239642440039999940e+02 4.267865273870000209e+01 1.674524876449999908e+02
1.395054696789999882e-01 -1.692671535949999972e-01 2.576692580230000029e-01 -5.947264205790000341e-02 -1.246144617650000015e+02 4.390322266300000109e+01 1.681982602950000114e+02
1.279427335530000098e-01 -1.664845953090000052e-01 2.607771086930000259e-01 -6.129902406320000136e-02 -1.252532415799999939e+02 4.302977980810000247e+01 1.675420021340000005e+02
1.602470359269999867e-01 -1.710058686320000132e-01 2.630297701959999901e-01 -5.575937119089999922e-02 -1.245158652789999962e+02 4.184111099559999758e+01 1.664267965219999894e+02
1.146152932700000016e-01 -1.708539481720000031e-01 2.616110853110000245e-01 -5.969441216580000098e-02 -1.239774816059999978e+02 4.319978825270000300e+01 1.678866390469999885e+02
3.764029890939999956e-01 -1.669084399720000000e-01 2.640976090819999733e-01 -6.421098805300000378e-02 -1.248065174580000019e+02 4.285841724920000217e+01 1.680744462819999967e+02
1.359339069290000090e-01 -1.664150628440000113e-01 2.599957780109999894e-01 -5.945077545779999667e-02 -1.254512002440000060e+02 4.276999924550000287e+01 1.673582625189999931e+02
1.050036926359999984e-01 -1.698226860919999914e-01 2.646165591979999787e-01 -5.771527451570000050e-02 -1.243429383560000048e+02 4.174661743019999705e+01 1.667704458830000078e+02
1.361528071379999871e-01 -1.643020987699999880e-01 2.621698602279999846e-01 -5.984089259130000171e-02 -1.265908112670000065e+02 4.281849355869999840e+01 1.671124030299999959e+02
2.031693547919999898e-01 -1.711369738129999984e-01 2.628661265650000245e-01 -5.673320488189999983e-02 -1.246456624049999959e+02 4.242617801690000334e+01 1.669980188010000006e+02
2.388626905200000039e-01 -1.649942178359999900e-01 2.661589474900000196e-01 -6.358009812459999854e-02 -1.260323161540000001e+02 4.278051962869999869e+01 1.668183537879999960e+02
3.015558766299999971e-01 -1.680838653539999950e-01 2.635518727310000031e-01 -5.658182231640000032e-02 -1.256822835010000006e+02 4.185528140840000333e+01 1.667165661690000036e+02
1.607777948880000085e-01 -1.682382185090000037e-01 2.636627883050000065e-01 -6.366132735420000632e-02 -1.243284438700000010e+02 4.310461671129999672e+01 1.678790366489999997e+02
1.310086190480000135e-01 -1.671906914490000062e-01 2.657263989049999942e-01 -6.266004716709999700e-02 -1.247920377269999932e+02 4.254515876480000003e+01 1.673335886119999998e+02
4.694506155040000239e-01 -1.658288749949999863e-01 2.641125876729999988e-01 -6.106852944860000076e-02 -1.261554585629999963e+02 4.214311670109999852e+01 1.669322775290000038e+02
1.014573706650000046e-01 -1.704913804719999926e-01 2.645198955849999978e-01 -5.786611903470000040e-02 -1.245062557189999950e+02 4.171380403050000041e+01 1.667661851219999960e+02
1.922044339129999890e-01 -1.676377216770000012e-01 2.597120874839999871e-01 -6.061216731260000296e-02 -1.253267600500000043e+02 4.356036958170000162e+01 1.677133430460000056e+02
1.016661163099999987e-01 -1.659265521780000086e-01 2.631992255649999723e-01 -6.070775252459999910e-02 -1.252724824619999993e+02 4.211014027360000256e+01 1.669917313500000091e+02
1.306213814249999883e-01 -1.712879618739999998e-01 2.643231822489999772e-01 -5.978736872570000055e-02 -1.243914152680000029e+02 4.230006201009999955e+01 1.671565518310000016e+02
1.961837661030000068e-01 -1.670884024779999977e-01 2.639713875370000018e-01 -6.208586337859999665e-02 -1.258035482540000061e+02 4.161908137940000074e+01 1.675575905020000107e+02
1.097220711759999967e-01 -1.711709635329999868e-01 2.646536234599999871e-01 -6.127163771670000175e-02 -1.243361447139999996e+02 4.234025616179999929e+01 1.673161370850000083e+02
1.727331789379999982e-01 -1.693118952200000082e-01 2.622740758559999885e-01 -5.646449535629999988e-02 -1.248197190190000043e+02 4.264293255869999655e+01 1.670623207429999866e+02
1.495766424040000098e-01 -1.685946540019999940e-01 2.604546050859999906e-01 -5.859448680669999965e-02 -1.246187335359999935e+02 4.268913979090000055e+01 1.675739613819999931e+02
2.177345290669999989e-01 -1.719363051549999966e-01 2.631195228889999793e-01 -5.806631381869999803e-02 -1.239961313259999969e+02 4.249543433209999677e+01 1.675757370690000130e+02
1.173368584610000043e-01 -1.656057566889999888e-01 2.644865242880000133e-01 -5.870133022349999924e-02 -1.261564253119999961e+02 4.194462952429999802e+01 1.669290966510000089e+02
1.296446988330000050e-01 -1.703771377689999866e-01 2.628670003299999891e-01 -5.698929649170000195e-02 -1.242037628070000039e+02 4.244024548819999865e+01 1.674762652109999976e+02
1.106194647329999947e-01 -1.671481622869999961e-01 2.648064795969999885e-01 -6.322141724339999658e-02 -1.252182695350000046e+02 4.311767270330000201e+01 1.676939015730000051e+02
3.056375854169999795e-01 -1.657233867500000069e-01 2.627592764800000258e-01 -5.518059677969999743e-02 -1.261611507749999959e+02 4.160785419569999988e+01 1.666231747740000060e+02
1.048047729870000000e-01 -1.713501585309999964e-01 2.614907401209999871e-01 -6.066346187959999886e-02 -1.238780677940000032e+02 4.323089764899999921e+01 1.679554557129999921e+02
1.395308522469999868e-01 -1.731988278150000116e-01 2.659582788279999943e-01 -6.383319393269999698e-02 -1.231809593429999978e+02 4.278713588269999946e+01 1.674714268120000042e+02
1.319918373410000068e-01 -1.666886219569999883e-01 2.639654840010000059e-01 -6.242047814429999703e-02 -1.245034582360000002e+02 4.307701249480000172e+01 1.681708757389999960e+02
2.813068276790000044e-01 -1.687025117560000120e-01 2.621373401809999892e-01 -6.109764218779999839e-02 -1.248571463039999969e+02 4.287402388419999966e+01 1.675538960529999883e+02
1.132536323340000095e+00 -1.699342917770000072e-01 2.626341727539999726e-01 -5.956168085659999806e-02 -1.246294530769999938e+02 4.332416845790000082e+01 1.674620758430000080e+02
1.716783058459999955e-01 -1.660681646349999874e-01 2.634373378720000214e-01 -5.979245639130000012e-02 -1.254435550630000051e+02 4.239926589339999907e+01 1.670192388810000068e+02
1.851188492670000074e-01 -1.719471086019999928e-01 2.622599462770000001e-01 -5.816751155140000018e-02 -1.242337960889999948e+02 4.299438764589999806e+01 1.674722271610000064e+02
1.134532613719999999e-01 -1.670846709209999892e-01 2.646835747629999736e-01 -6.261971327130000375e-02 -1.244599869839999968e+02 4.289533925210000120e+01 1.673151256339999975e+02
2.017126497229999871e-01 -1.711665996969999881e-01 2.609154448150000083e-01 -5.608956235049999961e-02 -1.242228193870000013e+02 4.269890939639999772e+01 1.674671326499999964e+02
1.689089090130000137e-01 -1.715380499399999925e-01 2.676171084680000201e-01 -5.874211746849999916e-02 -1.242945058399999994e+02 4.173197883539999964e+01 1.663982452600000101e+02
5.748880609580000467e-01 -1.702431546060000078e-01 2.649399827159999998e-01 -5.988575498019999693e-02 -1.242506061549999998e+02 4.289423748419999782e+01 1.671776781009999979e+02
1.142213848649999974e-01 -1.721230770249999875e-01 2.601042096730000197e-01 -5.954372871320000316e-02 -1.231843755459999983e+02 4.352125388329999822e+01 1.680481560819999913e+02
1.387263153799999926e-01 -1.660346282900000137e-01 2.633301568140000160e-01 -6.014098943940000136e-02 -1.256019481360000043e+02 4.206544425519999919e+01 1.671150904460000106e+02
1.454167233520000102e-01 -1.651583526479999953e-01 2.657292733100000137e-01 -6.102057727819999722e-02 -1.257445450190000003e+02 4.214564852059999822e+01 1.670172071430000074e+02
5.733139787859999892e-01 -1.673457230819999919e-01 2.629644365670000261e-01 -5.983112757330000253e-02 -1.252384773010000032e+02 4.288844422569999892e+01 1.672452392669999881e+02
1.002571143910000045e-01 -1.708424555090000130e-01 2.661664994580000276e-01 -6.191661154219999658e-02 -1.246104998400000028e+02 4.228150594590000111e+01 1.668825840160000098e+02
1.897135279000000119e-01 -1.688809891499999938e-01 2.627453423930000143e-01 -6.242735954760000178e-02 -1.240514249149999984e+02 4.344797980020000239e+01 1.679164040930000112e+02
1.201478192390000033e-01 -1.676011646199999927e-01 2.623871731349999847e-01 -6.175965569110000025e-02 -1.251203976750000066e+02 4.359207638470000035e+01 1.678152526449999868e+02
8.617128887449999608e-01 -1.703534703909999892e-01 2.653454287570000125e-01 -6.466681403339999412e-02 -1.237909285439999962e+02 4.307795684399999914e+01 1.677976618650000091e+02
1.000413263680000053e-01 -1.662940757470000031e-01 2.663863856320000112e-01 -6.221090358350000321e-02 -1.254437530470000013e+02 4.250452474000000080e+01 1.670786578329999941e+02
1.468274321030000051e-01 -1.677012200380000040e-01 2.625847798309999814e-01 -6.065548408879999770e-02 -1.249296089860000052e+02 4.246609955059999919e+01 1.678237349549999919e+02
1.735394045360000026e-01 -1.667466622000000065e-01 2.640841956380000077e-01 -6.026945082329999981e-02 -1.256371693130000011e+02 4.260846430179999800e+01 1.667260192580000080e+02
1.114732586629999939e-01 -1.682450246589999865e-01 2.669141597379999786e-01 -6.086670649950000345e-02 -1.244466846189999956e+02 4.241422402940000325e+01 1.670247766230000082e+02
5.554378545579999882e-01 -1.733126100119999902e-01 2.628050680299999775e-01 -5.980822151680000032e-02 -1.233889833150000044e+02 4.296444381970000137e+01 1.673755378339999993e+02
1.486889971110000042e-01 -1.661375624180000121e-01 2.635647196129999870e-01 -6.238277766469999680e-02 -1.248135678889999980e+02 4.290792513699999944e+01 1.677492467490000081e+02
3.893717032649999799e-01 -1.696211677689999919e-01 2.608589657329999922e-01 -6.042209308540000268e-02 -1.243845369999999946e+02 4.324450690670000341e+01 1.679028522229999965e+02
6.318300470630000554e-01 -1.668671553359999948e-01 2.647173127520000002e-01 -5.865886633129999833e-02 -1.258013080150000036e+02 4.203317687540000236e+01 1.665099630759999911e+02
3.814271617810000015e-01 -1.697210749449999945e-01 2.642596226530000147e-01 -6.398708661400000219e-02 -1.243146969780000006e+02 4.298924689190000237e+01 1.679256245809999939e+02
1.689988433300000092e-01 -1.632025017519999899e-01 2.658248618940000085e-01 -6.598255940229999505e-02 -1.262524288280000064e+02 4.297809355879999771e+01 1.677107647409999913e+02
1.699584714269999908e-01 -1.666863773030000107e-01 2.638800913239999768e-01 -6.183513991040000268e-02 -1.250848397209999945e+02 4.222007551099999745e+01 1.671196790109999881e+02
1.137724839820000028e-01 -1.668423939689999969e-01 2.611653196520000164e-01 -6.048098025819999973e-02 -1.252880701360000018e+02 4.330913737990000101e+01 1.679459394069999973e+02
1.454302822770000003e-01 -1.658590683139999911e-01 2.597345645629999811e-01 -6.373528983920000168e-02 -1.253803702759999936e+02 4.406712002580000132e+01 1.680883003179999946e+02
1.485484086989999897e-01 -1.689275713810000079e-01 2.633193417599999919e-01 -5.861907570009999846e-02 -1.248094742029999935e+02 4.243994968599999851e+01 1.672950774880000040e+02
1.738739230449999895e-01 -1.680999447969999949e-01 2.639818332589999872e-01 -6.308863352690000093e-02 -1.246439489480000020e+02 4.330674175979999774e+01 1.674996470709999983e+02
1.565108331989999990e-01 -1.682669197970000086e-01 2.648476137149999854e-01 -6.376378476699999520e-02 -1.250463257960000050e+02 4.327732176359999983e+01 1.674428274009999882e+02
6.638488352570000028e-01 -1.668253005499999997e-01 2.623330152480000121e-01 -6.105600599480000279e-02 -1.249236754890000043e+02 4.311983581879999861e+01 1.677471501290000049e+02
1.194093426380000017e-01 -1.680654150139999914e-01 2.612279450100000178e-01 -6.079201625109999924e-02 -1.244313744669999977e+02 4.319073308219999774e+01 1.683108950129999926e+02
1.029392518260000000e-01 -1.657950653680000108e-01 2.613922429309999962e-01 -6.609285894880000123e-02 -1.250145713779999994e+02 4.358489520149999663e+01 1.683864811150000094e+02
1.170545404690000041e-01 -1.676755573610000105e-01 2.585124733320000034e-01 -5.772600633999999675e-02 -1.247413261610000035e+02 4.296590122370000131e+01 1.676464917300000081e+02
8.471389394580000065e-01 -1.655687462559999878e-01 2.622705283230000184e-01 -6.259943870020000245e-02 -1.258673544090000007e+02 4.296331739349999879e+01 1.677173860439999942e+02
1.177573138979999962e-01 -1.697610225510000070e-01 2.629668350889999839e-01 -6.446265213570000208e-02 -1.244049787029999976e+02 4.359418140590000235e+01 1.676431367149999971e+02
1.408907485860000086e-01 -1.687309804369999944e-01 2.629338939840000222e-01 -6.258042534459999640e-02 -1.252371479730000061e+02 4.297071059900000023e+01 1.675497261700000138e+02
2.159787530529999888e-01 -1.687101753030000040e-01 2.663808414830000082e-01 -6.218713521839999703e-02 -1.246835549860000043e+02 4.293985165990000041e+01 1.670539363059999971e+02
2.161930169500000165e+00 -1.658189114989999935e-01 2.648183026579999932e-01 -6.490944326570000089e-02 -1.255831596510000026e+02 4.373303148549999975e+01 1.678185601129999895e+02
2.501506027770000196e-01 -1.652457074099999979e-01 2.633263630200000094e-01 -6.382189745150000648e-02 -1.250982421700000060e+02 4.356183370889999651e+01 1.681317533760000060e+02
1.165607673780000020e-01 -1.667383592530000125e-01 2.635110936539999948e-01 -6.526691212190000035e-02 -1.248129298770000020e+02 4.378456443759999672e+01 1.682710730960000092e+02
2.388939531510000103e-01 -1.687936973159999965e-01 2.637124462150000070e-01 -6.152742677760000140e-02 -1.244224448230000064e+02 4.285907927880000301e+01 1.674378133799999944e+02
1.418227415880000120e-01 -1.679114725520000073e-01 2.602622650090000156e-01 -6.019367579829999759e-02 -1.248867784530000051e+02 4.321228886309999950e+01 1.674668802539999888e+02
1.002373549429999983e-01 -1.693900300249999991e-01 2.658333834780000071e-01 -6.468324015500000190e-02 -1.246733127570000050e+02 4.354686958930000173e+01 1.677842583450000120e+02
1.098056616930000035e-01 -1.695996085410000076e-01 2.589730605569999788e-01 -6.379277953449999372e-02 -1.242975958029999930e+02 4.422560011230000043e+01 1.686928006089999883e+02
1.415815457329999971e-01 -1.690005935910000034e-01 2.614926519049999842e-01 -6.113549879710000051e-02 -1.243677448889999937e+02 4.324775117850000328e+01 1.680604494250000016e+02
5.352873082179999686e-01 -1.682325148959999961e-01 2.641107915179999877e-01 -6.308396251980000202e-02 -1.240836408309999968e+02 4.316763970929999772e+01 1.678921428989999924e+02
1.136707718470000017e-01 -1.657696358559999916e-01 2.649212796350000065e-01 -6.023434076090000006e-02 -1.256337356110000059e+02 4.274803695450000163e+01 1.668478277750000132e+02
1.611893794320000128e-01 -1.683314445899999900e-01 2.659056709809999863e-01 -6.208359054289999679e-02 -1.248084256310000058e+02 4.213712925059999748e+01 1.673416587879999895e+02
1.436909339349999870e-01 -1.672730454130000044e-01 2.617473557400000206e-01 -6.135267094559999912e-02 -1.246702716909999964e+02 4.296362093890000011e+01 1.680559499379999977e+02
4.831368835589999744e-01 -1.683218860329999955e-01 2.623932358509999951e-01 -5.699503730370000104e-02 -1.248931832469999961e+02 4.203679575809999847e+01 1.673193874359999995e+02
3.257643295120000171e-01 -1.670235327369999911e-01 2.609183982300000149e-01 -5.655037442840000345e-02 -1.250758185539999943e+02 4.230077304320000309e+01 1.671244431389999932e+02
2.976891963330000057e-01 -1.710773553790000123e-01 2.643620381369999883e-01 -5.611622750669999909e-02 -1.242826996329999929e+02 4.213526166749999646e+01 1.664995367390000069e+02
1.505801897219999907e-01 -1.669792189990000064e-01 2.627806202160000160e-01 -6.299722667219999350e-02 -1.254481140219999986e+02 4.342108008150000131e+01 1.679650335579999876e+02
2.468846923030000029e-01 -1.673620064190000090e-01 2.639822311289999890e-01 -6.046024216580000304e-02 -1.251121951289999998e+02 4.193921255789999947e+01 1.670706587640000009e+02
1.143532647559999949e-01 -1.674968325320000118e-01 2.638738334549999842e-01 -6.637768803139999785e-02 -1.245442679330000004e+02 4.371914522120000157e+01 1.678858885459999897e+02
1.494722860219999949e-01 -1.682088109029999945e-01 2.636327143550000196e-01 -6.181889820349999870e-02 -1.245924928959999960e+02 4.337345676300000008e+01 1.678009187250000025e+02
1.865336429879999869e-01 -1.678995280849999994e-01 2.621533317359999726e-01 -6.306528378629999709e-02 -1.249955402549999945e+02 4.304956158209999728e+01 1.677533415279999929e+02
1.069108743509999959e-01 -1.673613507189999905e-01 2.607884649919999798e-01 -5.938313053480000214e-02 -1.250650446239999951e+02 4.240261131270000305e+01 1.676538758709999968e+02
7.174562188180000355e+00 -1.694672469050000074e-01 2.609486145389999789e-01 -6.359544765150000611e-02 -1.239505506099999934e+02 4.372629215780000322e+01 1.683692552260000070e+02
3.489476267519999730e-01 -1.660180751099999963e-01 2.628002022579999930e-01 -6.290412519690000148e-02 -1.244985712210000059e+02 4.190934462029999708e+01 1.676626063219999878e+02
1.077517286659999962e-01 -1.683130658239999911e-01 2.654773198470000151e-01 -5.698375666419999708e-02 -1.249653550649999971e+02 4.217905562659999674e+01 1.665422909689999926e+02
3.274924376930000158e-01 -1.674184754159999955e-01 2.638356722080000272e-01 -6.057979228069999833e-02 -1.253535765010000063e+02 4.273354402529999874e+01 1.671445280389999937e+02
4.287867153170000223e-01 -1.708063209600000076e-01 2.576172211419999747e-01 -5.286742163040000081e-02 -1.241337553780000036e+02 4.274817963920000352e+01 1.674393258409999987e+02
2.794144193299999968e-01 -1.662732748350000123e-01 2.634552263350000145e-01 -6.116040663669999877e-02 -1.247130738470000040e+02 4.204785539350000079e+01 1.680393005109999933e+02
1.296540336650000014e-01 -1.681657194129999866e-01 2.601444843219999914e-01 -5.914230836320000240e-02 -1.244530603689999992e+02 4.277045303250000075e+01 1.676116747860000089e+02
2.138936129039999967e-01 -1.710800116260000059e-01 2.610614906850000083e-01 -5.985344534470000283e-02 -1.241529520029999958e+02 4.335869660630000055e+01 1.677263415580000014e+02
1.041202562060000031e-01 -1.730730495020000037e-01 2.646920893720000056e-01 -5.944206310120000308e-02 -1.235535770949999943e+02 4.259032223450000032e+01 1.672142173510000021e+02
5.159919226939999604e-01 -1.665468109949999886e-01 2.631743076759999744e-01 -6.320753998809999774e-02 -1.253503106520000046e+02 4.316229847009999787e+01 1.672767825640000012e+02
1.469805997159999988e-01 -1.639932164029999917e-01 2.657146107169999771e-01 -6.739505958090000193e-02 -1.259683494829999972e+02 4.349497332429999830e+01 1.675650357950000000e+02
2.037219203629999920e-01 -1.686288466799999997e-01 2.619346327809999875e-01 -5.863476626490000260e-02 -1.250937189069999960e+02 4.221147513409999874e+01 1.668747910589999890e+02
1.018135051120000051e-01 -1.683004565560000110e-01 2.643117024960000006e-01 -6.266715644739999369e-02 -1.246740556569999967e+02 4.343805446900000078e+01 1.676627588919999994e+02
1.092536313559999972e-01 -1.675419757169999968e-01 2.622398670530000087e-01 -5.837770345519999876e-02 -1.253860939690000009e+02 4.279983684729999993e+01 1.671192637139999988e+02
4.684003453300000230e-01 -1.673539152969999999e-01 2.633871722219999767e-01 -6.265924158760000084e-02 -1.257696982639999987e+02 4.304284496919999725e+01 1.671705516510000109e+02
1.165871890190000038e-01 -1.715960213349999874e-01 2.636594605040000205e-01 -6.056408720959999964e-02 -1.243595302190000069e+02 4.243416427070000196e+01 1.672455050389999940e+02
3.825058994039999827e-01 -1.682893604169999890e-01 2.608588411950000241e-01 -6.158370566859999728e-02 -1.248686325449999970e+02 4.346894502060000320e+01 1.679682086820000109e+02
2.558440628670000105e+00 -1.681562818790000025e-01 2.659544703389999931e-01 -5.841832688029999915e-02 -1.247490857119999959e+02 4.209222739049999973e+01 1.664885349230000031e+02
1.559652211299999980e-01 -1.694076614070000042e-01 2.597382183240000142e-01 -5.810636416380000197e-02 -1.247786804899999993e+02 4.328053534949999914e+01 1.677630574560000127e+02
1.214943891549999933e-01 -1.687581930469999880e-01 2.634495445550000259e-01 -5.731690484250000217e-02 -1.248353847730000012e+02 4.171858024859999858e+01 1.671009138409999935e+02
1.056918411459999985e-01 -1.654542034529999928e-01 2.636300326039999753e-01 -6.397927967210000066e-02 -1.259787453969999973e+02 4.266636057099999846e+01 1.677174259749999976e+02
2.144868081380000013e-01 -1.666576955380000002e-01 2.634946811400000199e-01 -6.287073524319999884e-02 -1.252879253170000027e+02 4.354173477989999697e+01 1.681759290390000103e+02
1.077213607240000010e-01 -1.688028269259999881e-01 2.644498509200000069e-01 -5.960690610230000297e-02 -1.246183149440000051e+02 4.211334159249999942e+01 1.668764615569999989e+02
2.731974815479999985e-01 -1.665133638240000047e-01 2.682622934409999993e-01 -6.350583116550000129e-02 -1.253554627639999950e+02 4.202759485960000063e+01 1.669195095590000051e+02
3.355258173539999689e+01 -1.667652235479999967e-01 2.630530993690000097e-01 -6.256942631640000085e-02 -1.256163768109999950e+02 4.307232757709999760e+01 1.673773155920000022e+02
1.039875695300000041e-01 -1.694000768410000024e-01 2.647578089409999835e-01 -5.801072521339999816e-02 -1.250821264249999984e+02 4.175394694269999718e+01 1.665888702340000123e+02
1.319583330540000099e-01 -1.688777025719999936e-01 2.601801211059999730e-01 -5.853309287689999890e-02 -1.243123011360000021e+02 4.346825905920000110e+01 1.677930735399999946e+02
3.374489420630000236e-01 -1.697206288049999956e-01 2.650805341820000050e-01 -6.408905239159999601e-02 -1.242227455459999987e+02 4.344700707580000199e+01 1.679786094609999907e+02
2.151716964229999918e-01 -1.660521538560000010e-01 2.604081034390000049e-01 -6.290971370350000036e-02 -1.249723831000000018e+02 4.376681465909999957e+01 1.684464188270000022e+02
6.438453355100000053e-01 -1.749829753300000124e-01 2.662949626730000130e-01 -6.102035188350000278e-02 -1.228848486199999996e+02 4.270081843980000258e+01 1.673595213350000108e+02
1.452477951529999867e-01 -1.687660163420000026e-01 2.658482125750000202e-01 -6.157304557999999928e-02 -1.246872303720000019e+02 4.251360671420000159e+01 1.675227828349999868e+02
6.687448133679999573e-01 -1.695069451510000103e-01 2.622406794509999917e-01 -5.476929094150000121e-02 -1.249825158040000019e+02 4.197140975050000122e+01 1.664417763490000084e+02
1.482900298740000011e-01 -1.665743276299999909e-01 2.629824885109999788e-01 -6.195493108399999921e-02 -1.254388728950000029e+02 4.263523241069999870e+01 1.678798117309999895e+02
1.032097242830000011e-01 -1.696973203430000021e-01 2.648810596380000160e-01 -5.829319505240000004e-02 -1.246065419229999947e+02 4.211375010649999950e+01 1.669657156989999862e+02
4.534624358350000106e-01 -1.672961786359999925e-01 2.647646607890000170e-01 -6.339600059449999880e-02 -1.243395656940000009e+02 4.269447662120000331e+01 1.675678380749999974e+02
3.645224090679999862e-01 -1.648609732029999997e-01 2.605133768830000252e-01 -5.834763643390000060e-02 -1.261096266379999946e+02 4.270314609329999911e+01 1.671858973340000034e+02
2.276231833609999866e-01 -1.681419890760000035e-01 2.629266152020000025e-01 -6.054764317590000111e-02 -1.244138894700000009e+02 4.268833240429999876e+01 1.675156514729999913e+02
1.042629886090000041e-01 -1.687850953939999954e-01 2.626130497079999793e-01 -6.147942622139999924e-02 -1.252799852819999984e+02 4.349700417759999738e+01 1.675400664910000046e+02
3.283385652620000039e-01 -1.713582015089999966e-01 2.630004392920000100e-01 -6.361463369669999313e-02 -1.236184507250000024e+02 4.347704858050000354e+01 1.676816503260000104e+02
1.151816818699999967e-01 -1.707850916260000018e-01 2.640870099290000272e-01 -6.077438485460000261e-02 -1.243808860390000035e+02 4.220139411539999941e+01 1.670254562480000118e+02
2.974000001800000126e-01 -1.685185163629999983e-01 2.607124378580000235e-01 -6.300817771449999938e-02 -1.242259495849999951e+02 4.367863574230000268e+01 1.680019465590000038e+02
2.211825083869999875e-01 -1.680104533469999883e-01 2.637670404290000103e-01 -6.912656649390000463e-02 -1.245051518989999977e+02 4.451730948710000035e+01 1.685798362179999970e+02
3.564249491450000029e-01 -1.678439085369999861e-01 2.622394393279999791e-01 -6.474811374250000195e-02 -1.245480904289999984e+02 4.368538920649999824e+01 1.684877689710000084e+02
2.006809813650000107e-01 -1.677377081120000057e-01 2.647874235179999980e-01 -6.308258145209999501e-02 -1.248914878899999934e+02 4.357916489600000176e+01 1.678885074869999983e+02
9.920936196190000000e-01 -1.704964503420000055e-01 2.646022549629999943e-01 -5.634211781620000054e-02 -1.244437988779999955e+02 4.175493669149999931e+01 1.668070871980000049e+02
1.001294236590000025e-01 -1.679714393389999949e-01 2.653473306670000031e-01 -6.534500820890000450e-02 -1.249865566539999975e+02 4.276667786819999861e+01 1.676271558290000030e+02
5.241870188949999676e-01 -1.719355691339999881e-01 2.625856259559999906e-01 -6.245928773329999933e-02 -1.233802609800000027e+02 4.353642018349999887e+01 1.681814912359999994e+02
1.282454942600000092e-01 -1.683293120590000080e-01 2.646274547390000120e-01 -6.655386999590000296e-02 -1.241512946950000043e+02 4.386462639190000345e+01 1.682285379399999954e+02
1.407279861200000093e-01 -1.703710522640000113e-01 2.621040140679999908e-01 -5.231093342300000004e-02 -1.246098479160000068e+02 4.177816223159999964e+01 1.664375126429999909e+02
1.783518639849999976e-01 -1.680137867220000136e-01 2.633186535059999778e-01 -6.104103350139999939e-02 -1.249634428429999957e+02 4.310028986100000026e+01 1.679011769189999939e+02
2.892744877569999873e-01 -1.665632734830000128e-01 2.651442975559999971e-01 -6.091220486730000022e-02 -1.253842408710000029e+02 4.195473499930000116e+01 1.668682934590000002e+02
2.613730672619999917e-01 -1.664209854420000134e-01 2.675479907219999731e-01 -5.993787090830000192e-02 -1.258789204630000000e+02 4.195173800490000104e+01 1.662278427809999926e+02
1.045440592580000050e-01 -1.663934599889999866e-01 2.628952771299999935e-01 -6.116934275409999927e-02 -1.250284020999999939e+02 4.299664919340000324e+01 1.675160873289999870e+02
1.030732528420000016e-01 -1.677128984940000067e-01 2.642838941890000015e-01 -5.825018874770000049e-02 -1.248960892629999933e+02 4.155167646369999801e+01 1.668063788569999986e+02
1.659518504789999904e-01 -1.669579666079999969e-01 2.697359456330000183e-01 -6.596949892480000188e-02 -1.254927359790000025e+02 4.254460589360000000e+01 1.670561822919999884e+02
1.081521067169999989e-01 -1.698972546929999883e-01 2.654770301309999914e-01 -6.037031478769999682e-02 -1.243782209569999964e+02 4.217669735909999673e+01 1.672180952719999993e+02
1.257501043910000116e-01 -1.688469665089999960e-01 2.602587704709999894e-01 -6.177469971490000267e-02 -1.246977495269999991e+02 4.374234563270000109e+01 1.681986965920000046e+02
4.443877491429999993e-01 -1.672979547529999944e-01 2.591462300580000266e-01 -6.410868315940000672e-02 -1.246766165450000017e+02 4.435535763469999893e+01 1.686724144579999916e+02
1.042736622730000007e-01 -1.677701382100000027e-01 2.632095681780000085e-01 -6.691842460020000494e-02 -1.247056673499999988e+02 4.393971197060000122e+01 1.684453581200000087e+02
1.284804728879999913e-01 -1.695628182420000074e-01 2.605433744630000215e-01 -5.677136311259999707e-02 -1.242302066489999959e+02 4.271787003120000037e+01 1.673426245320000021e+02
1.798887205849999948e-01 -1.672590964260000090e-01 2.632422303759999749e-01 -6.127510630030000294e-02 -1.249339132829999954e+02 4.316048964849999692e+01 1.672551161119999961e+02
2.324600220470000034e-01 -1.677792673160000136e-01 2.605895996140000226e-01 -6.702310665640000276e-02 -1.247732601019999947e+02 4.436350591069999894e+01 1.686926906749999944e+02
2.349324900260000015e-01 -1.656737554380000033e-01 2.702771356309999762e-01 -6.468909068519999861e-02 -1.256661219780000067e+02 4.187262884340000113e+01 1.665387361489999876e+02
1.118808092729999953e-01 -1.663626371989999908e-01 2.639103138550000227e-01 -6.201142988249999655e-02 -1.255449646029999968e+02 4.315914054430000135e+01 1.672622597369999937e+02
5.561079050660000078e+00 -1.667925519050000027e-01 2.651826894850000116e-01 -5.729390422459999799e-02 -1.257657682720000025e+02 4.156168855180000321e+01 1.664329343310000127e+02
1.003109440089999943e-01 -1.719631801710000130e-01 2.657305539939999739e-01 -6.141713638389999924e-02 -1.238531327339999990e+02 4.251158064090000011e+01 1.672548718660000020e+02
1.188298884139999956e-01 -1.662154571220000043e-01 2.634631627260000108e-01 -6.302191573290000237e-02 -1.257204067880000053e+02 4.293031941859999989e+01 1.679585261969999976e+02
4.027407491650000226e-01 -1.664234957369999934e-01 2.647850176880000017e-01 -6.069629959979999656e-02 -1.257037948349999965e+02 4.194382861300000087e+01 1.670223254329999918e+02
1.052512135460000053e-01 -1.672184945179999993e-01 2.621701882420000018e-01 -6.029024224409999799e-02 -1.248080218749999943e+02 4.321448430139999886e+01 1.675783526159999894e+02
2.914303459379999905e-01 -1.684040041900000118e-01 2.627356308730000034e-01 -6.014741857289999938e-02 -1.247588218270000056e+02 4.230666269480000352e+01 1.674078639640000006e+02
3.343930274329999786e-01 -1.690575063099999942e-01 2.642098742860000127e-01 -5.996722690609999906e-02 -1.245837404459999931e+02 4.313952023600000274e+01 1.670767058330000054e+02
1.811771469500000065e-01 -1.653723290030000015e-01 2.592501469910000189e-01 -6.064208772670000303e-02 -1.256478878759999986e+02 4.346453345249999956e+01 1.680538275229999954e+02
1.149476122290000041e-01 -1.637879364110000069e-01 2.643490042000000151e-01 -6.698718498059999527e-02 -1.255486264590000047e+02 4.358238429709999906e+01 1.681235177149999913e+02
2.899876351200000091e+00 -1.655113280369999995e-01 2.642953187809999882e-01 -6.186349737749999994e-02 -1.256853070639999999e+02 4.246935131050000223e+01 1.670702732759999947e+02
4.623380483930000229e-01 -1.677346276589999907e-01 2.619985797530000049e-01 -6.167579276770000091e-02 -1.246018505790000006e+02 4.284452335779999999e+01 1.676248656989999972e+02
1.291430908270000122e-01 -1.659478139839999922e-01 2.614286243310000035e-01 -6.431213436110000403e-02 -1.250171725710000032e+02 4.351939153770000246e+01 1.682225922439999977e+02
1.398050722489999897e-01 -1.627041634620000066e-01 2.647757780639999892e-01 -6.346790690140000080e-02 -1.262525970530000023e+02 4.259263753060000113e+01 1.670723041580000086e+02
1.338290452170000089e+00 -1.673596341040000102e-01 2.627541740850000140e-01 -6.159569200369999914e-02 -1.250457593449999933e+02 4.306182929279999883e+01 1.670072175269999946e+02
4.582029973260000055e-01 -1.674903518180000106e-01 2.613287543280000125e-01 -6.198370426690000268e-02 -1.246097032400000018e+02 4.332663419579999697e+01 1.678374979110000140e+02
1.316014653889999997e-01 -1.707699387809999969e-01 2.646183705310000134e-01 -6.428289080610000150e-02 -1.239861633809999972e+02 4.332842771720000030e+01 1.680936573769999995e+02
1.079428638219999959e-01 -1.701803005860000051e-01 2.642185385110000229e-01 -6.009591071650000060e-02 -1.245244809290000063e+02 4.255559968330000231e+01 1.670299488979999865e+02
1.246952163349999976e-01 -1.669568291680000038e-01 2.632081166060000199e-01 -5.997490928899999740e-02 -1.248670120139999966e+02 4.265022792829999787e+01 1.671363807810000139e+02
1.224203471290000039e-01 -1.704934187400000134e-01 2.595161895049999945e-01 -5.807941038750000229e-02 -1.239753974970000030e+02 4.282683564370000084e+01 1.679865885049999861e+02
1.109182224879999984e-01 -1.714425900050000062e-01 2.594366774179999724e-01 -5.856637032200000259e-02 -1.236378224049999943e+02 4.335891988089999671e+01 1.683584922530000085e+02
2.647099023949999741e-01 -1.661567955590000090e-01 2.631664544539999984e-01 -6.124123344449999840e-02 -1.245955775270000032e+02 4.298910025370000199e+01 1.674609261640000000e+02
1.197523041250000003e-01 -1.668885701189999904e-01 2.610607533609999864e-01 -6.035383224460000307e-02 -1.254514032539999988e+02 4.286599833329999854e+01 1.678113412950000054e+02
3.421205423850000038e-01 -1.694209240579999942e-01 2.655927768249999876e-01 -6.144949181800000299e-02 -1.241222835020000019e+02 4.302855350789999989e+01 1.672855239410000081e+02
1.082942977069999979e-01 -1.682252237830000052e-01 2.657262102840000084e-01 -5.860045079389999967e-02 -1.245556233450000008e+02 4.200523651820000026e+01 1.666938251980000132e+02
1.064511063849999939e-01 -1.690345413809999919e-01 2.658215514060000007e-01 -6.057196908910000149e-02 -1.251946811039999972e+02 4.197736623440000159e+01 1.670716985599999873e+02
1.818229574409999938e-01 -1.665027337080000058e-01 2.600013670779999786e-01 -5.731563765659999921e-02 -1.255989870020000012e+02 4.283348816179999830e+01 1.675994821120000040e+02
3.637127259010000113e-01 -1.679484052880000078e-01 2.624383311330000246e-01 -6.048404845949999914e-02 -1.244612624600000004e+02 4.238860851989999645e+01 1.671531825069999968e+02
1.336854387020000035e-01 -1.682935515060000053e-01 2.649168772480000045e-01 -6.079364698919999949e-02 -1.250520903590000046e+02 4.279797775000000115e+01 1.669172197990000086e+02
1.997040063799999932e-01 -1.682299353499999983e-01 2.635755259800000028e-01 -6.091246363330000274e-02 -1.250276045840000023e+02 4.295476828240000344e+01 1.674182366960000081e+02
1.441233578780000135e-01 -1.665614156989999872e-01 2.611027871359999919e-01 -5.678692290870000076e-02 -1.253806158109999984e+02 4.256165256250000084e+01 1.671844134229999952e+02
6.637826795569999883e-01 -1.665916496550000070e-01 2.612858540269999974e-01 -5.799882307839999973e-02 -1.253516586310000065e+02 4.254142953419999884e+01 1.673359206700000072e+02
1.014139356939999931e-01 -1.686158747840000027e-01 2.622578536849999864e-01 -5.960606509449999785e-02 -1.248672085479999936e+02 4.331905441389999822e+01 1.674947501030000012e+02
2.386155663260000059e-01 -1.672454804600000122e-01 2.631429120500000107e-01 -5.912296881330000170e-02 -1.248498063469999977e+02 4.218280866220000291e+01 1.674180713529999878e+02
1.149044807009999974e-01 -1.698614822679999914e-01 2.635360453930000180e-01 -5.756037809540000272e-02 -1.250048820869999986e+02 4.236668336590000195e+01 1.669812004560000105e+02
1.585511498040000078e-01 -1.662600334650000122e-01 2.631785496410000147e-01 -6.091539641799999932e-02 -1.255886966510000065e+02 4.314582947910000144e+01 1.672320402789999889e+02
9.221538110860000304e-01 -1.672159103420000070e-01 2.597747209030000226e-01 -5.826887091050000217e-02 -1.256322245449999997e+02 4.280498033319999962e+01 1.677168736650000085e+02
1.319864237149999953e-01 -1.681836088389999928e-01 2.643709043029999761e-01 -6.192275835120000099e-02 -1.244055041799999941e+02 4.326701629290000284e+01 1.674404442780000011e+02
2.856320859640000265e-01 -1.676688700979999946e-01 2.636010249190000043e-01 -6.231770009950000216e-02 -1.251555436080000021e+02 4.326251930890000352e+01 1.677863429530000019e+02
6.000730364799999883e-01 -1.664273154919999886e-01 2.659483143849999953e-01 -6.314799528530000428e-02 -1.248382828059999952e+02 4.240152316529999865e+01 1.670719332509999902e+02
1.878736509989999970e-01 -1.704607433170000075e-01 2.608023240330000214e-01 -5.994142460719999871e-02 -1.246467307009999956e+02 4.321459375610000109e+01 1.677094263369999965e+02
1.173217960159999990e-01 -1.671633352759999969e-01 2.631787625890000260e-01 -6.233884732980000259e-02 -1.242762039859999987e+02 4.274397958670000008e+01 1.677264336469999932e+02
1.142550410209999950e-01 -1.669631845429999928e-01 2.637615942259999846e-01 -6.226046171210000008e-02 -1.247603991280000031e+02 4.260025526609999957e+01 1.671000039300000140e+02
1.764830925460000033e-01 -1.665300336240000123e-01 2.642049368320000258e-01 -6.395073353400000660e-02 -1.258970067369999981e+02 4.326979773669999929e+01 1.675720980970000085e+02
1.506455235430000095e-01 -1.676429524630000112e-01 2.626264104180000003e-01 -6.264793554960000621e-02 -1.247266574780000070e+02 4.265720457559999801e+01 1.678649145939999983e+02
1.507853441410000050e-01 -1.684737007559999888e-01 2.638112001799999828e-01 -5.993689002299999735e-02 -1.245909230259999987e+02 4.278987025789999876e+01 1.675805863909999971e+02
3.471018564180000099e-01 -1.664779440680000111e-01 2.621691333930000201e-01 -6.597227781709999461e-02 -1.252770306620000014e+02 4.377335881789999661e+01 1.680767496130000040e+02
2.471684328679999987e-01 -1.660685080369999900e-01 2.620860083109999850e-01 -5.839191466219999932e-02 -1.259063840219999975e+02 4.213396900370000253e+01 1.672473958960000004e+02
3.297261586110000198e-01 -1.687872295470000117e-01 2.609054239610000270e-01 -6.397170204249999492e-02 -1.243776819729999943e+02 4.418394887009999650e+01 1.683725364830000046e+02
1.475824209659999942e-01 -1.673097313959999999e-01 2.619190358069999891e-01 -5.975361585680000198e-02 -1.246496817879999952e+02 4.269143942680000237e+01 1.676628376319999916e+02
1.651536859190000095e-01 -1.685132406289999996e-01 2.648223400249999915e-01 -6.230809535890000084e-02 -1.247613374910000061e+02 4.292196693420000031e+01 1.673344404089999955e+02
1.110221122560000051e-01 -1.676103877269999876e-01 2.641420325609999953e-01 -5.818104487859999951e-02 -1.250730363250000039e+02 4.223145117880000043e+01 1.670193167189999883e+02
1.582594904169999928e-01 -1.674421585460000028e-01 2.632262965380000042e-01 -6.086357226389999681e-02 -1.249968651159999951e+02 4.284223493100000013e+01 1.672172787480000125e+02
3.301826646039999757e-01 -1.656922830760000076e-01 2.620714492299999754e-01 -6.359547403130000331e-02 -1.256309814669999980e+02 4.325402563779999809e+01 1.677344746550000139e+02
4.528232610730000274e-01 -1.633467964110000004e-01 2.661254513710000213e-01 -6.508476231809999513e-02 -1.262454866479999964e+02 4.288954406189999702e+01 1.671545695650000027e+02
2.726179680549999929e-01 -1.673790349860000137e-01 2.637742949440000095e-01 -6.352892560509999786e-02 -1.245461722329999930e+02 4.286916620630000097e+01 1.678366574659999912e+02
1.193395742249999947e-01 -1.703056733709999992e-01 2.603225081539999874e-01 -6.022094685450000290e-02 -1.246066181730000011e+02 4.339285825609999847e+01 1.679100951549999934e+02
1.445918007219999968e+00 -1.682142395900000087e-01 2.658486929000000165e-01 -6.396233463570000222e-02 -1.246212552690000024e+02 4.354533493459999960e+01 1.675528833680000105e+02
1.563383527399999917e-01 -1.669726028240000049e-01 2.632423969020000198e-01 -6.181584716249999972e-02 -1.258376407030000053e+02 4.251301029889999938e+01 1.668770512350000104e+02
1.104601695130000005e-01 -1.675292117830000094e-01 2.643982803630000045e-01 -5.885202310519999785e-02 -1.254544457899999941e+02 4.226934427070000311e+01 1.669300259670000059e+02
1.307687024480000126e-01 -1.668376314599999966e-01 2.625103816670000256e-01 -6.144447190119999708e-02 -1.255528076829999975e+02 4.234390405229999743e+01 1.671385376050000104e+02
4.494181104550000194e-01 -1.677155561360000047e-01 2.643927650749999803e-01 -6.105663548379999805e-02 -1.244951867449999980e+02 4.305261777009999946e+01 1.671843339010000022e+02
1.024034928789999965e-01 -1.665238982049999927e-01 2.641242828270000120e-01 -6.156532522719999900e-02 -1.243402303230000001e+02 4.210277449910000058e+01 1.669013644750000083e+02
3.449456846699999746e-01 -1.700022452930000094e-01 2.670717251720000074e-01 -5.627414410420000096e-02 -1.248536614429999929e+02 4.100247839440000064e+01 1.659215621280000050e+02
2.879111877330000069e-01 -1.612904802850000097e-01 2.654448908789999728e-01 -6.464596853560000689e-02 -1.269035387290000045e+02 4.254715177229999767e+01 1.670588138679999872e+02
7.033566090680000160e-01 -1.673381443180000094e-01 2.652069317440000074e-01 -6.157564113350000312e-02 -1.249804321569999956e+02 4.216403395980000113e+01 1.668793254939999997e+02
2.255706856899999946e-01 -1.657178522620000038e-01 2.655321102379999965e-01 -6.027253866630000179e-02 -1.260197901089999988e+02 4.188896282120000336e+01 1.664660430080000140e+02
1.009917830649999931e-01 -1.686994862750000046e-01 2.631828162340000277e-01 -6.110273208480000023e-02 -1.244332762899999949e+02 4.246073482850000147e+01 1.673585781909999923e+02
1.033373683110000024e-01 -1.668394203140000087e-01 2.622933151430000276e-01 -6.453553041739999718e-02 -1.252203561559999940e+02 4.345329500710000303e+01 1.682695038249999868e+02
2.864353917479999789e-01 -1.662995873600000007e-01 2.641540526480000151e-01 -6.169796013710000110e-02 -1.262880363780000010e+02 4.254050583360000104e+01 1.668850314610000112e+02
1.573163154470000047e-01 -1.690748523889999966e-01 2.573788616380000005e-01 -5.705757672520000295e-02 -1.243999322159999963e+02 4.339514907040000224e+01 1.681257605030000093e+02
1.039013334100000047e-01 -1.697531944139999971e-01 2.646147871819999886e-01 -5.384510216140000333e-02 -1.249073872879999954e+02 4.133778041579999751e+01 1.661742004339999994e+02
1.184192598879999947e+00 -1.665546302529999911e-01 2.631171966220000047e-01 -6.095029090179999998e-02 -1.255590160649999945e+02 4.282154819960000225e+01 1.669416772209999920e+02
3.373152023520000209e-01 -1.652580966759999992e-01 2.631611481719999812e-01 -6.389559625559999845e-02 -1.256394058420000022e+02 4.331609842870000193e+01 1.679396428780000008e+02
3.904617517039999930e-01 -1.658844659400000032e-01 2.598045134990000227e-01 -6.790095600930000364e-02 -1.250286933929999975e+02 4.460220498470000194e+01 1.688158383399999991e+02
2.003183880930000105e-01 -1.696469435469999953e-01 2.624135877639999781e-01 -6.080207381279999906e-02 -1.240385953979999982e+02 4.341642302270000187e+01 1.675724626589999957e+02
1.021426396019999988e-01 -1.680837750960000043e-01 2.625470389480000222e-01 -5.794780517619999710e-02 -1.249827711249999993e+02 4.289326073419999830e+01 1.675654607239999905e+02
9.182391961410000247e-01 -1.674671878940000025e-01 2.627484223009999842e-01 -6.056193648020000153e-02 -1.240879300130000047e+02 4.306628743960000349e+01 1.675661852860000067e+02
9.076996193840000116e-01 -1.680015840240000058e-01 2.640780590610000145e-01 -6.124202996469999688e-02 -1.244063109690000033e+02 4.289770687490000256e+01 1.676323962349999874e+02
1.494617779970000004e+00 -1.661860117610000076e-01 2.621272622179999789e-01 -6.025423202940000111e-02 -1.255881660240000031e+02 4.309483910939999873e+01 1.675932434259999866e+02
1.150449883550000024e-01 -1.678774243149999956e-01 2.600183609030000120e-01 -6.157755328970000025e-02 -1.251927372810000065e+02 4.370721452389999939e+01 1.680706030670000075e+02
1.178682756440000007e-01 -1.673577249850000115e-01 2.621607609470000266e-01 -6.276800223129999634e-02 -1.244384201679999933e+02 4.279576801500000016e+01 1.678216491560000065e+02
2.876403555689999725e-01 -1.690299700519999893e-01 2.645174996160000180e-01 -6.136292973629999675e-02 -1.248107885649999957e+02 4.296035419940000111e+01 1.671743407040000022e+02
1.211916455920000052e-01 -1.662233712239999939e-01 2.645438064689999980e-01 -6.252898368470000134e-02 -1.253320397739999947e+02 4.291579101180000322e+01 1.677416200719999892e+02
1.638093480610000041e-01 -1.681368217620000105e-01 2.644211157599999917e-01 -6.574034514609999880e-02 -1.242250472180000003e+02 4.332677798520000323e+01 1.679530315659999928e+02
1.427697400269999917e-01 -1.647781175180000057e-01 2.609796246530000086e-01 -6.343041369709999378e-02 -1.256183551919999957e+02 4.366191325570000004e+01 1.681020193049999989e+02
1.537442196490000079e-01 -1.669178833859999989e-01 2.662942136020000072e-01 -6.821200911960000057e-02 -1.251321706810000052e+02 4.310813381239999842e+01 1.677820483300000092e+02
1.307649693569999938e-01 -1.659418243690000128e-01 2.684379154729999994e-01 -5.823623657989999980e-02 -1.261158702329999954e+02 4.111368200719999777e+01 1.660533467589999930e+02
1.786698639869999938e-01 -1.714403134970000075e-01 2.605362495910000242e-01 -5.959508850169999844e-02 -1.238926477130000023e+02 4.320857244529999974e+01 1.676689945280000131e+02
1.208798771919999959e-01 -1.700957741939999879e-01 2.633822209850000262e-01 -6.419716493740000585e-02 -1.238550259969999985e+02 4.362842509560000082e+01 1.681257051350000040e+02
1.572905490500000059e-01 -1.681350622730000133e-01 2.670655512880000249e-01 -6.331320463539999444e-02 -1.249948690199999959e+02 4.300234613810000184e+01 1.672864271820000113e+02
3.748384861290000036e-01 -1.664958315199999983e-01 2.636920806420000041e-01 -6.320718092719999903e-02 -1.252794718109999934e+02 4.283357300010000301e+01 1.676401877639999896e+02
2.865335089030000004e-01 -1.675949260060000112e-01 2.674862919329999977e-01 -6.909494540610000568e-02 -1.246855610460000037e+02 4.339029508410000346e+01 1.679589645670000095e+02
3.040712012010000076e-01 -1.661336694730000119e-01 2.627394820089999916e-01 -5.913573233430000076e-02 -1.258449919170000015e+02 4.254763694719999734e+01 1.670237867890000132e+02
1.453137222979999921e-01 -1.698632191359999988e-01 2.611304269540000167e-01 -5.348002435270000215e-02 -1.246279871060000062e+02 4.203248197909999817e+01 1.669938779080000018e+02
1.003691125659999933e-01 -1.673653605010000101e-01 2.650292301350000157e-01 -6.071474411499999668e-02 -1.252463626250000033e+02 4.260255906239999746e+01 1.666912750650000135e+02
1.920379700239999987e-01 -1.679722505429999957e-01 2.634691433840000152e-01 -6.141170581190000255e-02 -1.251594657840000053e+02 4.289162094240000300e+01 1.676183790700000031e+02
1.667957054070000056e-01 -1.694657611360000093e-01 2.598292301730000253e-01 -5.432518481870000221e-02 -1.246979192069999982e+02 4.231682260600000234e+01 1.669018519580000088e+02
1.038149811079999985e-01 -1.681345039999999902e-01 2.635736579529999735e-01 -5.885930181730000127e-02 -1.246277876620000029e+02 4.209872513229999669e+01 1.670711793410000041e+02
1.141385205599999980e-01 -1.682706771049999883e-01 2.658122895339999903e-01 -6.103407992519999797e-02 -1.248474554849999976e+02 4.237723659030000078e+01 1.670367947320000042e+02
1.760569609079999931e-01 -1.686273544780000078e-01 2.673627297110000023e-01 -6.380517211359999774e-02 -1.248471127819999964e+02 4.237223941989999787e+01 1.667873564530000010e+02
1.094072356539999985e-01 -1.704520793629999975e-01 2.634960327479999864e-01 -5.900596821730000330e-02 -1.249078956150000010e+02 4.299070875660000013e+01 1.671636448810000104e+02
3.375516695920000032e-01 -1.678634302850000037e-01 2.641592403129999767e-01 -6.055851686549999779e-02 -1.250679274849999985e+02 4.215121598510000211e+01 1.666436409590000096e+02
1.080760242980000063e-01 -1.643518148489999942e-01 2.657575682650000215e-01 -6.429564121540000399e-02 -1.256668741120000021e+02 4.247893148029999821e+01 1.673456474319999927e+02
1.100633269869999986e-01 -1.667471807099999981e-01 2.636405534719999944e-01 -6.270165259929999513e-02 -1.247646253500000029e+02 4.276363992339999953e+01 1.675098420479999959e+02
1.499813916359999943e-01 -1.647678341069999941e-01 2.653893547639999961e-01 -6.504271785479999457e-02 -1.264446453460000015e+02 4.287599316699999719e+01 1.672725677329999883e+02
2.028065358460000023e-01 -1.679412113640000037e-01 2.639569769869999916e-01 -6.617254971840000333e-02 -1.247763153890000041e+02 4.399834679300000317e+01 1.682425514459999931e+02
1.721602452440000042e-01 -1.675034615990000086e-01 2.610658685830000159e-01 -6.241131605430000340e-02 -1.249935710209999939e+02 4.299960865359999929e+01 1.677305094440000062e+02
2.407479776370000102e-01 -1.664186274270000043e-01 2.633768885169999741e-01 -6.257914416470000685e-02 -1.258582530099999985e+02 4.318033813560000311e+01 1.680613068389999967e+02
2.578611288800000123e-01 -1.686960052049999992e-01 2.626178968149999737e-01 -6.077712735009999784e-02 -1.245684826260000051e+02 4.226554494650000038e+01 1.675752381220000018e+02
3.642596415850000158e-01 -1.687513201020000020e-01 2.648686097040000020e-01 -5.982220263429999935e-02 -1.249876872730000059e+02 4.171110881980000329e+01 1.666380729669999994e+02
1.480038733150000063e-01 -1.699523635859999937e-01 2.614568853270000104e-01 -6.331372984789999936e-02 -1.244763153370000026e+02 4.336916884789999926e+01 1.681734954789999961e+02
1.707579970629999888e-01 -1.688951260340000038e-01 2.649590459489999938e-01 -6.414286314110000109e-02 -1.249526617380000033e+02 4.355997694949999754e+01 1.675124044760000004e+02
1.384613554240000100e-01 -1.666756397109999954e-01 2.625832750859999898e-01 -6.301598802640000219e-02 -1.244909726900000067e+02 4.315158764169999728e+01 1.681100543580000135e+02
1.214394018030000022e-01 -1.669784944859999953e-01 2.603781829919999957e-01 -5.952534761690000259e-02 -1.251127242369999948e+02 4.326851632609999854e+01 1.677299938069999996e+02
1.337604345910000103e-01 -1.699290339829999941e-01 2.645911086419999725e-01 -5.973564324539999693e-02 -1.249991664749999956e+02 4.249255710340000292e+01 1.673762648000000013e+02
1.145170791270000016e-01 -1.695070329989999958e-01 2.610367187659999866e-01 -6.014440702800000205e-02 -1.247929100930000033e+02 4.309134405999999728e+01 1.677671021460000134e+02
1.267312514820000047e+01 -1.717933598449999932e-01 2.653497998850000150e-01 -6.080648178030000073e-02 -1.242348176510000002e+02 4.280860220019999929e+01 1.672623298389999889e+02
1.165948169930000056e-01 -1.672310805289999869e-01 2.587364638849999898e-01 -6.350048523290000024e-02 -1.250605019730000009e+02 4.440181869159999906e+01 1.687511766160000093e+02
1.186847940110000027e-01 -1.666773346519999921e-01 2.644538462170000215e-01 -6.394592510749999570e-02 -1.248336922849999979e+02 4.280009545429999918e+01 1.677765300529999877e+02
1.931875374179999882e-01 -1.717745376029999882e-01 2.604461652069999800e-01 -5.839599347729999834e-02 -1.235944964309999961e+02 4.335737320469999645e+01 1.679681315459999951e+02
2.225308631650000091e-01 -1.690881803650000070e-01 2.597676969320000251e-01 -5.732846878120000100e-02 -1.249056661900000051e+02 4.292323248619999987e+01 1.675544653030000006e+02
2.758174852170000024e-01 -1.659497970599999872e-01 2.635984346099999875e-01 -6.097810210070000320e-02 -1.255375633510000029e+02 4.240991822139999812e+01 1.666499116249999872e+02
1.726513951599999985e-01 -1.687779695780000089e-01 2.649764887120000245e-01 -6.057812564380000292e-02 -1.250173181039999974e+02 4.304572566459999905e+01 1.671369758090000062e+02
1.311827502550000080e-01 -1.701520216990000112e-01 2.628142090239999895e-01 -6.084041994270000114e-02 -1.245284407620000025e+02 4.302496031479999772e+01 1.680686184219999859e+02
1.084710450520000036e-01 -1.720460914989999923e-01 2.640945049080000162e-01 -5.967616501660000239e-02 -1.242876902590000014e+02 4.273346798579999728e+01 1.673255707369999925e+02
9.200588088950000243e-01 -1.655879429300000094e-01 2.640227194629999885e-01 -6.118616064409999888e-02 -1.257550980660000022e+02 4.250456208829999838e+01 1.667808146250000050e+02
1.226903848550000009e-01 -1.656543596739999957e-01 2.629782682929999726e-01 -6.373847339139999957e-02 -1.252797096289999956e+02 4.297889739640000073e+01 1.681300894780000021e+02
1.229212431789999949e-01 -1.666300410259999865e-01 2.612204024900000032e-01 -6.152825007760000242e-02 -1.251835183019999960e+02 4.360797504490000165e+01 1.675842410799999982e+02
1.460880994060000104e-01 -1.690045037840000042e-01 2.656872189860000066e-01 -6.032422738180000243e-02 -1.249055053849999979e+02 4.264513472539999839e+01 1.670095186670000089e+02
1.499702462720000073e-01 -1.684042847199999915e-01 2.602249070900000127e-01 -5.755790315559999870e-02 -1.243290543960000036e+02 4.270010940630000107e+01 1.676652558840000040e+02
1.025953309289999948e+00 -1.726228869220000073e-01 2.634915601200000235e-01 -5.961429881889999949e-02 -1.239639631090000051e+02 4.283911880349999990e+01 1.675522057729999972e+02
1.601343622929999877e-01 -1.664627442559999948e-01 2.633604651609999792e-01 -6.321548912850000201e-02 -1.254395995809999960e+02 4.330801558400000317e+01 1.680967564249999953e+02
1.795254720620000077e-01 -1.701626815660000069e-01 2.649972491889999726e-01 -6.366191061300000009e-02 -1.243577295550000059e+02 4.276300308500000114e+01 1.676154320429999984e+02
3.092518517599999739e-01 -1.655088763020000076e-01 2.630673358919999871e-01 -6.274496506290000442e-02 -1.251160799270000012e+02 4.297737047599999727e+01 1.670148420939999880e+02
1.315615976139999921e-01 -1.693053499809999973e-01 2.616856883320000104e-01 -5.592452677310000286e-02 -1.249268029170000034e+02 4.239857080539999856e+01 1.671315854089999959e+02
3.750337210069999827e+01 -1.663650630980000045e-01 2.641915877559999903e-01 -6.185335344310000094e-02 -1.249243337909999951e+02 4.232389195710000251e+01 1.676772157039999911e+02
5.324903775160000352e-01 -1.636470199900000033e-01 2.600272651380000077e-01 -5.758367945400000298e-02 -1.261786880960000019e+02 4.265981230820000292e+01 1.673172323059999940e+02
1.539992399160000081e-01 -1.656432183919999968e-01 2.606515604160000166e-01 -6.407101138279999719e-02 -1.249507996269999950e+02 4.381706472070000302e+01 1.682561690940000005e+02
1.379185925039999872e-01 -1.687172410099999909e-01 2.614526889129999976e-01 -6.127154516629999825e-02 -1.249057287109999947e+02 4.336118037170000150e+01 1.674797525900000039e+02
1.348612780350000040e-01 -1.657300610569999999e-01 2.608504571110000225e-01 -6.332567166359999444e-02 -1.257391096869999956e+02 4.343355111369999833e+01 1.679440859620000026e+02
1.244474599670000042e-01 -1.679050148979999990e-01 2.656488772230000128e-01 -6.415465383769999863e-02 -1.246640500809999992e+02 4.322983138379999701e+01 1.677037325379999970e+02
1.532289189530000040e-01 -1.659933133829999963e-01 2.641345565159999853e-01 -6.231661377119999956e-02 -1.259197993829999973e+02 4.254063062880000246e+01 1.676614402470000016e+02
1.110083448719999949e-01 -1.677895999700000085e-01 2.645712829529999754e-01 -6.294306856299999864e-02 -1.245888612979999976e+02 4.325062919959999874e+01 1.675264891330000125e+02
4.276348730219999839e-01 -1.676159915759999897e-01 2.590337576630000194e-01 -5.412668121949999744e-02 -1.250563779990000057e+02 4.243194067099999955e+01 1.672176618000000019e+02
1.886505165559999864e-01 -1.693890711350000133e-01 2.654203981520000255e-01 -6.166722573899999921e-02 -1.242386008649999951e+02 4.266877920790000189e+01 1.676301350329999877e+02
1.416829390010000134e-01 -1.690931784009999939e-01 2.624497342170000191e-01 -5.988986278820000037e-02 -1.243425471999999985e+02 4.264735638930000050e+01 1.678848301600000070e+02
1.126721137210000001e-01 -1.678117670700000064e-01 2.630703785290000041e-01 -6.386396885289999381e-02 -1.248544900880000057e+02 4.336548377969999990e+01 1.680824218379999877e+02
1.370179076130000062e-01 -1.670059263020000073e-01 2.626676910929999775e-01 -6.380976939780000357e-02 -1.254364188710000008e+02 4.330944227679999869e+01 1.678258842099999981e+02
2.492088475960000105e-01 -1.705800150769999912e-01 2.659282925399999997e-01 -6.515820227230000039e-02 -1.242533710910000053e+02 4.313907550430000271e+01 1.675780228950000037e+02
4.363688777629999849e-01 -1.723140754730000113e-01 2.604339147190000148e-01 -5.606296773839999914e-02 -1.233060582100000033e+02 4.258679895539999904e+01 1.674860507200000086e+02
4.049298965740000256e-01 -1.639707200130000042e-01 2.675641869479999935e-01 -6.492283959859999898e-02 -1.261606342519999941e+02 4.257887355700000143e+01 1.671220959910000090e+02
3.414782889679999767e-01 -1.682680411910000007e-01 2.649888621989999749e-01 -6.590107391270000337e-02 -1.242326863360000004e+02 4.308682518189999655e+01 1.678352918010000110e+02
1.915818665759999873e-01 -1.692489567140000040e-01 2.605891215019999763e-01 -6.017157209699999787e-02 -1.245149960640000018e+02 4.281463738760000126e+01 1.677327330249999875e+02
1.279721572270000052e-01 -1.664089413560000119e-01 2.642658696199999824e-01 -6.098452685200000251e-02 -1.257040970259999995e+02 4.215197155599999945e+01 1.667964481779999915e+02
1.830255729799999953e-01 -1.663708820679999922e-01 2.652080590609999788e-01 -6.052578566269999766e-02 -1.255040949060000059e+02 4.220100921939999949e+01 1.665595977639999887e+02
2.910604727339999864e-01 -1.672676714570000001e-01 2.638568106740000196e-01 -6.164618108790000106e-02 -1.251429112790000033e+02 4.260473943200000235e+01 1.670877508970000065e+02
1.501235042540000064e-01 -1.670711840499999878e-01 2.655149770710000245e-01 -6.183868148879999999e-02 -1.256447675550000014e+02 4.245055195529999992e+01 1.671524705100000006e+02
3.817928930080000116e-01 -1.662769782250000106e-01 2.618951914959999905e-01 -6.248058949739999923e-02 -1.249830844749999983e+02 4.367643529299999727e+01 1.678874675710000020e+02
2.191451019900000075e-01 -1.689741362809999980e-01 2.657908072049999793e-01 -6.054536956980000051e-02 -1.249826515710000052e+02 4.260090275110000135e+01 1.672537961959999961e+02
5.039549477229999797e-01 -1.672159700299999940e-01 2.658016225989999759e-01 -5.884300573029999787e-02 -1.253572937170000046e+02 4.198453029179999874e+01 1.666989891300000011e+02
1.249352621039999944e-01 -1.670800837159999996e-01 2.641117485789999941e-01 -6.225608319920000050e-02 -1.244040685599999989e+02 4.343040101289999910e+01 1.675218199990000016e+02
1.522068752840000094e-01 -1.668178861450000106e-01 2.631449103599999839e-01 -6.037588645789999930e-02 -1.251433122659999952e+02 4.268963529679999880e+01 1.669809987920000083e+02
5.103609125920000045e-01 -1.678853838450000135e-01 2.611778561659999776e-01 -6.126868042820000221e-02 -1.253446949700000062e+02 4.318705606510000194e+01 1.674616321190000008e+02
2.659149620530000258e-01 -1.675398703550000090e-01 2.625558030160000111e-01 -5.909211050700000079e-02 -1.243322232609999958e+02 4.247584708419999799e+01 1.673264777569999922e+02
4.145114407939999857e-01 -1.701053986080000024e-01 2.628847704999999757e-01 -5.849125081760000316e-02 -1.242175882930000057e+02 4.227097371709999862e+01 1.670139813920000051e+02
2.240164602649999948e-01 -1.681623137300000126e-01 2.627596128710000256e-01 -6.754371694279999450e-02 -1.246078710719999947e+02 4.437630488500000325e+01 1.686799384159999988e+02
2.696591907709999791e-01 -1.686250199630000002e-01 2.636836081489999928e-01 -5.262513778180000212e-02 -1.252703820560000025e+02 4.107384691050000214e+01 1.660505108510000127e+02
1.429213232340000028e-01 -1.687253874580000035e-01 2.612210669119999773e-01 -5.962295471429999993e-02 -1.248942528529999976e+02 4.281562619080000331e+01 1.674484090720000040e+02
1.368284678080000094e-01 -1.667609660369999969e-01 2.654979896319999977e-01 -6.051197022439999684e-02 -1.259935523730000000e+02 4.214716580630000209e+01 1.670432274059999997e+02
1.712035098430000069e-01 -1.695714938950000084e-01 2.677251210459999919e-01 -6.233686729570000334e-02 -1.244548590910000030e+02 4.242694805469999864e+01 1.670411394360000088e+02
1.069560729360000018e+00 -1.696644323819999911e-01 2.666863605450000008e-01 -6.137160332359999776e-02 -1.242229084880000016e+02 4.245701014929999673e+01 1.669484627219999879e+02
6.212523763759999484e-01 -1.668127962179999924e-01 2.627966982439999821e-01 -6.312238243230000601e-02 -1.261448997319999989e+02 4.294633727920000155e+01 1.669970691089999946e+02
1.224686612759999932e-01 -1.706733308639999946e-01 2.653452994200000137e-01 -6.141189073969999940e-02 -1.245033793890000027e+02 4.239163953589999778e+01 1.674720037179999963e+02
1.616937921419999924e+00 -1.669311700929999864e-01 2.624821553139999875e-01 -6.147573696650000113e-02 -1.250898696139999942e+02 4.236320015500000125e+01 1.670146983559999967e+02
2.219034763359999940e-01 -1.660481654529999962e-01 2.618161767980000110e-01 -5.912106934720000317e-02 -1.253858065430000011e+02 4.272173189520000136e+01 1.675880434560000083e+02
1.542165188890000094e-01 -1.701836370650000041e-01 2.629342018659999725e-01 -5.705362313890000037e-02 -1.244722606610000071e+02 4.180955908749999850e+01 1.668087120939999863e+02
1.166048420840000016e-01 -1.671059538620000007e-01 2.649558620079999760e-01 -6.171094150410000312e-02 -1.253554794399999963e+02 4.254204902520000076e+01 1.669338120410000101e+02
3.390920234629999919e-01 -1.681221352329999863e-01 2.630033066290000110e-01 -5.759664975360000161e-02 -1.250515533239999968e+02 4.237098383970000270e+01 1.672353408129999934e+02
1.208521333019999949e-01 -1.693345520370000135e-01 2.670680201180000157e-01 -6.457146644229999621e-02 -1.240970585889999995e+02 4.288855433089999991e+01 1.676665837429999897e+02
2.294288079310000117e-01 -1.691830680849999990e-01 2.612738491630000048e-01 -5.734684655189999786e-02 -1.246004368410000041e+02 4.258907237559999714e+01 1.676892457200000024e+02
1.002548443040000015e-01 -1.700081109749999875e-01 2.611982768630000118e-01 -6.144603664730000081e-02 -1.242939217830000018e+02 4.350303264330000275e+01 1.681369188339999994e+02
3.749823002439999775e-01 -1.696133601099999999e-01 2.601932732089999867e-01 -5.915849252449999901e-02 -1.248899094859999934e+02 4.276291180060000130e+01 1.675363123109999890e+02
1.077613155830000058e-01 -1.661224099499999940e-01 2.642399891559999991e-01 -6.268113853529999613e-02 -1.258969141670000056e+02 4.252955195549999701e+01 1.674901494419999892e+02
1.517658807019999889e+00 -1.683308797309999993e-01 2.665606103529999937e-01 -6.132572628670000109e-02 -1.252487911719999971e+02 4.260529382330000203e+01 1.667774591600000065e+02
2.030451293730000106e-01 -1.662608310099999986e-01 2.634914927450000000e-01 -6.178049332700000229e-02 -1.259237733819999931e+02 4.347703032399999756e+01 1.676573915719999945e+02
1.694706563429999868e-01 -1.697757712319999945e-01 2.630517042589999854e-01 -6.098930281260000336e-02 -1.238049284699999930e+02 4.295320486939999682e+01 1.679580226289999985e+02
1.008205098169999980e-01 -1.701774791010000065e-01 2.624607158080000113e-01 -5.884195330750000008e-02 -1.246122701750000061e+02 4.302408241700000247e+01 1.675251415420000001e+02
3.907136125490000000e-01 -1.670435061810000010e-01 2.620834748459999752e-01 -5.669382052989999782e-02 -1.254103846630000021e+02 4.191094967130000271e+01 1.669595312739999997e+02
2.944911653949999764e-01 -1.639647045050000029e-01 2.679175690150000233e-01 -6.782817004339999900e-02 -1.257511585059999959e+02 4.303106660400000294e+01 1.675863820639999915e+02
3.000152509549999791e-01 -1.684510619869999948e-01 2.648436321850000108e-01 -6.021562366890000073e-02 -1.246296133329999947e+02 4.217935424110000042e+01 1.670113214819999996e+02
3.434596272730000011e-01 -1.686840917730000056e-01 2.607672174310000091e-01 -5.909384327529999814e-02 -1.253898764650000004e+02 4.297696049409999830e+01 1.672910384449999981e+02
3.154641104290000220e-01 -1.669936689890000048e-01 2.657695773059999822e-01 -6.346158627060000113e-02 -1.252083102050000036e+02 4.323646058789999813e+01 1.679032528440000078e+02
1.059019002569999979e-01 -1.661225609270000070e-01 2.609595336200000171e-01 -5.498435863420000208e-02 -1.261264419830000065e+02 4.228941021419999657e+01 1.668111344890000112e+02
1.057357069710000014e-01 -1.655258933039999991e-01 2.649661393500000184e-01 -6.656535794140000517e-02 -1.256455363249999948e+02 4.328999425359999975e+01 1.675668841129999862e+02
1.045463051239999969e-01 -1.704418830299999910e-01 2.624276923219999724e-01 -5.453017893670000088e-02 -1.242894772399999965e+02 4.207434701559999723e+01 1.666276016850000019e+02
1.897283698820000086e-01 -1.639120921999999980e-01 2.631185180150000247e-01 -6.423698632280000487e-02 -1.259218849210000002e+02 4.339311014959999824e+01 1.677700910720000138e+02
1.299281752299999981e+00 -1.687608510149999907e-01 2.633744956390000058e-01 -5.826260650299999733e-02 -1.251620966750000008e+02 4.172032209700000038e+01 1.669588081320000015e+02
2.494886546420000129e-01 -1.677681077079999916e-01 2.648062574039999895e-01 -6.310618172319999719e-02 -1.245353432849999962e+02 4.286921110640000165e+01 1.675802824550000025e+02
1.332957905740000115e-01 -1.663647405850000038e-01 2.653139428019999913e-01 -6.465793005559999918e-02 -1.256849153160000014e+02 4.349569674250000162e+01 1.677779529899999886e+02
8.041380354099999517e-01 -1.650815538729999976e-01 2.649843802699999862e-01 -5.810321410739999887e-02 -1.260850957380000068e+02 4.199646376889999999e+01 1.665407597720000012e+02
3.147729205989999723e-01 -1.723776050240000135e-01 2.673409562080000246e-01 -6.569920569520000531e-02 -1.235801317269999942e+02 4.308072854849999800e+01 1.675658185030000027e+02
1.545471746600000085e-01 -1.717922152480000075e-01 2.647837560660000200e-01 -5.546759654999999789e-02 -1.242924296930000025e+02 4.170099701689999705e+01 1.665214773989999912e+02
2.688286273600000165e-01 -1.651922031109999967e-01 2.692407765679999954e-01 -5.943137588909999658e-02 -1.261330385349999972e+02 4.121686967899999843e+01 1.658415335459999937e+02
1.166175081270000025e-01 -1.654658953139999944e-01 2.593771688029999911e-01 -6.488684844849999800e-02 -1.254102146110000007e+02 4.418667684729999934e+01 1.685645388359999970e+02
1.117299754460000072e+00 -1.687304073579999897e-01 2.670336394180000128e-01 -6.131231951979999872e-02 -1.248410181060000070e+02 4.244716034670000226e+01 1.667434482049999929e+02
2.796062341189999856e-01 -1.678043632029999899e-01 2.638643289220000132e-01 -5.847131710629999840e-02 -1.255096560879999998e+02 4.236349913930000355e+01 1.668890234159999864e+02
1.627812527030000067e-01 -1.716353445749999873e-01 2.631784235099999814e-01 -6.191604763209999918e-02 -1.234028861390000031e+02 4.313558099330000317e+01 1.675221477009999944e+02
1.901200011209999985e-01 -1.685575519899999986e-01 2.623785700410000143e-01 -6.062062657830000201e-02 -1.242277139450000050e+02 4.269692569299999718e+01 1.679889643010000100e+02
1.402747704619999869e-01 -1.673347185259999870e-01 2.643519246209999896e-01 -6.141261253889999938e-02 -1.251284409480000051e+02 4.202616504849999757e+01 1.671546111769999925e+02
1.354688291599999983e-01 -1.662572436370000073e-01 2.614816652759999749e-01 -5.639958207199999990e-02 -1.256954017329999971e+02 4.199012038640000100e+01 1.670115281120000077e+02
1.181070927570000012e-01 -1.664583759580000044e-01 2.621005371769999925e-01 -5.896753030170000243e-02 -1.254672424299999989e+02 4.317606292269999813e+01 1.676004302240000072e+02
6.258428192430000259e+00 -1.682687780930000043e-01 2.616568313450000072e-01 -5.807946987919999915e-02 -1.249885077849999959e+02 4.308132466490000212e+01 1.675271250979999991e+02
3.279131791329999990e-01 -1.704135404480000004e-01 2.666465800939999964e-01 -6.184721955780000252e-02 -1.243083255789999981e+02 4.242078608170000109e+01 1.672773090690000117e+02
2.386056598780000038e-01 -1.670431830240000082e-01 2.651006473840000210e-01 -6.308478127390000634e-02 -1.256316576859999969e+02 4.291104019090000321e+01 1.674158061310000107e+02
1.647985324079999925e-01 -1.694929575219999984e-01 2.637997815459999784e-01 -5.892148502820000050e-02 -1.249705211980000001e+02 4.261536367779999779e+01 1.668143357490000085e+02
1.313879324890000033e+00 -1.689509536559999914e-01 2.602968716280000261e-01 -5.852721984840000141e-02 -1.249780139190000057e+02 4.315754980460000212e+01 1.676507057430000032e+02
1.471756089509999865e-01 -1.651154655759999867e-01 2.661524609920000173e-01 -6.800836501809999490e-02 -1.255245758039999942e+02 4.379695194629999833e+01 1.679364448579999873e+02
7.436271494280000116e-01 -1.661257989680000047e-01 2.629404459570000019e-01 -5.985135073469999983e-02 -1.255874624639999979e+02 4.246419556440000065e+01 1.670621602379999899e+02
1.281415511369999871e-01 -1.688552046890000047e-01 2.633514694090000052e-01 -5.919115695390000237e-02 -1.243113925050000006e+02 4.240631326999999828e+01 1.672140339690000133e+02
1.202523143210000034e-01 -1.667503972599999884e-01 2.667874389939999813e-01 -6.131706698400000294e-02 -1.251694199859999941e+02 4.241559098999999833e+01 1.666174278169999923e+02
5.048514530190000293e-01 -1.646288275489999897e-01 2.611438742830000104e-01 -5.632170314550000167e-02 -1.260832475509999995e+02 4.202591544580000260e+01 1.667846148890000109e+02
2.880557677139999884e-01 -1.709837366749999976e-01 2.669756296910000271e-01 -6.336148688449999566e-02 -1.240433834450000035e+02 4.257686288720000078e+01 1.675297203609999883e+02
1.392743839779999881e-01 -1.662984983119999982e-01 2.671236528620000161e-01 -6.508124663400000065e-02 -1.249540589030000035e+02 4.293703419220000228e+01 1.674744837370000141e+02
1.593042658899999908e-01 -1.706110660529999989e-01 2.665836192720000275e-01 -5.988713149750000270e-02 -1.243290754410000005e+02 4.220365021260000304e+01 1.669869344329999876e+02
1.216715378290000038e-01 -1.707190497240000104e-01 2.658185493820000023e-01 -5.779308608779999690e-02 -1.243943278330000055e+02 4.177683931960000052e+01 1.666332858330000022e+02
1.920278840659999930e-01 -1.674080911349999923e-01 2.628711289480000213e-01 -6.025584786500000345e-02 -1.253399946889999939e+02 4.232466521839999984e+01 1.669240216379999993e+02
4.197113858159999822e-01 -1.688178227730000036e-01 2.621947259080000259e-01 -6.260213456350000039e-02 -1.240449045069999983e+02 4.285451605280000109e+01 1.678338140539999870e+02
1.926297340939999991e-01 -1.686975956690000000e-01 2.650338074829999835e-01 -6.419631777970000175e-02 -1.243557509900000042e+02 4.244550370219999991e+01 1.675723882469999921e+02
2.627598596169999912e-01 -1.666780941219999923e-01 2.646270783740000132e-01 -6.351991991050000286e-02 -1.249390758629999993e+02 4.325728705480000258e+01 1.677344846500000131e+02
3.981541298919999972e-01 -1.667207051300000076e-01 2.658013362910000010e-01 -5.972879532190000090e-02 -1.254627195959999995e+02 4.174346102250000001e+01 1.668108721129999878e+02
1.492189507999999998e-01 -1.688220914559999952e-01 2.648856204860000063e-01 -5.836579767430000176e-02 -1.249640539279999985e+02 4.176991602470000231e+01 1.665272068499999989e+02
1.179531522049999948e-01 -1.644344032249999976e-01 2.650046555650000246e-01 -6.453257530620000459e-02 -1.261843501679999946e+02 4.333353791609999917e+01 1.675013298579999912e+02
2.382430510459999928e-01 -1.687704704330000027e-01 2.629896424529999943e-01 -5.800416961740000044e-02 -1.243455042249999991e+02 4.252371146309999972e+01 1.671881880239999987e+02
1.161016443859999997e-01 -1.698003771000000106e-01 2.638783234329999949e-01 -6.010951924550000242e-02 -1.246360737400000005e+02 4.278929247709999828e+01 1.675699706359999936e+02
1.133020362839999989e-01 -1.684970117110000110e-01 2.630931076590000139e-01 -6.247704778209999671e-02 -1.248378386220000067e+02 4.356219397870000165e+01 1.677873306090000085e+02
1.973772343809999941e-01 -1.661739359830000096e-01 2.625424724009999822e-01 -6.793634970369999415e-02 -1.249192309599999930e+02 4.404677216139999985e+01 1.682217752660000087e+02
1.189364538349999972e-01 -1.683145724279999922e-01 2.646970199650000022e-01 -6.177378830050000297e-02 -1.252236799340000033e+02 4.268793334960000152e+01 1.671655376399999966e+02
1.071229410809999977e-01 -1.658641490470000035e-01 2.620350601920000133e-01 -5.869177878790000219e-02 -1.250004080899999934e+02 4.275066550870000270e+01 1.674180868180000061e+02
2.368664081280000000e-01 -1.677637543280000032e-01 2.629330842529999934e-01 -6.290172754160000546e-02 -1.244605003559999972e+02 4.281579728820000241e+01 1.675495514989999890e+02
1.063143657979999934e-01 -1.683545844550000115e-01 2.649063243059999739e-01 -6.223620654700000310e-02 -1.251448409169999962e+02 4.248644184860000195e+01 1.669635057680000045e+02
8.172496580550000500e-01 -1.647029254540000043e-01 2.674854007290000113e-01 -6.323174359140000533e-02 -1.258921750760000009e+02 4.215675322109999712e+01 1.666241706030000103e+02
1.046569017829999948e-01 -1.715397467370000095e-01 2.608405182899999897e-01 -5.813624441020000255e-02 -1.243518757349999930e+02 4.284493825439999881e+01 1.673114177669999947e+02
2.321427128430000042e-01 -1.669981688470000003e-01 2.654744454769999984e-01 -6.497391752709999468e-02 -1.248071053010000071e+02 4.288938094489999742e+01 1.676587259789999962e+02
2.289988329679999990e-01 -1.751058770299999956e-01 2.652883454789999873e-01 -5.841147554259999708e-02 -1.229643876850000055e+02 4.222596398879999668e+01 1.668995366260000139e+02
1.696045135679999927e-01 -1.696643429130000047e-01 2.626331452810000133e-01 -5.717279648850000229e-02 -1.245474762479999953e+02 4.193078328440000035e+01 1.673306875769999920e+02
1.263820534729999945e-01 -1.653390399970000035e-01 2.634877738929999880e-01 -5.959349023809999701e-02 -1.262091323220000021e+02 4.234091128240000046e+01 1.667065746339999919e+02
1.186063858090000034e+00 -1.670112528899999893e-01 2.645383497530000017e-01 -6.337245564950000354e-02 -1.253157769769999987e+02 4.351957530490000181e+01 1.677172335699999906e+02
