6.491035637049999973e-01 1.512883293489999947e-01 1.043200277700000039e-01 -3.700690216790000209e-01 -1.307876874389999955e+02 8.597580024020000167e+01 8.633998413400000516e+01
1.084863933979999945e-01 1.467823816380000035e-01 1.045468029820000033e-01 -3.750240848479999833e-01 -1.302488396930000079e+02 8.582773473219999971e+01 8.645868352450000316e+01
1.007333792790000015e-01 1.500507934139999888e-01 9.427254250029999672e-02 -3.691536410119999889e-01 -1.307242803919999972e+02 8.657768500059999894e+01 8.651681252400000233e+01
1.339510978869999924e-01 1.528342401480000112e-01 1.026676482359999976e-01 -3.690306894070000121e-01 -1.307807538799999918e+02 8.625277754610000613e+01 8.616941645010000173e+01
2.575263691499999896e-01 1.435099847899999892e-01 1.017848343479999945e-01 -3.703756343580000276e-01 -1.306290997590000131e+02 8.653037554300000522e+01 8.634042161690000228e+01
1.063949752240000018e-01 1.474966149099999901e-01 9.704495692929999973e-02 -3.683816616400000243e-01 -1.304957479450000051e+02 8.642907455520000326e+01 8.653893830440000556e+01
2.782829323170000202e-01 1.436349139239999906e-01 1.005637979030000045e-01 -3.716324552849999963e-01 -1.302863372079999920e+02 8.586022835049999458e+01 8.658408814999999947e+01
1.463534300160000134e-01 1.474439420310000026e-01 1.031684474030000048e-01 -3.739404581029999730e-01 -1.304954410690000088e+02 8.634670092669999519e+01 8.672817020220000472e+01
1.110914043640000015e-01 1.477567547120000047e-01 1.033679511049999944e-01 -3.736945808109999878e-01 -1.301837360270000090e+02 8.651099574980000284e+01 8.640108961449999470e+01
1.869746700490000080e-01 1.411437472519999903e-01 9.651324850879999806e-02 -3.767457674249999888e-01 -1.299412392019999913e+02 8.630446071980000511e+01 8.669530011390000368e+01
1.032876815669999948e-01 1.441628991680000138e-01 1.007769212269999937e-01 -3.739376969229999959e-01 -1.306731288249999920e+02 8.596239449220000495e+01 8.655823440359999665e+01
2.156451952729999955e-01 1.456940761480000068e-01 9.952045845620000053e-02 -3.741583468040000082e-01 -1.299986266159999957e+02 8.622945032440000546e+01 8.667688140980000355e+01
1.339033760480000113e-01 1.503482631720000073e-01 1.024061092149999991e-01 -3.704780718219999880e-01 -1.307740081219999979e+02 8.605569577890000232e+01 8.621435262420000356e+01
1.176073141450000026e-01 1.496342927930000011e-01 1.024732392800000030e-01 -3.716112583260000046e-01 -1.307126500690000057e+02 8.622841625249999709e+01 8.606127139980000607e+01
2.792876471560000184e-01 1.406644546099999893e-01 9.780152837889999340e-02 -3.723287918150000042e-01 -1.300795140969999864e+02 8.603353488320000508e+01 8.673626076589999911e+01
1.256865554190000067e-01 1.466662267730000080e-01 1.026497953069999969e-01 -3.678461881219999841e-01 -1.307364528690000043e+02 8.611946352050000542e+01 8.684762344290000158e+01
1.043065514229999935e-01 1.464471468050000114e-01 1.003952085200000011e-01 -3.715103081810000041e-01 -1.304296382439999888e+02 8.631569298760000208e+01 8.660699140449999334e+01
1.831032371990000129e-01 1.437824209319999991e-01 1.050681855499999984e-01 -3.728593723970000107e-01 -1.302207990459999962e+02 8.619138289340000370e+01 8.618828240050000034e+01
4.452116854589999728e-01 1.494075348139999870e-01 9.903906196080000668e-02 -3.776680411200000198e-01 -1.303992488050000134e+02 8.641897838200000592e+01 8.679949645920000023e+01
1.734199093899999877e-01 1.396301902869999945e-01 9.871532024989999876e-02 -3.758070881880000158e-01 -1.299955741569999930e+02 8.614995116629999927e+01 8.678988395470000228e+01
1.142520197779999941e-01 1.397282400719999929e-01 9.966427713490000340e-02 -3.761938997639999727e-01 -1.301189448089999985e+02 8.643595336139999574e+01 8.677628889010000535e+01
3.683635944499999981e-01 1.410483440209999995e-01 9.804775134929999414e-02 -3.746289288190000066e-01 -1.300250134450000132e+02 8.644599442370000020e+01 8.692853697590000195e+01
4.753340008570000053e-01 1.484028182209999880e-01 1.013196089480000034e-01 -3.684168005110000088e-01 -1.305348456829999861e+02 8.605230503309999790e+01 8.671306524400000626e+01
4.881242136569999834e-01 1.433806575430000008e-01 1.041083636429999959e-01 -3.717920999250000080e-01 -1.303807554709999863e+02 8.619129071019999344e+01 8.662875849290000474e+01
1.238277435320000036e-01 1.403933390730000008e-01 9.998573737990000543e-02 -3.685460447930000161e-01 -1.305895323400000052e+02 8.636337162799999589e+01 8.679809102939999832e+01
1.183623920689999970e-01 1.440043444780000070e-01 9.356109734820000634e-02 -3.770540129439999832e-01 -1.302465281670000081e+02 8.683400538809999603e+01 8.651698627919999751e+01
2.127989022050000012e-01 1.425730865700000072e-01 9.978703084499999931e-02 -3.723084845360000172e-01 -1.302485695389999876e+02 8.590345633100000100e+01 8.665846018640000636e+01
1.706432868470000030e-01 1.466511203330000124e-01 9.659979555860000178e-02 -3.691397305119999972e-01 -1.305873348140000019e+02 8.649751498960000617e+01 8.657098049100000026e+01
1.665834142050000022e-01 1.442586078070000055e-01 1.081564329570000038e-01 -3.748349375030000097e-01 -1.302988649639999892e+02 8.606034721199999638e+01 8.657006644480000546e+01
1.359421931439999953e-01 1.486835188479999903e-01 1.013313181789999989e-01 -3.765873438449999777e-01 -1.306555411800000002e+02 8.632658771129999309e+01 8.629686679910000180e+01
4.123223713499999943e-01 1.464950966480000061e-01 1.011962598599999985e-01 -3.750894960819999846e-01 -1.301467209529999991e+02 8.609810782350000125e+01 8.686517414579999752e+01
3.794303082470000255e-01 1.505082254269999864e-01 9.972369120259999553e-02 -3.738242398689999857e-01 -1.305812852589999977e+02 8.644680996270000151e+01 8.621583779350000043e+01
1.060130848899999978e-01 1.455193676400000080e-01 1.064602269630000042e-01 -3.690459522610000098e-01 -1.305118539610000141e+02 8.566770488660000638e+01 8.656963514119999559e+01
1.838807487540000118e-01 1.481366420290000097e-01 9.882427813659999671e-02 -3.704335837259999931e-01 -1.306125522970000077e+02 8.620419896389999792e+01 8.660521953769999470e+01
2.162753054850000134e-01 1.449012099389999919e-01 1.052273357959999933e-01 -3.746830938849999848e-01 -1.301128570749999938e+02 8.606987938090000512e+01 8.678213906599999916e+01
1.438126119500000022e-01 1.427172268590000126e-01 9.943879403420000096e-02 -3.717016326729999931e-01 -1.301933061880000082e+02 8.629424659709999901e+01 8.649293989669999405e+01
4.250829828820000267e-01 1.426368540300000098e-01 1.030026059520000037e-01 -3.722977875710000162e-01 -1.303214394219999974e+02 8.635891357129999335e+01 8.721059547449999627e+01
1.331982441500000058e-01 1.445851033149999909e-01 1.007869071670000061e-01 -3.750480372739999901e-01 -1.297578097029999924e+02 8.619724264689999416e+01 8.679535179580000204e+01
5.206958361269999891e-01 1.500644014789999925e-01 1.032033108329999949e-01 -3.754504549680000025e-01 -1.306825388579999867e+02 8.590591200549999940e+01 8.649996030590000373e+01
7.639065634399999638e-01 1.467162434640000013e-01 1.020672407590000053e-01 -3.716399617569999814e-01 -1.304822171069999968e+02 8.605961226709999323e+01 8.648595122010000580e+01
2.661083129049999774e-01 1.477343304339999996e-01 9.637724637380000459e-02 -3.703576101339999815e-01 -1.305944045619999940e+02 8.644692144920000487e+01 8.653521352309999770e+01
1.527258702610000130e-01 1.419734647550000006e-01 1.008718353449999938e-01 -3.673726042550000126e-01 -1.306456651249999936e+02 8.647890598540000440e+01 8.687639934119999907e+01
1.025717792029999936e-01 1.464807707459999941e-01 1.028672539310000050e-01 -3.702851656450000251e-01 -1.307320360809999897e+02 8.594956299460000082e+01 8.687541931169999998e+01
3.063094668479999783e-01 1.427234582040000088e-01 9.976655224420000190e-02 -3.767450994809999898e-01 -1.303055656800000008e+02 8.663357521599999700e+01 8.691997902549999822e+01
1.573785874330000112e-01 1.405568482619999893e-01 1.006508438420000012e-01 -3.692046543490000166e-01 -1.300467507930000011e+02 8.627673008920000086e+01 8.675141581239999766e+01
2.637099121820000169e-01 1.456119255749999952e-01 9.868161240280000357e-02 -3.704969929019999997e-01 -1.301931282410000108e+02 8.584258948149999924e+01 8.673466437019999375e+01
1.614659094919999871e-01 1.426728905820000004e-01 1.011755778250000015e-01 -3.778821642090000044e-01 -1.298923151310000037e+02 8.623881432369999800e+01 8.671801934030000325e+01
1.178822438610000051e-01 1.465396634949999999e-01 1.016485049519999934e-01 -3.670283681159999811e-01 -1.303418556089999925e+02 8.600668618720000325e+01 8.651128895109999917e+01
1.825753779440000002e-01 1.442502295910000065e-01 1.018064542800000000e-01 -3.724547677460000039e-01 -1.308022446059999879e+02 8.602991897530000642e+01 8.681349002020000682e+01
1.407096980879999903e-01 1.498785937650000122e-01 1.030349799059999960e-01 -3.678140163429999832e-01 -1.306507981489999963e+02 8.611089314570000397e+01 8.616301388610000345e+01
1.194403888070000030e-01 1.458422795110000114e-01 9.883554732009999788e-02 -3.752166200100000015e-01 -1.301073378259999913e+02 8.597872205129999656e+01 8.681603734979999842e+01
2.647561291030000041e-01 1.431237878740000136e-01 1.028472058249999960e-01 -3.747710301450000170e-01 -1.303109423379999896e+02 8.660089578150000023e+01 8.669836998830000141e+01
2.164266071239999978e-01 1.445865278139999988e-01 1.024632342350000058e-01 -3.757459000500000257e-01 -1.302033336069999905e+02 8.623692320760000030e+01 8.679622260290000213e+01
1.035383180039999990e-01 1.344247415940000023e-01 1.020616896240000016e-01 -3.713891132600000144e-01 -1.299423018230000082e+02 8.628968470700000637e+01 8.704573040580000054e+01
2.950913822160000088e-01 1.492389174900000115e-01 1.021501827140000040e-01 -3.745739777220000177e-01 -1.301708781080000108e+02 8.598615835980000099e+01 8.649420635779999600e+01
1.242977316320000025e-01 1.385375191529999994e-01 1.050354454249999986e-01 -3.797284257440000088e-01 -1.298585330660000068e+02 8.596183644410000113e+01 8.662256273760000624e+01
1.927194778309999912e-01 1.477890037029999937e-01 9.922273070249999771e-02 -3.755290428390000157e-01 -1.305611643089999916e+02 8.645919839100000104e+01 8.647194416359999991e+01
2.752672544929999798e+00 1.441244176879999950e-01 1.008640210770000017e-01 -3.794977575030000216e-01 -1.302694299569999998e+02 8.645300852260000113e+01 8.668571490099999721e+01
2.140389799119999936e-01 1.443965209360000002e-01 9.822477065970000587e-02 -3.719361730099999819e-01 -1.308342782320000026e+02 8.631417137670000272e+01 8.650470909119999874e+01
1.759467342749999885e-01 1.447955391799999880e-01 1.007731140950000048e-01 -3.697605468190000022e-01 -1.306356687470000111e+02 8.599511616489999710e+01 8.650475590899999645e+01
1.914899753000000038e-01 1.480674827969999940e-01 1.002259038720000051e-01 -3.705843272639999797e-01 -1.308067120860000045e+02 8.599162987180000073e+01 8.666432006210000338e+01
1.151072404349999939e-01 1.480687655569999928e-01 9.580614714410000399e-02 -3.782684356430000006e-01 -1.302511311499999920e+02 8.683839856769999699e+01 8.642026030629999411e+01
1.618968642230000088e-01 1.434385056170000006e-01 1.017450731420000004e-01 -3.786915347559999812e-01 -1.299587167180000051e+02 8.637700530130000232e+01 8.662477475129999505e+01
1.207370401289999950e-01 1.434297305049999915e-01 1.043677908929999953e-01 -3.750565617980000099e-01 -1.303853321930000106e+02 8.597412723040000060e+01 8.656070337609999399e+01
1.028833365390000032e-01 1.428643552159999941e-01 9.533915384289999573e-02 -3.774822078619999854e-01 -1.302489715069999932e+02 8.688785612590000085e+01 8.682465585580000322e+01
2.132947084010000105e-01 1.495853191790000036e-01 9.790212941049999951e-02 -3.776472623339999779e-01 -1.304042526599999974e+02 8.665696713050000710e+01 8.638378817829999434e+01
8.219454727999999655e-01 1.440972445229999899e-01 9.450166649199999436e-02 -3.786516271200000006e-01 -1.302095743360000029e+02 8.668208883910000395e+01 8.674269583630000113e+01
1.665231437739999876e-01 1.456120773429999959e-01 1.016455016549999979e-01 -3.640165529020000235e-01 -1.308403209059999881e+02 8.589844845659999351e+01 8.661801720910000313e+01
1.260870110969999902e-01 1.406795229109999990e-01 9.812161419629999992e-02 -3.666948160069999907e-01 -1.302248956829999997e+02 8.616811621150000633e+01 8.697330186599999990e+01
1.050895589120000029e-01 1.395195583299999875e-01 9.998431246689999663e-02 -3.680761439660000245e-01 -1.302528881210000122e+02 8.602105369320000250e+01 8.674704514270000288e+01
4.180736072440000006e-01 1.391678083360000096e-01 1.014141806570000026e-01 -3.747823685450000220e-01 -1.303766946659999917e+02 8.637123359160000291e+01 8.671815513309999801e+01
4.114928074509999756e-01 1.470406114820000110e-01 9.901956073050000029e-02 -3.759578392879999731e-01 -1.305815056190000121e+02 8.626064726180000264e+01 8.678681771479999441e+01
1.523666073870000026e-01 1.447227241010000109e-01 1.013546361429999987e-01 -3.725338431510000214e-01 -1.306295763120000117e+02 8.580146570259999805e+01 8.681338117779999664e+01
3.395379552719999805e-01 1.429752430490000004e-01 1.018289272059999945e-01 -3.737933332260000019e-01 -1.303224988709999934e+02 8.612724690650000525e+01 8.664258669199999474e+01
2.171453178989999899e-01 1.434283461180000108e-01 1.012987490349999964e-01 -3.660033746249999886e-01 -1.305267193420000069e+02 8.626226908120000303e+01 8.704107226070000536e+01
3.591813251159999831e-01 1.481258683109999974e-01 1.073800834580000002e-01 -3.687620010839999796e-01 -1.304746901839999964e+02 8.592539153929999429e+01 8.645650466600000073e+01
1.883025505819999890e-01 1.446123342550000024e-01 9.962778228599999952e-02 -3.713996865440000184e-01 -1.307516790720000017e+02 8.655040195360000155e+01 8.675733795220000388e+01
2.645670734969999827e-01 1.445519989800000127e-01 1.004259158420000020e-01 -3.726608273359999779e-01 -1.301399365089999947e+02 8.604546143470000175e+01 8.658196691669999723e+01
2.862011318250000103e-01 1.431559674700000062e-01 9.646516125479999426e-02 -3.715973266729999946e-01 -1.303406019679999872e+02 8.664768348689999300e+01 8.661178934299999810e+01
1.439772778700000033e-01 1.462563501539999866e-01 1.012225572009999991e-01 -3.701275939920000146e-01 -1.304390812629999914e+02 8.677182976650000512e+01 8.670719429609999906e+01
2.946654935219999993e-01 1.469508730440000077e-01 1.007831970320000048e-01 -3.733917513889999928e-01 -1.305937587459999918e+02 8.624790482299999894e+01 8.611982201690000238e+01
1.688815765470000008e+00 1.413387504370000047e-01 1.016349089749999934e-01 -3.695954927089999953e-01 -1.304591124529999888e+02 8.600910898719999409e+01 8.694079998760000194e+01
2.381800657139999944e-01 1.401669378640000019e-01 9.887471829230000397e-02 -3.734498396070000115e-01 -1.300147462220000136e+02 8.630138982629999589e+01 8.668434649760000354e+01
1.547778539770000017e-01 1.428006898309999995e-01 1.004928159760000023e-01 -3.682507182579999871e-01 -1.308384549719999939e+02 8.614767746779999413e+01 8.666147210089999930e+01
1.964444768220000026e-01 1.461677403989999902e-01 9.930793326030000479e-02 -3.696882662150000054e-01 -1.305763082050000037e+02 8.624401794700000323e+01 8.691454368959999499e+01
1.278132650069999932e-01 1.513481633260000125e-01 1.006968012569999932e-01 -3.749545221519999805e-01 -1.304507736459999876e+02 8.662274907270000313e+01 8.639323570509999684e+01
1.052588788780000062e-01 1.385046592870000093e-01 9.983078795930000471e-02 -3.739890802220000032e-01 -1.299731970859999990e+02 8.644152542649999305e+01 8.686581564979999825e+01
8.826678426359999552e-01 1.426805178639999894e-01 1.068772960630000046e-01 -3.789560536859999940e-01 -1.298494163420000120e+02 8.583381116319999649e+01 8.645589487719999511e+01
1.213897635380000034e-01 1.497608961040000075e-01 9.834415348340000418e-02 -3.773456639650000222e-01 -1.303413002199999937e+02 8.640352291070000490e+01 8.647784118920000651e+01
2.389225192449999924e-01 1.464122223279999968e-01 1.024760941789999991e-01 -3.725339862550000047e-01 -1.307418898100000035e+02 8.623780794420000007e+01 8.606493789980000031e+01
1.508210854200000006e-01 1.432819166879999995e-01 9.858820641960000519e-02 -3.716670747149999898e-01 -1.306801563820000069e+02 8.610228719180000212e+01 8.688070965619999697e+01
1.106601852090000060e-01 1.477057807840000125e-01 1.046489957140000066e-01 -3.762542212350000193e-01 -1.301568151280000052e+02 8.606909393239999417e+01 8.641021788650000701e+01
1.760003630470000080e-01 1.456248311580000121e-01 1.021325132519999984e-01 -3.755101025109999768e-01 -1.302179582029999949e+02 8.666984002319999547e+01 8.629688352060000511e+01
4.972156357740000199e-01 1.415023497500000060e-01 1.026480496289999961e-01 -3.704000250919999848e-01 -1.301675039229999982e+02 8.605492333050000298e+01 8.658245164919999581e+01
1.066434889750000059e-01 1.427069661679999935e-01 1.028989743709999988e-01 -3.720383278470000277e-01 -1.305882507180000118e+02 8.630125264219999792e+01 8.642137925500000506e+01
7.555623023169999453e-01 1.465964765979999862e-01 1.008754496139999957e-01 -3.787808346850000119e-01 -1.301166721349999875e+02 8.652511475250000217e+01 8.619317902989999425e+01
1.696238299820000073e+00 1.410294109649999905e-01 1.032817331850000020e-01 -3.727126392010000067e-01 -1.304873015290000069e+02 8.575769924940000521e+01 8.687777663679999307e+01
1.844370656440000034e-01 1.423665084990000107e-01 9.873521158949999377e-02 -3.782480996390000239e-01 -1.298444258840000032e+02 8.658462462570000184e+01 8.650965790200000072e+01
1.373805527660000025e-01 1.425523316669999874e-01 1.080188585369999954e-01 -3.753335693679999974e-01 -1.300712256159999924e+02 8.604899724579999543e+01 8.653010232709999627e+01
1.170164665160000061e-01 1.488224350779999983e-01 1.047185587830000014e-01 -3.735110591160000215e-01 -1.307155809129999966e+02 8.577610326170000121e+01 8.639071769340000628e+01
1.932814611889999978e-01 1.422183632940000053e-01 1.036423237080000004e-01 -3.732015339679999877e-01 -1.304033820029999902e+02 8.653539149329999702e+01 8.686352854359999753e+01
6.540075612879999944e+00 1.420809884160000036e-01 9.622671199939999975e-02 -3.788200930110000031e-01 -1.299610316190000106e+02 8.676722146749999354e+01 8.682005322400000580e+01
2.231006530300000124e-01 1.491794812489999900e-01 1.039764255659999942e-01 -3.707973116209999920e-01 -1.307522438000000022e+02 8.639876857160000156e+01 8.635094029280000427e+01
1.028527267170000065e-01 1.448943611969999989e-01 9.978921420929999508e-02 -3.722369550910000213e-01 -1.299402179440000111e+02 8.651932552869999427e+01 8.642316255240000089e+01
2.648630951859999860e-01 1.452391870539999907e-01 1.031311515300000065e-01 -3.705928064399999777e-01 -1.307167253190000054e+02 8.619409255319999374e+01 8.649365416870000445e+01
2.162401228289999866e-01 1.461875263119999935e-01 1.023611149369999945e-01 -3.719769143159999958e-01 -1.301790501229999961e+02 8.587595558130000484e+01 8.617525590840000405e+01
3.955574066890000129e+00 1.458279953009999907e-01 1.015018177519999981e-01 -3.766418857280000032e-01 -1.301522439199999894e+02 8.643961829250000051e+01 8.624242347969999400e+01
1.667327086429999938e-01 1.414167000830000021e-01 1.033646416940000035e-01 -3.747307430430000252e-01 -1.299861575799999969e+02 8.593895530310000197e+01 8.659611735320000037e+01
1.395054696789999882e-01 1.441803861119999863e-01 9.314594888850000198e-02 -3.722375694180000139e-01 -1.305720530760000031e+02 8.682395122210000693e+01 8.663570659699999510e+01
1.279427335530000098e-01 1.473050126190000031e-01 9.815795057409999747e-02 -3.727037490210000081e-01 -1.304024663579999981e+02 8.617558224600000472e+01 8.634362802549999572e+01
1.602470359269999867e-01 1.422744155469999883e-01 1.022883186879999934e-01 -3.667477684580000008e-01 -1.306192285150000032e+02 8.602639212200000429e+01 8.646799862170000495e+01
1.146152932700000016e-01 1.412633195030000011e-01 9.866997050549999870e-02 -3.725626341800000185e-01 -1.302650916700000039e+02 8.643938699039999563e+01 8.695674364559999958e+01
3.764029890939999956e-01 1.457043212809999988e-01 1.021310984889999968e-01 -3.765747982859999898e-01 -1.300988498199999981e+02 8.598576828900000635e+01 8.685647324730000207e+01
1.359339069290000090e-01 1.479185837670000114e-01 9.759279967289999358e-02 -3.707719049650000098e-01 -1.305664058929999953e+02 8.620652905580000436e+01 8.631633773929999620e+01
1.050036926359999984e-01 1.426145585340000133e-01 1.042604065659999968e-01 -3.692392763710000136e-01 -1.302246267099999955e+02 8.583216587809999965e+01 8.676868279049999444e+01
1.361528071379999871e-01 1.517902715470000052e-01 9.934899214999999562e-02 -3.707938504270000268e-01 -1.309913822750000065e+02 8.648819058579999819e+01 8.633704693420000353e+01
2.031693547919999898e-01 1.424441519790000110e-01 1.010410938600000003e-01 -3.686914979700000039e-01 -1.307655632850000131e+02 8.632130026670000689e+01 8.680671488110000666e+01
2.388626905200000039e-01 1.495911887449999922e-01 1.037910410080000040e-01 -3.736238384619999797e-01 -1.305302270539999938e+02 8.637548160990000667e+01 8.608923340020000126e+01
3.015558766299999971e-01 1.469602024030000065e-01 1.026348576930000006e-01 -3.679908247299999990e-01 -1.309710075019999920e+02 8.604854932109999766e+01 8.671897435089999817e+01
1.607777948880000085e-01 1.437733223429999985e-01 1.012197524960000011e-01 -3.756892146310000236e-01 -1.300136919580000097e+02 8.614394670299999746e+01 8.665150612120000062e+01
1.310086190480000135e-01 1.454289893780000009e-01 1.039271498260000010e-01 -3.741117948009999861e-01 -1.301283929950000129e+02 8.620290012990000150e+01 8.662851229880000403e+01
4.694506155040000239e-01 1.493512456759999996e-01 1.029134090589999967e-01 -3.719983367470000024e-01 -1.307900032029999977e+02 8.595008111309999776e+01 8.648350755219999542e+01
1.014573706650000046e-01 1.424620767579999892e-01 1.043208431240000011e-01 -3.693507123529999880e-01 -1.304905227159999868e+02 8.575622453370000642e+01 8.674140767379999772e+01
1.922044339129999890e-01 1.467409806480000078e-01 9.587902358729999408e-02 -3.723369638019999872e-01 -1.307394877989999884e+02 8.663010501760000182e+01 8.636491787990000546e+01
1.016661163099999987e-01 1.475148463020000134e-01 1.022654724329999931e-01 -3.717024065019999823e-01 -1.301992616109999972e+02 8.579780580329999395e+01 8.646530340130000525e+01
1.306213814249999883e-01 1.415402204170000122e-01 1.032551363360000030e-01 -3.716484182479999898e-01 -1.305359019089999890e+02 8.592568263210000623e+01 8.682006121669999743e+01
1.961837661030000068e-01 1.480851321839999901e-01 1.029871248709999937e-01 -3.733956619259999887e-01 -1.308536433699999861e+02 8.605547988540000404e+01 8.651926914279999892e+01
1.097220711759999967e-01 1.413165477649999946e-01 1.037297934360000007e-01 -3.729950819110000038e-01 -1.303499580479999906e+02 8.582427149720000159e+01 8.665679734680000479e+01
1.727331789379999982e-01 1.442992995379999976e-01 9.977952381389999792e-02 -3.684139094450000207e-01 -1.305900922470000012e+02 8.656293286919999730e+01 8.676797530829999516e+01
1.495766424040000098e-01 1.444912316810000041e-01 9.829769046540000332e-02 -3.708019419099999880e-01 -1.303832385339999860e+02 8.616218309959999999e+01 8.670764293800000644e+01
2.177345290669999989e-01 1.403756367690000006e-01 1.015068454710000012e-01 -3.710358770519999738e-01 -1.304254791230000023e+02 8.612536562559999709e+01 8.718730213349999758e+01
1.173368584610000043e-01 1.496935571490000116e-01 1.034495408070000011e-01 -3.701107167079999982e-01 -1.308273695489999966e+02 8.601577984819999756e+01 8.675644058839999673e+01
1.296446988330000050e-01 1.420660930830000002e-01 1.010697186280000021e-01 -3.699114613680000163e-01 -1.302932559980000065e+02 8.625422402370000441e+01 8.719613976700000535e+01
1.106194647329999947e-01 1.464607388399999932e-01 1.019111350080000034e-01 -3.749311017640000188e-01 -1.304730246309999870e+02 8.643358370020000336e+01 8.653070648089999395e+01
3.056375854169999795e-01 1.499035973070000083e-01 1.019832274720000043e-01 -3.665053917359999969e-01 -1.309254452380000089e+02 8.604639727789999881e+01 8.670921348029999365e+01
1.048047729870000000e-01 1.406292063060000097e-01 9.870227063089999364e-02 -3.734568628059999895e-01 -1.302680306940000037e+02 8.630885967109999513e+01 8.689353622309999992e+01
1.395308522469999868e-01 1.371477439550000121e-01 1.045555142790000058e-01 -3.756529234459999866e-01 -1.298601003610000078e+02 8.588527810829999964e+01 8.670232931339999993e+01
1.319918373410000068e-01 1.455339584810000086e-01 1.011590887800000033e-01 -3.751606988299999723e-01 -1.299710801409999874e+02 8.635504363649999959e+01 8.696829764349999436e+01
2.813068276790000044e-01 1.447786726610000019e-01 9.994856936960000438e-02 -3.729062204560000260e-01 -1.305677835840000114e+02 8.610034979309999414e+01 8.657823181519999878e+01
1.132536323340000095e+00 1.433242149839999979e-01 9.918882093679999568e-02 -3.716326367139999864e-01 -1.305766348059999871e+02 8.672588729219999948e+01 8.670809935389999623e+01
1.716783058459999955e-01 1.478365872749999865e-01 1.016415378940000031e-01 -3.710298488620000223e-01 -1.303722477510000033e+02 8.618562339400000383e+01 8.657391107739999825e+01
1.851188492670000074e-01 1.409600160180000117e-01 9.955402595619999850e-02 -3.706576924039999832e-01 -1.306333140860000128e+02 8.649907859169999824e+01 8.688785590659999514e+01
1.134532613719999999e-01 1.451151941419999980e-01 1.021591173120000029e-01 -3.737253437260000255e-01 -1.300392383719999998e+02 8.636251715490000436e+01 8.638375729300000216e+01
2.017126497229999871e-01 1.417064842409999914e-01 9.853685399980000037e-02 -3.688610224350000188e-01 -1.305198748569999907e+02 8.642702288329999760e+01 8.699309460089999391e+01
1.689089090130000137e-01 1.408833975809999917e-01 1.074456302869999935e-01 -3.697171255780000165e-01 -1.303853482700000086e+02 8.587810959399999433e+01 8.668225684540000486e+01
5.748880609580000467e-01 1.420260448200000025e-01 1.023969131909999997e-01 -3.717072228709999981e-01 -1.302329776409999909e+02 8.651819781929999920e+01 8.676894533109999941e+01
1.142213848649999974e-01 1.386831501909999986e-01 9.662888434590000131e-02 -3.725708175710000236e-01 -1.299079430449999961e+02 8.656108102849999852e+01 8.687417998990000001e+01
1.387263153799999926e-01 1.481612586830000078e-01 1.023602999900000005e-01 -3.715476380209999929e-01 -1.304759760379999989e+02 8.585156758319999426e+01 8.666733940550000170e+01
1.454167233520000102e-01 1.489382483289999892e-01 1.044561977020000004e-01 -3.722174319509999885e-01 -1.303603829879999978e+02 8.606277147689999651e+01 8.666345198330000699e+01
5.733139787859999892e-01 1.465634948729999942e-01 1.002720956389999973e-01 -3.714891908569999956e-01 -1.305340801000000113e+02 8.645560247250000430e+01 8.669661949800000400e+01
1.002571143910000045e-01 1.421505832470000008e-01 1.052412803020000009e-01 -3.728247837640000228e-01 -1.305826212560000101e+02 8.589639423650000083e+01 8.643597116489999621e+01
1.897135279000000119e-01 1.428510783720000066e-01 9.946751000959999645e-02 -3.748038260939999811e-01 -1.299738969889999964e+02 8.646233875999999441e+01 8.676633966020000344e+01
1.201478192390000033e-01 1.461813277369999886e-01 9.869271024230000244e-02 -3.738906427620000139e-01 -1.305631171690000087e+02 8.660420850840000639e+01 8.667063386419999915e+01
8.617128887449999608e-01 1.407337448369999910e-01 1.032011991200000034e-01 -3.767305126030000006e-01 -1.298746837980000066e+02 8.607803198999999950e+01 8.674899624590000258e+01
1.000413263680000053e-01 1.473667948129999961e-01 1.044893748569999947e-01 -3.733292869800000080e-01 -1.303308478799999932e+02 8.630221787470000550e+01 8.659139701879999507e+01
1.468274321030000051e-01 1.457160096550000061e-01 1.011604328710000028e-01 -3.732903516919999776e-01 -1.304800224649999905e+02 8.585397566039999617e+01 8.703761674630000300e+01
1.735394045360000026e-01 1.477045677730000062e-01 1.018504862479999995e-01 -3.708667760959999948e-01 -1.306435720789999948e+02 8.639129196209999861e+01 8.632062224700000286e+01
1.114732586629999939e-01 1.438101727839999899e-01 1.053970841160000033e-01 -3.724896868550000018e-01 -1.300186280910000107e+02 8.615452089289999549e+01 8.684548871510000367e+01
5.554378545579999882e-01 1.379616925790000115e-01 1.005295607079999959e-01 -3.718413769619999809e-01 -1.301864204979999897e+02 8.628123359750000532e+01 8.666577382389999684e+01
1.486889971110000042e-01 1.462796440459999958e-01 1.007388105080000013e-01 -3.742025534840000001e-01 -1.299915826310000000e+02 8.646148568030000092e+01 8.656395565590000274e+01
3.893717032649999799e-01 1.431331454829999905e-01 9.788083863039999388e-02 -3.729371329510000055e-01 -1.303788312480000116e+02 8.636146375389999719e+01 8.675699443979999614e+01
6.318300470630000554e-01 1.479659881819999911e-01 1.035207033390000003e-01 -3.692154788720000136e-01 -1.307786856870000065e+02 8.612476268509999500e+01 8.638583952509999619e+01
3.814271617810000015e-01 1.424823723920000118e-01 1.022245510809999952e-01 -3.762926130950000059e-01 -1.302179661399999873e+02 8.600218329579999477e+01 8.682484182769999848e+01
1.689988433300000092e-01 1.514514612789999992e-01 1.034318733769999943e-01 -3.773349941959999732e-01 -1.304605389890000140e+02 8.613690003950000573e+01 8.658325378320000709e+01
1.699584714269999908e-01 1.463539352659999904e-01 1.028656577039999964e-01 -3.745743011039999737e-01 -1.296726267100000030e+02 8.626266272249999645e+01 8.704568293859999528e+01
1.137724839820000028e-01 1.471320848079999966e-01 9.784226151250000059e-02 -3.730299076829999838e-01 -1.305200097359999916e+02 8.647576598039999851e+01 8.683947508139999627e+01
1.454302822770000003e-01 1.481017680329999864e-01 9.511232190809999765e-02 -3.753990188199999856e-01 -1.304439331750000122e+02 8.674599764730000118e+01 8.625159206249999500e+01
1.485484086989999897e-01 1.444262902909999868e-01 1.015781512249999963e-01 -3.707478118549999979e-01 -1.304956315709999899e+02 8.619164644919999319e+01 8.689319811490000234e+01
1.738739230449999895e-01 1.446009937249999877e-01 1.009035892540000035e-01 -3.744228822969999926e-01 -1.302441156680000063e+02 8.646354514460000473e+01 8.638008026410000184e+01
1.565108331989999990e-01 1.452278433139999880e-01 1.018757382759999941e-01 -3.749420765120000110e-01 -1.305589356989999885e+02 8.644624618359999602e+01 8.635765810690000421e+01
6.638488352570000028e-01 1.462854347839999958e-01 9.960562798109999505e-02 -3.733814990279999968e-01 -1.302525778140000057e+02 8.625321263780000436e+01 8.683929296070000703e+01
1.194093426380000017e-01 1.443884061600000102e-01 9.837026139599999719e-02 -3.741709236979999798e-01 -1.301342008400000054e+02 8.627329140250000705e+01 8.715442447789999392e+01
1.029392518260000000e-01 1.471274217499999870e-01 9.819344778909999683e-02 -3.782073404230000269e-01 -1.300982056450000073e+02 8.613994359110000687e+01 8.652163452000000632e+01
1.170545404690000041e-01 1.456465060079999985e-01 9.560108297600000693e-02 -3.698898278280000063e-01 -1.303371634799999867e+02 8.639548735430000193e+01 8.656601770800000395e+01
8.471389394580000065e-01 1.489827215320000120e-01 9.989889042169999844e-02 -3.742291754820000205e-01 -1.305309849150000048e+02 8.607292400910000651e+01 8.649928496799999778e+01
1.177573138979999962e-01 1.427494324040000095e-01 9.965893901109999786e-02 -3.757170618930000261e-01 -1.303277378699999929e+02 8.641270865760000675e+01 8.624083368269999994e+01
1.408907485860000086e-01 1.455278927199999961e-01 1.006626051870000010e-01 -3.740872458980000204e-01 -1.308885079789999963e+02 8.609828558920000319e+01 8.645531806459999302e+01
2.159787530529999888e-01 1.439096166630000062e-01 1.037704563499999982e-01 -3.733087948380000021e-01 -1.302097532809999905e+02 8.654589281939999523e+01 8.652918289229999971e+01
2.161930169500000165e+00 1.480746766770000000e-01 1.008044596930000036e-01 -3.765054585570000167e-01 -1.304055477940000003e+02 8.675576236409999353e+01 8.650217123640000239e+01
2.501506027770000196e-01 1.476009480859999945e-01 9.964130859370000370e-02 -3.760968569450000021e-01 -1.299659303820000105e+02 8.656385420840000222e+01 8.671315101599999764e+01
1.165607673780000020e-01 1.458438680009999933e-01 9.970719197949999557e-02 -3.776302838700000275e-01 -1.300608151780000128e+02 8.653617579599999488e+01 8.672481029649999584e+01
2.388939531510000103e-01 1.436599608299999886e-01 1.014681613310000063e-01 -3.732378456800000133e-01 -1.302232503930000007e+02 8.622891580220000662e+01 8.661212351129999831e+01
1.418227415880000120e-01 1.455523847129999993e-01 9.714419811409999439e-02 -3.716266521789999833e-01 -1.304304371700000047e+02 8.642497757239999601e+01 8.629726540560000103e+01
1.002373549429999983e-01 1.433687089900000100e-01 1.024695282590000062e-01 -3.766530390810000073e-01 -1.303879684759999975e+02 8.657861573009999745e+01 8.671459201769999936e+01
1.098056616930000035e-01 1.429665365159999979e-01 9.446736012390000159e-02 -3.768488249820000080e-01 -1.303374451679999879e+02 8.659966844619999904e+01 8.673264176070000531e+01
1.415815457329999971e-01 1.435108935059999924e-01 9.856419352150000424e-02 -3.739249206129999781e-01 -1.302437551920000089e+02 8.632397781609999754e+01 8.690155673610000520e+01
5.352873082179999686e-01 1.432718334939999949e-01 1.013885998960000062e-01 -3.753743865249999923e-01 -1.298328909939999960e+02 8.631602201649999984e+01 8.679976889949999475e+01
1.136707718470000017e-01 1.483325015639999911e-01 1.022409239799999953e-01 -3.711403086810000085e-01 -1.304007860380000068e+02 8.660948522009999806e+01 8.648626512360000618e+01
1.611893794320000128e-01 1.445398062609999923e-01 1.051422491289999983e-01 -3.738584348769999899e-01 -1.302991908680000108e+02 8.579401929760000201e+01 8.682975251249999360e+01
1.436909339349999870e-01 1.454705818940000006e-01 9.945737557639999782e-02 -3.741244281719999787e-01 -1.301809041749999949e+02 8.604522040269999650e+01 8.695310712730000091e+01
4.831368835589999744e-01 1.451669324590000032e-01 1.013007356789999980e-01 -3.694875762600000058e-01 -1.304647766589999947e+02 8.598413411219999603e+01 8.707137705389999383e+01
3.257643295120000171e-01 1.466848660810000093e-01 9.908277303830000105e-02 -3.683412157959999877e-01 -1.303854983829999981e+02 8.623150682290000191e+01 8.667048600830000282e+01
2.976891963330000057e-01 1.416082679600000060e-01 1.029760662430000001e-01 -3.673689579170000274e-01 -1.304169186100000104e+02 8.631771152139999970e+01 8.662364809529999832e+01
1.505801897219999907e-01 1.473571973610000030e-01 9.978508926159999903e-02 -3.747405624130000223e-01 -1.307096447049999881e+02 8.624441545519999863e+01 8.642901057459999947e+01
2.468846923030000029e-01 1.461626882079999912e-01 1.033803674079999957e-01 -3.718824239749999871e-01 -1.304145230930000139e+02 8.573749759250000579e+01 8.669169065479999858e+01
1.143532647559999949e-01 1.446081578010000035e-01 1.003725875430000053e-01 -3.777522497279999780e-01 -1.299652367589999926e+02 8.641878724869999928e+01 8.631222301879999748e+01
1.494722860219999949e-01 1.445291114920000120e-01 1.002874023070000065e-01 -3.741537948249999967e-01 -1.302790294049999886e+02 8.658037313840000593e+01 8.682250739090000025e+01
1.865336429879999869e-01 1.456393581990000075e-01 9.986016284210000316e-02 -3.746885912760000159e-01 -1.305338399819999893e+02 8.601149137189999294e+01 8.642457378059999940e+01
1.069108743509999959e-01 1.463069443009999970e-01 9.933482081889999371e-02 -3.716405034540000152e-01 -1.304519242759999997e+02 8.584481735949999859e+01 8.679419853509999427e+01
7.174562188180000355e+00 1.421750324319999981e-01 9.740215451929999657e-02 -3.763574231060000108e-01 -1.299888400780000097e+02 8.638370628769999371e+01 8.675947103549999895e+01
3.489476267519999730e-01 1.466581131609999977e-01 1.029271286979999978e-01 -3.739112171239999949e-01 -1.312279961019999917e+02 8.602570689479999544e+01 8.658756959100000472e+01
1.077517286659999962e-01 1.450860675600000038e-01 1.038100512289999999e-01 -3.682032741919999963e-01 -1.304014000159999966e+02 8.643886482169999397e+01 8.670727062390000128e+01
3.274924376930000158e-01 1.467466139220000021e-01 1.015302237989999939e-01 -3.719978582130000211e-01 -1.306594384240000011e+02 8.634036994650000452e+01 8.663278542889999301e+01
4.287867153170000223e-01 1.421913015759999899e-01 9.469527563660000424e-02 -3.657611516739999735e-01 -1.304903052699999932e+02 8.665776464729999873e+01 8.687991368849999674e+01
2.794144193299999968e-01 1.469384945090000116e-01 1.030965590150000055e-01 -3.736987870819999946e-01 -1.304518002990000127e+02 8.593909151869999619e+01 8.647158031979999748e+01
1.296540336650000014e-01 1.444552501030000047e-01 9.791816609310000086e-02 -3.711877651620000274e-01 -1.301544464449999907e+02 8.612897644289999732e+01 8.658380357010000239e+01
2.138936129039999967e-01 1.415055003469999906e-01 9.780549165879999507e-02 -3.722115494730000029e-01 -1.304478454849999878e+02 8.653133466090000070e+01 8.669363879089999614e+01
1.041202562060000031e-01 1.383613007099999959e-01 1.030656554230000022e-01 -3.715717519869999874e-01 -1.302203023639999913e+02 8.617146400049999500e+01 8.687426335009999434e+01
5.159919226939999604e-01 1.482295041920000112e-01 1.006224913780000008e-01 -3.738068578800000097e-01 -1.308114090990000022e+02 8.615629021009999633e+01 8.662864009090000650e+01
1.469805997159999988e-01 1.502035730479999998e-01 1.024203119899999986e-01 -3.780338725440000047e-01 -1.303754257450000011e+02 8.641284676399999398e+01 8.618833830209999292e+01
2.037219203629999920e-01 1.453826345170000089e-01 1.006474501190000037e-01 -3.695835821149999756e-01 -1.306848661429999936e+02 8.597919873419999703e+01 8.634004710819999673e+01
1.018135051120000051e-01 1.445529123529999960e-01 1.008450550429999953e-01 -3.745591767090000190e-01 -1.303669476320000058e+02 8.664881957699999759e+01 8.662867694930000084e+01
1.092536313559999972e-01 1.467641523890000077e-01 9.952005762290000446e-02 -3.698983910950000009e-01 -1.306613698330000091e+02 8.653599371360000703e+01 8.657351964190000615e+01
4.684003453300000230e-01 1.472562050829999969e-01 1.004220872090000050e-01 -3.740150491500000007e-01 -1.302751537849999863e+02 8.606946629649999636e+01 8.643034924680000586e+01
1.165871890190000038e-01 1.412671703920000132e-01 1.025382332290000059e-01 -3.722660713739999738e-01 -1.305840179749999947e+02 8.581190434529999322e+01 8.666357969530000105e+01
3.825058994039999827e-01 1.451547214280000109e-01 9.747332935890000438e-02 -3.738834852030000211e-01 -1.304991042810000010e+02 8.643269734919999792e+01 8.664803845609999655e+01
2.558440628670000105e+00 1.446452605720000006e-01 1.046470510470000059e-01 -3.692419835660000205e-01 -1.301822729250000066e+02 8.626702844720000485e+01 8.653627234159999659e+01
1.559652211299999980e-01 1.443160869300000038e-01 9.631508337199999603e-02 -3.706971077480000210e-01 -1.306759199340000066e+02 8.660757540420000566e+01 8.678367764780000471e+01
1.214943891549999933e-01 1.446131370319999887e-01 1.030853929130000068e-01 -3.694790225610000145e-01 -1.304727281399999868e+02 8.576460545339999442e+01 8.701351544489999412e+01
1.056918411459999985e-01 1.492477275369999967e-01 1.019019320089999958e-01 -3.754802279409999999e-01 -1.306353479230000119e+02 8.588295096609999746e+01 8.651871881729999814e+01
2.144868081380000013e-01 1.470925698880000132e-01 9.964161132540000354e-02 -3.748978141959999899e-01 -1.304790916270000025e+02 8.666877308239999422e+01 8.651873161609999840e+01
1.077213607240000010e-01 1.439870003139999965e-01 1.034820511219999989e-01 -3.708050504520000179e-01 -1.302820711409999888e+02 8.594706681869999443e+01 8.657301822109999989e+01
2.731974815479999985e-01 1.468451740539999939e-01 1.077061579940000041e-01 -3.743342315050000035e-01 -1.302809827019999886e+02 8.576908440009999879e+01 8.659013846550000437e+01
3.355258173539999689e+01 1.476900341800000127e-01 1.004799445389999990e-01 -3.735973583259999953e-01 -1.306801140960000112e+02 8.622362313509999865e+01 8.627533851949999644e+01
1.039875695300000041e-01 1.445334431430000122e-01 1.043500971090000062e-01 -3.690686956099999971e-01 -1.307440364120000140e+02 8.583336962670000503e+01 8.661648929780000117e+01
1.319583330540000099e-01 1.436910789680000133e-01 9.650284758650000405e-02 -3.710903592009999752e-01 -1.302140057969999987e+02 8.670392649039999355e+01 8.676255118390000121e+01
3.374489420630000236e-01 1.422295412590000030e-01 1.019613520109999977e-01 -3.765463605489999810e-01 -1.301367998940000064e+02 8.645721087469999588e+01 8.687788648750000675e+01
2.151716964229999918e-01 1.470349385439999879e-01 9.641705004059999973e-02 -3.757388228610000214e-01 -1.301528630900000110e+02 8.654832426180000482e+01 8.680915257809999730e+01
6.438453355100000053e-01 1.351844491299999951e-01 1.048045681480000019e-01 -3.734144813699999954e-01 -1.299432792089999964e+02 8.609282721200000310e+01 8.701256803789999594e+01
1.452477951529999867e-01 1.440808246459999997e-01 1.042837922729999978e-01 -3.738056159150000002e-01 -1.303844713219999960e+02 8.608782780529999457e+01 8.696599469989999420e+01
6.687448133679999573e-01 1.445351387290000067e-01 1.009336988419999998e-01 -3.658118949670000064e-01 -1.307276237929999922e+02 8.625948644300000012e+01 8.647041018660000589e+01
1.482900298740000011e-01 1.475152743769999886e-01 9.969199940850000108e-02 -3.743266967119999733e-01 -1.306664493780000100e+02 8.673078009120000331e+01 8.648756679059999897e+01
1.032097242830000011e-01 1.432576404320000107e-01 1.037676920499999988e-01 -3.701019226530000150e-01 -1.304159347620000062e+02 8.608757820440000330e+01 8.687143491870000389e+01
4.534624358350000106e-01 1.444387592649999941e-01 1.029029285710000019e-01 -3.749540452260000101e-01 -1.298214287289999902e+02 8.607799911589999908e+01 8.655910344710000004e+01
3.645224090679999862e-01 1.505350390830000051e-01 9.785279434389999864e-02 -3.695786062509999748e-01 -1.307873741889999906e+02 8.641869136270000240e+01 8.637053098650000038e+01
2.276231833609999866e-01 1.442102052220000097e-01 1.009272570479999992e-01 -3.725865875789999837e-01 -1.301042367309999861e+02 8.613069391530000019e+01 8.675413732190000360e+01
1.042629886090000041e-01 1.456040310589999942e-01 9.903299623689999776e-02 -3.731539614650000170e-01 -1.309037463619999926e+02 8.662757475649999606e+01 8.650750555640000528e+01
3.283385652620000039e-01 1.398198223959999931e-01 9.998344876390000135e-02 -3.752804282139999836e-01 -1.299908265669999992e+02 8.634917564360000597e+01 8.641820011160000092e+01
1.151816818699999967e-01 1.418723333249999885e-01 1.033547519489999983e-01 -3.719926658089999782e-01 -1.304169866860000013e+02 8.574313891719999958e+01 8.650301027439999757e+01
2.974000001800000126e-01 1.435137550320000066e-01 9.708824194170000144e-02 -3.750146899860000160e-01 -1.300104072819999885e+02 8.645448765560000481e+01 8.645620614679999960e+01
2.211825083869999875e-01 1.440463126169999886e-01 9.900820011550000299e-02 -3.813868475939999891e-01 -1.300325398040000096e+02 8.668951024080000423e+01 8.658309950240000319e+01
3.564249491450000029e-01 1.445514034690000005e-01 9.876543005059999769e-02 -3.775985449729999943e-01 -1.301082952330000069e+02 8.635298556530000269e+01 8.686914021709999645e+01
2.006809813650000107e-01 1.453127692560000073e-01 1.010524028739999969e-01 -3.753553391919999815e-01 -1.303461362570000119e+02 8.672912114800000438e+01 8.679809766239999647e+01
9.920936196190000000e-01 1.423533238009999924e-01 1.040837303539999953e-01 -3.682970867759999822e-01 -1.304314665329999912e+02 8.596277562939999939e+01 8.697324159789999953e+01
1.001294236590000025e-01 1.451336303680000051e-01 1.037148032780000062e-01 -3.767505652220000112e-01 -1.303769565270000044e+02 8.588148034099999961e+01 8.650816914969999516e+01
5.241870188949999676e-01 1.389386431869999994e-01 9.940892207309999506e-02 -3.754845238419999842e-01 -1.299447061809999866e+02 8.640559027010000648e+01 8.697747240469999497e+01
1.282454942600000092e-01 1.430827794829999944e-01 1.008986421079999946e-01 -3.788617115890000053e-01 -1.298188154910000094e+02 8.651107828080000672e+01 8.673702234140000655e+01
1.407279861200000093e-01 1.431608712859999966e-01 1.009427639550000005e-01 -3.639853256769999823e-01 -1.306095711460000075e+02 8.633955928359999632e+01 8.677342403670000692e+01
1.783518639849999976e-01 1.455206191650000036e-01 1.005022778809999962e-01 -3.738311335019999793e-01 -1.305551034350000066e+02 8.638429662910000673e+01 8.706348056589999374e+01
2.892744877569999873e-01 1.471920644149999902e-01 1.043431787680000056e-01 -3.718658683450000169e-01 -1.303924772180000105e+02 8.588553584379999961e+01 8.654348820670000464e+01
2.613730672619999917e-01 1.482181779310000058e-01 1.065240309559999932e-01 -3.699800355460000079e-01 -1.306756821539999862e+02 8.616737025320000498e+01 8.631929606079999928e+01
1.045440592580000050e-01 1.466942568900000132e-01 1.003313271449999960e-01 -3.731609208080000073e-01 -1.302103274819999967e+02 8.624830044499999815e+01 8.682683566949999943e+01
1.030732528420000016e-01 1.454258729959999885e-01 1.042660153309999949e-01 -3.696232341760000151e-01 -1.302659850889999973e+02 8.565650658970000109e+01 8.672506518219999805e+01
1.659518504789999904e-01 1.466168718599999976e-01 1.084108573310000045e-01 -3.767224717150000068e-01 -1.304301328290000015e+02 8.597600181040000678e+01 8.655861334760000148e+01
1.081521067169999989e-01 1.424886836900000064e-01 1.045545048729999982e-01 -3.723258336679999836e-01 -1.302520568509999919e+02 8.591601754459999540e+01 8.690877861799999948e+01
1.257501043910000116e-01 1.443883706699999880e-01 9.636137226369999309e-02 -3.744391074000000263e-01 -1.304795348810000064e+02 8.657882113189999984e+01 8.673261577399999567e+01
4.443877491429999993e-01 1.455222122089999959e-01 9.416378411490000655e-02 -3.769384387329999808e-01 -1.301962017040000035e+02 8.678728811690000100e+01 8.665209781350000640e+01
1.042736622730000007e-01 1.447803167399999980e-01 9.941995447910000061e-02 -3.793193864359999945e-01 -1.301692637689999970e+02 8.641263232209999501e+01 8.668898240910000652e+01
1.284804728879999913e-01 1.429743897459999913e-01 9.809155612349999831e-02 -3.689753832070000183e-01 -1.302396314080000082e+02 8.641071916289999422e+01 8.673013409419999675e+01
1.798887205849999948e-01 1.460534487750000110e-01 1.001338345340000019e-01 -3.726107362709999982e-01 -1.303927126680000015e+02 8.655789706299999864e+01 8.645847048090000442e+01
2.324600220470000034e-01 1.451266184009999960e-01 9.600290953859999532e-02 -3.794816665579999748e-01 -1.303011122659999899e+02 8.655473600620000241e+01 8.653118648080000241e+01
2.349324900260000015e-01 1.479785334410000097e-01 1.101013953239999982e-01 -3.747102804929999809e-01 -1.303127996309999901e+02 8.567163529180000126e+01 8.638251071380000212e+01
1.118808092729999953e-01 1.473742810039999906e-01 1.015128145619999950e-01 -3.731703898850000090e-01 -1.303043340330000035e+02 8.629451114879999807e+01 8.651165361619999317e+01
5.561079050660000078e+00 1.479555979149999867e-01 1.048131427370000007e-01 -3.681500057359999856e-01 -1.307342644059999941e+02 8.591899281589999759e+01 8.660956555260000300e+01
1.003109440089999943e-01 1.397646745380000111e-01 1.043126051920000019e-01 -3.731458111489999729e-01 -1.302525928770000121e+02 8.607565840229999310e+01 8.671811574989999372e+01
1.188298884139999956e-01 1.479681859670000099e-01 1.010167424800000047e-01 -3.749793430710000042e-01 -1.304778065300000094e+02 8.619874860129999661e+01 8.659594287589999340e+01
4.027407491650000226e-01 1.479756366770000053e-01 1.040345374890000035e-01 -3.720252306879999749e-01 -1.305990700319999860e+02 8.583389064760000053e+01 8.669927367530000595e+01
1.052512135460000053e-01 1.457696578809999921e-01 9.898753618019999478e-02 -3.723333398659999793e-01 -1.302078615439999965e+02 8.652172819819999461e+01 8.670075521879999769e+01
2.914303459379999905e-01 1.447482435730000072e-01 1.015332608859999958e-01 -3.721196860600000100e-01 -1.304033820820000074e+02 8.586205438380000032e+01 8.679310687769999788e+01
3.343930274329999786e-01 1.437540623490000113e-01 1.010216253500000050e-01 -3.713452157129999986e-01 -1.303225920600000052e+02 8.673726449810000361e+01 8.653371649240000352e+01
1.811771469500000065e-01 1.491886897190000116e-01 9.546925264449999948e-02 -3.729582419229999779e-01 -1.305833987039999897e+02 8.657190227159999552e+01 8.661858219360000533e+01
1.149476122290000041e-01 1.495671016269999876e-01 1.009235525840000008e-01 -3.787296812520000167e-01 -1.300590058470000088e+02 8.636900671909999971e+01 8.656093291109999655e+01
2.899876351200000091e+00 1.483535405370000060e-01 1.025039474599999945e-01 -3.727361018159999762e-01 -1.302539284640000119e+02 8.613959148589999870e+01 8.640903429329999597e+01
4.623380483930000229e-01 1.449852574290000085e-01 9.995475595260000512e-02 -3.734532852629999788e-01 -1.302112572629999931e+02 8.599985533289999751e+01 8.654724849769999651e+01
1.291430908270000122e-01 1.470667527179999878e-01 9.812908543649999371e-02 -3.764634629909999752e-01 -1.301229926720000094e+02 8.627791464710000469e+01 8.656738307080000538e+01
1.398050722489999897e-01 1.519646965960000096e-01 1.027794458020000051e-01 -3.738388291210000269e-01 -1.303591576420000138e+02 8.612507461810000109e+01 8.619370468939999341e+01
1.338290452170000089e+00 1.462400087100000079e-01 1.000648238760000058e-01 -3.722064518370000186e-01 -1.304719122019999986e+02 8.632593129190000525e+01 8.615618498969999450e+01
4.582029973260000055e-01 1.451629097930000056e-01 9.826599982759999519e-02 -3.739537500169999862e-01 -1.301392247119999865e+02 8.632220134080000662e+01 8.653641542100000095e+01
1.316014653889999997e-01 1.409176881020000049e-01 1.019617398220000054e-01 -3.769673442290000231e-01 -1.301391114140000127e+02 8.622449326250000468e+01 8.695606505320000679e+01
1.079428638219999959e-01 1.427092820939999951e-01 1.024991667529999984e-01 -3.714463904820000106e-01 -1.304506477749999931e+02 8.616341056589999425e+01 8.655829443279999680e+01
1.246952163349999976e-01 1.460271342599999966e-01 1.010034983070000059e-01 -3.714589833490000159e-01 -1.301838014500000043e+02 8.629998385470000244e+01 8.663222054230000424e+01
1.224203471290000039e-01 1.417448818750000061e-01 9.725220649570000264e-02 -3.712497049290000017e-01 -1.302586465139999916e+02 8.614883777420000399e+01 8.702117718329999718e+01
1.109182224879999984e-01 1.402755014139999978e-01 9.618125791579999750e-02 -3.724055735699999814e-01 -1.301732577690000028e+02 8.646585280850000288e+01 8.722518552130000558e+01
2.647099023949999741e-01 1.459310374170000035e-01 1.004981511690000023e-01 -3.730685788409999759e-01 -1.298109973770000067e+02 8.634971174279999673e+01 8.669675738710000701e+01
1.197523041250000003e-01 1.474475978929999931e-01 9.871281282820000558e-02 -3.727251474550000165e-01 -1.306507578780000074e+02 8.610698838689999945e+01 8.681722208630000637e+01
3.421205423850000038e-01 1.422861504840000069e-01 1.028743751920000032e-01 -3.731511519849999847e-01 -1.299622686250000072e+02 8.653848636630000613e+01 8.669247782210000253e+01
1.082942977069999979e-01 1.442771433960000071e-01 1.047790471980000054e-01 -3.696685673139999961e-01 -1.301266853870000091e+02 8.608492935099999954e+01 8.658121019249999506e+01
1.064511063849999939e-01 1.449044133590000061e-01 1.051832480129999969e-01 -3.721952508560000261e-01 -1.307322550389999947e+02 8.583631458380000367e+01 8.683512011119999841e+01
1.818229574409999938e-01 1.482583998060000019e-01 9.712533477849999430e-02 -3.697104384459999893e-01 -1.307242121360000056e+02 8.648864227949999872e+01 8.681839326860000483e+01
3.637127259010000113e-01 1.444776644409999922e-01 1.011100295540000027e-01 -3.717409570690000109e-01 -1.300897153170000138e+02 8.588183275890000345e+01 8.645256566999999848e+01
1.336854387020000035e-01 1.452738138709999960e-01 1.024426821119999997e-01 -3.717649035139999891e-01 -1.305289088060000040e+02 8.648807152739999538e+01 8.645066641539999353e+01
1.997040063799999932e-01 1.454377433969999966e-01 1.009647626419999944e-01 -3.727533514320000019e-01 -1.305958659949999969e+02 8.638709052119999399e+01 8.671695308569999838e+01
1.441233578780000135e-01 1.476629636859999872e-01 9.866179735850000299e-02 -3.686188703480000051e-01 -1.305208484210000108e+02 8.645228781999999512e+01 8.668115893399999550e+01
6.637826795569999883e-01 1.475077888390000092e-01 9.911345484580000309e-02 -3.699260004980000072e-01 -1.304925382790000015e+02 8.627212356309999564e+01 8.671761405300000547e+01
1.014139356939999931e-01 1.448631638610000105e-01 9.875042844240000672e-02 -3.716203065190000210e-01 -1.305206793080000125e+02 8.672226646539999706e+01 8.666172874459999775e+01
2.386155663260000059e-01 1.457659413409999882e-01 1.019331362739999969e-01 -3.714202233930000152e-01 -1.302119661819999976e+02 8.594880334939999500e+01 8.700243129359999728e+01
1.149044807009999974e-01 1.441314067960000056e-01 1.018070165870000043e-01 -3.693373265870000255e-01 -1.307970555740000123e+02 8.628299277189999827e+01 8.678533574860000499e+01
1.585511498040000078e-01 1.478598921619999895e-01 1.000637932910000000e-01 -3.722685177939999979e-01 -1.304445401270000104e+02 8.653942615130000604e+01 8.654511281230000463e+01
9.221538110860000304e-01 1.477731822080000090e-01 9.722203326309999949e-02 -3.706829597060000148e-01 -1.308961757920000082e+02 8.627784030230000667e+01 8.679003453200000706e+01
1.319864237149999953e-01 1.440743077739999878e-01 1.011497506270000041e-01 -3.735356383740000008e-01 -1.300983555699999954e+02 8.660844781199999431e+01 8.655551853359999370e+01
2.856320859640000265e-01 1.462934852080000070e-01 1.004967390300000041e-01 -3.744149218619999830e-01 -1.307157710060000113e+02 8.644749289259999614e+01 8.670564991710000413e+01
6.000730364799999883e-01 1.459927393010000130e-01 1.044504758149999990e-01 -3.739114640630000208e-01 -1.299331659940000065e+02 8.610058230539999613e+01 8.636273768780000637e+01
1.878736509989999970e-01 1.430754536909999985e-01 9.784429731900000371e-02 -3.721876115209999947e-01 -1.307391784410000071e+02 8.639073012789999950e+01 8.666105239179999842e+01
1.173217960159999990e-01 1.449709144430000041e-01 1.012947323290000062e-01 -3.743813144040000207e-01 -1.299979969970000013e+02 8.597766979269999865e+01 8.670610653469999818e+01
1.142550410209999950e-01 1.461016934380000021e-01 1.021190467860000062e-01 -3.730707537799999862e-01 -1.303392323269999906e+02 8.592652942590000009e+01 8.635431097939999745e+01
1.764830925460000033e-01 1.482386498309999912e-01 1.011130445999999933e-01 -3.750815125160000263e-01 -1.307479781890000083e+02 8.645671410129999401e+01 8.628962577609999585e+01
1.506455235430000095e-01 1.453363375439999938e-01 1.011457558550000052e-01 -3.747419859269999765e-01 -1.303297628539999948e+02 8.575184335160000160e+01 8.668688664590000315e+01
1.507853441410000050e-01 1.442559679129999939e-01 1.014445905150000021e-01 -3.724407255809999984e-01 -1.302679645620000031e+02 8.636255258340000296e+01 8.702910530530000699e+01
3.471018564180000099e-01 1.471204815820000011e-01 9.849734704199999968e-02 -3.775307517829999959e-01 -1.304001398530000131e+02 8.638971278900000073e+01 8.631772447919999536e+01
2.471684328679999987e-01 1.489981565240000028e-01 1.007867594809999934e-01 -3.702122163970000268e-01 -1.307823406880000050e+02 8.597001142269999718e+01 8.677911984130000178e+01
3.297261586110000198e-01 1.435446359810000072e-01 9.633374818390000316e-02 -3.765162313209999834e-01 -1.301476285130000008e+02 8.674283891749999498e+01 8.663058529129999386e+01
1.475824209659999942e-01 1.453848355740000042e-01 9.983872471129999482e-02 -3.721440152370000254e-01 -1.301188884260000123e+02 8.612448774029999754e+01 8.688835164120000343e+01
1.651536859190000095e-01 1.444996943540000078e-01 1.023880008400000069e-01 -3.737301647240000024e-01 -1.304081577860000039e+02 8.635125605369999846e+01 8.654357957179999516e+01
1.110221122560000051e-01 1.459068870590000122e-01 1.025867161279999940e-01 -3.699523830840000249e-01 -1.303933531369999912e+02 8.622163367390000133e+01 8.684441199399999789e+01
1.582594904169999928e-01 1.459887120910000058e-01 1.008038875539999935e-01 -3.722732970679999975e-01 -1.304273254899999870e+02 8.631611407469999619e+01 8.655882636120000484e+01
3.301826646039999757e-01 1.484836080489999877e-01 9.918672796270000536e-02 -3.749023397089999987e-01 -1.304657853479999972e+02 8.620643863269999940e+01 8.628744917589999375e+01
4.528232610730000274e-01 1.513194375730000096e-01 1.037092382450000017e-01 -3.754610279089999891e-01 -1.304448540479999963e+02 8.626143993009999633e+01 8.621187548499999309e+01
2.726179680549999929e-01 1.449284962029999957e-01 1.017303514540000009e-01 -3.754181131089999734e-01 -1.300477135650000093e+02 8.601663726520000353e+01 8.660974197199999480e+01
1.193395742249999947e-01 1.431301341860000131e-01 9.705061167469999917e-02 -3.727286432069999988e-01 -1.306880875109999920e+02 8.645027525759999776e+01 8.671677948810000203e+01
1.445918007219999968e+00 1.442263641050000045e-01 1.022090809439999970e-01 -3.755148909659999923e-01 -1.301651756279999859e+02 8.675740530859999922e+01 8.654835568160000037e+01
1.563383527399999917e-01 1.480076625420000125e-01 1.016702124389999989e-01 -3.724396785169999946e-01 -1.308490869489999966e+02 8.597552418450000289e+01 8.630462574189999714e+01
1.104601695130000005e-01 1.467460376730000127e-01 1.028101974559999937e-01 -3.702679913170000003e-01 -1.306565545980000138e+02 8.622169094999999572e+01 8.670224843260000114e+01
1.307687024480000126e-01 1.472672730619999926e-01 1.013464334460000005e-01 -3.725725743269999723e-01 -1.305355029019999904e+02 8.577570702680000636e+01 8.649127084250000053e+01
4.494181104550000194e-01 1.446034871830000068e-01 1.014115765649999945e-01 -3.724610173819999925e-01 -1.300390275720000091e+02 8.661396238339999343e+01 8.655771551969999678e+01
1.024034928789999965e-01 1.455614696009999987e-01 1.032314843650000008e-01 -3.730171208799999971e-01 -1.299163574760000017e+02 8.582475747159999457e+01 8.674766624609999610e+01
3.449456846699999746e-01 1.433947951710000113e-01 1.080040012170000036e-01 -3.667286229869999858e-01 -1.305535628629999962e+02 8.560598103499999922e+01 8.657139698619999990e+01
2.879111877330000069e-01 1.544116171219999945e-01 1.035921875540000009e-01 -3.747781009019999776e-01 -1.306302420639999866e+02 8.603236399239999344e+01 8.615028582749999941e+01
7.033566090680000160e-01 1.458010733929999969e-01 1.040859180600000045e-01 -3.723740924919999862e-01 -1.302794575629999940e+02 8.598141916199999457e+01 8.643247377160000156e+01
2.255706856899999946e-01 1.491573997279999897e-01 1.047313338969999980e-01 -3.704753869279999723e-01 -1.306862963389999948e+02 8.594564353740000229e+01 8.628317961090000665e+01
1.009917830649999931e-01 1.437997854789999919e-01 1.017858038710000024e-01 -3.727288014690000040e-01 -1.302297184420000065e+02 8.591376877919999799e+01 8.660130774499999973e+01
1.033373683110000024e-01 1.467614455039999988e-01 9.920770994479999327e-02 -3.768935652250000046e-01 -1.304355290020000098e+02 8.622597648529999503e+01 8.669760918990000675e+01
2.864353917479999789e-01 1.484953365620000076e-01 1.025332517490000067e-01 -3.731699084780000231e-01 -1.306803360689999920e+02 8.603215738219999764e+01 8.661704691840000692e+01
1.573163154470000047e-01 1.439704828439999917e-01 9.360921266570000621e-02 -3.702598166330000051e-01 -1.303865873039999883e+02 8.666672467559999404e+01 8.688404667739999354e+01
1.039013334100000047e-01 1.439993267930000098e-01 1.045061730269999933e-01 -3.650068474229999915e-01 -1.306376710300000070e+02 8.600005620320000332e+01 8.674068157470000529e+01
1.184192598879999947e+00 1.477035750129999936e-01 1.006871915330000006e-01 -3.717210402469999786e-01 -1.305471466420000013e+02 8.632317252660000406e+01 8.631949914049999961e+01
3.373152023520000209e-01 1.486950601900000057e-01 1.000641019830000034e-01 -3.757359930759999744e-01 -1.303433738049999988e+02 8.634452698920000557e+01 8.656662938360000226e+01
3.904617517039999930e-01 1.471828746609999961e-01 9.469006702979999857e-02 -3.802081180310000197e-01 -1.301859218099999964e+02 8.666495894329999317e+01 8.641389300580000565e+01
2.003183880930000105e-01 1.422507259499999899e-01 9.897906963260000301e-02 -3.727329954379999810e-01 -1.300697814160000121e+02 8.663539672470000141e+01 8.657425046400000213e+01
1.021426396019999988e-01 1.454982228389999910e-01 9.961888540140000081e-02 -3.706442028220000018e-01 -1.304773767229999919e+02 8.663123912320000386e+01 8.707042499679999992e+01
9.182391961410000247e-01 1.440220775140000076e-01 9.991790081979999572e-02 -3.726715297409999850e-01 -1.297188632200000029e+02 8.642324693449999984e+01 8.674978766040000266e+01
9.076996193840000116e-01 1.442418397290000098e-01 1.016130909040000030e-01 -3.735193739009999847e-01 -1.300704776990000084e+02 8.634298753420000594e+01 8.688538656190000609e+01
1.494617779970000004e+00 1.481484825949999917e-01 9.909229224839999350e-02 -3.723011913879999968e-01 -1.305442688210000028e+02 8.646045428179999703e+01 8.675087023230000227e+01
1.150449883550000024e-01 1.462133875980000108e-01 9.607500476569999504e-02 -3.739124484620000022e-01 -1.306813890200000117e+02 8.660259803130000478e+01 8.660354703170000334e+01
1.178682756440000007e-01 1.448949671710000053e-01 1.004235385129999963e-01 -3.746407944010000102e-01 -1.300239547379999863e+02 8.581925464469999554e+01 8.655194018100000619e+01
2.876403555689999725e-01 1.442344895680000016e-01 1.019110725399999945e-01 -3.726670614540000259e-01 -1.305201508000000103e+02 8.646377587480000670e+01 8.650692545020000068e+01
1.211916455920000052e-01 1.469702535430000012e-01 1.019330963519999994e-01 -3.740877302560000062e-01 -1.300281515689999878e+02 8.630356565169999783e+01 8.646668371650000040e+01
1.638093480610000041e-01 1.434299142480000011e-01 1.017455148379999980e-01 -3.775944118419999884e-01 -1.298419019700000092e+02 8.616631431909999606e+01 8.657947248979999699e+01
1.427697400269999917e-01 1.493160386619999946e-01 9.709102415379999851e-02 -3.754079714979999816e-01 -1.303757988440000020e+02 8.654366079849999949e+01 8.650947947209999711e+01
1.537442196490000079e-01 1.460586171219999951e-01 1.042646593290000034e-01 -3.794270207420000207e-01 -1.302423071849999872e+02 8.589452574640000648e+01 8.644085887599999296e+01
1.307649693569999938e-01 1.490783017160000057e-01 1.090031819480000025e-01 -3.685409570800000090e-01 -1.307597239700000102e+02 8.569441687670000363e+01 8.660584115800000404e+01
1.786698639869999938e-01 1.407150260989999957e-01 9.763348911300000210e-02 -3.718444016570000010e-01 -1.303274614729999996e+02 8.638952652090000583e+01 8.662884348260000422e+01
1.208798771919999959e-01 1.412782068189999962e-01 1.000336544540000039e-01 -3.766929190409999961e-01 -1.299584463550000066e+02 8.643208996340000283e+01 8.677740734820000057e+01
1.572905490500000059e-01 1.449719014589999910e-01 1.044493267219999966e-01 -3.747160227990000148e-01 -1.303703225970000119e+02 8.650251276900000619e+01 8.663955597749999527e+01
3.748384861290000036e-01 1.470004580050000009e-01 1.014030871269999967e-01 -3.744268767219999794e-01 -1.303115610959999913e+02 8.618230922460000443e+01 8.628306203120000362e+01
2.865335089030000004e-01 1.444485849469999972e-01 1.049992557770000057e-01 -3.807184488600000027e-01 -1.299798456869999939e+02 8.606486256879999530e+01 8.663803845179999996e+01
3.040712012010000076e-01 1.487435740989999922e-01 1.005673723729999941e-01 -3.703427982340000146e-01 -1.307228119430000106e+02 8.631201960520000682e+01 8.650383301390000668e+01
1.453137222979999921e-01 1.436380432880000058e-01 9.964525641730000161e-02 -3.658965235769999769e-01 -1.305749057259999972e+02 8.629449374870000611e+01 8.698491735119999646e+01
1.003691125659999933e-01 1.463572007020000065e-01 1.028300487049999962e-01 -3.712688320040000156e-01 -1.304600964340000075e+02 8.642363624659999743e+01 8.632820739630000162e+01
1.920379700239999987e-01 1.459781032349999896e-01 1.011080650700000028e-01 -3.735302658960000244e-01 -1.307120461270000078e+02 8.622969911820000277e+01 8.681597953409999491e+01
1.667957054070000056e-01 1.441839167819999878e-01 9.782865418769999544e-02 -3.660418284060000249e-01 -1.305892871499999899e+02 8.638427374859999475e+01 8.656695178799999724e+01
1.038149811079999985e-01 1.445860557049999939e-01 1.025271317190000059e-01 -3.704926577820000233e-01 -1.301829140499999937e+02 8.595232740960000228e+01 8.672100645819999443e+01
1.141385205599999980e-01 1.447328449839999920e-01 1.043313180299999948e-01 -3.723847185829999851e-01 -1.303301140629999963e+02 8.613500119270000255e+01 8.666651949219999551e+01
1.760569609079999931e-01 1.442013766889999882e-01 1.062539937020000047e-01 -3.741430378339999918e-01 -1.303004509399999904e+02 8.593790619579999657e+01 8.625873662739999759e+01
1.094072356539999985e-01 1.434524301450000039e-01 1.006724187400000053e-01 -3.707535117529999757e-01 -1.308490317810000079e+02 8.659269235470000581e+01 8.667370643830000176e+01
3.375516695920000032e-01 1.456871209420000091e-01 1.030971014239999983e-01 -3.709665789050000106e-01 -1.304611085070000058e+02 8.594190278700000363e+01 8.623472228890000224e+01
1.080760242980000063e-01 1.493139265689999995e-01 1.042562617479999981e-01 -3.753044710760000124e-01 -1.301725321110000095e+02 8.593589144610000119e+01 8.647118234619999555e+01
1.100633269869999986e-01 1.461037130760000080e-01 1.013790888810000013e-01 -3.739023211629999843e-01 -1.302226064209999947e+02 8.615673801590000380e+01 8.634704566089999389e+01
1.499813916359999943e-01 1.506855925839999943e-01 1.031347031760000005e-01 -3.755912268380000030e-01 -1.308624756090000005e+02 8.615312045519999629e+01 8.622484394309999800e+01
2.028065358460000023e-01 1.447922892419999941e-01 9.987125361960000336e-02 -3.783975169400000116e-01 -1.302446529540000029e+02 8.662104756189999932e+01 8.666277647120000438e+01
1.721602452440000042e-01 1.459622794619999941e-01 9.881566623099999336e-02 -3.740008124720000104e-01 -1.304376175259999968e+02 8.596730959479999967e+01 8.637997091440000474e+01
2.407479776370000102e-01 1.476376079289999921e-01 1.001520585960000015e-01 -3.744804012249999814e-01 -1.303786233419999974e+02 8.645457947270000432e+01 8.637309765419999508e+01
2.578611288800000123e-01 1.441361435709999916e-01 1.016841440940000063e-01 -3.728940236780000084e-01 -1.303479931290000025e+02 8.569286657879999325e+01 8.679759857179999472e+01
3.642596415850000158e-01 1.447502827259999902e-01 1.047400430170000035e-01 -3.705410030829999757e-01 -1.305242436030000022e+02 8.566317084860000364e+01 8.643099771990000590e+01
1.480038733150000063e-01 1.429311901149999953e-01 9.857147649700000180e-02 -3.758836298480000004e-01 -1.304831709530000126e+02 8.620454534819999992e+01 8.675945309189999932e+01
1.707579970629999888e-01 1.444942623209999888e-01 1.014633956610000026e-01 -3.754310834969999955e-01 -1.305747046529999977e+02 8.661787011939999559e+01 8.638225178599999765e+01
1.384613554240000100e-01 1.454618893749999864e-01 1.001663663890000056e-01 -3.752295640339999849e-01 -1.299123541220000106e+02 8.606381642380000585e+01 8.666262119939999309e+01
1.214394018030000022e-01 1.467504641959999911e-01 9.696192905660000472e-02 -3.716890836310000057e-01 -1.304263092889999882e+02 8.656457898680000085e+01 8.663868730350000646e+01
1.337604345910000103e-01 1.439048231620000118e-01 1.029250403960000060e-01 -3.720162805810000028e-01 -1.307864433830000053e+02 8.616355091929999332e+01 8.700027265500000340e+01
1.145170791270000016e-01 1.440334317910000050e-01 9.824456016020000071e-02 -3.724341237539999794e-01 -1.306266788439999971e+02 8.633421788089999893e+01 8.669101231240000516e+01
1.267312514820000047e+01 1.407330594790000000e-01 1.032067655860000044e-01 -3.726947591570000107e-01 -1.305411143309999886e+02 8.636334065059999432e+01 8.677893799689999810e+01
1.165948169930000056e-01 1.464592847570000134e-01 9.356797102639999308e-02 -3.765767226519999844e-01 -1.305011365679999926e+02 8.686045298710000395e+01 8.675150471560000653e+01
1.186847940110000027e-01 1.459003475810000117e-01 1.024510828610000063e-01 -3.756793387530000250e-01 -1.300448084900000083e+02 8.605049088789999701e+01 8.657334377419999782e+01
1.931875374179999882e-01 1.398547645459999877e-01 9.709609522970000239e-02 -3.715871763579999820e-01 -1.301631691789999934e+02 8.660005421949999516e+01 8.701550636339999301e+01
2.225308631650000091e-01 1.448413380130000039e-01 9.695764475189999620e-02 -3.696916386990000136e-01 -1.307034117119999905e+02 8.644156519850000109e+01 8.674891810459999419e+01
2.758174852170000024e-01 1.480058869979999914e-01 1.019454003649999940e-01 -3.711784788659999723e-01 -1.303663392569999928e+02 8.609991208549999442e+01 8.612654346610000289e+01
1.726513951599999985e-01 1.448371288239999888e-01 1.019983479369999946e-01 -3.720702839930000172e-01 -1.306009801540000126e+02 8.667272971299999540e+01 8.664751115459999653e+01
1.311827502550000080e-01 1.428748360269999906e-01 1.003550462179999964e-01 -3.740201294070000237e-01 -1.305540909880000129e+02 8.623418784390000269e+01 8.717046198600000650e+01
1.084710450520000036e-01 1.407875874270000105e-01 1.021461796149999990e-01 -3.718602853979999789e-01 -1.306312474590000079e+02 8.621616139510000210e+01 8.688705630180000128e+01
9.200588088950000243e-01 1.486285321839999896e-01 1.021500920789999989e-01 -3.716435896790000193e-01 -1.304080727440000089e+02 8.618439957869999546e+01 8.625023781219999819e+01
1.226903848550000009e-01 1.476806599640000106e-01 1.006859558779999997e-01 -3.760306948659999926e-01 -1.301894004279999990e+02 8.602243104480000113e+01 8.675027144339999552e+01
1.229212431789999949e-01 1.470301039009999922e-01 9.733308004790000578e-02 -3.729598611789999851e-01 -1.303777910649999967e+02 8.667083097270000280e+01 8.631693795930000590e+01
1.460880994060000104e-01 1.443256243109999892e-01 1.035525880380000069e-01 -3.717705243230000067e-01 -1.305070976389999942e+02 8.641173216420000358e+01 8.667643401569999639e+01
1.499702462720000073e-01 1.440785246119999918e-01 9.792164019790000618e-02 -3.702190102699999819e-01 -1.301313060100000030e+02 8.625474565860000098e+01 8.691178543169999671e+01
1.025953309289999948e+00 1.396963019380000059e-01 1.013946705540000048e-01 -3.721981271179999884e-01 -1.305090059990000100e+02 8.623720602160000226e+01 8.697855941449999762e+01
1.601343622929999877e-01 1.473643002120000045e-01 1.002222873819999943e-01 -3.752651227989999838e-01 -1.304372137109999983e+02 8.639201715580000496e+01 8.657561845130000222e+01
1.795254720620000077e-01 1.421845368790000119e-01 1.033634392679999986e-01 -3.755201799460000101e-01 -1.303085849850000102e+02 8.593846420410000064e+01 8.669859989969999958e+01
3.092518517599999739e-01 1.469600184390000008e-01 1.004731173650000031e-01 -3.733970314389999934e-01 -1.298277564539999958e+02 8.629530794839999430e+01 8.658945133960000362e+01
1.315615976139999921e-01 1.445901497350000064e-01 9.969970904890000651e-02 -3.680933470889999892e-01 -1.306868771320000064e+02 8.635867945920000466e+01 8.686132339130000446e+01
3.750337210069999827e+01 1.463900445770000003e-01 1.028378159729999991e-01 -3.740888272460000108e-01 -1.300439867759999970e+02 8.592196634030000268e+01 8.692531213789999356e+01
5.324903775160000352e-01 1.516907592510000069e-01 9.725883958769999948e-02 -3.691573561979999973e-01 -1.306431189490000122e+02 8.647367103419999523e+01 8.651110987500000249e+01
1.539992399160000081e-01 1.472388196880000111e-01 9.663813091299999769e-02 -3.761990565450000212e-01 -1.300400250810000102e+02 8.652849592939999468e+01 8.649950971629999685e+01
1.379185925039999872e-01 1.448899168249999925e-01 9.819297466699999921e-02 -3.726929396609999778e-01 -1.305916643310000040e+02 8.647633251300000268e+01 8.633169569730000603e+01
1.348612780350000040e-01 1.488577094119999944e-01 9.755497764039999797e-02 -3.750129842289999793e-01 -1.306458035279999876e+02 8.631564947900000107e+01 8.639499232139999663e+01
1.244474599670000042e-01 1.444815999530000006e-01 1.027554450429999933e-01 -3.759352379590000237e-01 -1.300952702929999987e+02 8.645724927679999894e+01 8.663640293550000138e+01
1.532289189530000040e-01 1.483377110399999865e-01 1.024075154160000029e-01 -3.740532972699999736e-01 -1.304443103090000022e+02 8.601664705929999855e+01 8.666867210339999872e+01
1.110083448719999949e-01 1.447199125009999976e-01 1.014894394249999943e-01 -3.744805803769999941e-01 -1.301650735110000028e+02 8.651909012129999610e+01 8.651583162759999368e+01
4.276348730219999839e-01 1.464493906169999915e-01 9.663254860299999582e-02 -3.663631159410000171e-01 -1.305542261699999926e+02 8.648390270149999992e+01 8.675160117750000666e+01
1.886505165559999864e-01 1.425610302529999873e-01 1.035998069049999942e-01 -3.740738442479999981e-01 -1.300692902730000071e+02 8.615232734760000710e+01 8.700239906359999509e+01
1.416829390010000134e-01 1.433497942580000128e-01 1.005984220249999950e-01 -3.728576537669999746e-01 -1.302324755019999998e+02 8.605709445409999603e+01 8.711898816149999902e+01
1.126721137210000001e-01 1.452650624990000083e-01 1.000987255750000054e-01 -3.761186512490000133e-01 -1.303551942830000030e+02 8.627456247359999963e+01 8.669794154420000609e+01
1.370179076130000062e-01 1.471324856540000003e-01 9.977930211200000676e-02 -3.752985556819999902e-01 -1.306364590229999862e+02 8.622238475960000414e+01 8.634099033340000062e+01
2.492088475960000105e-01 1.414826673329999951e-01 1.036500937109999937e-01 -3.766962811449999782e-01 -1.302415049980000106e+02 8.615726640249999946e+01 8.655545862610000540e+01
4.363688777629999849e-01 1.388756450080000093e-01 9.845630289229999332e-02 -3.688671927789999860e-01 -1.300259793799999954e+02 8.625198694879999550e+01 8.694885187520000613e+01
4.049298965740000256e-01 1.505590502470000036e-01 1.058191375310000015e-01 -3.755759686219999893e-01 -1.304670633650000013e+02 8.608871331710000163e+01 8.643986994079999420e+01
3.414782889679999767e-01 1.432857711209999940e-01 1.028295300609999990e-01 -3.775861928509999799e-01 -1.298490116670000134e+02 8.600656128170000159e+01 8.655828833900000063e+01
1.915818665759999873e-01 1.437170871850000087e-01 9.853740889779999401e-02 -3.723749410880000110e-01 -1.304258261440000126e+02 8.601267238479999833e+01 8.666037047710000252e+01
1.279721572270000052e-01 1.480124826210000022e-01 1.031003820880000005e-01 -3.717526266489999953e-01 -1.305968804229999876e+02 8.596174624569999878e+01 8.643310098220000270e+01
1.830255729799999953e-01 1.475881424920000018e-01 1.037875375659999960e-01 -3.708574390430000034e-01 -1.304260051779999969e+02 8.615315335900000093e+01 8.628031637179999791e+01
2.910604727339999864e-01 1.465421188450000134e-01 1.020613390380000068e-01 -3.728115745760000044e-01 -1.305643117490000122e+02 8.606266912069999364e+01 8.655835194239999453e+01
1.501235042540000064e-01 1.473252838980000090e-01 1.036371429549999973e-01 -3.731686426959999747e-01 -1.306644797159999882e+02 8.630769550600000173e+01 8.667809600680000415e+01
3.817928930080000116e-01 1.467526812399999880e-01 9.808678330349999974e-02 -3.744067758249999822e-01 -1.301336248359999956e+02 8.658419195259999412e+01 8.652452115970000079e+01
2.191451019900000075e-01 1.444840768810000120e-01 1.038279372419999985e-01 -3.724865557220000123e-01 -1.305622655329999873e+02 8.632279006710000147e+01 8.690392438620000348e+01
5.039549477229999797e-01 1.466554258989999915e-01 1.047351790620000000e-01 -3.699724764339999972e-01 -1.304807621180000012e+02 8.612158799280000210e+01 8.667713067569999907e+01
1.249352621039999944e-01 1.451313049400000110e-01 1.004906921929999974e-01 -3.738166754710000039e-01 -1.300020908220000138e+02 8.672186718279999695e+01 8.651245499700000607e+01
1.522068752840000094e-01 1.466684603249999996e-01 1.009222967659999942e-01 -3.713647399459999998e-01 -1.303161793310000007e+02 8.628687436820000300e+01 8.641240783279999960e+01
5.103609125920000045e-01 1.464646492549999957e-01 9.828242852549999575e-02 -3.726080554719999882e-01 -1.307675889369999993e+02 8.630705695810000577e+01 8.632180026199999645e+01
2.659149620530000258e-01 1.444888223390000115e-01 1.007464283380000020e-01 -3.710257254300000085e-01 -1.298797274449999861e+02 8.615031413399999849e+01 8.675257888270000706e+01
4.145114407939999857e-01 1.422715045840000081e-01 1.016137203270000011e-01 -3.700224856389999761e-01 -1.302482902010000032e+02 8.601669370969999306e+01 8.659639622470000120e+01
2.240164602649999948e-01 1.442877347529999965e-01 9.815284282300000551e-02 -3.802286376460000117e-01 -1.301802498289999903e+02 8.665227133749999666e+01 8.673723895140000195e+01
2.696591907709999791e-01 1.457645589200000091e-01 1.038934169070000052e-01 -3.636420740699999876e-01 -1.307381031120000046e+02 8.591224020859999655e+01 8.668680192239999371e+01
1.429213232340000028e-01 1.449049859409999863e-01 9.892455610679999622e-02 -3.714102065000000064e-01 -1.305889486719999866e+02 8.620281740660000480e+01 8.655494682050000677e+01
1.368284678080000094e-01 1.483234118429999915e-01 1.042335862179999961e-01 -3.719699462630000064e-01 -1.308775168740000083e+02 8.608333955720000574e+01 8.678134377249999432e+01
1.712035098430000069e-01 1.426430869770000109e-01 1.063829718270000030e-01 -3.737020274819999877e-01 -1.301636267650000036e+02 8.610065918029999921e+01 8.672565557859999785e+01
1.069560729360000018e+00 1.421988918629999987e-01 1.051607935779999975e-01 -3.726069615370000143e-01 -1.300347771099999932e+02 8.618564286710000033e+01 8.662470899839999561e+01
6.212523763759999484e-01 1.473919648850000041e-01 1.008207315830000061e-01 -3.728906435409999887e-01 -1.302074990989999890e+02 8.610419631419999575e+01 8.608560474879999447e+01
1.224686612759999932e-01 1.421029438370000064e-01 1.042059354020000023e-01 -3.735962426339999864e-01 -1.304805312899999876e+02 8.591157902400000523e+01 8.692796513960000482e+01
1.616937921419999924e+00 1.465483197340000099e-01 1.013186515140000049e-01 -3.722571515029999834e-01 -1.303719854789999886e+02 8.577094091130000209e+01 8.630502360750000435e+01
2.219034763359999940e-01 1.478921318080000102e-01 9.940277807229999651e-02 -3.713993717099999814e-01 -1.303878964479999922e+02 8.629620536310000034e+01 8.687580412750000391e+01
1.542165188890000094e-01 1.427736807240000128e-01 1.024453640160000040e-01 -3.685543466489999975e-01 -1.304460178319999955e+02 8.582178500279999867e+01 8.666573731040000439e+01
1.166048420840000016e-01 1.468677717499999869e-01 1.028353668490000067e-01 -3.726795226040000020e-01 -1.305459738579999964e+02 8.636747192030000519e+01 8.656164562589999889e+01
3.390920234629999919e-01 1.455818886659999978e-01 1.011762900559999984e-01 -3.697890230599999994e-01 -1.305118710920000069e+02 8.627205299310000441e+01 8.694067979730000673e+01
1.208521333019999949e-01 1.420321034450000020e-01 1.051327803690000062e-01 -3.766269016930000046e-01 -1.298662249470000063e+02 8.611326594979999527e+01 8.688152888029999588e+01
2.294288079310000117e-01 1.440089704560000017e-01 9.918231312450000170e-02 -3.703406394139999724e-01 -1.304710241649999887e+02 8.624733420440000486e+01 8.713494312150000098e+01
1.002548443040000015e-01 1.425699928849999965e-01 9.783074227700000458e-02 -3.742977468409999786e-01 -1.303648872370000049e+02 8.645637208700000542e+01 8.687921551300000544e+01
3.749823002439999775e-01 1.443247095709999928e-01 9.806243091989999550e-02 -3.711309271389999775e-01 -1.307972554479999872e+02 8.610056572029999700e+01 8.657305143480000709e+01
1.077613155830000058e-01 1.483311875199999907e-01 1.024714195800000005e-01 -3.739200282410000131e-01 -1.305308822270000064e+02 8.608886611210000694e+01 8.645960936429999322e+01
1.517658807019999889e+00 1.454505433970000039e-01 1.045038924490000048e-01 -3.721009462700000103e-01 -1.305919506980000051e+02 8.641344153149999840e+01 8.645943141210000249e+01
2.030451293730000106e-01 1.481539548180000054e-01 9.990766683200000275e-02 -3.739583749820000191e-01 -1.303384183000000007e+02 8.654300550210000154e+01 8.681787965930000439e+01
1.694706563429999868e-01 1.415718246680000014e-01 1.007216110710000001e-01 -3.739184961670000140e-01 -1.299001432539999996e+02 8.620943357139999819e+01 8.706249668690000476e+01
1.008205098169999980e-01 1.431322447389999919e-01 9.962303064840000166e-02 -3.712767873230000126e-01 -1.306228911610000125e+02 8.652591937139999345e+01 8.690214372639999851e+01
3.907136125490000000e-01 1.472765728079999947e-01 1.010699137879999959e-01 -3.683336183540000253e-01 -1.306094444640000063e+02 8.598552229140000236e+01 8.672187383029999808e+01
2.944911653949999764e-01 1.495794206970000040e-01 1.056698244759999988e-01 -3.788651757490000271e-01 -1.301555459779999921e+02 8.609758732420000626e+01 8.652211159079999447e+01
3.000152509549999791e-01 1.442149469389999994e-01 1.037546605450000020e-01 -3.716100285310000029e-01 -1.302085670209999932e+02 8.597694552759999453e+01 8.667249571479999304e+01
3.434596272730000011e-01 1.460270175610000054e-01 9.802319851790000649e-02 -3.705199446529999774e-01 -1.309223447159999978e+02 8.635712341270000536e+01 8.637054643230000295e+01
3.154641104290000220e-01 1.463916852409999914e-01 1.026254627860000018e-01 -3.758245807889999957e-01 -1.303555776789999925e+02 8.658692365630000154e+01 8.690040992919999496e+01
1.059019002569999979e-01 1.496987465279999985e-01 9.872838430119999786e-02 -3.663857423149999848e-01 -1.310326250790000131e+02 8.650347462370000073e+01 8.656416093379999666e+01
1.057357069710000014e-01 1.483841584850000006e-01 1.021595243739999992e-01 -3.773212173780000067e-01 -1.304054452569999967e+02 8.623796564410000087e+01 8.618387203359999660e+01
1.045463051239999969e-01 1.423223865229999996e-01 1.009715691109999980e-01 -3.661093317549999893e-01 -1.303675631039999985e+02 8.632474358970000594e+01 8.667675266339999496e+01
1.897283698820000086e-01 1.504129772899999995e-01 9.971447484510000125e-02 -3.756241776679999922e-01 -1.303636856690000059e+02 8.646608956190000583e+01 8.640671217610000099e+01
1.299281752299999981e+00 1.452865376889999893e-01 1.031246750289999958e-01 -3.698452911339999982e-01 -1.307153045400000053e+02 8.567601022990000104e+01 8.674998144299999581e+01
2.494886546420000129e-01 1.445953181059999870e-01 1.025331784149999953e-01 -3.748164817249999836e-01 -1.301103104430000030e+02 8.622094160059999979e+01 8.663887491760000614e+01
1.332957905740000115e-01 1.478621300409999895e-01 1.017561561989999974e-01 -3.763599649009999881e-01 -1.305832198429999949e+02 8.664644975260000592e+01 8.659793024699999364e+01
8.041380354099999517e-01 1.499328421339999884e-01 1.036215778309999974e-01 -3.688275535109999947e-01 -1.306555387209999992e+02 8.623401797489999865e+01 8.650481856730000629e+01
3.147729205989999723e-01 1.384650637060000078e-01 1.054238593100000065e-01 -3.774465281259999916e-01 -1.299707805969999868e+02 8.604430445420000240e+01 8.671224847839999939e+01
1.545471746600000085e-01 1.410406926209999967e-01 1.043361365759999937e-01 -3.670786650539999973e-01 -1.305385118289999866e+02 8.601271824190000359e+01 8.684552308809999488e+01
2.688286273600000165e-01 1.495972391110000077e-01 1.096441987700000065e-01 -3.690503861710000000e-01 -1.306075347249999936e+02 8.574715309040000477e+01 8.633625216449999584e+01
1.166175081270000025e-01 1.484610818940000077e-01 9.468913078849999776e-02 -3.772668527170000008e-01 -1.304205963759999918e+02 8.665736233169999991e+01 8.650993951300000617e+01
1.117299754460000072e+00 1.442353463649999890e-01 1.053391122899999949e-01 -3.721156125589999975e-01 -1.303348828409999953e+02 8.630425284679999720e+01 8.648988877450000246e+01
2.796062341189999856e-01 1.466734306330000071e-01 1.020746148029999939e-01 -3.698172754430000264e-01 -1.307539627820000021e+02 8.628262612800000397e+01 8.664540787519999299e+01
1.627812527030000067e-01 1.391910581609999975e-01 1.006932864260000060e-01 -3.737202554740000071e-01 -1.298788983450000103e+02 8.625676908789999686e+01 8.654161107640000239e+01
1.901200011209999985e-01 1.435255263150000127e-01 1.005409505610000004e-01 -3.736026698100000099e-01 -1.300639016719999859e+02 8.599247845700000425e+01 8.709571255230000020e+01
1.402747704619999869e-01 1.463271149439999974e-01 1.035775180369999937e-01 -3.729025966449999729e-01 -1.305084052139999926e+02 8.581558175879999339e+01 8.675663539549999825e+01
1.354688291599999983e-01 1.485492080430000084e-01 1.001999128470000000e-01 -3.680671253319999781e-01 -1.306987860739999974e+02 8.606730137540000669e+01 8.670347838089999470e+01
1.181070927570000012e-01 1.477734736590000098e-01 9.864953937890000302e-02 -3.713084840349999971e-01 -1.305394404230000021e+02 8.670928492589999337e+01 8.687524959430000138e+01
6.258428192430000259e+00 1.454613286739999956e-01 9.843354575769999726e-02 -3.704749502440000120e-01 -1.305575255800000036e+02 8.666882221890000437e+01 8.686608495539999808e+01
3.279131791329999990e-01 1.417878593880000093e-01 1.053892320659999965e-01 -3.737068208209999853e-01 -1.302494821360000117e+02 8.602054740939999533e+01 8.686302078839999297e+01
2.386056598780000038e-01 1.472179488850000051e-01 1.024797173839999964e-01 -3.741203157940000135e-01 -1.304661349950000044e+02 8.641845029060000627e+01 8.621622402040000566e+01
1.647985324079999925e-01 1.442967477310000135e-01 1.016495402250000013e-01 -3.699855209490000019e-01 -1.306972583040000018e+02 8.639770635230000551e+01 8.645335673930000553e+01
1.313879324890000033e+00 1.450253296000000025e-01 9.713359813130000020e-02 -3.708512367690000033e-01 -1.307197713650000139e+02 8.651687845719999359e+01 8.671546352560000059e+01
1.471756089509999865e-01 1.483315308100000007e-01 1.023953362429999986e-01 -3.794250681599999897e-01 -1.302306079649999901e+02 8.655001857029999712e+01 8.648602106309999726e+01
7.436271494280000116e-01 1.481310685370000046e-01 1.010883852769999952e-01 -3.710600852709999842e-01 -1.304974398759999872e+02 8.615816899489999514e+01 8.652318315509999991e+01
1.281415511369999871e-01 1.433866825469999884e-01 1.017667251929999933e-01 -3.710182288819999785e-01 -1.300939353850000089e+02 8.611249307369999428e+01 8.674106439860000251e+01
1.202523143210000034e-01 1.464511224720000115e-01 1.049797518220000059e-01 -3.717400188689999885e-01 -1.302053772879999940e+02 8.635060839659999488e+01 8.634804899389999377e+01
5.048514530190000293e-01 1.506724102550000000e-01 9.958754452010000480e-02 -3.673410746490000101e-01 -1.307055788579999955e+02 8.618523823649999827e+01 8.642098368530000130e+01
2.880557677139999884e-01 1.406805223089999946e-01 1.057021482300000009e-01 -3.754990036210000270e-01 -1.301254995829999928e+02 8.592382170700000188e+01 8.695266437159999384e+01
1.392743839779999881e-01 1.461925342900000091e-01 1.048318387280000041e-01 -3.764361254949999958e-01 -1.299657189860000130e+02 8.625999440610000590e+01 8.660502222700000630e+01
1.593042658899999908e-01 1.417408524709999895e-01 1.055090905909999988e-01 -3.716517200569999790e-01 -1.302981476900000075e+02 8.607688125219999620e+01 8.689898605359999806e+01
1.216715378290000038e-01 1.419287076619999977e-01 1.054152263339999951e-01 -3.692060241239999985e-01 -1.303894646960000046e+02 8.591727728099999695e+01 8.678305979300000672e+01
1.920278840659999930e-01 1.466880687800000138e-01 1.014836096430000029e-01 -3.710975495059999907e-01 -1.306002998360000049e+02 8.597318875499999535e+01 8.635566414250000378e+01
4.197113858159999822e-01 1.428311153930000021e-01 1.002988710750000040e-01 -3.746407925240000103e-01 -1.299222454810000045e+02 8.592207467650000297e+01 8.661046862080000608e+01
1.926297340939999991e-01 1.433006037539999999e-01 1.040468736009999978e-01 -3.757810977130000007e-01 -1.300471095190000028e+02 8.568327607550000380e+01 8.660225531669999555e+01
2.627598596169999912e-01 1.461291872409999915e-01 1.014320641040000054e-01 -3.751315147279999929e-01 -1.301335072210000021e+02 8.653786468869999737e+01 8.647682298419999825e+01
3.981541298919999972e-01 1.472205568099999862e-01 1.053713147469999972e-01 -3.709195547540000137e-01 -1.304671318839999969e+02 8.582546577239999408e+01 8.671157362799999646e+01
1.492189507999999998e-01 1.447006407210000012e-01 1.044591049379999942e-01 -3.691903303949999882e-01 -1.305223308019999990e+02 8.578568454140000199e+01 8.651502312760000279e+01
1.179531522049999948e-01 1.504107404820000105e-01 1.016700288479999992e-01 -3.755763419870000175e-01 -1.305979080950000082e+02 8.655331991779999612e+01 8.637537561690000132e+01
2.382430510459999928e-01 1.435936076210000134e-01 1.009671998290000011e-01 -3.699964397919999759e-01 -1.301112582499999917e+02 8.632488297000000443e+01 8.680702784849999887e+01
1.161016443859999997e-01 1.433102177470000071e-01 1.016656423700000034e-01 -3.725613169700000005e-01 -1.305325578450000137e+02 8.629094370500000366e+01 8.698031248819999917e+01
1.133020362839999989e-01 1.448009614230000019e-01 9.950773160839999909e-02 -3.744864006520000066e-01 -1.304993840150000040e+02 8.659649990260000152e+01 8.661905526510000186e+01
1.973772343809999941e-01 1.464896732390000011e-01 9.852275915909999848e-02 -3.794186896460000069e-01 -1.300528076999999882e+02 8.643511580809999373e+01 8.625456964750000566e+01
1.189364538349999972e-01 1.457146905529999870e-01 1.026380270419999935e-01 -3.730224501600000186e-01 -1.307776513549999891e+02 8.624730119650000404e+01 8.656737287040000695e+01
1.071229410809999977e-01 1.472089152009999902e-01 9.943231635230000143e-02 -3.707215059530000190e-01 -1.300529226509999887e+02 8.642983563929999491e+01 8.677600031030000594e+01
2.368664081280000000e-01 1.446241794739999975e-01 1.010218564850000056e-01 -3.742612135000000229e-01 -1.301151969539999982e+02 8.595989814099999649e+01 8.639038368520000688e+01
1.063143657979999934e-01 1.454393722079999896e-01 1.033244359189999934e-01 -3.729389227889999825e-01 -1.306754252620000045e+02 8.609075908340000183e+01 8.632616021970000020e+01
8.172496580550000500e-01 1.494571993840000113e-01 1.064205421849999944e-01 -3.732438654760000252e-01 -1.303710752949999971e+02 8.596705862189999436e+01 8.622361769949999655e+01
1.046569017829999948e-01 1.416429675679999889e-01 9.846843388209999826e-02 -3.700381437520000039e-01 -1.306865487990000076e+02 8.631256752480000216e+01 8.657038718120000453e+01
2.321427128430000042e-01 1.454807525900000120e-01 1.033999789800000013e-01 -3.764903417079999981e-01 -1.300426888910000116e+02 8.608716506049999850e+01 8.655245155880000141e+01
2.289988329679999990e-01 1.354387479470000044e-01 1.044754527419999995e-01 -3.703070043030000091e-01 -1.300661434319999898e+02 8.596639636529999962e+01 8.683282284249999350e+01
1.696045135679999927e-01 1.433710287599999911e-01 1.019337340789999991e-01 -3.697351876580000085e-01 -1.304439677759999938e+02 8.583327904339999748e+01 8.709238377830000388e+01
1.263820534729999945e-01 1.500422189570000120e-01 1.016896475900000013e-01 -3.700777256810000027e-01 -1.308193389310000043e+02 8.621809414640000568e+01 8.626173202370000581e+01
1.186063858090000034e+00 1.467689462010000057e-01 1.008344011049999989e-01 -3.749461135769999731e-01 -1.304969694229999959e+02 8.670454183069999488e+01 8.642504416280000612e+01
