9.132163567400000681e-02 1.325177340750000043e-01 -3.339957766850000231e-01 -1.340173026450000009e+02 8.299436052030000610e+01 1.035127791689999981e+02
9.248658903260000008e-02 1.363707643239999989e-01 -3.323304489750000257e-01 -1.336507844070000033e+02 8.250980750189999924e+01 1.032665986970000063e+02
9.602879929270000114e-02 1.346644968550000099e-01 -3.408763519970000044e-01 -1.337638474640000084e+02 8.313724108099999910e+01 1.031419279520000032e+02
9.184932830610000043e-02 1.363935784960000064e-01 -3.343130364119999975e-01 -1.336592473880000114e+02 8.276992510329999675e+01 1.037690082259999969e+02
9.648670159399999613e-02 1.371557577460000010e-01 -3.324140294210000124e-01 -1.344016273000000012e+02 8.256204358790000697e+01 1.033066647320000015e+02
8.951982903840000061e-02 1.355864597510000047e-01 -3.359957856779999807e-01 -1.336287502049999887e+02 8.306109514290000106e+01 1.032837528630000037e+02
9.491799014059999762e-02 1.385127039260000137e-01 -3.319028184700000272e-01 -1.340185620579999863e+02 8.249664895249999574e+01 1.032483409649999970e+02
9.091993208340000410e-02 1.375292838449999888e-01 -3.385922061200000166e-01 -1.336862251860000015e+02 8.253388373520000698e+01 1.033911154780000032e+02
9.280403053659999624e-02 1.350471783459999964e-01 -3.340847814649999803e-01 -1.337943106479999926e+02 8.289743986989999769e+01 1.034828964839999941e+02
9.306473344820000160e-02 1.302501272890000117e-01 -3.324219285059999973e-01 -1.341343495529999927e+02 8.333650963850000437e+01 1.034763582789999958e+02
9.401343193950000010e-02 1.421960986509999969e-01 -3.346045980790000041e-01 -1.337742595709999875e+02 8.210335308850000047e+01 1.031362240290000045e+02
9.223391905729999563e-02 1.316153210379999994e-01 -3.382023235569999731e-01 -1.337712235550000059e+02 8.325796106900000382e+01 1.037044888039999933e+02
8.536049638560000430e-02 1.429827871319999943e-01 -3.359868975959999782e-01 -1.332584064819999981e+02 8.230471648910000226e+01 1.035308428489999955e+02
8.826791237299999593e-02 1.336857162089999940e-01 -3.365508111919999767e-01 -1.329569975489999933e+02 8.316102464150000628e+01 1.036144756430000058e+02
8.748943604419999465e-02 1.357362598959999944e-01 -3.323744970079999805e-01 -1.340080861509999863e+02 8.253400682999999560e+01 1.037144795960000039e+02
9.448919929419999364e-02 1.425432055510000018e-01 -3.402688046749999806e-01 -1.333463463539999907e+02 8.245087336289999769e+01 1.030995999959999949e+02
9.601474608139999589e-02 1.387034006710000100e-01 -3.349272515219999802e-01 -1.339082427810000127e+02 8.283061200589999373e+01 1.031368697209999965e+02
9.263759331750000270e-02 1.399967633829999891e-01 -3.352021693009999970e-01 -1.338273197130000085e+02 8.262197447629999658e+01 1.032218132619999977e+02
9.074322092200000356e-02 1.351694270209999882e-01 -3.352702233800000098e-01 -1.336749094580000019e+02 8.306679677270000184e+01 1.036897769830000016e+02
9.387597087129999351e-02 1.361203373190000010e-01 -3.350661252039999760e-01 -1.339106153490000111e+02 8.325881788819999940e+01 1.035451417379999981e+02
9.106219022019999831e-02 1.342148899089999903e-01 -3.367540335750000002e-01 -1.337503575880000142e+02 8.309393077449999510e+01 1.035150509639999967e+02
9.481739479150000371e-02 1.340978921679999991e-01 -3.341914708539999723e-01 -1.337001505240000085e+02 8.330590738989999977e+01 1.031861155440000033e+02
8.949948882699999830e-02 1.349479536700000093e-01 -3.334818677849999968e-01 -1.341818089770000029e+02 8.326019292729999677e+01 1.035123660990000047e+02
9.369509747239999908e-02 1.342311341949999903e-01 -3.298195014220000054e-01 -1.341098148769999909e+02 8.296687918160000663e+01 1.036274859429999964e+02
9.172315317960000325e-02 1.349037806070000067e-01 -3.362753443129999908e-01 -1.339339343780000036e+02 8.299416177039999809e+01 1.030361580440000040e+02
9.165451095200000120e-02 1.372566038170000002e-01 -3.373063697470000122e-01 -1.334844183989999920e+02 8.287165174400000467e+01 1.037062083349999995e+02
9.581243977669999523e-02 1.363839434559999952e-01 -3.344170429659999999e-01 -1.342085368699999890e+02 8.298139913570000203e+01 1.031588863080000067e+02
9.247887210770000532e-02 1.360890058789999968e-01 -3.333265931000000126e-01 -1.336308592020000106e+02 8.268850125580000565e+01 1.034106587469999994e+02
9.485890579700000103e-02 1.292631203169999909e-01 -3.370639817789999881e-01 -1.339735248759999990e+02 8.370993251710000038e+01 1.033081463670000062e+02
8.437232795219999637e-02 1.377618422249999863e-01 -3.249317709849999791e-01 -1.336951349500000106e+02 8.234570443789999672e+01 1.039116495410000027e+02
8.950830682200000554e-02 1.396668453909999941e-01 -3.355622916639999787e-01 -1.332136891000000105e+02 8.275450923159999661e+01 1.035851294560000042e+02
9.276592450119999778e-02 1.368465085460000008e-01 -3.327764900840000095e-01 -1.339052258389999963e+02 8.309776680810000471e+01 1.033749660630000022e+02
9.150786183429999998e-02 1.336457469919999919e-01 -3.355382908410000087e-01 -1.333466646740000101e+02 8.312146651289999966e+01 1.035272664879999951e+02
9.198231938089999893e-02 1.351486358850000069e-01 -3.352935145729999955e-01 -1.339042743359999861e+02 8.303251756759999580e+01 1.030717118670000048e+02
9.143144886380000225e-02 1.334270340429999924e-01 -3.344807345069999993e-01 -1.334709667250000109e+02 8.322481568480000647e+01 1.032332466499999981e+02
9.581406464319999761e-02 1.353920000899999920e-01 -3.350744353890000027e-01 -1.340247946290000129e+02 8.272481913480000060e+01 1.032983900899999981e+02
9.052681696229999964e-02 1.373183933029999970e-01 -3.352916627799999993e-01 -1.341396990039999935e+02 8.308387209110000526e+01 1.036703161399999971e+02
9.278873690880000413e-02 1.362358656450000094e-01 -3.366807299030000200e-01 -1.337720606229999873e+02 8.289691280620000668e+01 1.034966092290000006e+02
9.089679964529999434e-02 1.357381669840000138e-01 -3.299504232430000017e-01 -1.335507052689999909e+02 8.250660540319999825e+01 1.034989076030000064e+02
8.911896426300000562e-02 1.342641784889999912e-01 -3.338852954629999981e-01 -1.340679826619999915e+02 8.311096171079999806e+01 1.033883305869999987e+02
9.310042043879999951e-02 1.349121793549999948e-01 -3.307267108340000150e-01 -1.338383655490000024e+02 8.296661348640000710e+01 1.035003899350000012e+02
9.598649878980000660e-02 1.345368329069999980e-01 -3.288173210359999765e-01 -1.344901521330000094e+02 8.301655066460000398e+01 1.034831292420000040e+02
9.005300523610000607e-02 1.349470455100000021e-01 -3.395738412289999730e-01 -1.333512320700000089e+02 8.271473228109999809e+01 1.032691171520000069e+02
9.492877010490000100e-02 1.355820696499999978e-01 -3.372810847909999965e-01 -1.333930982329999892e+02 8.281081563959999414e+01 1.032795274169999971e+02
9.159108931190000635e-02 1.396627652250000129e-01 -3.347306577570000052e-01 -1.337507080190000011e+02 8.277476295540000706e+01 1.032548437920000026e+02
9.494756154510000656e-02 1.341173186690000074e-01 -3.380433000570000068e-01 -1.335907405430000097e+02 8.291473911699999633e+01 1.033919088300000055e+02
8.856311117510000386e-02 1.359308094099999920e-01 -3.391642613659999750e-01 -1.333880634760000135e+02 8.289533980070000041e+01 1.038906784259999938e+02
9.324148403809999486e-02 1.378764820679999892e-01 -3.313746082840000051e-01 -1.342426964260000091e+02 8.299534773710000479e+01 1.034072246239999942e+02
9.380967867860000309e-02 1.367507882039999956e-01 -3.354320057040000025e-01 -1.332896169960000066e+02 8.294014306180000062e+01 1.034296643079999996e+02
8.565266382180000693e-02 1.395084590200000030e-01 -3.296659944900000028e-01 -1.333613886850000085e+02 8.239759264900000346e+01 1.039127197389999964e+02
9.303006158960000493e-02 1.393058614609999912e-01 -3.329756078950000253e-01 -1.334391751940000006e+02 8.252531963539999538e+01 1.034456374629999971e+02
8.984719541049999980e-02 1.334497235069999899e-01 -3.343704115800000265e-01 -1.337994080789999884e+02 8.301607186459999355e+01 1.031618462529999931e+02
9.029796876500000014e-02 1.342197149079999985e-01 -3.348438214680000136e-01 -1.335632530320000058e+02 8.286805224809999970e+01 1.034097299440000057e+02
9.245645961439999394e-02 1.346975810069999946e-01 -3.315718317820000038e-01 -1.341512303179999890e+02 8.266803828579999447e+01 1.032372373280000062e+02
9.019183029690000519e-02 1.339739895700000072e-01 -3.317464319160000064e-01 -1.337640799970000103e+02 8.327625633530000471e+01 1.033636998860000062e+02
9.604390939489999834e-02 1.414072992640000026e-01 -3.382595936569999795e-01 -1.336862521349999895e+02 8.256979081599999404e+01 1.031567304010000043e+02
9.144883789919999728e-02 1.336047377329999952e-01 -3.360100964589999850e-01 -1.333077697610000030e+02 8.310249375770000313e+01 1.034990209249999964e+02
9.176676040719999872e-02 1.356222144070000080e-01 -3.330164513020000272e-01 -1.336542034130000047e+02 8.288560110829999417e+01 1.039768362289999999e+02
9.056584965649999708e-02 1.360454327910000094e-01 -3.348640053690000173e-01 -1.337297571459999972e+02 8.313175327199999742e+01 1.035449773050000033e+02
9.038370173090000403e-02 1.345819519969999878e-01 -3.307205363490000050e-01 -1.342432994719999897e+02 8.271676812079999763e+01 1.037491509089999937e+02
9.784942838189999992e-02 1.271526258909999874e-01 -3.364933040629999872e-01 -1.342125238730000092e+02 8.371473963500000082e+01 1.032680096560000038e+02
9.190640569720000264e-02 1.357877939169999937e-01 -3.342001083239999892e-01 -1.337614841989999945e+02 8.280368655040000192e+01 1.037306445279999991e+02
9.015601519080000681e-02 1.370272039659999885e-01 -3.354126449500000051e-01 -1.334367866890000016e+02 8.259639211969999906e+01 1.034133641009999991e+02
9.005595108199999921e-02 1.377716689200000066e-01 -3.333959966380000139e-01 -1.334689371679999965e+02 8.246518497930000535e+01 1.037615986229999976e+02
9.233884973629999382e-02 1.422410173249999965e-01 -3.345238963300000146e-01 -1.338138363900000058e+02 8.208505670419999944e+01 1.032725853989999933e+02
9.106995170289999830e-02 1.355907451979999900e-01 -3.390610459110000030e-01 -1.337008945869999934e+02 8.277376444450000292e+01 1.034748006159999960e+02
9.277703189920000204e-02 1.367370959979999911e-01 -3.309556826330000145e-01 -1.341074679870000068e+02 8.272445999800000038e+01 1.036615432749999997e+02
9.333688034190000538e-02 1.397122987019999985e-01 -3.344287085809999893e-01 -1.338608572530000060e+02 8.287034568970000237e+01 1.032183745920000035e+02
8.751350916479999631e-02 1.380837278479999930e-01 -3.359807250710000193e-01 -1.333069790650000073e+02 8.280477593199999831e+01 1.035591560879999946e+02
8.839988365699999462e-02 1.368569870559999957e-01 -3.351796967649999792e-01 -1.334837664030000042e+02 8.259738657399999795e+01 1.034643889459999997e+02
9.231273827960000122e-02 1.350958793500000032e-01 -3.371810853650000217e-01 -1.333572552260000066e+02 8.263911799449999762e+01 1.036954330140000025e+02
9.450572829870000635e-02 1.319905062560000064e-01 -3.353309821109999866e-01 -1.342855501399999980e+02 8.302259731360000217e+01 1.032606750080000069e+02
9.415326704960000348e-02 1.387387793300000061e-01 -3.388637932369999994e-01 -1.336014538439999910e+02 8.292552177470000174e+01 1.030781363389999967e+02
9.493673313479999987e-02 1.340127992240000010e-01 -3.357779853289999950e-01 -1.337156240019999984e+02 8.314685368179999614e+01 1.030348979329999963e+02
9.203388003269999396e-02 1.306134254790000115e-01 -3.342270090259999993e-01 -1.334935171170000103e+02 8.317448820869999793e+01 1.034302355570000032e+02
8.968732991889999395e-02 1.338042080200000095e-01 -3.311540722460000197e-01 -1.338960890090000078e+02 8.301583700189999604e+01 1.038726813399999998e+02
9.273905832919999981e-02 1.363621452409999879e-01 -3.374458455029999970e-01 -1.338211036120000017e+02 8.282871704839999438e+01 1.030828753979999988e+02
9.204552971429999508e-02 1.340095549510000039e-01 -3.320700488680000118e-01 -1.339187248590000081e+02 8.271511477820000380e+01 1.037085620699999993e+02
9.292639854999999727e-02 1.395204066890000094e-01 -3.324831728509999862e-01 -1.338790862490000109e+02 8.248839170639999452e+01 1.034593052259999979e+02
9.339589754160000645e-02 1.367306213420000083e-01 -3.296599522409999761e-01 -1.342546362619999911e+02 8.236456845440000052e+01 1.035428576260000000e+02
8.884339316559999866e-02 1.361697241410000092e-01 -3.298007252490000041e-01 -1.336748877729999947e+02 8.269060816130000546e+01 1.035557658040000035e+02
8.974154335539999416e-02 1.369622843820000047e-01 -3.351673355259999765e-01 -1.338817535759999942e+02 8.252406110670000317e+01 1.036141565110000045e+02
9.365114389709999765e-02 1.348409759939999952e-01 -3.365001479459999723e-01 -1.336785677599999929e+02 8.300325058250000154e+01 1.030991056849999978e+02
8.668318689489999673e-02 1.344021122359999876e-01 -3.337634243950000079e-01 -1.334133387159999984e+02 8.253194474080000020e+01 1.035796845349999984e+02
9.369272529600000676e-02 1.360002552239999996e-01 -3.315029461510000108e-01 -1.341733027999999877e+02 8.258565509180000674e+01 1.036815208200000029e+02
9.064138857700000662e-02 1.339995377950000122e-01 -3.346197694959999747e-01 -1.335386241969999901e+02 8.317351950920000547e+01 1.039795353300000045e+02
9.477333104719999624e-02 1.347148644320000088e-01 -3.355226675960000238e-01 -1.341079885629999922e+02 8.322043747189999863e+01 1.036830958259999989e+02
8.917134922189999535e-02 1.367487550769999893e-01 -3.314149505780000227e-01 -1.338029975439999930e+02 8.297743348279999509e+01 1.037953104179999997e+02
9.491741855299999642e-02 1.396569206219999970e-01 -3.325676178770000102e-01 -1.338636869819999902e+02 8.256549739300000113e+01 1.031964822540000029e+02
9.255315748940000364e-02 1.371600909100000043e-01 -3.375054392540000059e-01 -1.336412554629999931e+02 8.260503895290000287e+01 1.037664928250000003e+02
9.312127790669999516e-02 1.285788698199999969e-01 -3.307340640520000097e-01 -1.340202076340000019e+02 8.312469902380000519e+01 1.036637714900000020e+02
9.325491348990000429e-02 1.298077597839999986e-01 -3.309687351469999816e-01 -1.340428672109999866e+02 8.349188096189999442e+01 1.036028682339999989e+02
9.026109415329999774e-02 1.332297375600000056e-01 -3.375022670639999944e-01 -1.334118733239999983e+02 8.294155365100000665e+01 1.034936636660000033e+02
8.999798117589999369e-02 1.325867270999999958e-01 -3.374876172349999814e-01 -1.335616806849999989e+02 8.321266617659999554e+01 1.037695128659999995e+02
8.854485563170000351e-02 1.373024849770000111e-01 -3.362494704949999802e-01 -1.332443959720000066e+02 8.291718017069999291e+01 1.038528727270000047e+02
9.411839923440000477e-02 1.345972516320000090e-01 -3.364866919089999908e-01 -1.339689117450000140e+02 8.291311272320000114e+01 1.031678500849999978e+02
8.841198041339999592e-02 1.362115259180000093e-01 -3.306409202539999925e-01 -1.335528435379999905e+02 8.313907131530000072e+01 1.035396435020000041e+02
8.999233999569999920e-02 1.363512143479999883e-01 -3.351355719999999927e-01 -1.338407731169999977e+02 8.247341957019999370e+01 1.034156653259999956e+02
8.605089646050000096e-02 1.343187014670000068e-01 -3.372941417340000192e-01 -1.333050422309999874e+02 8.322288059609999777e+01 1.036456978310000068e+02
9.241632428950000144e-02 1.420381583839999962e-01 -3.341111687850000234e-01 -1.339596135619999870e+02 8.220755166029999828e+01 1.033845324619999957e+02
9.004919190030000187e-02 1.339750418760000117e-01 -3.360913382260000137e-01 -1.331828123090000133e+02 8.269958489059999351e+01 1.035988048680000020e+02
9.060733813450000396e-02 1.362089130649999924e-01 -3.414508059749999935e-01 -1.335015662550000002e+02 8.298167299150000531e+01 1.036628053969999996e+02
9.145134807009999700e-02 1.360717678149999943e-01 -3.309192185709999845e-01 -1.340437674640000125e+02 8.262463681990000453e+01 1.032312330070000002e+02
8.625581528049999780e-02 1.350586456810000113e-01 -3.317263223399999905e-01 -1.333622490580000033e+02 8.264567009799999653e+01 1.035196214279999936e+02
9.160884126069999966e-02 1.362362526639999960e-01 -3.319313493259999914e-01 -1.341781784590000086e+02 8.287800541389999864e+01 1.033814743530000015e+02
9.062098669429999309e-02 1.370217668310000081e-01 -3.353693934329999848e-01 -1.335459316339999987e+02 8.323498363989999405e+01 1.035516393310000041e+02
9.194308689840000048e-02 1.376965754130000108e-01 -3.311129497270000055e-01 -1.340637760969999874e+02 8.252074871349999796e+01 1.036006749229999997e+02
8.922181014949999434e-02 1.336131665380000111e-01 -3.357571575170000266e-01 -1.331145660280000129e+02 8.280890084700000386e+01 1.038000454820000016e+02
8.701789204220000684e-02 1.292688891029999954e-01 -3.329792970589999790e-01 -1.334735760099999879e+02 8.319906164360000389e+01 1.037834234580000015e+02
9.441263539760000323e-02 1.336951342990000124e-01 -3.357971390010000001e-01 -1.338776899110000045e+02 8.306412003399999833e+01 1.031476289889999975e+02
9.084618336069999467e-02 1.367628821300000130e-01 -3.289498408070000157e-01 -1.338721158230000015e+02 8.285539980449999575e+01 1.036225991400000055e+02
9.034508940850000114e-02 1.322707292360000009e-01 -3.355577243990000014e-01 -1.330937997469999914e+02 8.305471032939999532e+01 1.035243604099999999e+02
8.601533229619999499e-02 1.354366722750000029e-01 -3.309199692329999887e-01 -1.335226336499999888e+02 8.265332769660000167e+01 1.039732954699999965e+02
9.554739194389999524e-02 1.369589135879999975e-01 -3.356641961160000132e-01 -1.336331422080000095e+02 8.278238301049999848e+01 1.034869175139999982e+02
9.582881230570000630e-02 1.361764493189999981e-01 -3.379115692460000209e-01 -1.336540193509999881e+02 8.321119574920000161e+01 1.034554655839999953e+02
8.762736667949999614e-02 1.371026842720000083e-01 -3.363397199739999732e-01 -1.332635410299999990e+02 8.281962659170000052e+01 1.035848463060000029e+02
9.291880773619999589e-02 1.354259972759999930e-01 -3.367725988790000180e-01 -1.339920941659999869e+02 8.313294729490000634e+01 1.032376972330000058e+02
9.163763291279999890e-02 1.360416727060000108e-01 -3.350971947670000062e-01 -1.334941861819999929e+02 8.312592555700000219e+01 1.032576794950000050e+02
9.319204503160000153e-02 1.401768800019999872e-01 -3.397095176969999741e-01 -1.334165739119999898e+02 8.261733057230000554e+01 1.033126328830000062e+02
8.979302892960000504e-02 1.384066789789999974e-01 -3.383032322360000066e-01 -1.331717731839999885e+02 8.291057592180000313e+01 1.035390523699999932e+02
8.970905013839999831e-02 1.326293507669999983e-01 -3.400154692039999982e-01 -1.333693801720000067e+02 8.329927041729999360e+01 1.034224500360000008e+02
9.298762118150000200e-02 1.378746133950000119e-01 -3.318697497690000220e-01 -1.335091529000000037e+02 8.289819393070000331e+01 1.033066517200000050e+02
9.064251576659999865e-02 1.335887427359999935e-01 -3.339977865150000058e-01 -1.337328036739999959e+02 8.302818033249999985e+01 1.038514468709999932e+02
9.388986107970000161e-02 1.355653248589999971e-01 -3.357934244920000033e-01 -1.341572155700000053e+02 8.320960220249999395e+01 1.033892443449999945e+02
9.472742911869999616e-02 1.328673935370000003e-01 -3.311680739480000191e-01 -1.342404026279999982e+02 8.299489790309999648e+01 1.035549622690000007e+02
9.533946826700000210e-02 1.295921714290000082e-01 -3.354701765040000172e-01 -1.338319128409999905e+02 8.321638689830000146e+01 1.034524766699999958e+02
9.540221874519999590e-02 1.316287608429999867e-01 -3.327974400009999778e-01 -1.338123733589999915e+02 8.314609371369999735e+01 1.034488977679999948e+02
8.816064174569999967e-02 1.330377293189999865e-01 -3.318703871529999905e-01 -1.332851771130000031e+02 8.323652046060000487e+01 1.038220997140000037e+02
8.900066800820000124e-02 1.401327388080000069e-01 -3.383818049399999750e-01 -1.334664961370000071e+02 8.271035442960000239e+01 1.035421234020000014e+02
9.424497197370000634e-02 1.406689250450000039e-01 -3.311458666939999795e-01 -1.341084261229999868e+02 8.250324800680000692e+01 1.031476606380000050e+02
8.737329123520000407e-02 1.373026088319999893e-01 -3.282057482710000196e-01 -1.336389813419999939e+02 8.266217124749999812e+01 1.038017195160000057e+02
9.502972573540000023e-02 1.353222419600000059e-01 -3.319847361620000270e-01 -1.338014313950000087e+02 8.293724379430000226e+01 1.036482914789999938e+02
8.523483569270000337e-02 1.346172294280000015e-01 -3.388110498040000085e-01 -1.330983764339999880e+02 8.307775279429999671e+01 1.035815014110000050e+02
9.145109709309999502e-02 1.368703185859999893e-01 -3.315479626080000131e-01 -1.340799882130000071e+02 8.284699611679999975e+01 1.034647450100000015e+02
9.455532329719999740e-02 1.385448654720000117e-01 -3.321603943509999768e-01 -1.343589973009999881e+02 8.286244792530000325e+01 1.034769508060000049e+02
9.643484928869999750e-02 1.399401215720000036e-01 -3.346469958809999978e-01 -1.338508948809999879e+02 8.233617150919999972e+01 1.029911744799999980e+02
9.175380003909999749e-02 1.427809264959999935e-01 -3.300562216960000184e-01 -1.339587360399999909e+02 8.229666915149999795e+01 1.033439400569999975e+02
9.397773893489999586e-02 1.336984397890000065e-01 -3.282530496020000244e-01 -1.341763196329999914e+02 8.312167663559999653e+01 1.038021018019999957e+02
9.211220620219999489e-02 1.362514087639999927e-01 -3.353815813250000111e-01 -1.332811490670000012e+02 8.265128824720000011e+01 1.035979894689999981e+02
9.364843076100000385e-02 1.351962703369999907e-01 -3.316783727059999798e-01 -1.339803485349999903e+02 8.316584002010000631e+01 1.031667986159999941e+02
9.548520182670000578e-02 1.376477870030000106e-01 -3.360779953699999933e-01 -1.336489495300000101e+02 8.272951592430000289e+01 1.032337250350000062e+02
9.457784140840000409e-02 1.394736546819999867e-01 -3.297592699369999991e-01 -1.339280053200000111e+02 8.260874427589999414e+01 1.035485966709999985e+02
9.030273795429999417e-02 1.362828701970000000e-01 -3.324600270729999862e-01 -1.335693639060000066e+02 8.278574853370000142e+01 1.038777697700000004e+02
9.068543781070000087e-02 1.409091049139999940e-01 -3.354569354299999917e-01 -1.335154096539999955e+02 8.238542226260000234e+01 1.033230858689999963e+02
9.104462827779999379e-02 1.335572761359999916e-01 -3.380122168370000013e-01 -1.333483724110000139e+02 8.288771684259999972e+01 1.034903053419999992e+02
9.459900606439999859e-02 1.354437321560000018e-01 -3.331866661640000005e-01 -1.339401662070000043e+02 8.275391535960000056e+01 1.031824935169999975e+02
8.157013160310000455e-02 1.345200981190000089e-01 -3.346862966970000075e-01 -1.329580402800000059e+02 8.306672730859999376e+01 1.040637091229999953e+02
9.158418735649999365e-02 1.362022128850000069e-01 -3.348126370300000265e-01 -1.337883293069999979e+02 8.305681212070000186e+01 1.034643608429999944e+02
9.027417423330000301e-02 1.334351910809999930e-01 -3.340683758479999765e-01 -1.336216649170000039e+02 8.254295341329999758e+01 1.037545961330000068e+02
9.056977817429999467e-02 1.335235474520000132e-01 -3.298896747930000206e-01 -1.338246754129999943e+02 8.258769312549999597e+01 1.037357494620000011e+02
8.841575401680000501e-02 1.363997257010000075e-01 -3.326519207940000222e-01 -1.336930423979999887e+02 8.256471905930000332e+01 1.040692817660000031e+02
9.365541873700000686e-02 1.401691226129999912e-01 -3.321754885609999874e-01 -1.340990978000000098e+02 8.231560665169999425e+01 1.032296340970000017e+02
9.632117731169999308e-02 1.347883739050000085e-01 -3.347485400269999967e-01 -1.337321955950000074e+02 8.297462525989999449e+01 1.031190616410000018e+02
8.797905702670000272e-02 1.371765901460000048e-01 -3.339266890609999816e-01 -1.334543376960000103e+02 8.231491289720000282e+01 1.036099833180000047e+02
9.277251249039999981e-02 1.266339852160000001e-01 -3.356770984049999851e-01 -1.337421719419999988e+02 8.357954454960000135e+01 1.034822389090000030e+02
9.251496707640000094e-02 1.379490323450000000e-01 -3.343408921950000168e-01 -1.339124442689999910e+02 8.250622418070000208e+01 1.033073710559999938e+02
9.406729189330000074e-02 1.350302359680000119e-01 -3.361198977309999836e-01 -1.341989198960000067e+02 8.317477144480000106e+01 1.033913641869999935e+02
9.070236748130000581e-02 1.369460123510000127e-01 -3.368045413810000221e-01 -1.334948397130000046e+02 8.293782478260000346e+01 1.032923713509999999e+02
9.011756677309999686e-02 1.332879195439999886e-01 -3.336610414030000138e-01 -1.341383156569999926e+02 8.287473509129999627e+01 1.033980604559999961e+02
9.352746873719999798e-02 1.389912678499999887e-01 -3.370838881259999864e-01 -1.336006534109999961e+02 8.263842390569999452e+01 1.036417359160000018e+02
9.282982764619999994e-02 1.297096985070000097e-01 -3.342296445990000087e-01 -1.340502582530000097e+02 8.359424330870000119e+01 1.038569061129999938e+02
9.128147608530000345e-02 1.347327914610000066e-01 -3.323156562080000209e-01 -1.339918326089999994e+02 8.304731559809999908e+01 1.034348509839999934e+02
8.724513425119999332e-02 1.356879064809999869e-01 -3.295134702840000207e-01 -1.338322010999999918e+02 8.287066366029999642e+01 1.039652652869999940e+02
9.236631064979999861e-02 1.411164825089999963e-01 -3.340398060620000109e-01 -1.338566835500000138e+02 8.260281790099999455e+01 1.035543773299999941e+02
8.903298043099999726e-02 1.382573317380000055e-01 -3.361632537249999997e-01 -1.337773787760000062e+02 8.277434264599999381e+01 1.035906336909999936e+02
8.467132837429999781e-02 1.363413504000000054e-01 -3.291118034639999856e-01 -1.336520320699999900e+02 8.274313997929999687e+01 1.037562681609999942e+02
9.254972873470000694e-02 1.339461698280000057e-01 -3.335944083280000250e-01 -1.339313786110000137e+02 8.340643537110000238e+01 1.037385426339999981e+02
8.672094516629999528e-02 1.324704530539999869e-01 -3.312853248629999969e-01 -1.333391769289999900e+02 8.320911601769999777e+01 1.038826541050000003e+02
8.341333130589999312e-02 1.318758005229999919e-01 -3.342844263309999731e-01 -1.330432471059999955e+02 8.308601022499999544e+01 1.039943902950000023e+02
8.933596423100000072e-02 1.388453118840000111e-01 -3.318932051660000160e-01 -1.335228866420000031e+02 8.237842108700000665e+01 1.033071142860000009e+02
9.084144155609999438e-02 1.324423561610000022e-01 -3.377071479300000068e-01 -1.336133203770000080e+02 8.336379038190000301e+01 1.038872849400000007e+02
9.022049444780000371e-02 1.401572699770000097e-01 -3.337761292099999944e-01 -1.336080405799999937e+02 8.240224929599999371e+01 1.033990208649999971e+02
9.163653351910000522e-02 1.349145850540000025e-01 -3.332766500150000089e-01 -1.340905893350000042e+02 8.306261002440000141e+01 1.039278876959999991e+02
8.923410623600000480e-02 1.357264589230000040e-01 -3.300225187520000047e-01 -1.334979199910000034e+02 8.263466182000000515e+01 1.037402813949999967e+02
9.324933014439999723e-02 1.349854656579999868e-01 -3.335231395670000265e-01 -1.341045768580000015e+02 8.252926809470000080e+01 1.034389813399999980e+02
9.345424323079999651e-02 1.359865270610000065e-01 -3.354701362220000038e-01 -1.335300238970000066e+02 8.298690130800000020e+01 1.032546513860000061e+02
8.914758433109999658e-02 1.320153740760000027e-01 -3.376767130950000251e-01 -1.333455783169999904e+02 8.320645406180000236e+01 1.039971969559999962e+02
8.768871581739999532e-02 1.301560876249999998e-01 -3.323818685739999834e-01 -1.336888052930000015e+02 8.349409932019999303e+01 1.039746791839999958e+02
9.234200459420000007e-02 1.335651917000000022e-01 -3.377384873309999813e-01 -1.337817544080000118e+02 8.331287069219999353e+01 1.034592494999999985e+02
9.197110090729999909e-02 1.364325144079999996e-01 -3.356322221029999775e-01 -1.335812482299999999e+02 8.282499325429999715e+01 1.034026725859999942e+02
9.200164511069999773e-02 1.355356245090000022e-01 -3.328135318689999789e-01 -1.339949300279999989e+02 8.255938582880000354e+01 1.037169048020000020e+02
9.105336585720000264e-02 1.346901463279999989e-01 -3.297805084070000170e-01 -1.341134701009999901e+02 8.303067798969999558e+01 1.033037774980000023e+02
9.505231280739999400e-02 1.361655377069999895e-01 -3.331348541809999730e-01 -1.340581723120000106e+02 8.307777910689999601e+01 1.031638277840000057e+02
9.081780584430000636e-02 1.381556145249999978e-01 -3.342280791830000153e-01 -1.336536541129999875e+02 8.247824221529999988e+01 1.031687554789999979e+02
9.038502554430000169e-02 1.329422809739999878e-01 -3.284236134499999848e-01 -1.338970608429999913e+02 8.307701994599999296e+01 1.035140020430000050e+02
9.021185711279999797e-02 1.386916434550000132e-01 -3.340500136099999740e-01 -1.338636894619999964e+02 8.300366592829999490e+01 1.037877743589999966e+02
9.602280521620000509e-02 1.299085860710000040e-01 -3.363923832369999922e-01 -1.340465791270000011e+02 8.342324279589999492e+01 1.032929179430000062e+02
9.156545128750000206e-02 1.377034844820000103e-01 -3.299290597339999964e-01 -1.339091847569999914e+02 8.254502305280000485e+01 1.033091257370000022e+02
9.402870257699999512e-02 1.367076341650000082e-01 -3.333473587149999862e-01 -1.337833718589999989e+02 8.280812091430000521e+01 1.031779124330000030e+02
9.036518270120000307e-02 1.351189511910000085e-01 -3.358664002980000229e-01 -1.338344210889999886e+02 8.296358053289999646e+01 1.033952516939999953e+02
8.640277635849999416e-02 1.363850562039999881e-01 -3.350204217000000151e-01 -1.333473318320000089e+02 8.272798197459999869e+01 1.036331890830000049e+02
9.503139914229999374e-02 1.366804361129999867e-01 -3.316560879620000235e-01 -1.343006457189999878e+02 8.262160174219999931e+01 1.032530333880000057e+02
9.003446052150000656e-02 1.348889149749999961e-01 -3.348876600740000042e-01 -1.336831823580000105e+02 8.255243680409999740e+01 1.039108251079999974e+02
9.051685864779999979e-02 1.341458288619999939e-01 -3.302906905299999862e-01 -1.341818567130000019e+02 8.301319531350000602e+01 1.038981626869999957e+02
9.186381917199999692e-02 1.402243062890000114e-01 -3.301557856039999961e-01 -1.338109635579999974e+02 8.234892857719999881e+01 1.035153839299999987e+02
9.672502075540000133e-02 1.389940550150000065e-01 -3.340105340100000264e-01 -1.339858129080000140e+02 8.274327589269999805e+01 1.031482269440000010e+02
8.908436655630000423e-02 1.372317841490000023e-01 -3.344877057919999896e-01 -1.332055032089999997e+02 8.281475353090000624e+01 1.036165898940000005e+02
8.874890756169999395e-02 1.320385827549999946e-01 -3.356750669929999820e-01 -1.335163554730000044e+02 8.325463067079999746e+01 1.038272485969999934e+02
8.608703304699999448e-02 1.365399095269999863e-01 -3.326677822849999910e-01 -1.335751241460000074e+02 8.292128488170000367e+01 1.041050487579999952e+02
9.422505609549999828e-02 1.321496747249999992e-01 -3.309517761610000219e-01 -1.339517418780000071e+02 8.288421871639999949e+01 1.034883570899999938e+02
8.877841495249999548e-02 1.359207936850000131e-01 -3.376507781190000168e-01 -1.334130808129999934e+02 8.317670132460000332e+01 1.032696021830000035e+02
9.102047773999999425e-02 1.372910104460000058e-01 -3.321642218499999966e-01 -1.340456125810000003e+02 8.306144592649999936e+01 1.032887430889999933e+02
9.533419288970000627e-02 1.388598132409999963e-01 -3.319237606100000071e-01 -1.341091445799999917e+02 8.256201962570000319e+01 1.031281425469999959e+02
8.903478417000000589e-02 1.303015932280000011e-01 -3.306991904659999926e-01 -1.339646178700000121e+02 8.320132630179999467e+01 1.037015481239999986e+02
9.103043444950000007e-02 1.309305958030000105e-01 -3.384687573519999937e-01 -1.336339841939999928e+02 8.344601316649999490e+01 1.036980847850000060e+02
9.050958059230000685e-02 1.353482604079999929e-01 -3.396841856330000131e-01 -1.337472069879999879e+02 8.311321010049999813e+01 1.033034926250000041e+02
8.967794819919999716e-02 1.351662310360000063e-01 -3.326512849509999925e-01 -1.341396403720000023e+02 8.258516986569999574e+01 1.036242360309999953e+02
9.362375859820000479e-02 1.320055294949999958e-01 -3.329790100519999796e-01 -1.340150109999999870e+02 8.320905182970000169e+01 1.037741071349999942e+02
9.102495932779999799e-02 1.389562209009999882e-01 -3.349988199580000159e-01 -1.338040320240000085e+02 8.243774947660000407e+01 1.031868549999999942e+02
8.722830534049999529e-02 1.382615626729999936e-01 -3.312426019140000122e-01 -1.334922463300000004e+02 8.222069511130000308e+01 1.035880303579999975e+02
9.142136050570000283e-02 1.354825644940000073e-01 -3.378949155070000154e-01 -1.337776828849999902e+02 8.306833831619999842e+01 1.031270596540000071e+02
9.407169368499999906e-02 1.363982179319999932e-01 -3.344658499290000253e-01 -1.337866437060000067e+02 8.287671790429999419e+01 1.035763652309999969e+02
9.350304461229999586e-02 1.334274983529999958e-01 -3.370596509980000044e-01 -1.337466128060000017e+02 8.307248113449999494e+01 1.036583481600000027e+02
8.708659386540000547e-02 1.352282343210000071e-01 -3.328138241370000028e-01 -1.336000452769999924e+02 8.248759636530000705e+01 1.039996688519999992e+02
9.089492650309999311e-02 1.343475872919999980e-01 -3.390538327770000193e-01 -1.335023694580000040e+02 8.293863056819999713e+01 1.037550384360000066e+02
8.972590266259999892e-02 1.324976370940000037e-01 -3.365502179670000205e-01 -1.333043349929999977e+02 8.348203393830000607e+01 1.033834292540000064e+02
9.295965374070000453e-02 1.338291845579999972e-01 -3.367785249879999832e-01 -1.339144311119999884e+02 8.300381837550000341e+01 1.030269410549999947e+02
8.880514292449999403e-02 1.363112468250000098e-01 -3.342564246440000164e-01 -1.335414383449999889e+02 8.302556976190000171e+01 1.035729864249999963e+02
9.308890493969999846e-02 1.365039341210000090e-01 -3.317404029739999816e-01 -1.337774809740000137e+02 8.287633498939999299e+01 1.032610852690000058e+02
8.682707351410000329e-02 1.378078851879999955e-01 -3.355664201360000209e-01 -1.331130904409999971e+02 8.270313070379999942e+01 1.037384266659999952e+02
9.038549085220000390e-02 1.357167633040000099e-01 -3.314107092690000145e-01 -1.336893567189999885e+02 8.295350022530000444e+01 1.036092450659999997e+02
9.234933250669999372e-02 1.322983882229999963e-01 -3.275099557300000241e-01 -1.341641182710000066e+02 8.328236373160000028e+01 1.036735293760000047e+02
9.389339443560000553e-02 1.366311398610000061e-01 -3.328254222350000013e-01 -1.339422813580000025e+02 8.228584673640000346e+01 1.032253521490000026e+02
9.003675863830000459e-02 1.351528675789999967e-01 -3.354600307219999800e-01 -1.334024392329999955e+02 8.307867003009999962e+01 1.037853591220000027e+02
9.639821022279999874e-02 1.385232144269999965e-01 -3.261177839680000079e-01 -1.343658535149999977e+02 8.260318245950000460e+01 1.032634883780000052e+02
9.281353688519999867e-02 1.359241822479999862e-01 -3.347108744439999950e-01 -1.339129353229999992e+02 8.254018503300000020e+01 1.031011157730000036e+02
9.267618648559999839e-02 1.347636806059999970e-01 -3.352365032149999813e-01 -1.340069908460000079e+02 8.282348579109999775e+01 1.033717683520000037e+02
8.789807275069999593e-02 1.377287488049999953e-01 -3.306678207479999965e-01 -1.335608322829999963e+02 8.266858846249999715e+01 1.038016318829999989e+02
8.997374597879999325e-02 1.307507228299999991e-01 -3.335448663550000248e-01 -1.336087652010000113e+02 8.344622132029999761e+01 1.037614939409999977e+02
9.187619784349999874e-02 1.416032102429999884e-01 -3.306915439920000144e-01 -1.339101811129999930e+02 8.256590687659999617e+01 1.032950266859999999e+02
9.526149200420000462e-02 1.366572446350000081e-01 -3.343914300010000229e-01 -1.341699976570000103e+02 8.275302000909999833e+01 1.030417064070000066e+02
9.114170801399999744e-02 1.360557866579999997e-01 -3.376552238000000150e-01 -1.336775613730000032e+02 8.302896297380000590e+01 1.035885006839999960e+02
8.915070502029999455e-02 1.357819158030000029e-01 -3.299885132379999919e-01 -1.334860135010000022e+02 8.280982831740000449e+01 1.037303800260000060e+02
9.238979258099999647e-02 1.337746794190000088e-01 -3.324881164540000045e-01 -1.341634294570000066e+02 8.303374200800000438e+01 1.035241285529999971e+02
8.930629232900000325e-02 1.337514359889999949e-01 -3.332341694670000187e-01 -1.339906194010000036e+02 8.333012542330000372e+01 1.035711721480000023e+02
9.049974552139999906e-02 1.349608358319999979e-01 -3.349324286950000062e-01 -1.331132607719999896e+02 8.274484292959999721e+01 1.033151020380000062e+02
9.219356292789999963e-02 1.369076614829999872e-01 -3.388244178889999736e-01 -1.334863616039999954e+02 8.294678313810000247e+01 1.031263635739999955e+02
8.998369934040000018e-02 1.354999092970000096e-01 -3.331206431409999835e-01 -1.340990690399999892e+02 8.272307838989999595e+01 1.036418956229999964e+02
9.413690409189999497e-02 1.384267436820000030e-01 -3.360584052239999897e-01 -1.336638145189999989e+02 8.244273750160000702e+01 1.030763589109999998e+02
9.290229391639999446e-02 1.348608834950000002e-01 -3.344253022700000022e-01 -1.342874851450000051e+02 8.310348757059999514e+01 1.036668449889999977e+02
8.989220987590000600e-02 1.392672617840000071e-01 -3.331430374480000012e-01 -1.337391813129999889e+02 8.236643601400000136e+01 1.031745091730000041e+02
8.787142876570000483e-02 1.366338214420000086e-01 -3.339161151019999774e-01 -1.337554933890000086e+02 8.255234911940000586e+01 1.033073550240000031e+02
9.052524536599999838e-02 1.381527768059999939e-01 -3.336468336949999780e-01 -1.335971196449999923e+02 8.318754818130000217e+01 1.033227167480000048e+02
9.045433938220000247e-02 1.338057421240000100e-01 -3.330508976470000215e-01 -1.333009424740000100e+02 8.273553704319999724e+01 1.036513304420000026e+02
9.475199614250000291e-02 1.368579088959999968e-01 -3.393294243430000079e-01 -1.335054401140000095e+02 8.294868764449999787e+01 1.035138126709999966e+02
9.678828993469999753e-02 1.363094312710000089e-01 -3.308517187560000017e-01 -1.342063182889999950e+02 8.288493454189999454e+01 1.034590069340000014e+02
8.844445176859999647e-02 1.345482151169999918e-01 -3.357378668279999978e-01 -1.335588453739999864e+02 8.334681018909999750e+01 1.035076706260000066e+02
8.851472063010000502e-02 1.425447131199999995e-01 -3.334368147310000086e-01 -1.334814112809999926e+02 8.213896377710000252e+01 1.035853007030000015e+02
9.210201848570000183e-02 1.344883662839999883e-01 -3.391725067029999763e-01 -1.339188442070000065e+02 8.331458834869999919e+01 1.033009808519999950e+02
9.321551318210000159e-02 1.384862301010000019e-01 -3.376814698999999753e-01 -1.337062115109999922e+02 8.273325789330000646e+01 1.032477619179999948e+02
9.097228666109999362e-02 1.372064197450000023e-01 -3.350804686889999884e-01 -1.333891302300000063e+02 8.319419865790000301e+01 1.033766233470000060e+02
9.090968826289999583e-02 1.385694395879999985e-01 -3.384375742610000182e-01 -1.336279332960000090e+02 8.264796250599999894e+01 1.034735083879999991e+02
8.709450828980000447e-02 1.346209473849999949e-01 -3.324512431080000052e-01 -1.335068542889999890e+02 8.285910047870000028e+01 1.036171748929999978e+02
9.296332295419999781e-02 1.416049640650000052e-01 -3.337959252530000032e-01 -1.338056224190000023e+02 8.223533084260000692e+01 1.035499531149999939e+02
9.306772051070000273e-02 1.360513538989999993e-01 -3.346310213759999819e-01 -1.341044332399999917e+02 8.236663728199999923e+01 1.035004502559999935e+02
9.550025071329999726e-02 1.340063613299999901e-01 -3.320687311530000074e-01 -1.341308222829999863e+02 8.305866743960000065e+01 1.032496609110000065e+02
9.075022955849999795e-02 1.327952900490000088e-01 -3.311190878360000256e-01 -1.340172600470000077e+02 8.293670603340000014e+01 1.036931867589999996e+02
8.821785149520000591e-02 1.295490259010000089e-01 -3.307244230299999921e-01 -1.336967777929999954e+02 8.353898119069999950e+01 1.038541921780000052e+02
8.529627572909999345e-02 1.420815608440000044e-01 -3.305810350599999725e-01 -1.332232720229999927e+02 8.214049316050000016e+01 1.037824781089999959e+02
9.364334111829999974e-02 1.306964119419999903e-01 -3.311397161040000037e-01 -1.340154098399999896e+02 8.306778910959999962e+01 1.034902269399999994e+02
9.126221667200000442e-02 1.392056773539999959e-01 -3.430553330739999907e-01 -1.333045649530000105e+02 8.256979773930000022e+01 1.034179939480000030e+02
8.972635866969999596e-02 1.360232206670000110e-01 -3.370880137689999945e-01 -1.333646011630000032e+02 8.324065945760000318e+01 1.038454223979999966e+02
8.737135013169999853e-02 1.347242795509999980e-01 -3.330505241739999955e-01 -1.334898923860000082e+02 8.291877106440000489e+01 1.034730554039999930e+02
9.450721067549999743e-02 1.363516442999999911e-01 -3.343585957290000077e-01 -1.339807264320000115e+02 8.290735940439999752e+01 1.030692195489999961e+02
9.215526968829999832e-02 1.334372422760000121e-01 -3.332902723739999962e-01 -1.339929748860000132e+02 8.272485374180000406e+01 1.034708811809999958e+02
9.344663651069999577e-02 1.419503484550000139e-01 -3.311528872910000088e-01 -1.337779234019999990e+02 8.250386713849999865e+01 1.033938069499999983e+02
9.197917308189999808e-02 1.336893934099999959e-01 -3.349297920839999776e-01 -1.340845718719999979e+02 8.278536728849999804e+01 1.032892953059999996e+02
9.053369276809999922e-02 1.353488712099999991e-01 -3.330445185900000049e-01 -1.334468012579999936e+02 8.273647647869999844e+01 1.035788206400000036e+02
9.482068616090000290e-02 1.340877168390000040e-01 -3.360566197870000216e-01 -1.336639902059999940e+02 8.339624350990000323e+01 1.032262085809999945e+02
9.101845436989999816e-02 1.384208928750000067e-01 -3.337973967150000276e-01 -1.334845560200000136e+02 8.281856217470000558e+01 1.035657337349999949e+02
9.049165019539999466e-02 1.348905175529999945e-01 -3.323441960390000061e-01 -1.340092503639999961e+02 8.262317740739999294e+01 1.035897317719999933e+02
9.051169447330000006e-02 1.361019344409999943e-01 -3.321818946769999892e-01 -1.337875879700000041e+02 8.313621913529999574e+01 1.039256061990000006e+02
8.853020941969999558e-02 1.305745439750000125e-01 -3.317930982269999829e-01 -1.335913905730000124e+02 8.338297698780000644e+01 1.037900033850000057e+02
8.819583437700000139e-02 1.396721181439999904e-01 -3.326146339209999914e-01 -1.336414550190000057e+02 8.232035875030000227e+01 1.038943256900000023e+02
9.114949870350000372e-02 1.328832434040000121e-01 -3.329680269229999823e-01 -1.337534548659999984e+02 8.344443260580000299e+01 1.035908489720000034e+02
9.060297574810000087e-02 1.362290815580000092e-01 -3.335046472259999839e-01 -1.340021325749999903e+02 8.275850668260000020e+01 1.033352137199999987e+02
9.008237632120000282e-02 1.360408743179999935e-01 -3.302228384890000257e-01 -1.335300006729999893e+02 8.269121952800000486e+01 1.034757665489999994e+02
9.153333691069999445e-02 1.333393173949999899e-01 -3.365728874269999782e-01 -1.338447929890000125e+02 8.328592422820000252e+01 1.034841930639999958e+02
9.576755076569999636e-02 1.305861468239999934e-01 -3.380610774280000119e-01 -1.337968884230000128e+02 8.328864987229999883e+01 1.032245476909999979e+02
9.112620011619999849e-02 1.382745623380000066e-01 -3.351679679310000104e-01 -1.336887670929999956e+02 8.272878018059999761e+01 1.032936779900000062e+02
9.052696637630000542e-02 1.374201647420000005e-01 -3.324774181230000236e-01 -1.335935655430000111e+02 8.265231888300000662e+01 1.037348366869999978e+02
9.329142815440000236e-02 1.352804355330000097e-01 -3.353368694780000103e-01 -1.343153954599999906e+02 8.275228478409999866e+01 1.033391514719999975e+02
8.960778249709999699e-02 1.352728446869999879e-01 -3.396544225620000135e-01 -1.334358842229999880e+02 8.301773445700000309e+01 1.034268790720000055e+02
9.431305568740000478e-02 1.295018205469999906e-01 -3.313849480880000087e-01 -1.342298856349999880e+02 8.342756166130000395e+01 1.036542101769999960e+02
9.169713842149999905e-02 1.335823747830000019e-01 -3.335539186889999730e-01 -1.337698276449999923e+02 8.305638786730000334e+01 1.036936515440000051e+02
9.108470948940000644e-02 1.404384800640000042e-01 -3.363901034740000018e-01 -1.334680813120000096e+02 8.220830024990000595e+01 1.033005019670000024e+02
9.173750245709999529e-02 1.346761626640000098e-01 -3.375116066819999761e-01 -1.339941020429999980e+02 8.316054758129999414e+01 1.038019363949999985e+02
9.236218091110000306e-02 1.375262330289999946e-01 -3.321902701580000117e-01 -1.337209474679999914e+02 8.259724395989999834e+01 1.032533540550000026e+02
8.833931485210000378e-02 1.336308738389999917e-01 -3.309336915450000194e-01 -1.340664482770000063e+02 8.299165110600000617e+01 1.036255102930000049e+02
9.223365929000000574e-02 1.394362021149999908e-01 -3.311381001609999819e-01 -1.337942832640000006e+02 8.257662516770000138e+01 1.031919490840000009e+02
8.921236613300000118e-02 1.360169980110000065e-01 -3.311319940240000093e-01 -1.336373726049999959e+02 8.281420796209999935e+01 1.037363356890000006e+02
9.423927344839999609e-02 1.346598176819999992e-01 -3.384111462039999796e-01 -1.338498226050000142e+02 8.311769513309999979e+01 1.035403777850000040e+02
9.142199878180000405e-02 1.357751522500000030e-01 -3.362235723449999991e-01 -1.333959674740000025e+02 8.309283793669999341e+01 1.030561524419999984e+02
9.328716241890000482e-02 1.329995243609999878e-01 -3.327396886099999729e-01 -1.341070483880000097e+02 8.267677966569999626e+01 1.037080464210000059e+02
9.509820143819999738e-02 1.373719702479999916e-01 -3.337906329750000012e-01 -1.341199361760000102e+02 8.282829909340000540e+01 1.032163443120000039e+02
9.431042925299999713e-02 1.349466116609999988e-01 -3.267608510180000092e-01 -1.343831815769999878e+02 8.282225735000000100e+01 1.035100309850000002e+02
9.369701675529999718e-02 1.306970345350000062e-01 -3.348498676159999965e-01 -1.337470179720000090e+02 8.304837401100000704e+01 1.034651845589999937e+02
9.191240800250000120e-02 1.333031301289999970e-01 -3.377998099060000037e-01 -1.333295046389999925e+02 8.297682822090000343e+01 1.035056930389999934e+02
9.029794930630000160e-02 1.408512285109999873e-01 -3.349701503629999855e-01 -1.336943951199999958e+02 8.280825389599999653e+01 1.034932854369999973e+02
9.003736312009999465e-02 1.313160955150000087e-01 -3.310325385519999886e-01 -1.340021628810000038e+02 8.307751612069999680e+01 1.037486804880000051e+02
9.314694335060000330e-02 1.378009414870000060e-01 -3.307972405099999791e-01 -1.341553584659999956e+02 8.246646470059999956e+01 1.031253174910000041e+02
9.359602016229999488e-02 1.376545189629999888e-01 -3.348457696129999994e-01 -1.340148643859999993e+02 8.258452906460000520e+01 1.030796932140000024e+02
8.982424871609999417e-02 1.358840798859999865e-01 -3.307516214590000003e-01 -1.340667405890000055e+02 8.317908966580000651e+01 1.034925480590000006e+02
9.106863797809999772e-02 1.315386656749999994e-01 -3.350868044209999730e-01 -1.340211636479999981e+02 8.345261759000000268e+01 1.037598948109999952e+02
8.972565335450000124e-02 1.382995360640000004e-01 -3.308017692449999880e-01 -1.337705667810000136e+02 8.271148880639999845e+01 1.037145876590000029e+02
8.821791658289999949e-02 1.366750127960000005e-01 -3.312068438979999807e-01 -1.337618320789999871e+02 8.274524771129999579e+01 1.037435610170000047e+02
8.797300929159999894e-02 1.343585427060000059e-01 -3.312110557710000180e-01 -1.335359234489999949e+02 8.260607547780000459e+01 1.035766252659999935e+02
9.417682879500000048e-02 1.333149337429999914e-01 -3.361092455040000093e-01 -1.340480450629999893e+02 8.294394820550000702e+01 1.033689249180000047e+02
9.204779363909999790e-02 1.334650188810000138e-01 -3.293640066080000262e-01 -1.337629577929999982e+02 8.283041184139999302e+01 1.039183483999999993e+02
9.099262185289999638e-02 1.365758590900000014e-01 -3.343554661370000125e-01 -1.337599620020000089e+02 8.272250994079999487e+01 1.036833546860000013e+02
9.295547399009999878e-02 1.359995227609999968e-01 -3.346897771760000140e-01 -1.340955315230000053e+02 8.327492854170000669e+01 1.034129271489999979e+02
9.141715358669999514e-02 1.413660604330000126e-01 -3.360205274079999804e-01 -1.334359848779999993e+02 8.212022392980000518e+01 1.031984775119999966e+02
8.830696205040000635e-02 1.326453225120000079e-01 -3.391998172030000203e-01 -1.330854346250000049e+02 8.330830033099999810e+01 1.039299053360000045e+02
8.548764660169999585e-02 1.299566000669999943e-01 -3.373124612030000136e-01 -1.331862467450000054e+02 8.353392089380000129e+01 1.040206171709999978e+02
8.847422190070000636e-02 1.320472229469999981e-01 -3.299411313219999808e-01 -1.339301420179999980e+02 8.330709927559999528e+01 1.038396512049999956e+02
9.409614950349999563e-02 1.316186161269999877e-01 -3.332055998189999979e-01 -1.339593126359999928e+02 8.313050088139999616e+01 1.034839279280000000e+02
9.389565440109999550e-02 1.313158596810000134e-01 -3.362219911220000190e-01 -1.338541698219999887e+02 8.319510418630000004e+01 1.036931918620000062e+02
9.127561424329999618e-02 1.364916447149999990e-01 -3.308262209860000080e-01 -1.336854153630000042e+02 8.278301073270000643e+01 1.035066887720000040e+02
9.489888174709999735e-02 1.352566120470000133e-01 -3.323256046260000263e-01 -1.341685673160000078e+02 8.254805178479999483e+01 1.035701302679999998e+02
9.396368283030000212e-02 1.309939123380000070e-01 -3.386237859460000110e-01 -1.338441399250000075e+02 8.318292068339999901e+01 1.036254248869999941e+02
8.959185482539999690e-02 1.386052600740000085e-01 -3.282546772039999783e-01 -1.337854646250000030e+02 8.276765969599999551e+01 1.034875181529999963e+02
9.424620530980000466e-02 1.340751232680000016e-01 -3.349685030480000214e-01 -1.334773222530000112e+02 8.335778912419999642e+01 1.035036339440000006e+02
9.615296977409999724e-02 1.335077157800000081e-01 -3.308076809939999863e-01 -1.342401278780000098e+02 8.301366473279999525e+01 1.032682784389999995e+02
9.136099696430000083e-02 1.319784278989999948e-01 -3.361007369690000024e-01 -1.335315420409999945e+02 8.286873232489999452e+01 1.036902726779999995e+02
9.117819189949999403e-02 1.325094289240000001e-01 -3.320422698450000154e-01 -1.341453579059999868e+02 8.337409630480000544e+01 1.035292380839999993e+02
8.811715129599999308e-02 1.352313736140000056e-01 -3.326308508870000069e-01 -1.337804261940000004e+02 8.250534756560000460e+01 1.037985331309999992e+02
9.251230725579999425e-02 1.395569373599999941e-01 -3.283204995760000133e-01 -1.341339947630000040e+02 8.239456169299999999e+01 1.034200235999999933e+02
9.629662291809999719e-02 1.336480618650000007e-01 -3.350327766139999941e-01 -1.342640276870000093e+02 8.314191258590000189e+01 1.035404412080000043e+02
8.473391645710000308e-02 1.356001456869999899e-01 -3.413164891909999943e-01 -1.330702403550000099e+02 8.292735944769999890e+01 1.036737535259999987e+02
9.121131116099999436e-02 1.298215345719999914e-01 -3.327067597100000218e-01 -1.339221124340000131e+02 8.358933709640000131e+01 1.037098838160000014e+02
9.227269532220000459e-02 1.335267340730000030e-01 -3.355322759919999731e-01 -1.339818836590000046e+02 8.329205448099999387e+01 1.031773168499999969e+02
9.400328868679999617e-02 1.351136041550000111e-01 -3.300210519180000190e-01 -1.341185000119999984e+02 8.281261578800000223e+01 1.032213249450000063e+02
9.177076383799999404e-02 1.367012571120000131e-01 -3.316549323849999897e-01 -1.340048989210000059e+02 8.280352598470000203e+01 1.032761867090000010e+02
9.488115150459999758e-02 1.375080677699999920e-01 -3.342729285189999788e-01 -1.343746188650000022e+02 8.262723122420000266e+01 1.031622212749999932e+02
8.967734684189999916e-02 1.364007677509999905e-01 -3.340763176420000202e-01 -1.335639964160000090e+02 8.254904889389999312e+01 1.038834885179999930e+02
9.078564787810000647e-02 1.342153014199999883e-01 -3.370801159569999927e-01 -1.334654169879999870e+02 8.293677742410000064e+01 1.037204974510000000e+02
9.993255262559999630e-02 1.348357298039999930e-01 -3.313981440820000235e-01 -1.346143669379999892e+02 8.285757165559999748e+01 1.032611645979999935e+02
8.817382185210000112e-02 1.379225165340000059e-01 -3.292171335769999985e-01 -1.336703361859999859e+02 8.228120472509999672e+01 1.038087782310000051e+02
9.368310609240000641e-02 1.308536696100000007e-01 -3.336961644720000120e-01 -1.338340401609999901e+02 8.343869607720000658e+01 1.036116609110000013e+02
8.833159050090000353e-02 1.364286556210000112e-01 -3.349830068640000102e-01 -1.336761052489999884e+02 8.275361358669999845e+01 1.034679470009999989e+02
9.201002711979999749e-02 1.384234428099999914e-01 -3.397082609920000218e-01 -1.333750687440000036e+02 8.298792748130000518e+01 1.030625838609999931e+02
9.078340019779999881e-02 1.347646577290000092e-01 -3.318535725369999856e-01 -1.340453035129999932e+02 8.273846523829999455e+01 1.033636747369999966e+02
9.225017838780000257e-02 1.406803130350000042e-01 -3.337947462470000071e-01 -1.333727811900000120e+02 8.249081054110000366e+01 1.033153208699999936e+02
9.061776312109999509e-02 1.347474609269999901e-01 -3.348699226810000207e-01 -1.336470940430000098e+02 8.268648245030000510e+01 1.034258121579999994e+02
9.412878179580000393e-02 1.352362370580000028e-01 -3.364603375540000108e-01 -1.333598449780000124e+02 8.306034908130000360e+01 1.035867616620000007e+02
9.490170050679999636e-02 1.406567535550000136e-01 -3.317036845540000112e-01 -1.340738579419999894e+02 8.242567240329999834e+01 1.034866402779999959e+02
9.591575721610000327e-02 1.368417679720000113e-01 -3.379092396839999957e-01 -1.340944446720000087e+02 8.270527040749999514e+01 1.032650195230000065e+02
9.324664955370000341e-02 1.421625322829999927e-01 -3.396906072520000097e-01 -1.336172559110000009e+02 8.263064059369999370e+01 1.031065217379999979e+02
9.039144831600000318e-02 1.380449557929999960e-01 -3.350785258930000232e-01 -1.338723960920000025e+02 8.287198774510000021e+01 1.037207490769999936e+02
9.260858871990000629e-02 1.360473995919999901e-01 -3.378067370780000189e-01 -1.333444307089999938e+02 8.321759102309999889e+01 1.032052563520000064e+02
9.061046765440000650e-02 1.357989920209999868e-01 -3.359082029070000197e-01 -1.335565644849999956e+02 8.280760121199999446e+01 1.036852212069999979e+02
8.993052061909999340e-02 1.380837515370000046e-01 -3.349957769260000218e-01 -1.337142314200000044e+02 8.284100447470000006e+01 1.035548795929999955e+02
8.695009039949999630e-02 1.277925725890000086e-01 -3.352041564989999833e-01 -1.334791894599999864e+02 8.372579638749999731e+01 1.040000797919999940e+02
8.803311533589999738e-02 1.271780589460000110e-01 -3.346585803600000131e-01 -1.332842843029999926e+02 8.353754142299999330e+01 1.038521092579999987e+02
9.087004758710000296e-02 1.343855569869999989e-01 -3.334836889319999775e-01 -1.336043013180000116e+02 8.310195037959999809e+01 1.035615905410000011e+02
8.974250701609999548e-02 1.364333065910000031e-01 -3.304996415159999756e-01 -1.340632859620000090e+02 8.253093857269999489e+01 1.033309164890000034e+02
9.326235640579999542e-02 1.423819103310000056e-01 -3.327761382969999793e-01 -1.339561245110000129e+02 8.236896936479999454e+01 1.034787282909999959e+02
9.462195033339999839e-02 1.346221245399999988e-01 -3.326831497519999736e-01 -1.339763249160000100e+02 8.273933295889999329e+01 1.036025424649999991e+02
9.077320801480000256e-02 1.389367630180000091e-01 -3.342793055700000182e-01 -1.332522877039999969e+02 8.255656449079999959e+01 1.033622477830000008e+02
8.856014922190000305e-02 1.328865902159999945e-01 -3.344620412070000159e-01 -1.334193277379999927e+02 8.319023908939999501e+01 1.039962118170000025e+02
8.976313686940000369e-02 1.374948328700000000e-01 -3.398120590279999909e-01 -1.330703675860000033e+02 8.310234832429999585e+01 1.034316495860000060e+02
9.176709680979999728e-02 1.361659113260000054e-01 -3.304693905550000199e-01 -1.337262628780000000e+02 8.261251045849999741e+01 1.032758887180000045e+02
8.982477654550000135e-02 1.366828478500000110e-01 -3.320502672480000195e-01 -1.334179681120000112e+02 8.252377615359999652e+01 1.035283100730000001e+02
9.401540230140000010e-02 1.351793895139999924e-01 -3.362894835290000106e-01 -1.340001504610000040e+02 8.305507355209999787e+01 1.032779268000000030e+02
8.873181079960000550e-02 1.353670699869999883e-01 -3.379232546479999932e-01 -1.330738255020000054e+02 8.258258584920000089e+01 1.034181549259999997e+02
9.307072482599999808e-02 1.366800119759999932e-01 -3.354900680089999976e-01 -1.337921484480000061e+02 8.284838869319999333e+01 1.036367414609999997e+02
9.467371586009999673e-02 1.335286034860000137e-01 -3.414928601519999773e-01 -1.336363216869999917e+02 8.341216438749999895e+01 1.032829717080000052e+02
9.234277922240000103e-02 1.348848716250000135e-01 -3.351174547129999737e-01 -1.339376434090000032e+02 8.258454303710000488e+01 1.033171324470000059e+02
9.631374225269999367e-02 1.396457144709999931e-01 -3.393610937930000016e-01 -1.336160589389999984e+02 8.283962280410000290e+01 1.029370010300000047e+02
9.292251943279999926e-02 1.370271908579999975e-01 -3.335893532720000110e-01 -1.333364408539999886e+02 8.266177208240000596e+01 1.034387981900000000e+02
9.087158724190000370e-02 1.373341513980000095e-01 -3.365157782500000083e-01 -1.336412990370000102e+02 8.239415395790000218e+01 1.036591395869999985e+02
8.891969754280000526e-02 1.359177423980000021e-01 -3.306787908180000013e-01 -1.339092518049999967e+02 8.265821556230000056e+01 1.040730357709999936e+02
8.363822409969999538e-02 1.381937941499999933e-01 -3.330622286609999927e-01 -1.331701544309999861e+02 8.266629111379999983e+01 1.038633308840000069e+02
9.192880769899999804e-02 1.339480073129999949e-01 -3.343750629589999912e-01 -1.335550371520000112e+02 8.249691523280000638e+01 1.033397622629999972e+02
9.317388522830000186e-02 1.340598952020000123e-01 -3.355684565970000199e-01 -1.338087702290000038e+02 8.287398722170000553e+01 1.030744552900000031e+02
9.016802851760000181e-02 1.299759490279999985e-01 -3.292341439129999880e-01 -1.338976904769999976e+02 8.323758205730000270e+01 1.040589516240000023e+02
8.996985840379999322e-02 1.346656439349999956e-01 -3.325737755050000022e-01 -1.336167695000000037e+02 8.300976403420000338e+01 1.034158460289999937e+02
8.808272558290000664e-02 1.373484331020000115e-01 -3.337953590480000066e-01 -1.335206010820000131e+02 8.260950984590000701e+01 1.036097194200000047e+02
8.683623015819999513e-02 1.327649391350000097e-01 -3.294806638980000146e-01 -1.335791816779999976e+02 8.303622080110000070e+01 1.037457597650000025e+02
9.043356648269999798e-02 1.383719426610000025e-01 -3.322730220960000147e-01 -1.336307595140000046e+02 8.246548190320000060e+01 1.038450780019999939e+02
9.467310625489999687e-02 1.377907844319999908e-01 -3.298584738209999756e-01 -1.343172051299999907e+02 8.278036529419999567e+01 1.035341557870000031e+02
9.064782402269999650e-02 1.342488050669999877e-01 -3.382673233940000079e-01 -1.335424088000000040e+02 8.333108768440000347e+01 1.034759388389999941e+02
9.339811582510000598e-02 1.371174111000000029e-01 -3.342530359279999863e-01 -1.341428113389999908e+02 8.267461696159999462e+01 1.035831949949999995e+02
9.039336648989999834e-02 1.358731258330000136e-01 -3.348099040149999928e-01 -1.337745381649999956e+02 8.297734485990000053e+01 1.030343177029999993e+02
8.859395606860000216e-02 1.303651379300000135e-01 -3.294769748759999728e-01 -1.338103816260000087e+02 8.301799008320000439e+01 1.037406777839999990e+02
8.754179752320000174e-02 1.360228499360000010e-01 -3.353137872790000196e-01 -1.333253661960000045e+02 8.290070754650000140e+01 1.035114148830000005e+02
9.310682152209999451e-02 1.357053090979999932e-01 -3.349705381679999872e-01 -1.334597379500000045e+02 8.273114195659999837e+01 1.036294781010000037e+02
9.213041970770000089e-02 1.385900701090000131e-01 -3.334026504939999747e-01 -1.335186037640000052e+02 8.280529102709999734e+01 1.031995037230000065e+02
9.190672406060000632e-02 1.357490121940000127e-01 -3.326790625730000062e-01 -1.338668873590000032e+02 8.303270732900000439e+01 1.034852865849999972e+02
9.341642545709999412e-02 1.351195052430000099e-01 -3.328915480519999970e-01 -1.341806926529999942e+02 8.273907605019999778e+01 1.032972904939999950e+02
9.127275297959999700e-02 1.360258047429999950e-01 -3.332748102170000060e-01 -1.340471084250000047e+02 8.291431699679999667e+01 1.033307387269999964e+02
9.600346125710000622e-02 1.327849887320000088e-01 -3.378628573299999882e-01 -1.338632219510000141e+02 8.335124645550000366e+01 1.034656780180000055e+02
9.331047311609999562e-02 1.363166904889999975e-01 -3.288054190670000043e-01 -1.342697780759999944e+02 8.264524025059999701e+01 1.034384328120000021e+02
8.771845516970000478e-02 1.355209828660000060e-01 -3.382820598169999915e-01 -1.333271655750000093e+02 8.293413730390000183e+01 1.036477757450000041e+02
9.303147096349999312e-02 1.350801454220000031e-01 -3.316200343419999919e-01 -1.337796333899999865e+02 8.292753659240000275e+01 1.034416739690000071e+02
9.366615196119999764e-02 1.306285972319999877e-01 -3.387296843679999947e-01 -1.338867255909999869e+02 8.341133008539999594e+01 1.033484854320000039e+02
8.988975628140000174e-02 1.325008446010000063e-01 -3.338330198460000009e-01 -1.338180872830000112e+02 8.343591107560000353e+01 1.038867259270000005e+02
9.072264054749999695e-02 1.377697703980000077e-01 -3.268888443219999940e-01 -1.339910748570000010e+02 8.252627279700000429e+01 1.037380123690000033e+02
8.588039069309999496e-02 1.341320346340000025e-01 -3.319076459170000049e-01 -1.334773359570000082e+02 8.296896590549999928e+01 1.040143400249999956e+02
8.647857319910000340e-02 1.370324656009999920e-01 -3.365849763029999941e-01 -1.330374036949999947e+02 8.280794592360000195e+01 1.039779308570000040e+02
9.460832940369999500e-02 1.344391250520000081e-01 -3.375185929980000221e-01 -1.337279459190000068e+02 8.266501792020000039e+01 1.033212568409999932e+02
9.350845116979999982e-02 1.362550032269999878e-01 -3.330873230659999740e-01 -1.339762707170000056e+02 8.265866120210000645e+01 1.035808998060000050e+02
8.974861796100000455e-02 1.365911106909999950e-01 -3.366420311600000215e-01 -1.333724204559999862e+02 8.302309009709999543e+01 1.037197905430000020e+02
8.973635187690000292e-02 1.373373503620000102e-01 -3.389661195859999809e-01 -1.332116751929999907e+02 8.248498642789999735e+01 1.035102745110000058e+02
9.068008317270000174e-02 1.370604299650000080e-01 -3.291545234709999934e-01 -1.340639902949999964e+02 8.235048358340000618e+01 1.034817495580000042e+02
8.565931082949999886e-02 1.386100696479999894e-01 -3.301451694379999857e-01 -1.334097223079999992e+02 8.253133972349999681e+01 1.039731735289999932e+02
8.811489900459999747e-02 1.406531086699999988e-01 -3.293418182760000090e-01 -1.335584724720000054e+02 8.217410158900000283e+01 1.034745499379999956e+02
8.967047199590000295e-02 1.355363767470000036e-01 -3.365054349559999936e-01 -1.337116357760000085e+02 8.280916951090000566e+01 1.038052606990000015e+02
9.083018515809999915e-02 1.379123502959999914e-01 -3.303851895289999785e-01 -1.337666661179999892e+02 8.231642230100000290e+01 1.036601011030000024e+02
9.158928774360000635e-02 1.398693516389999947e-01 -3.340347406870000091e-01 -1.337519996530000128e+02 8.256864238640000053e+01 1.035023004859999958e+02
9.245791492379999699e-02 1.393571520989999868e-01 -3.353900248560000019e-01 -1.338364351310000018e+02 8.243612647880000566e+01 1.035694953499999968e+02
8.965468044129999703e-02 1.340857664919999914e-01 -3.349974633230000109e-01 -1.339083863170000086e+02 8.289383355229999495e+01 1.035973541280000063e+02
9.290583571600000146e-02 1.310054985749999901e-01 -3.364369834739999732e-01 -1.336709447940000075e+02 8.321564066189999664e+01 1.034950375739999942e+02
9.057043682099999438e-02 1.370991754829999909e-01 -3.319204224210000054e-01 -1.341335263519999899e+02 8.262553583870000296e+01 1.035879661769999984e+02
8.915489143679999895e-02 1.348793374739999940e-01 -3.375687247390000145e-01 -1.336195175310000138e+02 8.290591188499999475e+01 1.036129918599999939e+02
9.631281588970000418e-02 1.374904736869999866e-01 -3.348406014749999993e-01 -1.339236466689999929e+02 8.249715932050000333e+01 1.029980559079999978e+02
9.134680914050000156e-02 1.323008207980000128e-01 -3.293243891930000000e-01 -1.341474191720000135e+02 8.282444216269999515e+01 1.039504415029999933e+02
9.246233121260000187e-02 1.363277241710000032e-01 -3.314020776589999828e-01 -1.334999610179999934e+02 8.279608623250000221e+01 1.036834314510000041e+02
8.724311899129999492e-02 1.336359765010000089e-01 -3.361788273219999956e-01 -1.336023635900000102e+02 8.333558347029999425e+01 1.036450436669999959e+02
9.212755815190000475e-02 1.399368903150000065e-01 -3.347433875849999962e-01 -1.335199108010000089e+02 8.256224191020000092e+01 1.034885811200000063e+02
9.061955429349999314e-02 1.342431151039999992e-01 -3.341935223320000037e-01 -1.338164710449999859e+02 8.295013740630000143e+01 1.035123132819999938e+02
9.038212625430000480e-02 1.321376156669999968e-01 -3.326285361199999846e-01 -1.340202331689999937e+02 8.315603103409999619e+01 1.037870492979999995e+02
9.735984578270000245e-02 1.336587089740000067e-01 -3.382739578610000075e-01 -1.337999753930000111e+02 8.298283165610000367e+01 1.030523821520000070e+02
8.928781597160000139e-02 1.360095369300000079e-01 -3.350843558100000119e-01 -1.335779632210000045e+02 8.243119368790000578e+01 1.035745635119999974e+02
9.551873170239999489e-02 1.368595051790000017e-01 -3.318201328059999788e-01 -1.345445434490000025e+02 8.266176632650000045e+01 1.032558117800000019e+02
9.253075070110000633e-02 1.342292102319999902e-01 -3.373756763990000129e-01 -1.333407035959999973e+02 8.298741722120000475e+01 1.036984316759999984e+02
8.942122293040000169e-02 1.366346807959999965e-01 -3.313475158320000058e-01 -1.337731503329999896e+02 8.289461301949999950e+01 1.034888048589999983e+02
8.510301498050000524e-02 1.391293417399999954e-01 -3.312594962889999772e-01 -1.332934713459999898e+02 8.228425651589999745e+01 1.038221923079999982e+02
8.913604048480000541e-02 1.353732054039999966e-01 -3.307097594219999825e-01 -1.339911069910000094e+02 8.280529031540000062e+01 1.035101842149999953e+02
9.491985863910000487e-02 1.405075635209999951e-01 -3.368577611960000273e-01 -1.336813529480000113e+02 8.242949367200000665e+01 1.029989428119999957e+02
9.565285253440000690e-02 1.365600249199999949e-01 -3.400683957990000006e-01 -1.338937257990000091e+02 8.316333344609999756e+01 1.032964115409999977e+02
9.198727569789999503e-02 1.342541338430000009e-01 -3.367852000089999742e-01 -1.337061956539999983e+02 8.350295167859999879e+01 1.038036899370000015e+02
8.898893081919999337e-02 1.310592727150000081e-01 -3.343612267469999733e-01 -1.335910234259999925e+02 8.290041019880000306e+01 1.038482572089999962e+02
8.655742240880000271e-02 1.320139635669999867e-01 -3.354342984900000046e-01 -1.332771309640000084e+02 8.313556724849999569e+01 1.037440942860000064e+02
8.944048709570000255e-02 1.346108690679999886e-01 -3.337315543869999734e-01 -1.338885473119999858e+02 8.290023883640000690e+01 1.037015801999999951e+02
9.330588664630000417e-02 1.359812333609999868e-01 -3.295221033960000212e-01 -1.338309109969999895e+02 8.259065680039999791e+01 1.034560515839999937e+02
9.630644616000000324e-02 1.353270043339999951e-01 -3.277216829240000018e-01 -1.346660470180000004e+02 8.286727452789999404e+01 1.033952235729999956e+02
8.744979821699999656e-02 1.341695359389999953e-01 -3.349633869499999972e-01 -1.331188252720000094e+02 8.260485955650000278e+01 1.037524693229999997e+02
8.885617498740000508e-02 1.337493181730000091e-01 -3.376383488069999994e-01 -1.336406991679999976e+02 8.304800332029999765e+01 1.034547880599999985e+02
8.338258136819999555e-02 1.363520881130000084e-01 -3.333187370890000056e-01 -1.332023007479999990e+02 8.299469502770000418e+01 1.038603575970000037e+02
9.022005895630000327e-02 1.368833654709999958e-01 -3.279638629189999821e-01 -1.340114488730000062e+02 8.245571253420000346e+01 1.037864096050000029e+02
8.284881093569999855e-02 1.347791930470000066e-01 -3.399315661769999886e-01 -1.329385944260000088e+02 8.298727736440000058e+01 1.038881217269999979e+02
9.204998624820000253e-02 1.382172032829999953e-01 -3.296433711349999740e-01 -1.342159899899999971e+02 8.266564944789999458e+01 1.037072757690000060e+02
8.706767192919999399e-02 1.359106426470000073e-01 -3.312469698339999824e-01 -1.336825529710000069e+02 8.272571349429999543e+01 1.039764117510000005e+02
9.415369349850000180e-02 1.332803373989999984e-01 -3.319297747070000248e-01 -1.339835915310000019e+02 8.282041816209999752e+01 1.035417009519999993e+02
9.411475966719999586e-02 1.348550868679999903e-01 -3.359508861789999856e-01 -1.334783499469999981e+02 8.322053573460000564e+01 1.033528199840000070e+02
9.084151569119999770e-02 1.377397117259999970e-01 -3.357063559560000132e-01 -1.339027386930000034e+02 8.268026140300000293e+01 1.032215387300000060e+02
9.224458413029999748e-02 1.353331510150000139e-01 -3.338917549930000006e-01 -1.335868001510000056e+02 8.272411280219999696e+01 1.034467651629999949e+02
9.207690196680000383e-02 1.351059501749999892e-01 -3.311753958700000000e-01 -1.340659305679999989e+02 8.287686889420000114e+01 1.032967399719999975e+02
9.269047986789999416e-02 1.376847967529999939e-01 -3.329401854910000180e-01 -1.338913936959999944e+02 8.272069791200000566e+01 1.032960265309999954e+02
9.577398694510000365e-02 1.320074398709999985e-01 -3.300377797030000226e-01 -1.343917873629999917e+02 8.321497004850000678e+01 1.033713399349999946e+02
9.479518981390000487e-02 1.358711490629999907e-01 -3.322967850140000068e-01 -1.339575345890000051e+02 8.262537593480000453e+01 1.033591930940000054e+02
9.121156913160000101e-02 1.402919305929999916e-01 -3.322009543680000121e-01 -1.335495271549999927e+02 8.237505112579999889e+01 1.034800533939999951e+02
9.318530383629999858e-02 1.349808985289999985e-01 -3.347557489499999872e-01 -1.337251400490000037e+02 8.336341352270000016e+01 1.033201079060000040e+02
8.933703082619999514e-02 1.366337685129999924e-01 -3.331373336360000104e-01 -1.340591241470000057e+02 8.267771523720000459e+01 1.035274439960000024e+02
8.875612992039999538e-02 1.367516552099999894e-01 -3.407923335060000225e-01 -1.332203382499999975e+02 8.273353645630000130e+01 1.037216682149999940e+02
8.635920689150000662e-02 1.353914484650000083e-01 -3.368713436010000173e-01 -1.335448518240000055e+02 8.274147877789999939e+01 1.037535422649999930e+02
9.025932955179999384e-02 1.349166410119999882e-01 -3.327096529990000162e-01 -1.335678018860000122e+02 8.290462357580000230e+01 1.035967659230000066e+02
9.458570921820000366e-02 1.386632641470000038e-01 -3.350618124870000103e-01 -1.338801262480000105e+02 8.276060938700000236e+01 1.034539258169999982e+02
9.031713778189999486e-02 1.384213886569999885e-01 -3.341635971440000130e-01 -1.334858203999999944e+02 8.308692336820000435e+01 1.035590021120000017e+02
9.120006770949999619e-02 1.370204947820000130e-01 -3.326852674610000227e-01 -1.338716957229999878e+02 8.301984654630000193e+01 1.035143200819999976e+02
9.354087328570000193e-02 1.331000631229999898e-01 -3.340218148519999986e-01 -1.338238552319999997e+02 8.289379828639999914e+01 1.035348080659999965e+02
9.602012874670000364e-02 1.334873382279999909e-01 -3.343363577089999983e-01 -1.343916257680000115e+02 8.303963306779999698e+01 1.034476559720000068e+02
9.408635512179999716e-02 1.367787327080000059e-01 -3.412136090030000179e-01 -1.336225105899999903e+02 8.293412716250000472e+01 1.030776512700000040e+02
9.174835109819999557e-02 1.282329222309999961e-01 -3.325253219629999979e-01 -1.339319958709999980e+02 8.374133237690000442e+01 1.037216003610000001e+02
9.344182897699999935e-02 1.401520468000000130e-01 -3.370101153339999933e-01 -1.337343056290000050e+02 8.276209159980000152e+01 1.031058682890000000e+02
9.336221654550000415e-02 1.334695588879999950e-01 -3.346695381970000160e-01 -1.341338391639999941e+02 8.346144593660000055e+01 1.037505400130000055e+02
8.749753496869999703e-02 1.329008353660000030e-01 -3.386187815910000065e-01 -1.334150173250000080e+02 8.312140635759999441e+01 1.034635951159999934e+02
9.053097585790000068e-02 1.345584459879999861e-01 -3.337988454899999957e-01 -1.339963230859999896e+02 8.264772549539999602e+01 1.037498084660000046e+02
9.355354645209999764e-02 1.330599391320000102e-01 -3.349484339859999937e-01 -1.339081582469999887e+02 8.281537331929999368e+01 1.030776212829999992e+02
8.798378193769999800e-02 1.325070135839999941e-01 -3.324242300909999726e-01 -1.335196900349999964e+02 8.312052419239999779e+01 1.039248386250000067e+02
9.119618084260000535e-02 1.300388919680000033e-01 -3.258481366759999887e-01 -1.341085847409999872e+02 8.329746621660000017e+01 1.036689183520000057e+02
8.805971470930000489e-02 1.333768864719999947e-01 -3.306081662829999934e-01 -1.338044361180000124e+02 8.271592960430000119e+01 1.036146153140000052e+02
8.685434841660000238e-02 1.345467129940000062e-01 -3.378881440440000272e-01 -1.330711636419999877e+02 8.309388104440000689e+01 1.036241048990000024e+02
9.189302498140000663e-02 1.374558348029999988e-01 -3.316502326729999783e-01 -1.337048410390000015e+02 8.293306592359999740e+01 1.032583098709999945e+02
9.350460903349999686e-02 1.392693398550000072e-01 -3.372063117749999894e-01 -1.339138870239999903e+02 8.274608825209999452e+01 1.033075281050000029e+02
9.144965852670000617e-02 1.368937558949999966e-01 -3.372659977990000169e-01 -1.336271687750000012e+02 8.318416344419999575e+01 1.036174065499999983e+02
8.819540569290000576e-02 1.365402703709999999e-01 -3.394577464779999776e-01 -1.333860514650000084e+02 8.298112429200000406e+01 1.037717100760000051e+02
9.026290593869999712e-02 1.363780561210000131e-01 -3.351290698739999852e-01 -1.337329383860000007e+02 8.286263491229999545e+01 1.037025576980000068e+02
9.120353701910000055e-02 1.387288131649999923e-01 -3.369494871700000060e-01 -1.339448089059999916e+02 8.287716326609999840e+01 1.034535456769999939e+02
8.893085065849999638e-02 1.298777480430000075e-01 -3.330357986220000011e-01 -1.334240640060000089e+02 8.354619620229999555e+01 1.039913521210000056e+02
9.653977920020000159e-02 1.292567557360000119e-01 -3.349558634820000158e-01 -1.339912220409999861e+02 8.372212033760000338e+01 1.033060589730000061e+02
9.341979147659999760e-02 1.381915100270000030e-01 -3.294783650179999857e-01 -1.342229243660000009e+02 8.256247695429999567e+01 1.031144743760000040e+02
9.122417551900000032e-02 1.371802490260000118e-01 -3.320500815449999865e-01 -1.340702681580000046e+02 8.266081861169999456e+01 1.038444195830000041e+02
9.001846757879999883e-02 1.372317133089999974e-01 -3.377537266649999759e-01 -1.337414081949999911e+02 8.253239956260000554e+01 1.037529085369999962e+02
9.296641337309999309e-02 1.322276382279999885e-01 -3.301054116530000027e-01 -1.341320368080000094e+02 8.307958746420000296e+01 1.037385494889999933e+02
8.720348848820000387e-02 1.362530951650000044e-01 -3.318823936470000069e-01 -1.339784159920000093e+02 8.285187513350000188e+01 1.036326264780000059e+02
9.327233955680000466e-02 1.351458778840000097e-01 -3.336192882819999928e-01 -1.333096366739999894e+02 8.311407781779999482e+01 1.034783568349999996e+02
9.176254352330000252e-02 1.355209875080000126e-01 -3.360042216290000106e-01 -1.340549156339999968e+02 8.300821037270000602e+01 1.036594627150000036e+02
9.396266062189999324e-02 1.358376397709999961e-01 -3.315270428689999771e-01 -1.339228891079999926e+02 8.296418831130000626e+01 1.032265886600000044e+02
8.833078015499999658e-02 1.371687375210000059e-01 -3.287191382040000054e-01 -1.337827226990000042e+02 8.261771008690000428e+01 1.035154758940000050e+02
9.055467526299999792e-02 1.405010416670000040e-01 -3.323797229020000188e-01 -1.336665683870000123e+02 8.258541478870000674e+01 1.036526537710000042e+02
9.483739792900000576e-02 1.340038014009999889e-01 -3.328237992320000060e-01 -1.341319213380000122e+02 8.270966652600000657e+01 1.035785100760000006e+02
8.750299451830000075e-02 1.349719788569999912e-01 -3.373417903250000016e-01 -1.337085464520000073e+02 8.271622916520000501e+01 1.036781991529999942e+02
9.313309053969999474e-02 1.371720808390000101e-01 -3.315565971889999908e-01 -1.339514297689999864e+02 8.278727064989999462e+01 1.030079065280000066e+02
9.452950586439999581e-02 1.301660163570000084e-01 -3.387544733050000256e-01 -1.338124570319999975e+02 8.339603130330000624e+01 1.032025501659999946e+02
9.046508681360000692e-02 1.345407031770000095e-01 -3.273035325090000169e-01 -1.339148674349999908e+02 8.267897570200000246e+01 1.038356742309999987e+02
9.309635697279999844e-02 1.373096225659999892e-01 -3.315502213159999823e-01 -1.336382737369999916e+02 8.276738864770000248e+01 1.035888120580000020e+02
9.258273240059999853e-02 1.403605400669999947e-01 -3.324877394920000007e-01 -1.337111603150000008e+02 8.240697361540000543e+01 1.034723979340000000e+02
9.122731204429999907e-02 1.359086477810000082e-01 -3.326514369760000256e-01 -1.337346810930000061e+02 8.336874566699999889e+01 1.038040679860000068e+02
8.696608627209999332e-02 1.374339325989999971e-01 -3.331995294349999748e-01 -1.334926564520000056e+02 8.256437779830000068e+01 1.036744552469999974e+02
8.944046782469999846e-02 1.359963376910000021e-01 -3.322236262880000068e-01 -1.338522587319999957e+02 8.284221982930000650e+01 1.035981660789999950e+02
9.439706108190000500e-02 1.342874339319999888e-01 -3.410713463039999893e-01 -1.333982509020000009e+02 8.290832854990000556e+01 1.032949454089999932e+02
8.985027802780000405e-02 1.360579753589999941e-01 -3.332091311800000066e-01 -1.334479401199999984e+02 8.278059992720000082e+01 1.035360594069999962e+02
8.720238470940000486e-02 1.372501266260000019e-01 -3.338407408069999915e-01 -1.335707867110000109e+02 8.290045395949999829e+01 1.034818051409999953e+02
9.116715220149999854e-02 1.270421610620000030e-01 -3.355487239159999913e-01 -1.336469748700000082e+02 8.365516914040000529e+01 1.038798474599999935e+02
8.618970962060000518e-02 1.365418885709999974e-01 -3.356772670279999926e-01 -1.331068727770000066e+02 8.253143383569999969e+01 1.036622329620000045e+02
9.437079345490000104e-02 1.344612367809999987e-01 -3.324915797870000023e-01 -1.343399022979999984e+02 8.276349262189999934e+01 1.033723924500000066e+02
8.864852795920000195e-02 1.359083610310000134e-01 -3.341181142490000089e-01 -1.337627865620000023e+02 8.327181961930000398e+01 1.037802029230000045e+02
9.219570949310000596e-02 1.340960424529999973e-01 -3.352107767809999750e-01 -1.340623132579999890e+02 8.267236046659999715e+01 1.035975844590000037e+02
