-1.249149214459999990e-01 2.511959579160000233e-01 -1.099686619119999986e-01 -1.309735805500000083e+02 4.996048677840000352e+01 1.617101048199999980e+02
-1.275171280980000044e-01 2.514847038379999788e-01 -1.143754209260000043e-01 -1.297739883630000008e+02 5.032923906620000309e+01 1.622945857040000135e+02
-1.259108987850000028e-01 2.432742880250000073e-01 -1.076755570939999934e-01 -1.305351496090000012e+02 5.113772551440000314e+01 1.628715386700000067e+02
-1.236373123989999989e-01 2.501921899530000215e-01 -1.091946383129999976e-01 -1.312036514950000026e+02 5.023049035039999666e+01 1.616270265480000035e+02
-1.310920935029999956e-01 2.499938281940000118e-01 -1.098421875170000062e-01 -1.294712543750000009e+02 5.080462471980000316e+01 1.619576669900000070e+02
-1.276203896729999898e-01 2.453636565270000125e-01 -1.070885947870000021e-01 -1.299670037150000041e+02 5.073440908189999732e+01 1.625337356240000020e+02
-1.302820606170000117e-01 2.477020444709999991e-01 -1.103953669859999986e-01 -1.291453239779999933e+02 5.038413814599999796e+01 1.625079090309999970e+02
-1.277156864429999927e-01 2.509247303300000120e-01 -1.127298026380000040e-01 -1.302307140249999975e+02 5.047689470640000309e+01 1.625206051680000030e+02
-1.267325076180000065e-01 2.516186152509999885e-01 -1.132090892289999984e-01 -1.299750442760000055e+02 5.085500833449999902e+01 1.621469610199999920e+02
-1.316070512130000092e-01 2.454853759360000054e-01 -1.147301444979999946e-01 -1.284105386669999973e+02 5.174307872349999826e+01 1.633980070450000142e+02
-1.304891522959999994e-01 2.483631812450000087e-01 -1.127116614560000063e-01 -1.295294076140000072e+02 5.076130502569999692e+01 1.626432589620000044e+02
-1.279098852899999972e-01 2.478849715210000026e-01 -1.126172951339999978e-01 -1.292046446129999993e+02 5.122125124970000343e+01 1.628724999920000016e+02
-1.257037794439999911e-01 2.496866082710000045e-01 -1.104180651359999987e-01 -1.308067130109999994e+02 5.025522770999999977e+01 1.618200846649999960e+02
-1.262177629039999971e-01 2.502050383009999934e-01 -1.118543602849999957e-01 -1.307370017439999970e+02 5.055410528779999879e+01 1.617192620399999896e+02
-1.323921389319999975e-01 2.456139131070000092e-01 -1.103896741629999956e-01 -1.284511411379999970e+02 5.084893878799999811e+01 1.630124685920000047e+02
-1.287348138839999878e-01 2.496555226190000087e-01 -1.065174414530000030e-01 -1.300908897550000063e+02 4.992906562390000147e+01 1.621285237939999888e+02
-1.282188166550000119e-01 2.485292341010000017e-01 -1.100947029469999949e-01 -1.298309338370000035e+02 5.088664388400000149e+01 1.625842617559999894e+02
-1.299954572760000093e-01 2.525025955810000222e-01 -1.128507656380000057e-01 -1.292417506239999909e+02 5.050287342240000044e+01 1.617504226099999869e+02
-1.255634939749999957e-01 2.481038875590000081e-01 -1.159107286639999984e-01 -1.302592714040000033e+02 5.164472947250000345e+01 1.632453547309999919e+02
-1.330095129349999905e-01 2.470112323160000012e-01 -1.137815342880000025e-01 -1.282477263170000015e+02 5.130708626309999687e+01 1.631934880309999869e+02
-1.331534915969999899e-01 2.484671254989999911e-01 -1.143030598319999952e-01 -1.283960947310000051e+02 5.155473141320000252e+01 1.630751211699999885e+02
-1.319037009959999895e-01 2.468793278049999929e-01 -1.123469662900000027e-01 -1.284903731919999927e+02 5.146198481030000238e+01 1.632571213740000076e+02
-1.269168322750000022e-01 2.484257307309999940e-01 -1.072288898579999983e-01 -1.302201130040000123e+02 5.002572716449999746e+01 1.622364231370000027e+02
-1.306749123419999881e-01 2.514995556890000095e-01 -1.108469614010000048e-01 -1.292753208750000056e+02 5.040977609889999655e+01 1.621192661880000117e+02
-1.336966058100000077e-01 2.477983038890000100e-01 -1.068131718020000065e-01 -1.288715496640000140e+02 5.054088188899999778e+01 1.624710736849999932e+02
-1.298380566229999922e-01 2.439498712950000092e-01 -1.152289481460000015e-01 -1.291412988939999877e+02 5.248357710410000010e+01 1.634991566740000053e+02
-1.310813051209999969e-01 2.471537506760000114e-01 -1.107760788650000022e-01 -1.289171633919999920e+02 5.056995971860000338e+01 1.627295540359999961e+02
-1.284803894569999938e-01 2.451848158599999883e-01 -1.077037254989999943e-01 -1.298887254359999872e+02 5.094736159810000231e+01 1.626576381799999922e+02
-1.297006850690000102e-01 2.552371770710000209e-01 -1.143502795319999987e-01 -1.294532527670000093e+02 5.038523379010000269e+01 1.618878050330000065e+02
-1.267396027859999941e-01 2.498723939489999879e-01 -1.159866112290000029e-01 -1.304435401519999971e+02 5.133013155060000088e+01 1.625648054810000076e+02
-1.275313011479999870e-01 2.490039636889999908e-01 -1.132499895760000069e-01 -1.298202264669999977e+02 5.056009026099999915e+01 1.631646537610000109e+02
-1.251445482240000073e-01 2.484452264989999992e-01 -1.134269412429999985e-01 -1.306687390310000012e+02 5.124803842640000084e+01 1.623599541750000128e+02
-1.292156166400000028e-01 2.522978275639999879e-01 -1.085323798750000013e-01 -1.297818206880000105e+02 4.938671423209999745e+01 1.616571955070000115e+02
-1.272631913839999962e-01 2.467525854640000016e-01 -1.091716252989999997e-01 -1.302187496059999887e+02 5.065577013130000239e+01 1.625527329299999906e+02
-1.288072802549999896e-01 2.525309841469999816e-01 -1.134749282790000063e-01 -1.293348806449999984e+02 5.047359430649999723e+01 1.624049966810000001e+02
-1.308531798529999901e-01 2.475788607230000049e-01 -1.105115021490000043e-01 -1.288967123120000053e+02 5.092226367229999795e+01 1.625322989119999875e+02
-1.311962378850000110e-01 2.508364572499999778e-01 -1.100549586740000030e-01 -1.290921025050000139e+02 5.063866157660000056e+01 1.627592916909999872e+02
-1.283303108520000013e-01 2.489426744169999928e-01 -1.132989237909999974e-01 -1.287960403929999984e+02 5.104461303050000254e+01 1.630081931439999892e+02
-1.256128898980000130e-01 2.505859184579999899e-01 -1.147229541959999960e-01 -1.306784416460000102e+02 5.059827434809999858e+01 1.624334798760000069e+02
-1.281183347169999875e-01 2.494290389680000053e-01 -1.109657873610000040e-01 -1.299050309900000002e+02 5.040046040280000028e+01 1.621016993130000117e+02
-1.275642111510000010e-01 2.450459789280000078e-01 -1.089710681759999966e-01 -1.300876770289999911e+02 5.107435933469999867e+01 1.627520193560000052e+02
-1.325145139499999958e-01 2.486941480540000027e-01 -1.056601558659999995e-01 -1.292033145999999988e+02 5.040717716439999663e+01 1.623234044419999975e+02
-1.288214947509999930e-01 2.497564721799999943e-01 -1.088433878119999948e-01 -1.300472864550000054e+02 5.002471941139999956e+01 1.623535945190000120e+02
-1.309775833060000116e-01 2.490155581100000071e-01 -1.146562229360000018e-01 -1.290450745709999865e+02 5.174054962030000127e+01 1.632010864339999898e+02
-1.324858452509999895e-01 2.483112808069999899e-01 -1.076297413189999941e-01 -1.284612696060000019e+02 5.050121132259999968e+01 1.624170071800000130e+02
-1.288691695649999969e-01 2.458486484469999955e-01 -1.087708731750000046e-01 -1.295809622620000141e+02 5.033984658530000189e+01 1.627971914439999921e+02
-1.301897206740000035e-01 2.496251259010000001e-01 -1.162895927679999941e-01 -1.287229517380000061e+02 5.140891580419999940e+01 1.630107708170000080e+02
-1.281280153219999940e-01 2.484792098299999918e-01 -1.062434482099999938e-01 -1.297426441240000088e+02 4.983156191820000203e+01 1.619386849679999898e+02
-1.307002961840000033e-01 2.492001451649999977e-01 -1.109200531419999997e-01 -1.296675468640000020e+02 5.050904944079999837e+01 1.625835471199999915e+02
-1.259086923859999985e-01 2.500821852519999888e-01 -1.079639565750000058e-01 -1.306113456559999975e+02 4.995401829730000287e+01 1.615091861800000004e+02
-1.280234717740000028e-01 2.468259745979999864e-01 -1.132778702549999961e-01 -1.293649831829999926e+02 5.105602631890000254e+01 1.632081120009999893e+02
-1.306673274569999932e-01 2.514993592140000178e-01 -1.134824411750000039e-01 -1.291574836929999890e+02 5.124421822930000303e+01 1.625296378030000142e+02
-1.292478525920000010e-01 2.505421808819999763e-01 -1.141504388520000052e-01 -1.293080019859999936e+02 5.100763303690000328e+01 1.628287317980000068e+02
-1.373903475330000012e-01 2.497583087630000087e-01 -1.091503764829999945e-01 -1.274183917750000035e+02 5.070351001059999874e+01 1.627025571959999866e+02
-1.254105942719999922e-01 2.496975350910000113e-01 -1.137410106959999972e-01 -1.301621811599999887e+02 5.063943094049999871e+01 1.624925510529999997e+02
-1.335732543769999892e-01 2.527202904579999854e-01 -1.185867169100000007e-01 -1.281265510110000037e+02 5.116403014069999955e+01 1.626411630830000092e+02
-1.273071299959999958e-01 2.482099937960000058e-01 -1.143707303910000000e-01 -1.301484373019999907e+02 5.155365606160000169e+01 1.628659085760000096e+02
-1.296731054849999953e-01 2.499530766829999862e-01 -1.179743231949999943e-01 -1.292957132779999938e+02 5.182554670700000088e+01 1.630841181659999961e+02
-1.307236689190000023e-01 2.465840750370000001e-01 -1.106604881099999965e-01 -1.297095944300000099e+02 5.106701637580000153e+01 1.626430180160000134e+02
-1.300469324019999928e-01 2.479625071450000107e-01 -1.088026122780000049e-01 -1.296379166540000085e+02 5.025799832130000055e+01 1.622292104619999975e+02
-1.276729015949999990e-01 2.475832197310000038e-01 -1.093521916809999939e-01 -1.303703494940000098e+02 5.035739647869999658e+01 1.624566251070000078e+02
-1.263931567890000107e-01 2.461248967209999916e-01 -1.169576500939999986e-01 -1.298727651250000008e+02 5.241715923699999991e+01 1.632444342169999913e+02
-1.296576488060000032e-01 2.504907774249999775e-01 -1.173700036399999980e-01 -1.289320602310000083e+02 5.157849095680000318e+01 1.628922542980000117e+02
-1.305475651119999969e-01 2.516481259450000230e-01 -1.141449469500000063e-01 -1.292847891709999999e+02 5.057964483570000169e+01 1.623484801760000096e+02
-1.307830536509999864e-01 2.456735391490000031e-01 -1.151851344620000023e-01 -1.289839172069999904e+02 5.244576577440000165e+01 1.635976573819999942e+02
-1.254234894709999881e-01 2.476011083140000069e-01 -1.166443118160000042e-01 -1.302845345650000013e+02 5.201335307280000109e+01 1.629672033290000002e+02
-1.296467754049999976e-01 2.446332391669999995e-01 -1.164321036120000014e-01 -1.291422549639999886e+02 5.242398334789999836e+01 1.637252941739999983e+02
-1.299434532950000110e-01 2.479091402389999865e-01 -1.030158529959999958e-01 -1.299745655520000014e+02 4.936642077100000137e+01 1.618287973109999882e+02
-1.328231256480000011e-01 2.455134916800000011e-01 -1.044277891759999993e-01 -1.285725020040000004e+02 5.020657733849999715e+01 1.627396527090000120e+02
-1.337934779490000115e-01 2.470576572579999963e-01 -1.063944282679999964e-01 -1.284378701050000018e+02 5.016010194399999733e+01 1.624519149159999927e+02
-1.341435339660000114e-01 2.497623000820000105e-01 -1.131925099590000011e-01 -1.285440319349999925e+02 5.122361582570000138e+01 1.627286777559999962e+02
-1.279273929149999933e-01 2.476364706130000093e-01 -1.141201731430000060e-01 -1.299799783910000031e+02 5.139935473210000083e+01 1.631962085209999884e+02
-1.299879567309999984e-01 2.483982981679999924e-01 -1.109389591099999989e-01 -1.295836996879999958e+02 5.035065450540000143e+01 1.626594805720000068e+02
-1.308286128900000012e-01 2.495708893949999951e-01 -1.124931019840000046e-01 -1.290854216420000000e+02 5.078835417319999834e+01 1.625783887610000136e+02
-1.311079613410000011e-01 2.484826594690000001e-01 -1.040534090650000049e-01 -1.293467901999999867e+02 4.994268642210000309e+01 1.623435991910000098e+02
-1.269663598730000065e-01 2.536605069840000004e-01 -1.086701228089999999e-01 -1.302191067070000088e+02 4.954824223810000206e+01 1.614017331670000033e+02
-1.303821847330000061e-01 2.482076462799999994e-01 -1.098220339279999958e-01 -1.297013146829999926e+02 5.105774077969999780e+01 1.626248856379999950e+02
-1.292047778100000044e-01 2.480630477000000111e-01 -1.113944064429999992e-01 -1.291666737459999865e+02 5.068954238549999758e+01 1.626190362410000034e+02
-1.308383229589999974e-01 2.456052086140000090e-01 -1.099154462829999984e-01 -1.290813408639999977e+02 5.144835674910000023e+01 1.629009749839999870e+02
-1.284764511310000079e-01 2.499408962709999960e-01 -1.089278929840000049e-01 -1.298103571339999860e+02 5.095556957179999813e+01 1.622714047649999998e+02
-1.277407074570000023e-01 2.485901777960000114e-01 -1.127865632819999991e-01 -1.308900895099999957e+02 5.104994392660000102e+01 1.630243003180000017e+02
-1.326080672409999939e-01 2.486745131410000031e-01 -1.077356932659999933e-01 -1.289320635999999922e+02 5.016937346120000285e+01 1.625291211980000128e+02
-1.326455212700000108e-01 2.472189336960000094e-01 -1.117181952900000025e-01 -1.283467072379999934e+02 5.116281658079999772e+01 1.628959011229999874e+02
-1.321668982270000070e-01 2.478264781439999953e-01 -1.069130558740000042e-01 -1.294833345609999924e+02 5.026196336680000343e+01 1.622795766680000042e+02
-1.288447895139999966e-01 2.471088484170000099e-01 -1.078457372030000028e-01 -1.298480459010000061e+02 5.051975086230000045e+01 1.626770644839999989e+02
-1.241198239249999974e-01 2.497565676840000082e-01 -1.143181097980000005e-01 -1.306880057440000087e+02 5.141862276399999843e+01 1.624640536539999971e+02
-1.339525296569999968e-01 2.483840509320000001e-01 -1.119526488689999988e-01 -1.280690653139999995e+02 5.128965729600000145e+01 1.629662626420000038e+02
-1.300672496439999881e-01 2.540765232730000101e-01 -1.184355685830000005e-01 -1.288114046839999958e+02 5.077908958660000138e+01 1.622618332730000077e+02
-1.251700921130000088e-01 2.474527151639999978e-01 -1.161935634760000030e-01 -1.302674419269999930e+02 5.168657305909999877e+01 1.630067117080000116e+02
-1.286744069769999999e-01 2.502749989729999847e-01 -1.128000445759999998e-01 -1.298678177689999984e+02 5.068709556929999849e+01 1.617317364909999924e+02
-1.313507606690000051e-01 2.464097737640000008e-01 -1.096310113400000008e-01 -1.293742775919999985e+02 5.075215290599999918e+01 1.629536442669999872e+02
-1.265296924809999890e-01 2.522622637360000253e-01 -1.157726167830000069e-01 -1.298647063470000091e+02 5.075449657080000065e+01 1.622577761340000109e+02
-1.283711814869999968e-01 2.511156132830000276e-01 -1.149392519609999941e-01 -1.295028610960000037e+02 5.144724308840000049e+01 1.623660858089999977e+02
-1.318867823900000125e-01 2.497856396289999947e-01 -1.093660290829999993e-01 -1.287559256730000072e+02 5.027012334860000209e+01 1.621569617430000108e+02
-1.316490851110000138e-01 2.507549329759999890e-01 -1.113631247569999982e-01 -1.293354502669999988e+02 5.073619787389999658e+01 1.620867421780000086e+02
-1.273302787510000034e-01 2.500952816009999746e-01 -1.183256354769999935e-01 -1.296031946100000027e+02 5.184002953889999787e+01 1.625959621490000018e+02
-1.334071837249999892e-01 2.504148483640000200e-01 -1.111069099269999944e-01 -1.292297459959999912e+02 5.061132496799999814e+01 1.624916280299999869e+02
-1.303734650510000037e-01 2.481762201250000133e-01 -1.168502514669999964e-01 -1.286235880749999865e+02 5.198902151720000120e+01 1.630720398459999956e+02
-1.306860417050000056e-01 2.551384273119999824e-01 -1.148572465909999951e-01 -1.289876452240000049e+02 5.046757842299999908e+01 1.619156333729999915e+02
-1.267787074650000012e-01 2.514301373360000036e-01 -1.131642273150000044e-01 -1.305429304900000034e+02 5.010262230210000212e+01 1.620345259039999917e+02
-1.316873642249999921e-01 2.518866495689999763e-01 -1.116738325559999967e-01 -1.291267617029999997e+02 5.092474686839999976e+01 1.624651940169999875e+02
-1.308407744329999900e-01 2.463356483049999879e-01 -1.165571156759999949e-01 -1.286301940660000014e+02 5.239511719019999703e+01 1.636222407479999958e+02
-1.266116522480000006e-01 2.517670848520000004e-01 -1.106046198750000042e-01 -1.306099262500000009e+02 5.047156707199999914e+01 1.617635088849999931e+02
-1.285541411960000047e-01 2.484467898709999956e-01 -1.113545220739999980e-01 -1.290942818359999933e+02 5.117667499600000269e+01 1.623711879070000066e+02
-1.298052776960000043e-01 2.505360793249999940e-01 -1.099124020749999986e-01 -1.298478538889999925e+02 5.035416189499999717e+01 1.619870214000000033e+02
-1.279102527819999946e-01 2.494024481019999906e-01 -1.119393684899999963e-01 -1.294980584170000100e+02 5.032415348389999821e+01 1.618080015440000068e+02
-1.280821992099999973e-01 2.502547379869999866e-01 -1.161055580369999979e-01 -1.294931125619999932e+02 5.145585565999999744e+01 1.624820876379999959e+02
-1.314883736799999925e-01 2.506516707950000034e-01 -1.135918710600000020e-01 -1.286078510359999996e+02 5.061431866219999876e+01 1.624815836930000046e+02
-1.304435427739999986e-01 2.430397616520000026e-01 -1.101957130849999938e-01 -1.294033344780000050e+02 5.190658324870000229e+01 1.633140158999999869e+02
-1.274868434660000049e-01 2.464113336340000016e-01 -1.118103055030000015e-01 -1.299002250320000087e+02 5.104971596850000282e+01 1.625925454080000065e+02
-1.322213038900000026e-01 2.490310540179999921e-01 -1.059827713949999944e-01 -1.292524247069999888e+02 4.984641701000000324e+01 1.618252805939999917e+02
-1.322321038010000060e-01 2.472030578999999950e-01 -1.103287015339999982e-01 -1.287232209219999959e+02 5.115950412619999810e+01 1.630544513010000003e+02
-1.280576574720000138e-01 2.497881703429999933e-01 -1.148630994209999950e-01 -1.293854775279999956e+02 5.084602650450000283e+01 1.629928854080000065e+02
-1.273527817139999962e-01 2.457044515790000050e-01 -1.099193952360000004e-01 -1.301249848840000141e+02 5.082555440979999872e+01 1.624930440640000029e+02
-1.311006467430000100e-01 2.506460609799999739e-01 -1.080294999860000049e-01 -1.290139029929999879e+02 4.975151253509999805e+01 1.620803243869999903e+02
-1.249063650340000026e-01 2.478575863920000066e-01 -1.102332002619999946e-01 -1.311658548499999881e+02 5.091378508190000218e+01 1.622420449550000114e+02
-1.323126218050000025e-01 2.486904368389999953e-01 -1.071235660529999967e-01 -1.293826615970000091e+02 5.041807602259999754e+01 1.623460692319999907e+02
-1.257822567780000067e-01 2.518658006649999725e-01 -1.138586106249999952e-01 -1.305224794780000082e+02 5.081975585109999827e+01 1.618060949259999859e+02
-1.289542712750000042e-01 2.495406864570000049e-01 -1.068856360730000010e-01 -1.303395386219999921e+02 4.991193249879999883e+01 1.620605743540000105e+02
-1.295253600050000065e-01 2.492818391620000018e-01 -1.142598117540000041e-01 -1.289624269530000049e+02 5.106933026040000101e+01 1.628367606040000055e+02
-1.283464882900000048e-01 2.515083581609999785e-01 -1.131040064409999935e-01 -1.293593660500000055e+02 5.056410757220000107e+01 1.623724644019999914e+02
-1.265711061049999975e-01 2.500111163350000054e-01 -1.114081617279999992e-01 -1.307018306669999959e+02 5.020943952110000197e+01 1.620809243399999957e+02
-1.317173267329999897e-01 2.505616817190000067e-01 -1.081780926090000067e-01 -1.291915245870000035e+02 4.970419862300000347e+01 1.620704182990000106e+02
-1.286092647790000043e-01 2.451853134280000124e-01 -1.111801203290000012e-01 -1.300293906990000039e+02 5.157523238779999986e+01 1.627889368769999976e+02
-1.269345322029999945e-01 2.491116497529999863e-01 -1.110634734899999948e-01 -1.298446675369999923e+02 5.014955910919999837e+01 1.621289378730000124e+02
-1.325477102560000120e-01 2.501920033080000105e-01 -1.102037603980000058e-01 -1.290851174400000048e+02 5.024736186759999867e+01 1.623657167970000046e+02
-1.279147774380000047e-01 2.500359474109999924e-01 -1.125972254200000022e-01 -1.305200286969999866e+02 4.964296191020000037e+01 1.625731783109999924e+02
-1.324513197330000058e-01 2.505129286269999755e-01 -1.117229290350000015e-01 -1.290041401729999961e+02 5.026681900170000006e+01 1.624367145250000135e+02
-1.304374197489999998e-01 2.480260513299999969e-01 -1.068736776490000068e-01 -1.295345660870000017e+02 5.067489750899999734e+01 1.624019895669999869e+02
-1.297812039469999901e-01 2.461932695190000020e-01 -1.091384440859999999e-01 -1.293335486500000115e+02 5.071202555219999653e+01 1.627715666180000085e+02
-1.333093403570000113e-01 2.489275543449999961e-01 -1.086221080519999965e-01 -1.287406520520000015e+02 5.045235908509999945e+01 1.628536331230000087e+02
-1.263446404140000090e-01 2.504435702330000124e-01 -1.090522050670000020e-01 -1.307220839739999860e+02 5.002598892910000217e+01 1.621585299870000085e+02
-1.316897306439999971e-01 2.486855317209999972e-01 -1.075221577040000043e-01 -1.289267267079999897e+02 5.044032002029999973e+01 1.627995148489999906e+02
-1.281712658109999958e-01 2.504131345100000239e-01 -1.137679479210000066e-01 -1.298012360120000039e+02 5.113765917799999983e+01 1.626793515619999937e+02
-1.264513114580000097e-01 2.488138964349999871e-01 -1.054634047559999954e-01 -1.307903498700000000e+02 4.973041669610000071e+01 1.620115841330000137e+02
-1.327577354149999944e-01 2.470763604679999947e-01 -1.113111819489999987e-01 -1.286299416230000077e+02 5.116845797250000061e+01 1.630753306780000003e+02
-1.348313898010000123e-01 2.516903718660000178e-01 -1.143167067889999944e-01 -1.278570383509999999e+02 5.064827520330000254e+01 1.625002704910000091e+02
-1.279235546259999967e-01 2.495823717810000120e-01 -1.131091776970000046e-01 -1.291284888129999899e+02 5.111333098539999753e+01 1.631367341840000051e+02
-1.298203808249999980e-01 2.478253275800000044e-01 -1.116182222170000043e-01 -1.295430691139999908e+02 5.085433192909999889e+01 1.626452162760000135e+02
-1.311188430390000104e-01 2.481850732579999885e-01 -1.100684909049999965e-01 -1.293378816119999897e+02 5.130482522740000206e+01 1.626459963949999974e+02
-1.270213449679999940e-01 2.492582897889999982e-01 -1.101629845810000036e-01 -1.300327161650000107e+02 5.046020956089999743e+01 1.621969258690000117e+02
-1.332449101450000062e-01 2.479157946670000057e-01 -1.086895359419999957e-01 -1.289953736450000008e+02 5.095030537600000287e+01 1.627344911739999986e+02
-1.283355857629999985e-01 2.503562281819999846e-01 -1.130538831629999963e-01 -1.290702180170000020e+02 5.092837585219999852e+01 1.623248967840000034e+02
-1.324644784169999867e-01 2.466555549599999952e-01 -1.066241602389999960e-01 -1.290055543009999894e+02 5.069726954170000255e+01 1.628159738839999875e+02
-1.328362655760000066e-01 2.536587253629999927e-01 -1.089399169450000066e-01 -1.289328155640000091e+02 4.968585763869999994e+01 1.616991131919999987e+02
-1.315503455500000030e-01 2.506235659120000236e-01 -1.103071923510000052e-01 -1.289152909889999989e+02 5.086492695039999745e+01 1.623774093620000087e+02
-1.337352158229999921e-01 2.456015612939999870e-01 -1.102271130159999946e-01 -1.279865498789999947e+02 5.145760118039999753e+01 1.632122218700000076e+02
-1.269402297570000060e-01 2.492540226709999973e-01 -1.105377480529999984e-01 -1.301848122030000070e+02 5.011991930469999801e+01 1.622733421519999979e+02
-1.260310419410000105e-01 2.516257487140000082e-01 -1.113811060160000005e-01 -1.302575770349999971e+02 5.021631495559999792e+01 1.621391558910000015e+02
-1.283541233780000068e-01 2.486409120470000067e-01 -1.102702141740000003e-01 -1.298778689659999941e+02 5.091709905980000173e+01 1.624190780579999966e+02
-1.320440451219999922e-01 2.520417888679999940e-01 -1.122331997639999940e-01 -1.292458312610000064e+02 5.022018920429999866e+01 1.619931936240000141e+02
-1.302464800329999894e-01 2.482601065370000082e-01 -1.130481926189999958e-01 -1.287278637379999964e+02 5.141182476270000024e+01 1.629413766179999925e+02
-1.286413946580000078e-01 2.478560849499999996e-01 -1.123543147139999948e-01 -1.297850350059999869e+02 5.156980794740000107e+01 1.628673578949999978e+02
-1.318062714419999948e-01 2.509808135500000148e-01 -1.152391515369999980e-01 -1.284192682860000048e+02 5.098819847909999936e+01 1.627528163069999891e+02
-1.272568409550000057e-01 2.521780123089999992e-01 -1.125817137990000050e-01 -1.299699610140000061e+02 5.054273701860000045e+01 1.621487521230000084e+02
-1.287993387420000024e-01 2.483953733070000114e-01 -1.112609004890000031e-01 -1.295975422879999996e+02 5.046108336180000009e+01 1.629212177699999984e+02
-1.276399161279999916e-01 2.498434929159999984e-01 -1.105496315070000068e-01 -1.302317887380000059e+02 5.065444266090000269e+01 1.619008375520000129e+02
-1.295062096840000065e-01 2.527385893990000132e-01 -1.112358975979999970e-01 -1.290181046550000019e+02 5.042027944040000165e+01 1.621926053109999941e+02
-1.348675750030000065e-01 2.484770952160000046e-01 -1.102897410650000021e-01 -1.281582701240000119e+02 5.087142907430000349e+01 1.625712696330000142e+02
-1.272957125380000110e-01 2.492342541779999920e-01 -1.129485090390000002e-01 -1.293208739639999862e+02 5.094641892629999802e+01 1.627504249570000070e+02
-1.308769467819999865e-01 2.464351089350000079e-01 -1.110524553220000044e-01 -1.291146795420000046e+02 5.121736479230000327e+01 1.630117346760000032e+02
-1.277107559050000007e-01 2.506510628670000074e-01 -1.088837727760000040e-01 -1.303939561679999883e+02 5.009062008259999743e+01 1.617553848880000089e+02
-1.310115064390000028e-01 2.499189333029999960e-01 -1.146011899700000031e-01 -1.289567556229999923e+02 5.092140500179999663e+01 1.628944341289999898e+02
-1.239292050470000017e-01 2.514711032299999927e-01 -1.165123968450000047e-01 -1.306997707689999970e+02 5.101349537389999966e+01 1.625590767109999888e+02
-1.277211941339999879e-01 2.497850399369999919e-01 -1.122282862670000020e-01 -1.298606299610000008e+02 5.007866616710000329e+01 1.622705399339999985e+02
-1.278331882950000109e-01 2.467136642170000005e-01 -1.111224354559999933e-01 -1.299419661370000085e+02 5.133311470270000143e+01 1.630385322909999957e+02
-1.268229065200000005e-01 2.450520552869999980e-01 -1.143903043959999949e-01 -1.300223491399999887e+02 5.208164865060000182e+01 1.629868971850000037e+02
-1.300616777080000064e-01 2.491356668389999862e-01 -1.090822960240000056e-01 -1.294863802339999950e+02 5.045222427619999905e+01 1.625286684140000091e+02
-1.292918359199999867e-01 2.495381649479999908e-01 -1.135767971770000051e-01 -1.292727699659999985e+02 5.128085339270000276e+01 1.624939261039999963e+02
-1.293387880990000127e-01 2.504134232060000187e-01 -1.142305498049999979e-01 -1.296552903989999947e+02 5.124539523789999862e+01 1.624122314779999954e+02
-1.279315949039999956e-01 2.479434946859999933e-01 -1.116383626920000038e-01 -1.295509346819999905e+02 5.111382687310000250e+01 1.628538690839999958e+02
-1.293130439350000105e-01 2.468171134580000037e-01 -1.115444146459999980e-01 -1.291192255459999956e+02 5.118389360639999808e+01 1.634009647919999964e+02
-1.268782392310000007e-01 2.468607726120000123e-01 -1.168225561910000015e-01 -1.296059497459999932e+02 5.156990967929999670e+01 1.631846725489999983e+02
-1.288192797649999888e-01 2.441618685760000018e-01 -1.082951731139999985e-01 -1.294891436300000009e+02 5.102044200400000307e+01 1.628578855680000004e+02
-1.263959822669999955e-01 2.479258029679999864e-01 -1.131539118510000025e-01 -1.304302218580000101e+02 5.097666234870000324e+01 1.627034126679999986e+02
-1.310202961430000090e-01 2.484421189459999901e-01 -1.149847792149999992e-01 -1.290701995750000037e+02 5.152129130499999832e+01 1.625736176039999918e+02
-1.297352126100000114e-01 2.485938551840000121e-01 -1.130877562030000033e-01 -1.299076280280000049e+02 5.093891325159999894e+01 1.625661982759999944e+02
-1.298960613319999902e-01 2.520484372810000151e-01 -1.125523022340000068e-01 -1.292738052949999883e+02 5.092009775270000205e+01 1.621381158579999919e+02
-1.267385108749999878e-01 2.502392835450000241e-01 -1.154799328769999939e-01 -1.301108594549999964e+02 5.173593718779999762e+01 1.627146545699999933e+02
-1.263104445930000042e-01 2.487948773660000057e-01 -1.144933471540000025e-01 -1.296481222460000140e+02 5.159557378040000231e+01 1.630565030520000107e+02
-1.278857075050000014e-01 2.489209124900000070e-01 -1.159710137359999949e-01 -1.293909816059999969e+02 5.175632585689999843e+01 1.631355112550000115e+02
-1.300482011319999964e-01 2.494047168690000094e-01 -1.120116823979999954e-01 -1.290841005089999953e+02 5.083992784059999792e+01 1.625273202799999979e+02
-1.290177445290000002e-01 2.458423456090000070e-01 -1.106912209289999949e-01 -1.295885479769999904e+02 5.122411777909999842e+01 1.625760612679999895e+02
-1.305777790219999901e-01 2.513220911940000080e-01 -1.152508162449999984e-01 -1.292709282609999946e+02 5.148011419729999716e+01 1.627342085090000126e+02
-1.308798086469999955e-01 2.442539753330000007e-01 -1.146343698210000039e-01 -1.290389803310000048e+02 5.216286952709999980e+01 1.636041053149999982e+02
-1.302653772819999944e-01 2.470672734300000117e-01 -1.118093012899999961e-01 -1.290711897840000120e+02 5.122225645769999858e+01 1.631393206449999980e+02
-1.295939292680000077e-01 2.497086833019999952e-01 -1.136922582910000062e-01 -1.287212143980000008e+02 5.114456421279999887e+01 1.628874071340000000e+02
-1.266708852850000067e-01 2.506346345900000161e-01 -1.105506368000000045e-01 -1.301829274920000046e+02 5.081481317189999913e+01 1.620162677540000118e+02
-1.294789633120000116e-01 2.518167708130000237e-01 -1.125364240820000000e-01 -1.293979441829999928e+02 5.012810488670000097e+01 1.624229804139999942e+02
-1.284525236010000127e-01 2.474064318749999991e-01 -1.120233410630000065e-01 -1.293250698059999877e+02 5.095252211100000039e+01 1.631228575830000125e+02
-1.294291050680000110e-01 2.483279401509999873e-01 -1.074782835179999979e-01 -1.295785613600000090e+02 5.008287053739999806e+01 1.626298960850000128e+02
-1.280740244090000091e-01 2.467676187179999869e-01 -1.069737375010000047e-01 -1.297654238540000051e+02 5.037945177779999995e+01 1.624290104060000033e+02
-1.323677730549999987e-01 2.502746776570000109e-01 -1.063609611300000007e-01 -1.289956288959999995e+02 5.013157197400000342e+01 1.618946757040000080e+02
-1.279180958960000059e-01 2.483090628090000029e-01 -1.136113646300000030e-01 -1.301134701949999908e+02 5.135511421919999719e+01 1.628555047819999970e+02
-1.284120154099999966e-01 2.499472404989999952e-01 -1.108444705119999985e-01 -1.297310420910000062e+02 4.997509654960000347e+01 1.622373362060000090e+02
-1.287259433379999984e-01 2.493075951279999924e-01 -1.169577519699999957e-01 -1.291249851069999863e+02 5.166385248840000344e+01 1.627128055750000044e+02
-1.294115456730000058e-01 2.491665720819999930e-01 -1.124106439909999949e-01 -1.292518984339999975e+02 5.136146336790000078e+01 1.628661777570000027e+02
-1.289786725909999876e-01 2.477895132279999968e-01 -1.136278780359999963e-01 -1.296555580360000022e+02 5.101485205539999868e+01 1.627232887350000112e+02
-1.284163695989999909e-01 2.466128911699999871e-01 -1.099447930010000046e-01 -1.297447566209999934e+02 5.043473932149999683e+01 1.628082929839999906e+02
-1.308592527430000041e-01 2.463817908329999917e-01 -1.143429269960000022e-01 -1.286550205130000109e+02 5.166535001399999771e+01 1.633159449970000026e+02
-1.272718931800000119e-01 2.487807744320000014e-01 -1.134333804889999936e-01 -1.289984677379999880e+02 4.990399934300000240e+01 1.625843628320000107e+02
-1.294074684959999888e-01 2.513690335070000170e-01 -1.072342313909999956e-01 -1.295922421589999942e+02 5.022246373800000185e+01 1.618902703759999895e+02
-1.283926920400000060e-01 2.495599089530000092e-01 -1.109843814779999938e-01 -1.299864974330000109e+02 5.075914634179999751e+01 1.622974221519999958e+02
-1.321192350979999985e-01 2.433350249189999981e-01 -1.034140051090000068e-01 -1.289967986080000060e+02 5.079979178410000173e+01 1.629113255409999965e+02
-1.274512530570000024e-01 2.493910700870000108e-01 -1.118361488140000026e-01 -1.292917007529999864e+02 5.005337478490000080e+01 1.631784171019999974e+02
-1.294026526800000076e-01 2.458587237609999865e-01 -1.096922743139999989e-01 -1.291677571600000078e+02 5.078860495749999870e+01 1.627728728989999922e+02
-1.324024189609999957e-01 2.466057446100000106e-01 -1.104368080219999965e-01 -1.289126176810000004e+02 5.131331052790000058e+01 1.628810755830000119e+02
-1.345838230470000063e-01 2.504770709699999931e-01 -1.098804158590000052e-01 -1.282833682030000091e+02 5.050646152910000097e+01 1.624528382830000055e+02
-1.275323627319999986e-01 2.487691149029999937e-01 -1.136081240840000062e-01 -1.299135174769999992e+02 5.117265081939999760e+01 1.621361394580000024e+02
-1.248048829770000007e-01 2.512076746560000240e-01 -1.178701225440000055e-01 -1.304285456450000140e+02 5.149771335070000333e+01 1.623489876349999861e+02
-1.296725761960000056e-01 2.478186173370000023e-01 -1.089666372699999997e-01 -1.297926429729999995e+02 5.023954900420000058e+01 1.620875931920000141e+02
-1.294817256870000044e-01 2.498262078360000138e-01 -1.132102686879999931e-01 -1.293112137379999922e+02 5.142220760240000033e+01 1.626893113950000043e+02
-1.285026932049999904e-01 2.479408176020000132e-01 -1.087872688629999973e-01 -1.300432987510000089e+02 5.084849927020000138e+01 1.623490283829999896e+02
-1.281886346489999884e-01 2.490144897650000133e-01 -1.130467295160000052e-01 -1.304827236879999930e+02 5.108215648539999876e+01 1.621638481210000009e+02
-1.328630408039999933e-01 2.494898278059999863e-01 -1.109997701000000059e-01 -1.290690178670000137e+02 5.036372835619999933e+01 1.624030540880000046e+02
-1.294024176180000041e-01 2.463647666690000071e-01 -1.122239352909999988e-01 -1.295619453500000020e+02 5.145055441059999879e+01 1.630109777659999963e+02
-1.293199795440000133e-01 2.518741416149999912e-01 -1.086414307259999934e-01 -1.293542380240000114e+02 5.012376587949999873e+01 1.617682808730000090e+02
-1.305384670410000003e-01 2.452984679459999928e-01 -1.087117400659999983e-01 -1.295390911700000061e+02 5.128961808790000276e+01 1.629817069789999948e+02
-1.298851530529999965e-01 2.494833242089999903e-01 -1.077328624819999942e-01 -1.295077081489999955e+02 4.975200185349999771e+01 1.624115217240000106e+02
-1.262511803199999894e-01 2.493740354129999892e-01 -1.145229284470000025e-01 -1.305157666519999964e+02 5.068932731179999962e+01 1.626382307400000116e+02
-1.276599720519999981e-01 2.489600585539999966e-01 -1.135475554409999949e-01 -1.298721915959999933e+02 5.163102101839999847e+01 1.630446016120000081e+02
-1.300001435089999935e-01 2.503676699310000142e-01 -1.099377238509999938e-01 -1.292646414859999879e+02 5.011323265549999917e+01 1.620839420089999976e+02
-1.275087527619999939e-01 2.542050648179999817e-01 -1.138210606119999940e-01 -1.298449094609999861e+02 5.002787726660000089e+01 1.619503051659999926e+02
-1.276624508170000061e-01 2.486795746659999917e-01 -1.130216332039999938e-01 -1.302234679809999989e+02 5.105718599570000293e+01 1.623779852119999987e+02
-1.304543691939999972e-01 2.507839291110000035e-01 -1.082671717659999949e-01 -1.297377354589999925e+02 4.976659973980000018e+01 1.618842068700000141e+02
-1.301558307650000079e-01 2.456932732210000137e-01 -1.091429702249999967e-01 -1.290514404369999966e+02 5.142090707589999710e+01 1.629824212450000118e+02
-1.310418754980000045e-01 2.506000456540000143e-01 -1.147197828329999947e-01 -1.288480469769999956e+02 5.137874154610000232e+01 1.629511489539999900e+02
-1.271415364419999916e-01 2.458177980079999936e-01 -1.136817690130000058e-01 -1.296097122710000065e+02 5.177900371770000021e+01 1.633942823680000060e+02
-1.366996644219999890e-01 2.520549185579999962e-01 -1.114940149710000050e-01 -1.276066928700000034e+02 5.055715971419999732e+01 1.625451738159999877e+02
-1.299483713950000119e-01 2.516454204949999940e-01 -1.120857317389999941e-01 -1.292925826070000141e+02 5.049824694259999802e+01 1.626322177989999886e+02
-1.305810789699999863e-01 2.481957147559999965e-01 -1.050026292100000036e-01 -1.297089995370000111e+02 5.002051894849999769e+01 1.618710311099999899e+02
-1.275331360449999951e-01 2.487425416150000068e-01 -1.125850919629999974e-01 -1.299939862649999895e+02 5.062586817449999899e+01 1.630536817439999879e+02
-1.308962799030000124e-01 2.507987352209999909e-01 -1.086624846010000034e-01 -1.292671021639999935e+02 5.011564132880000244e+01 1.622459096819999900e+02
-1.285860341960000097e-01 2.505028128549999789e-01 -1.139018395089999997e-01 -1.289324143339999864e+02 5.069890535820000110e+01 1.625435584600000141e+02
-1.256030586840000129e-01 2.462351466619999985e-01 -1.087719811360000066e-01 -1.307457265459999860e+02 5.080853732220000296e+01 1.623736202659999890e+02
-1.293984475490000119e-01 2.486677761480000082e-01 -1.110631015989999998e-01 -1.290794973069999969e+02 5.069219870199999889e+01 1.626499711360000049e+02
-1.297747432159999936e-01 2.481110363019999876e-01 -1.119931913420000036e-01 -1.299597720849999973e+02 5.147518618019999792e+01 1.626149539520000076e+02
-1.328526227440000040e-01 2.485152986799999963e-01 -1.141573521400000013e-01 -1.283205011000000013e+02 5.138072246379999797e+01 1.626699989299999913e+02
-1.320496441950000099e-01 2.499859847349999997e-01 -1.111411963599999997e-01 -1.290625912239999877e+02 5.014679698220000148e+01 1.621735163699999873e+02
-1.298288507260000058e-01 2.461569461170000084e-01 -1.136473894199999946e-01 -1.289135376060000056e+02 5.164015522710000283e+01 1.629731343820000120e+02
-1.292521300810000051e-01 2.489627926319999962e-01 -1.198982064520000002e-01 -1.290812769430000060e+02 5.241925947720000067e+01 1.632756092140000135e+02
-1.290638710470000117e-01 2.476820104670000022e-01 -1.155216721759999982e-01 -1.291811520669999993e+02 5.164231068029999960e+01 1.633711538750000045e+02
-1.288620658040000033e-01 2.502617908449999984e-01 -1.136916930730000053e-01 -1.294790718879999929e+02 5.155364870860000082e+01 1.628898452649999911e+02
-1.317408332539999893e-01 2.506294230889999919e-01 -1.066786041349999936e-01 -1.291345973200000117e+02 4.976113840680000067e+01 1.621876357110000129e+02
-1.290670658680000138e-01 2.510706458599999968e-01 -1.158573549559999971e-01 -1.295571757950000062e+02 5.072284427270000151e+01 1.625301435400000116e+02
-1.334985563340000125e-01 2.480826494339999910e-01 -1.131635002329999945e-01 -1.281110899290000020e+02 5.143960170230000273e+01 1.632238212770000132e+02
-1.296779357570000124e-01 2.500194300920000057e-01 -1.172402586449999978e-01 -1.287375445449999916e+02 5.179128600530000170e+01 1.630675579770000070e+02
-1.315540328350000010e-01 2.481173420430000109e-01 -1.025629969809999931e-01 -1.293720916599999953e+02 4.983619594569999833e+01 1.619949924869999904e+02
-1.291034623929999958e-01 2.489347878369999878e-01 -1.116706175339999968e-01 -1.296213033559999985e+02 5.109793556750000221e+01 1.630112883609999983e+02
-1.275379807939999999e-01 2.511007118499999913e-01 -1.112308376279999983e-01 -1.299510131360000003e+02 5.001467842139999931e+01 1.620135595579999972e+02
-1.272517587149999962e-01 2.535075504070000152e-01 -1.100697520619999953e-01 -1.304004824890000123e+02 5.000063533760000212e+01 1.614359044960000062e+02
-1.274730433090000004e-01 2.485421982759999926e-01 -1.116804301529999988e-01 -1.296209115430000054e+02 5.100083726830000330e+01 1.626213955750000082e+02
-1.288277978690000047e-01 2.503665236789999748e-01 -1.085692064249999950e-01 -1.295241160850000028e+02 4.959683351679999674e+01 1.620744445740000117e+02
-1.279164597059999908e-01 2.555272686350000266e-01 -1.163101004090000001e-01 -1.299493701009999995e+02 5.049900899819999722e+01 1.619856345519999934e+02
-1.311687286259999863e-01 2.513791752100000276e-01 -1.108008219850000059e-01 -1.290200356779999993e+02 5.015068188680000105e+01 1.623982228730000088e+02
-1.300090675799999984e-01 2.456825569999999959e-01 -1.124832421209999989e-01 -1.294123703850000027e+02 5.171454012480000273e+01 1.632266710119999971e+02
-1.284704845580000032e-01 2.443806637020000117e-01 -1.149393085769999934e-01 -1.293617950009999902e+02 5.233612647630000225e+01 1.635517123529999992e+02
-1.289476348109999948e-01 2.485774797280000115e-01 -1.176643901000000020e-01 -1.293009003500000063e+02 5.187332576459999700e+01 1.632377994180000087e+02
-1.308622568099999939e-01 2.462737194169999921e-01 -1.072609333160000067e-01 -1.289853815939999890e+02 5.074053823860000279e+01 1.626452249699999868e+02
-1.283598130899999967e-01 2.488381506079999916e-01 -1.117076507599999990e-01 -1.295772264119999875e+02 5.117070666280000069e+01 1.623685919430000126e+02
-1.289282589150000102e-01 2.458276147200000039e-01 -1.178396339009999960e-01 -1.294185681520000060e+02 5.229984321559999927e+01 1.634472197089999952e+02
-1.265837134410000009e-01 2.562681059810000272e-01 -1.148816888610000031e-01 -1.300927058979999913e+02 4.986553416160000296e+01 1.615338990269999897e+02
-1.272958687300000113e-01 2.495482392120000059e-01 -1.124207963169999991e-01 -1.300538385389999974e+02 5.093653635169999916e+01 1.622479764390000128e+02
-1.276474129790000078e-01 2.512584587730000152e-01 -1.075068341549999945e-01 -1.303564168890000019e+02 4.963442032569999895e+01 1.617531949049999866e+02
-1.333896656169999972e-01 2.515365055750000134e-01 -1.118486555949999989e-01 -1.285334156300000075e+02 5.044414970719999758e+01 1.623727147129999935e+02
-1.270936346190000010e-01 2.491250275240000089e-01 -1.136407530130000010e-01 -1.302467659010000034e+02 5.096402846400000186e+01 1.628877118059999987e+02
-1.273006629400000034e-01 2.507452114490000272e-01 -1.110645537729999938e-01 -1.302690907319999951e+02 5.000189910900000001e+01 1.621819640539999909e+02
-1.283568597499999964e-01 2.477492348499999997e-01 -1.108252613190000013e-01 -1.294574798310000006e+02 5.122792777930000341e+01 1.627122458810000012e+02
-1.295542733410000036e-01 2.485936296809999890e-01 -1.106333300590000013e-01 -1.294296286130000055e+02 5.031014120729999917e+01 1.625645544090000101e+02
-1.302638258409999916e-01 2.498148509279999874e-01 -1.103554088530000060e-01 -1.292405318780000130e+02 5.113443485159999824e+01 1.622586080089999996e+02
-1.262516576730000062e-01 2.447447158499999886e-01 -1.113106213469999967e-01 -1.303082584830000030e+02 5.152993634580000304e+01 1.631036072729999944e+02
-1.247239990350000050e-01 2.498139013479999948e-01 -1.176330674920000041e-01 -1.300333825609999963e+02 5.159425297650000175e+01 1.629044756719999896e+02
-1.264065947099999865e-01 2.500943714380000071e-01 -1.122311370560000049e-01 -1.301728583670000035e+02 5.052876855520000277e+01 1.621330474570000035e+02
-1.289327823049999933e-01 2.476954477680000100e-01 -1.122126990709999966e-01 -1.292715821500000004e+02 5.082461130090000268e+01 1.626809440810000069e+02
-1.270285380860000091e-01 2.469157333229999862e-01 -1.150053391199999941e-01 -1.296209568870000055e+02 5.151719370579999691e+01 1.631072043469999926e+02
-1.234275239180000067e-01 2.505336055030000231e-01 -1.138209264739999949e-01 -1.307217730970000105e+02 5.067275269449999797e+01 1.620354304049999996e+02
-1.284233595669999894e-01 2.483828698830000126e-01 -1.119482062530000044e-01 -1.297072484020000047e+02 5.105431995170000192e+01 1.620925610740000025e+02
-1.286868035590000015e-01 2.468776367249999881e-01 -1.125809031969999957e-01 -1.292744987499999922e+02 5.131063576559999717e+01 1.628614579080000055e+02
-1.321591313290000069e-01 2.501780624559999944e-01 -1.149477210159999957e-01 -1.286406186570000045e+02 5.123418354660000062e+01 1.630596353809999925e+02
-1.314020036619999998e-01 2.500059755910000181e-01 -1.104693420879999943e-01 -1.291997096300000010e+02 5.052382472749999920e+01 1.622105915399999958e+02
-1.280815861140000012e-01 2.489560671809999959e-01 -1.103803956230000050e-01 -1.294875559250000094e+02 5.068698486939999981e+01 1.623088608989999955e+02
-1.318658457549999885e-01 2.452181024529999920e-01 -1.087536357300000062e-01 -1.287620878820000030e+02 5.081518908089999798e+01 1.632096046970000032e+02
-1.329154810879999982e-01 2.449798062430000034e-01 -1.093505764040000050e-01 -1.284434923500000139e+02 5.132171976109999889e+01 1.635577685039999949e+02
-1.273715254660000018e-01 2.488145294449999878e-01 -1.117358235620000001e-01 -1.291706295129999944e+02 5.100071389130000199e+01 1.625684602030000008e+02
-1.278286952209999883e-01 2.467448029900000117e-01 -1.109568001609999993e-01 -1.301091766870000015e+02 5.088968094829999700e+01 1.629221689620000006e+02
-1.307726920829999917e-01 2.512347150079999869e-01 -1.118913126169999994e-01 -1.287502850660000036e+02 5.099984808029999783e+01 1.624056909130000008e+02
-1.294456743119999920e-01 2.516765949229999855e-01 -1.088810044070000066e-01 -1.291763732580000124e+02 5.001059865589999731e+01 1.619388527170000032e+02
-1.300583498360000090e-01 2.517777404250000073e-01 -1.109550330780000038e-01 -1.298163356169999929e+02 4.999085525049999745e+01 1.622376483399999927e+02
-1.273930323880000104e-01 2.456870641860000037e-01 -1.078752856610000060e-01 -1.302890539400000023e+02 5.091611586329999994e+01 1.628434304349999877e+02
-1.291898489599999922e-01 2.482718033130000002e-01 -1.108891905169999970e-01 -1.291301342499999976e+02 5.038814870339999885e+01 1.622909495099999901e+02
-1.293618364680000077e-01 2.506236646289999870e-01 -1.111273044759999995e-01 -1.296739364679999937e+02 5.080785266339999851e+01 1.620637610750000022e+02
-1.293002466629999958e-01 2.492357842360000131e-01 -1.113965927860000038e-01 -1.296838264330000072e+02 5.095530199489999745e+01 1.625440449799999953e+02
-1.275213583710000098e-01 2.468711313920000094e-01 -1.072262814839999995e-01 -1.300527479140000082e+02 5.064772273799999880e+01 1.624735880800000132e+02
-1.275621970439999864e-01 2.470626731510000007e-01 -1.084751321019999937e-01 -1.300115022479999993e+02 5.061024008070000235e+01 1.625659649389999970e+02
-1.297310939590000101e-01 2.478065359820000035e-01 -1.101211812220000003e-01 -1.295519530349999968e+02 5.132391280310000070e+01 1.626657966550000083e+02
-1.283735851239999892e-01 2.490331417589999874e-01 -1.096200671600000009e-01 -1.294831776869999942e+02 5.022385052650000148e+01 1.626256658199999947e+02
-1.309336368510000126e-01 2.493756946229999938e-01 -1.079383850600000028e-01 -1.296987898829999892e+02 5.037558565980000225e+01 1.622837664650000136e+02
-1.271718164990000011e-01 2.487766671570000032e-01 -1.113436370049999957e-01 -1.301577937760000054e+02 5.117105480419999708e+01 1.623600731360000111e+02
-1.280940014149999917e-01 2.454731659530000054e-01 -1.088567523870000026e-01 -1.303357403210000030e+02 5.085990707039999847e+01 1.629123117009999930e+02
-1.294465071910000098e-01 2.499360755670000100e-01 -1.124046538529999972e-01 -1.290461080320000065e+02 5.126258009720000075e+01 1.625101789770000096e+02
-1.286979798929999974e-01 2.491663197869999902e-01 -1.128998734940000054e-01 -1.298238024780000046e+02 5.126538489909999896e+01 1.628179951479999943e+02
-1.275738944700000044e-01 2.517732034699999843e-01 -1.135077711849999949e-01 -1.293723166370000115e+02 5.042598597279999950e+01 1.620845826810000005e+02
-1.316335149160000051e-01 2.463888080730000096e-01 -1.105179886619999940e-01 -1.293968766350000124e+02 5.118102563290000262e+01 1.628526918080000030e+02
-1.284485871280000024e-01 2.489002102400000027e-01 -1.129081286899999981e-01 -1.290105384199999889e+02 5.075600872550000275e+01 1.627827053510000042e+02
-1.281134813350000012e-01 2.495262776649999903e-01 -1.126326846629999989e-01 -1.294260929529999942e+02 5.061792256999999751e+01 1.621342020079999884e+02
-1.273491676060000133e-01 2.497673833379999986e-01 -1.144508739400000030e-01 -1.304548846499999968e+02 5.127557892389999950e+01 1.624993077610000114e+02
-1.288018124939999953e-01 2.483826176379999862e-01 -1.132485044370000055e-01 -1.294006584519999876e+02 5.062308010040000283e+01 1.628600455680000039e+02
-1.296783922380000120e-01 2.495211211489999914e-01 -1.104784520729999997e-01 -1.292426514539999971e+02 5.079617434669999909e+01 1.627565536969999869e+02
-1.274811066950000127e-01 2.475821096299999913e-01 -1.166100068039999937e-01 -1.298687242800000092e+02 5.174640573570000157e+01 1.628943617029999871e+02
-1.268744911399999897e-01 2.479860837370000126e-01 -1.088393064919999931e-01 -1.305324451710000062e+02 5.021029679819999814e+01 1.624670950560000051e+02
-1.300531645820000026e-01 2.461975370170000066e-01 -1.147152258659999979e-01 -1.290527652359999990e+02 5.213063615680000140e+01 1.632867759990000138e+02
-1.284951481280000030e-01 2.476564872910000104e-01 -1.103178106600000014e-01 -1.293077165709999861e+02 5.071426327479999685e+01 1.628182468059999906e+02
-1.296692956949999920e-01 2.504945049230000165e-01 -1.127551166639999963e-01 -1.293892486029999986e+02 5.090764813479999873e+01 1.623903725309999970e+02
-1.286715693469999977e-01 2.500172160040000091e-01 -1.085655081250000015e-01 -1.296997599139999977e+02 5.027655014839999836e+01 1.622881884660000082e+02
-1.285237494139999936e-01 2.489189552889999879e-01 -1.112870047140000068e-01 -1.296394763019999914e+02 5.085593515109999885e+01 1.623471649079999963e+02
-1.265892507770000064e-01 2.476386525589999998e-01 -1.141454916469999969e-01 -1.302099672729999895e+02 5.126034419549999654e+01 1.626588596459999962e+02
-1.240753975769999934e-01 2.517975593799999801e-01 -1.154527667470000019e-01 -1.306953511129999868e+02 5.093474485090000314e+01 1.620562222199999951e+02
-1.286021697889999926e-01 2.494614410700000118e-01 -1.141126133049999991e-01 -1.291627372840000021e+02 5.085827841350000256e+01 1.627827261909999947e+02
-1.314900125079999926e-01 2.458546891529999889e-01 -1.108553138220000067e-01 -1.293607592090000082e+02 5.135763112090000249e+01 1.630293516280000006e+02
-1.294203960960000066e-01 2.513323730229999886e-01 -1.144637708640000029e-01 -1.292018998650000015e+02 5.151522114790000018e+01 1.625311642689999871e+02
-1.277980597199999957e-01 2.490373098919999861e-01 -1.121328406090000007e-01 -1.304702620449999984e+02 5.051387202949999988e+01 1.619908608149999907e+02
-1.284752570990000120e-01 2.502620809700000226e-01 -1.092035173049999974e-01 -1.300708329379999952e+02 5.031193930340000264e+01 1.621633834360000037e+02
-1.277698015239999985e-01 2.483540768430000101e-01 -1.118413515629999994e-01 -1.300810427060000052e+02 5.035873813420000289e+01 1.622447059140000079e+02
-1.289528307770000104e-01 2.500197895510000157e-01 -1.114698025229999973e-01 -1.291240820689999964e+02 5.107302598049999887e+01 1.623151972569999941e+02
-1.277926427259999942e-01 2.500432220730000044e-01 -1.119246634909999982e-01 -1.290510105410000108e+02 5.012348440379999914e+01 1.622076162740000029e+02
-1.311307286479999890e-01 2.533278109700000114e-01 -1.063441905619999933e-01 -1.294832337850000101e+02 4.901534747750000065e+01 1.613352708349999887e+02
-1.218218350690000035e-01 2.512145525889999953e-01 -1.149855079220000048e-01 -1.313249498700000117e+02 5.063860787330000335e+01 1.619627322999999990e+02
-1.284319311949999876e-01 2.511029038959999848e-01 -1.118914214169999949e-01 -1.295761775050000040e+02 5.020060525259999906e+01 1.619866861819999997e+02
-1.265031523659999879e-01 2.515078307429999827e-01 -1.104720573299999981e-01 -1.305549534900000026e+02 4.995612004209999668e+01 1.616363107249999871e+02
-1.299492826900000009e-01 2.489961214370000064e-01 -1.115658194690000021e-01 -1.291036701010000058e+02 5.044687101600000290e+01 1.624668712079999864e+02
-1.278577697509999944e-01 2.478037549900000136e-01 -1.152424809659999966e-01 -1.298270482759999993e+02 5.143080462540000042e+01 1.631529432650000047e+02
-1.270582518649999992e-01 2.499544400260000077e-01 -1.120980331060000001e-01 -1.305415430360000073e+02 5.049073594360000072e+01 1.623609141539999996e+02
-1.303142658889999972e-01 2.428999328130000135e-01 -1.077775163030000038e-01 -1.292063828519999902e+02 5.143257758050000206e+01 1.633621049509999921e+02
-1.308564062860000099e-01 2.507635783159999909e-01 -1.040077641830000066e-01 -1.295953676100000109e+02 4.938679572550000074e+01 1.616800493329999995e+02
-1.274703032039999906e-01 2.488152429390000087e-01 -1.112900204819999989e-01 -1.301618908879999879e+02 5.084240575550000329e+01 1.620739474330000007e+02
-1.261584446500000067e-01 2.487086894989999908e-01 -1.145063077270000035e-01 -1.301773976510000068e+02 5.132638952759999995e+01 1.628532234429999903e+02
-1.269594411580000082e-01 2.449647370960000015e-01 -1.187453846070000013e-01 -1.296443049700000074e+02 5.256801725180000062e+01 1.635050284270000134e+02
-1.310127436740000095e-01 2.479377587549999873e-01 -1.113317310840000046e-01 -1.287413820079999880e+02 5.138470570119999792e+01 1.626864842660000079e+02
-1.291658758450000000e-01 2.482201189179999989e-01 -1.084980265219999962e-01 -1.296534324030000107e+02 5.093767621749999819e+01 1.628225916220000045e+02
-1.288257646400000067e-01 2.483732600909999977e-01 -1.110931565729999931e-01 -1.287372313449999979e+02 5.107501467710000043e+01 1.627029290829999866e+02
-1.292633950460000125e-01 2.497549368189999897e-01 -1.117888335129999938e-01 -1.290517873299999962e+02 5.090163117200000187e+01 1.627408900849999895e+02
-1.270909068549999910e-01 2.477390126269999882e-01 -1.107927226490000028e-01 -1.302034276630000136e+02 5.113371798880000085e+01 1.627190976040000123e+02
-1.288908661760000129e-01 2.454495384089999954e-01 -1.122472493669999932e-01 -1.298890056340000001e+02 5.170179162409999662e+01 1.630990835570000002e+02
-1.286073379350000101e-01 2.478755850619999979e-01 -1.133531715130000062e-01 -1.290968404829999940e+02 5.075536609249999742e+01 1.628022281920000012e+02
-1.301684068979999942e-01 2.501786969990000276e-01 -1.117695984490000016e-01 -1.294566334799999936e+02 5.094317297130000100e+01 1.622846896190000052e+02
-1.272190628210000118e-01 2.502039870469999761e-01 -1.130844242649999970e-01 -1.298627781639999910e+02 5.098792839530000265e+01 1.626882812190000038e+02
-1.294617909909999975e-01 2.499754822659999987e-01 -1.163477000210000056e-01 -1.288179994459999875e+02 5.126742362870000136e+01 1.628247829640000077e+02
-1.256770456500000133e-01 2.464175514230000086e-01 -1.140928810719999964e-01 -1.302083450929999913e+02 5.169827518759999663e+01 1.630230559420000134e+02
-1.279784338870000038e-01 2.519158177290000133e-01 -1.187507518119999966e-01 -1.296390418329999932e+02 5.104224990729999689e+01 1.625533520099999976e+02
-1.267030038660000024e-01 2.546505153190000148e-01 -1.083292671990000039e-01 -1.306190570290000039e+02 4.918459153109999704e+01 1.613555610580000064e+02
-1.328394424530000006e-01 2.461270145539999898e-01 -1.101626407120000067e-01 -1.286712344530000109e+02 5.115934507549999921e+01 1.628343264089999991e+02
-1.315227005179999964e-01 2.488479475810000119e-01 -1.148695693379999938e-01 -1.285236907839999958e+02 5.154924983619999779e+01 1.630743997120000017e+02
-1.292312320869999920e-01 2.527141373210000097e-01 -1.137408986640000008e-01 -1.295484220449999953e+02 5.098007581259999910e+01 1.623165990230000091e+02
-1.275024910639999953e-01 2.493831671539999961e-01 -1.137278643730000038e-01 -1.298462901089999946e+02 5.086894471229999937e+01 1.625652146060000121e+02
-1.287940538840000038e-01 2.530258506590000178e-01 -1.196837619599999958e-01 -1.291801199340000039e+02 5.129571453719999852e+01 1.627076359179999940e+02
-1.269609670469999951e-01 2.485148404499999963e-01 -1.095106709950000035e-01 -1.304549957520000021e+02 5.061214466570000070e+01 1.622187901359999955e+02
-1.310399397260000043e-01 2.470659026560000082e-01 -1.038904799650000044e-01 -1.293929919800000050e+02 5.008910243100000059e+01 1.624735587669999859e+02
-1.283776983780000047e-01 2.507916596459999758e-01 -1.109810822080000009e-01 -1.298443710120000105e+02 5.063858493099999691e+01 1.618488961939999911e+02
-1.290021592210000012e-01 2.491490583510000134e-01 -1.119518596580000025e-01 -1.298155553699999984e+02 5.088890869789999982e+01 1.627105216369999994e+02
-1.306187543419999875e-01 2.456773228190000102e-01 -1.046984906990000019e-01 -1.294769455670000013e+02 5.037571017089999970e+01 1.623210665130000052e+02
-1.293283546729999955e-01 2.494918559729999985e-01 -1.092531537140000036e-01 -1.292763320239999985e+02 5.012574658460000165e+01 1.622985718950000091e+02
-1.294053734950000034e-01 2.516484945999999945e-01 -1.114033215019999967e-01 -1.294440230209999925e+02 5.038019503539999988e+01 1.621790848189999963e+02
-1.297686396009999910e-01 2.532065291050000222e-01 -1.140779999000000045e-01 -1.294008218849999992e+02 5.033168819779999836e+01 1.618055396190000010e+02
-1.315527547049999968e-01 2.491496200140000117e-01 -1.094281820359999935e-01 -1.296094498850000036e+02 5.096794088059999694e+01 1.623922797799999955e+02
-1.289252187970000019e-01 2.500621152629999844e-01 -1.108109350999999937e-01 -1.296986366730000100e+02 5.017130392020000329e+01 1.618042677159999982e+02
-1.252528025390000077e-01 2.515563379510000197e-01 -1.147281535219999982e-01 -1.301470886820000032e+02 5.051707250479999800e+01 1.622863009509999870e+02
-1.279034664560000090e-01 2.493440476400000105e-01 -1.131872858909999946e-01 -1.293867718859999911e+02 5.085113156370000098e+01 1.624669244559999868e+02
-1.254296342869999914e-01 2.510690408990000067e-01 -1.154463767240000022e-01 -1.309345443859999989e+02 5.089966451579999784e+01 1.621709529130000078e+02
-1.290977274010000064e-01 2.493064174010000134e-01 -1.168636466449999994e-01 -1.293687987000000135e+02 5.193720931080000014e+01 1.630818159990000140e+02
-1.285826335330000070e-01 2.467150265639999895e-01 -1.129713624639999969e-01 -1.296570863800000097e+02 5.098051727680000056e+01 1.627258951690000117e+02
-1.272689481260000088e-01 2.489504345630000059e-01 -1.132337357890000062e-01 -1.302920253300000013e+02 5.128619892830000282e+01 1.630093758399999899e+02
-1.299030196169999873e-01 2.484903404909999947e-01 -1.113078106849999943e-01 -1.292482656729999917e+02 5.025533631809999946e+01 1.626909464759999935e+02
-1.298379461389999878e-01 2.509076073850000088e-01 -1.100788308520000008e-01 -1.296184375839999916e+02 4.972144169060000252e+01 1.618392194509999911e+02
-1.311823055530000059e-01 2.469982404920000041e-01 -1.140059163230000006e-01 -1.291897327780000069e+02 5.131575444370000127e+01 1.631510277449999933e+02
-1.299948431959999928e-01 2.504416706279999905e-01 -1.146297013430000039e-01 -1.295662253819999989e+02 5.150824330630000247e+01 1.624751068520000103e+02
-1.279165178929999869e-01 2.481954801750000106e-01 -1.136776482839999963e-01 -1.291077907750000122e+02 5.107584156040000067e+01 1.630167611180000051e+02
-1.280188132360000064e-01 2.459369608320000067e-01 -1.101077934479999937e-01 -1.297935042109999983e+02 5.130795001109999731e+01 1.628663192520000109e+02
-1.310079872090000042e-01 2.503961715790000153e-01 -1.102180848869999952e-01 -1.296589842459999886e+02 5.047210806359999680e+01 1.625765729009999916e+02
-1.306408247960000046e-01 2.466572589970000007e-01 -1.107364678699999938e-01 -1.295044347749999929e+02 5.108124466390000151e+01 1.628945102360000021e+02
-1.331033531299999906e-01 2.510653895730000085e-01 -1.112478351909999968e-01 -1.289139900989999887e+02 5.074049098689999937e+01 1.624262095949999889e+02
-1.282847512710000026e-01 2.439553589710000137e-01 -1.143594293580000032e-01 -1.297556468139999879e+02 5.239276616139999732e+01 1.636559630159999870e+02
-1.278205275819999931e-01 2.501598093960000213e-01 -1.145092714450000049e-01 -1.293981006219999870e+02 5.080400101480000075e+01 1.627097437900000045e+02
-1.332625734250000027e-01 2.459907182680000082e-01 -1.090644711769999942e-01 -1.283889130990000069e+02 5.131466655980000269e+01 1.631932305020000058e+02
-1.301809485650000098e-01 2.454345194499999994e-01 -1.078764347140000052e-01 -1.296608892689999948e+02 5.095056260540000181e+01 1.628138811620000013e+02
-1.268787555829999913e-01 2.494198197870000078e-01 -1.112297751419999980e-01 -1.300979583620000142e+02 5.044682878950000315e+01 1.617892350170000100e+02
-1.298554677179999950e-01 2.506094513959999937e-01 -1.109804507210000041e-01 -1.296495669269999951e+02 5.104385967080000341e+01 1.622927442870000050e+02
-1.313682156429999970e-01 2.484594173230000036e-01 -1.115220305469999951e-01 -1.292306496909999964e+02 5.098362164590000134e+01 1.631851757539999994e+02
-1.333342369759999979e-01 2.498330754170000056e-01 -1.101450622159999976e-01 -1.290044549669999867e+02 5.066700395600000206e+01 1.625395086370000115e+02
-1.264565828289999916e-01 2.498134124159999969e-01 -1.114753323160000004e-01 -1.302763855770000134e+02 5.055017587670000268e+01 1.619040643470000020e+02
-1.266620507269999862e-01 2.486288394600000007e-01 -1.144081871910000020e-01 -1.298372179780000124e+02 5.098839312799999846e+01 1.630480336109999939e+02
-1.276545371310000010e-01 2.466796347190000072e-01 -1.120513850579999970e-01 -1.298255268009999952e+02 5.161740973239999875e+01 1.626282172960000025e+02
-1.301184458499999863e-01 2.514432412750000068e-01 -1.106919754059999955e-01 -1.295234232829999996e+02 5.063942698700000022e+01 1.621948956100000032e+02
-1.296769337030000135e-01 2.459586527129999922e-01 -1.081382627770000049e-01 -1.290595775669999909e+02 5.073385778920000178e+01 1.629161013920000016e+02
-1.340062331259999906e-01 2.491994523659999961e-01 -1.101518503580000002e-01 -1.287057049969999980e+02 5.076218667060000200e+01 1.627610420670000053e+02
-1.274223548879999945e-01 2.489077059500000022e-01 -1.138706763509999970e-01 -1.299961955910000029e+02 5.133294835889999774e+01 1.629876654370000040e+02
-1.314407107159999977e-01 2.507263483289999817e-01 -1.141859622460000001e-01 -1.289958773980000046e+02 5.069192172369999838e+01 1.626168839009999942e+02
-1.265711112629999968e-01 2.487169193930000022e-01 -1.130841431310000006e-01 -1.296428728260000014e+02 5.099862739459999972e+01 1.620012140169999952e+02
-1.303961028460000060e-01 2.475114270329999977e-01 -1.063580931909999944e-01 -1.296547776699999872e+02 5.043732430979999748e+01 1.624905992410000124e+02
-1.274794178710000059e-01 2.500364365639999864e-01 -1.124069619290000016e-01 -1.294960196129999872e+02 5.037394857710000196e+01 1.627421438050000120e+02
-1.243691933620000023e-01 2.457567231649999961e-01 -1.080521160930000002e-01 -1.308055064129999892e+02 5.080210130559999726e+01 1.625276240690000122e+02
-1.267423104819999924e-01 2.460459606289999990e-01 -1.147754353370000063e-01 -1.295667799949999903e+02 5.182670017739999935e+01 1.631446408420000012e+02
-1.298189297329999936e-01 2.469920553409999942e-01 -1.117669039000000059e-01 -1.296005258810000100e+02 5.134044121809999695e+01 1.625532365660000096e+02
-1.265886461350000103e-01 2.463614575209999991e-01 -1.139413641509999936e-01 -1.303524104370000032e+02 5.144931355690000174e+01 1.628756340570000134e+02
-1.291001010320000086e-01 2.512289498649999953e-01 -1.146988847250000054e-01 -1.292303413770000020e+02 5.119934902119999975e+01 1.626599935060000064e+02
-1.268191664539999874e-01 2.499154773260000018e-01 -1.128478264499999939e-01 -1.303922099460000084e+02 5.057619841009999817e+01 1.626212146949999919e+02
-1.289995844740000064e-01 2.501417475700000170e-01 -1.134417421640000062e-01 -1.292082544330000076e+02 5.124285232620000130e+01 1.625358901159999903e+02
-1.286622766370000004e-01 2.448400348960000084e-01 -1.045949262070000052e-01 -1.298140475449999940e+02 5.053404513880000337e+01 1.626225581459999887e+02
-1.307052510610000051e-01 2.511730007640000095e-01 -1.122109566460000041e-01 -1.288659112050000033e+02 5.063518573870000239e+01 1.627278832629999954e+02
-1.303677184589999982e-01 2.482054696110000125e-01 -1.105222140290000044e-01 -1.290338130240000112e+02 5.063879694189999725e+01 1.630442391729999940e+02
-1.289383331800000032e-01 2.486092677579999910e-01 -1.145206230659999991e-01 -1.294861791710000034e+02 5.133341083890000078e+01 1.630125412980000021e+02
-1.279572378609999950e-01 2.482223451779999868e-01 -1.143850723990000040e-01 -1.300502360399999873e+02 5.128715531009999751e+01 1.627358979139999917e+02
-1.318934191510000020e-01 2.515462373569999910e-01 -1.156608410929999969e-01 -1.288693755390000035e+02 5.104148078090000240e+01 1.625181964319999963e+02
-1.338870173950000020e-01 2.462119175989999909e-01 -1.066037387109999984e-01 -1.281236086499999942e+02 5.056084375100000017e+01 1.628380023809999955e+02
-1.247272866189999968e-01 2.533332805779999752e-01 -1.152852253139999977e-01 -1.305986036109999873e+02 5.061085245320000325e+01 1.620547749039999985e+02
-1.295922691339999877e-01 2.506167060269999802e-01 -1.164724626930000034e-01 -1.288153902059999893e+02 5.102606854420000104e+01 1.627088470079999922e+02
-1.304657344969999966e-01 2.462951098030000119e-01 -1.107520504630000041e-01 -1.292384168799999884e+02 5.079729639159999977e+01 1.628545548200000042e+02
-1.272847141900000090e-01 2.501632122960000260e-01 -1.112859675520000008e-01 -1.302768835109999941e+02 5.020525543690000347e+01 1.619670376800000042e+02
-1.273102318650000120e-01 2.510895223699999845e-01 -1.107533548549999997e-01 -1.300633286990000101e+02 5.026038763329999881e+01 1.617261740570000086e+02
-1.283020318170000063e-01 2.496221101059999947e-01 -1.120256685760000065e-01 -1.298013855620000072e+02 5.061526463850000113e+01 1.621923908839999910e+02
-1.279656748649999898e-01 2.513219997139999884e-01 -1.122345684310000063e-01 -1.302161010009999984e+02 5.049740822479999736e+01 1.622377493099999981e+02
-1.273681218780000068e-01 2.473371815940000051e-01 -1.130881183720000016e-01 -1.295899809960000084e+02 5.165994867540000257e+01 1.628792943009999874e+02
-1.300665326469999938e-01 2.515618647630000204e-01 -1.109851523679999952e-01 -1.295903229950000082e+02 5.058685749469999848e+01 1.624214233380000110e+02
-1.281974190129999969e-01 2.517514600860000229e-01 -1.091256544889999958e-01 -1.299369026290000022e+02 5.003296323339999674e+01 1.619465949019999869e+02
-1.283391884639999980e-01 2.496220500119999963e-01 -1.127548877890000023e-01 -1.290689359079999861e+02 5.145416513079999987e+01 1.625427910139999881e+02
-1.278588215660000083e-01 2.488818923979999875e-01 -1.107313217589999954e-01 -1.297592876230000059e+02 5.071910082929999675e+01 1.621369341379999867e+02
-1.288553663650000014e-01 2.467683694399999961e-01 -1.117577450519999932e-01 -1.300218727829999921e+02 5.117968889059999782e+01 1.625289969179999900e+02
-1.288228988339999992e-01 2.483578448160000118e-01 -1.095602586230000064e-01 -1.289875921180000091e+02 5.050819632169999807e+01 1.625270583740000063e+02
-1.314155928000000084e-01 2.487562061730000107e-01 -1.088710643139999962e-01 -1.289276864480000029e+02 5.026090809829999984e+01 1.622637294040000029e+02
-1.293675907569999950e-01 2.479962160120000036e-01 -1.183561428889999961e-01 -1.292170657990000109e+02 5.229544613979999923e+01 1.634380042759999867e+02
-1.296168963859999912e-01 2.499073610360000031e-01 -1.027575706230000052e-01 -1.299596450550000100e+02 4.916207571169999824e+01 1.616020433379999872e+02
-1.298291438130000086e-01 2.469238922479999876e-01 -1.101217077929999982e-01 -1.295990426889999867e+02 5.081836655829999927e+01 1.626041319340000086e+02
-1.275497582629999960e-01 2.513970971810000066e-01 -1.108868088110000066e-01 -1.305588116979999995e+02 5.019985712500000119e+01 1.622063436740000100e+02
-1.308294889889999868e-01 2.535531241990000018e-01 -1.127001549849999951e-01 -1.290315551669999934e+02 5.038250052309999916e+01 1.621421239990000061e+02
-1.309886143010000059e-01 2.525035603479999780e-01 -1.117130605699999946e-01 -1.288305704370000058e+02 5.042466546259999660e+01 1.620889608450000026e+02
-1.275497657930000084e-01 2.484696946820000030e-01 -1.134346014759999993e-01 -1.307354516069999875e+02 5.086968046479999828e+01 1.618335490610000136e+02
-1.319058608779999919e-01 2.511859586010000145e-01 -1.119106125029999954e-01 -1.291501662400000043e+02 5.033699344720000113e+01 1.625922347000000059e+02
-1.279852581060000050e-01 2.483248226389999924e-01 -1.118311833720000009e-01 -1.297235101439999880e+02 5.035414598170000033e+01 1.621064430039999991e+02
-1.270129681469999994e-01 2.475386275099999978e-01 -1.096657118920000007e-01 -1.300137958859999969e+02 5.078342600799999929e+01 1.627627251330000036e+02
-1.314157942280000102e-01 2.489442624340000021e-01 -1.073825330649999937e-01 -1.291848938809999936e+02 4.981741503220000311e+01 1.621346846499999970e+02
-1.280836449449999914e-01 2.507334240679999771e-01 -1.120419929230000028e-01 -1.299617254259999868e+02 5.059964801739999984e+01 1.620331704230000014e+02
-1.291842345549999993e-01 2.488360991399999889e-01 -1.080500189949999967e-01 -1.297155076189999932e+02 5.041495702980000004e+01 1.625200863679999941e+02
-1.307023821839999878e-01 2.527580112350000241e-01 -1.151064596779999977e-01 -1.286688757199999884e+02 5.082000334149999787e+01 1.626415989790000083e+02
-1.303729837360000088e-01 2.470435254020000027e-01 -1.079386888520000032e-01 -1.293309662229999901e+02 5.061069161540000039e+01 1.629690608299999894e+02
-1.312924349500000087e-01 2.466980503270000125e-01 -1.121409737549999980e-01 -1.290184681629999943e+02 5.145692481929999929e+01 1.632018040320000125e+02
-1.307119394969999959e-01 2.459133329139999991e-01 -1.096875503240000022e-01 -1.296376440649999893e+02 5.075894076099999808e+01 1.627114919349999980e+02
-1.269470876209999877e-01 2.500224979749999799e-01 -1.131599904830000031e-01 -1.304163839569999936e+02 5.057529698009999919e+01 1.624433110290000002e+02
-1.293460430529999872e-01 2.523278553130000046e-01 -1.116141729259999965e-01 -1.298255249530000128e+02 5.060435348909999931e+01 1.619115990200000113e+02
-1.270745388460000069e-01 2.489955053169999877e-01 -1.123320594980000003e-01 -1.304631169120000038e+02 5.146354617010000254e+01 1.627445340429999874e+02
-1.312148060180000075e-01 2.487178696979999992e-01 -1.116360313190000036e-01 -1.284954444519999868e+02 5.091726939370000338e+01 1.630683625439999958e+02
-1.313656014139999995e-01 2.481031244530000068e-01 -1.093739945940000041e-01 -1.293320221580000009e+02 5.100711691370000267e+01 1.627470604089999995e+02
-1.279958812199999962e-01 2.480520257380000038e-01 -1.070677110759999939e-01 -1.300730493210000134e+02 4.998798594560000197e+01 1.622728536889999873e+02
-1.248495367470000006e-01 2.535539494540000049e-01 -1.183104002550000033e-01 -1.301675896669999872e+02 5.102220062789999844e+01 1.623793872910000005e+02
-1.296480037670000030e-01 2.507396856549999886e-01 -1.105827201949999977e-01 -1.292545569039999975e+02 5.018774212160000303e+01 1.621879422279999972e+02
-1.296350178750000082e-01 2.464193955650000045e-01 -1.095476592430000007e-01 -1.301035103970000080e+02 5.099024674159999648e+01 1.624656031350000092e+02
-1.280244395139999991e-01 2.513419126370000090e-01 -1.140718342609999963e-01 -1.297605466720000038e+02 5.124397788440000312e+01 1.628901843120000024e+02
-1.268537616900000109e-01 2.468063161949999862e-01 -1.053235159040000063e-01 -1.308040045440000085e+02 5.041046716049999787e+01 1.621882383600000139e+02
-1.264288572739999950e-01 2.505246803860000093e-01 -1.170469525909999947e-01 -1.301556792769999902e+02 5.127589880450000237e+01 1.623885023079999996e+02
-1.317250321569999882e-01 2.483541466789999930e-01 -1.048230922360000039e-01 -1.290358815479999919e+02 5.010454090649999870e+01 1.620756191499999943e+02
-1.247287395240000013e-01 2.486368259860000096e-01 -1.147942817879999966e-01 -1.304426956019999864e+02 5.143919590470000003e+01 1.626719995470000129e+02
-1.297885960129999960e-01 2.494089164340000109e-01 -1.086273470750000053e-01 -1.298294933010000136e+02 4.974495803580000342e+01 1.622200049010000100e+02
-1.289921168060000067e-01 2.504883236889999809e-01 -1.136186600029999993e-01 -1.291591542559999937e+02 5.088352863930000325e+01 1.625784527350000133e+02
-1.272522131890000130e-01 2.508077028039999989e-01 -1.152196239650000037e-01 -1.302199853740000037e+02 5.149760659129999851e+01 1.626985431790000121e+02
-1.258446536689999951e-01 2.509231600269999918e-01 -1.083404414169999996e-01 -1.306352988920000087e+02 5.009463516459999965e+01 1.618034325860000138e+02
-1.338966844499999975e-01 2.529840119780000229e-01 -1.161985100290000017e-01 -1.281993102790000023e+02 5.093468196690000127e+01 1.625133250579999924e+02
-1.330788792760000117e-01 2.508304228580000017e-01 -1.057251595330000044e-01 -1.290115909509999881e+02 4.968954430080000151e+01 1.619573110690000135e+02
-1.259537229590000085e-01 2.554218458370000056e-01 -1.094507582609999946e-01 -1.305986966440000003e+02 4.928567761339999720e+01 1.610884899010000026e+02
-1.264216816969999935e-01 2.446582117380000088e-01 -1.156769704389999931e-01 -1.300435643810000101e+02 5.219802594029999909e+01 1.633950389290000089e+02
-1.298696620089999920e-01 2.528500524289999940e-01 -1.115915560619999969e-01 -1.294217867909999882e+02 5.043985599170000000e+01 1.618866896840000038e+02
-1.287337263370000040e-01 2.496990719230000044e-01 -1.088124080060000054e-01 -1.301262663470000120e+02 5.040471400580000250e+01 1.621372547459999964e+02
-1.331936304649999903e-01 2.487961889020000039e-01 -1.124242632550000037e-01 -1.281194808639999962e+02 5.105109790790000091e+01 1.626018689100000074e+02
-1.298685498959999962e-01 2.481198413279999959e-01 -1.112786230140000027e-01 -1.289092036449999910e+02 5.068245347149999702e+01 1.631081627979999951e+02
-1.283773218960000129e-01 2.502905150820000091e-01 -1.118148521209999940e-01 -1.297621282339999880e+02 5.006041397239999924e+01 1.622752303880000113e+02
-1.271229200410000093e-01 2.474229204500000001e-01 -1.067897981859999984e-01 -1.303542525009999906e+02 5.008797609079999802e+01 1.623253331859999946e+02
-1.273973193419999927e-01 2.476848999219999903e-01 -1.095181346879999934e-01 -1.301027566479999962e+02 5.123380453509999910e+01 1.627890969370000107e+02
-1.293454586130000084e-01 2.472743376830000006e-01 -1.086154553719999999e-01 -1.296829365350000103e+02 5.111359818260000054e+01 1.627664736060000052e+02
-1.317098655160000020e-01 2.524779869189999748e-01 -1.122852437020000066e-01 -1.289278050290000124e+02 5.036734233699999663e+01 1.623926990909999972e+02
-1.279417630699999919e-01 2.507698209340000206e-01 -1.135476050650000013e-01 -1.302020357350000097e+02 5.093687099409999774e+01 1.624111923909999859e+02
-1.305782482239999931e-01 2.495643388859999923e-01 -1.092378490519999995e-01 -1.296463764469999944e+02 5.061626482989999687e+01 1.620496438380000086e+02
-1.300242671169999920e-01 2.458930798529999906e-01 -1.090954908729999950e-01 -1.297141584949999924e+02 5.117515754890000323e+01 1.628527460360000134e+02
-1.260609330949999940e-01 2.515579093179999837e-01 -1.185936812340000063e-01 -1.299982261959999903e+02 5.176829924359999779e+01 1.627008653809999998e+02
-1.270333999369999967e-01 2.487428988460000101e-01 -1.102333166749999982e-01 -1.301866921730000115e+02 5.051667423340000340e+01 1.622279621239999869e+02
-1.301424932069999985e-01 2.491786542830000117e-01 -1.096259602069999950e-01 -1.289822587520000070e+02 5.041333534470000188e+01 1.624241137930000036e+02
-1.277955523550000083e-01 2.526071726699999909e-01 -1.115559511179999991e-01 -1.297067579110000111e+02 5.044928730929999716e+01 1.617471440140000141e+02
-1.253797137340000034e-01 2.470685224580000117e-01 -1.066409445890000030e-01 -1.307153959260000136e+02 5.016089748139999926e+01 1.620861496779999982e+02
-1.323618424620000011e-01 2.527640994579999911e-01 -1.138657308789999961e-01 -1.286575931389999994e+02 5.048976550580000122e+01 1.625766325460000132e+02
-1.274149318439999901e-01 2.527901529939999836e-01 -1.155508606230000040e-01 -1.294532007649999912e+02 5.092402170660000138e+01 1.624046645210000008e+02
-1.318990002640000048e-01 2.524790410180000055e-01 -1.102533268430000019e-01 -1.289634748590000015e+02 5.016876598559999678e+01 1.622104225349999922e+02
-1.319826336559999924e-01 2.518419788310000129e-01 -1.080670383189999972e-01 -1.290583209289999900e+02 4.976139172300000268e+01 1.619569075480000038e+02
-1.283854007820000032e-01 2.487207904429999950e-01 -1.105939645559999990e-01 -1.299792538510000099e+02 5.034697211019999941e+01 1.620794348720000073e+02
-1.301847746479999901e-01 2.478912590740000033e-01 -1.131954517200000065e-01 -1.287242035639999926e+02 5.081450442839999937e+01 1.628440072170000121e+02
-1.299813872579999863e-01 2.508556952429999987e-01 -1.147008212669999999e-01 -1.289588780299999939e+02 5.039986334710000193e+01 1.625327423999999894e+02
-1.277906111650000121e-01 2.501912415090000175e-01 -1.140731349609999945e-01 -1.294943050029999938e+02 5.127690627679999835e+01 1.626836209079999946e+02
-1.276723046590000077e-01 2.518240956960000054e-01 -1.100386288769999998e-01 -1.300251536199999975e+02 4.979470101239999735e+01 1.620134888320000073e+02
-1.299146976299999923e-01 2.509056780430000133e-01 -1.086003346050000012e-01 -1.296042505359999950e+02 4.978927018960000339e+01 1.618029988119999985e+02
-1.251755191310000015e-01 2.505428923590000134e-01 -1.150089162549999960e-01 -1.306758756060000053e+02 5.136830632200000224e+01 1.624152835799999934e+02
-1.300454692050000138e-01 2.487793595239999878e-01 -1.084406001980000034e-01 -1.290293193239999994e+02 5.054382718909999994e+01 1.624573491980000028e+02
-1.309878631199999921e-01 2.495930551870000069e-01 -1.106466662730000022e-01 -1.293115790509999954e+02 5.076575944990000266e+01 1.627397661699999958e+02
-1.296242428180000017e-01 2.485715356840000057e-01 -1.130580494909999983e-01 -1.294985335169999985e+02 5.153501412279999983e+01 1.628104691400000092e+02
-1.272900580040000063e-01 2.478740673179999909e-01 -1.186040266090000045e-01 -1.294862537070000030e+02 5.200191407650000031e+01 1.629488389939999990e+02
-1.293291966900000090e-01 2.504385067309999879e-01 -1.121741661480000068e-01 -1.298525431459999879e+02 5.068921126619999740e+01 1.622529311620000101e+02
-1.269475129940000058e-01 2.477471548269999935e-01 -1.091881763489999935e-01 -1.296242017129999908e+02 5.082250037920000096e+01 1.626171193339999945e+02
-1.290051592439999950e-01 2.486391398170000044e-01 -1.134035140639999967e-01 -1.291268657340000061e+02 5.079112191979999835e+01 1.625320931809999934e+02
-1.293950005139999915e-01 2.507099738490000118e-01 -1.125711979450000066e-01 -1.297629172869999934e+02 5.048279709130000015e+01 1.620286792539999965e+02
-1.255377610010000033e-01 2.533824279010000180e-01 -1.134562734470000028e-01 -1.303566152070000044e+02 5.019855539670000155e+01 1.616494027870000139e+02
-1.327984204240000021e-01 2.465402128710000029e-01 -1.086071816479999980e-01 -1.291321466519999888e+02 5.081290541770000146e+01 1.625585586679999892e+02
-1.281520938940000076e-01 2.511561930940000020e-01 -1.154979664139999945e-01 -1.293546210719999863e+02 5.087199488480000298e+01 1.625739221309999891e+02
-1.367927892789999877e-01 2.511897409750000199e-01 -1.087642319319999940e-01 -1.277231948419999981e+02 5.011067673550000023e+01 1.622094416680000108e+02
-1.308737570379999993e-01 2.486050326479999906e-01 -1.076590319540000062e-01 -1.292570397409999998e+02 4.994543220610000134e+01 1.626402369330000113e+02
-1.260610768990000075e-01 2.493242561369999888e-01 -1.098684297129999959e-01 -1.307789378360000114e+02 5.041800015239999766e+01 1.618834162789999880e+02
-1.280044189750000061e-01 2.500240082590000079e-01 -1.139222481620000005e-01 -1.298996689679999861e+02 5.152864671609999903e+01 1.626782783920000099e+02
