6.491035637049999973e-01 2.735673069860000139e-01 7.506641617849999989e-03 -4.407526297430000017e-01 -1.192929507180000002e+02 8.932663654179999924e+01 4.689865805150000000e+01
1.084863933979999945e-01 2.741215769670000135e-01 1.176107177769999956e-02 -4.388412041160000276e-01 -1.188101430610000051e+02 8.922751020100000119e+01 4.676526976339999919e+01
1.007333792790000015e-01 2.779031712919999841e-01 9.485834878300000717e-03 -4.473628159790000169e-01 -1.190730295550000051e+02 8.947784723460000578e+01 4.686010267449999844e+01
1.339510978869999924e-01 2.735993006610000222e-01 1.145186154209999925e-02 -4.415343256359999802e-01 -1.189613548610000038e+02 8.944310799829999326e+01 4.725246789589999707e+01
2.575263691499999896e-01 2.789839719589999878e-01 1.246221632500000079e-02 -4.391345835780000040e-01 -1.192977528859999978e+02 8.929902622589999339e+01 4.702014383080000215e+01
1.063949752240000018e-01 2.714161823990000055e-01 1.030029256930000033e-02 -4.424305772070000198e-01 -1.191676079799999997e+02 8.964117023350000579e+01 4.664605629270000264e+01
2.782829323170000202e-01 2.769501587409999854e-01 1.380120683170000043e-02 -4.385110320450000265e-01 -1.190134408699999966e+02 8.937540741630000696e+01 4.690586087709999674e+01
1.463534300160000134e-01 2.729063387960000142e-01 1.293836422760000042e-02 -4.453072176310000074e-01 -1.192502162419999934e+02 8.922379409869999733e+01 4.690727706010000020e+01
1.110914043640000015e-01 2.746695419579999742e-01 1.002108000829999949e-02 -4.408976542849999958e-01 -1.189968221889999995e+02 8.943836558980000007e+01 4.698221323839999997e+01
1.869746700490000080e-01 2.753167119680000052e-01 4.863172482520000325e-03 -4.391143103410000137e-01 -1.192071667200000036e+02 8.950534591749999436e+01 4.686927256060000246e+01
1.032876815669999948e-01 2.758732192039999864e-01 1.787965559340000052e-02 -4.411283113850000270e-01 -1.190003960389999946e+02 8.922919957749999753e+01 4.686116316590000253e+01
2.156451952729999955e-01 2.742159513810000226e-01 6.372971035890000017e-03 -4.452773052330000203e-01 -1.191891404579999971e+02 8.942600977920000105e+01 4.715012156809999766e+01
1.339033760480000113e-01 2.670048864060000082e-01 1.830687831279999983e-02 -4.428374300830000276e-01 -1.191333475579999970e+02 8.951484310829999913e+01 4.690393604119999793e+01
1.176073141450000026e-01 2.692902352059999838e-01 8.393176287159999360e-03 -4.433810879260000060e-01 -1.186212748840000017e+02 8.956009171270000024e+01 4.687311964970000133e+01
2.792876471560000184e-01 2.699186695829999816e-01 1.108875652409999947e-02 -4.393604921950000075e-01 -1.195117123729999946e+02 8.924502201900000387e+01 4.699039040569999770e+01
1.256865554190000067e-01 2.759006353669999911e-01 1.785499474419999927e-02 -4.468135826160000157e-01 -1.188127715870000003e+02 8.944668298009999319e+01 4.691319699729999826e+01
1.043065514229999935e-01 2.779317169289999834e-01 1.358837393279999951e-02 -4.414340106879999781e-01 -1.189742728509999949e+02 8.962958434239999406e+01 4.686901482460000068e+01
1.831032371990000129e-01 2.746400279669999889e-01 1.507272110540000022e-02 -4.417543437259999761e-01 -1.191380148169999984e+02 8.956242619920000436e+01 4.683410147170000215e+01
4.452116854589999728e-01 2.725914829170000275e-01 9.907705183410000019e-03 -4.423214077700000080e-01 -1.190730937029999978e+02 8.959976976929999637e+01 4.710381027879999749e+01
1.734199093899999877e-01 2.758890229170000152e-01 1.054600955530000071e-02 -4.420276558440000003e-01 -1.190948174749999993e+02 8.984299462859999608e+01 4.711859607889999779e+01
1.142520197779999941e-01 2.730425230540000081e-01 9.013378157820000833e-03 -4.435474321730000224e-01 -1.191854590199999961e+02 8.950706173269999510e+01 4.692584023989999764e+01
3.683635944499999981e-01 2.764361425599999866e-01 8.571848052500000842e-03 -4.406173259080000126e-01 -1.187673140060000065e+02 8.973196831490000136e+01 4.674581683089999729e+01
4.753340008570000053e-01 2.720867641449999930e-01 9.383660206790000319e-03 -4.402387470649999912e-01 -1.195765094059999996e+02 8.980642937369999856e+01 4.687972550679999983e+01
4.881242136569999834e-01 2.758257223150000215e-01 9.068936020409999743e-03 -4.368208421329999869e-01 -1.190597753549999993e+02 8.952494693949999771e+01 4.711840031010000018e+01
1.238277435320000036e-01 2.739028178630000254e-01 9.785861647579999906e-03 -4.424199697849999779e-01 -1.192794463639999947e+02 8.948547447849999514e+01 4.649577008109999809e+01
1.183623920689999970e-01 2.732750208599999953e-01 1.218338479980000076e-02 -4.444670799100000069e-01 -1.189536917150000050e+02 8.954576394469999912e+01 4.721769403529999920e+01
2.127989022050000012e-01 2.781213532299999791e-01 1.118400740830000073e-02 -4.408965313600000102e-01 -1.192231049600000006e+02 8.960012440369999354e+01 4.683307271489999835e+01
1.706432868470000030e-01 2.741163884130000117e-01 1.126663739729999968e-02 -4.400418812319999984e-01 -1.188363506089999930e+02 8.935333540310000444e+01 4.690803668099999868e+01
1.665834142050000022e-01 2.769299987330000046e-01 3.511880020459999790e-03 -4.435971550960000065e-01 -1.191380788090000067e+02 8.968594032699999730e+01 4.681390135270000030e+01
1.359421931439999953e-01 2.663037769759999951e-01 1.306943041359999967e-02 -4.320542776910000216e-01 -1.190883186310000070e+02 8.941084036750000053e+01 4.697014424249999820e+01
4.123223713499999943e-01 2.708354277769999818e-01 1.455736877629999933e-02 -4.425232071829999780e-01 -1.187864166030000064e+02 8.968353262589999986e+01 4.703661496800000208e+01
3.794303082470000255e-01 2.747611472870000182e-01 1.139305729909999981e-02 -4.394630356349999989e-01 -1.190594384500000018e+02 8.981017164550000587e+01 4.690117266170000221e+01
1.060130848899999978e-01 2.728509980580000049e-01 8.423094520740000493e-03 -4.423434522499999910e-01 -1.187094931790000061e+02 8.950128228389999663e+01 4.693245772680000272e+01
1.838807487540000118e-01 2.740766639969999807e-01 9.942226635359999176e-03 -4.414999223780000093e-01 -1.191932286849999940e+02 8.956042984879999835e+01 4.654499862720000181e+01
2.162753054850000134e-01 2.729159950899999743e-01 8.047229288850000703e-03 -4.408545641420000272e-01 -1.187780504859999979e+02 8.960758136929999296e+01 4.662861411019999736e+01
1.438126119500000022e-01 2.778803883429999955e-01 1.062795600369999954e-02 -4.417361331999999918e-01 -1.190737416749999937e+02 8.926290082949999771e+01 4.695376333589999973e+01
4.250829828820000267e-01 2.730688563900000032e-01 1.188371958360000084e-02 -4.423586555990000058e-01 -1.195640557730000069e+02 8.981221719789999725e+01 4.713112524680000348e+01
1.331982441500000058e-01 2.747178103069999877e-01 1.118524625759999974e-02 -4.435518843069999884e-01 -1.191060116700000009e+02 8.949051168180000104e+01 4.703575807099999651e+01
5.206958361269999891e-01 2.724091067380000064e-01 1.110916793950000002e-02 -4.367142270139999782e-01 -1.187252850880000068e+02 8.923452416560000700e+01 4.689407726860000025e+01
7.639065634399999638e-01 2.715749748210000147e-01 8.961018524220000156e-03 -4.404366586910000159e-01 -1.195046164590000046e+02 8.960016823690000365e+01 4.672132788580000096e+01
2.661083129049999774e-01 2.749106778450000066e-01 9.725122412569999972e-03 -4.375487572100000278e-01 -1.188773015510000022e+02 8.956337051040000574e+01 4.698430144040000300e+01
1.527258702610000130e-01 2.785027139940000063e-01 9.280969424230000112e-03 -4.356811318079999995e-01 -1.192368170339999978e+02 8.960084615690000476e+01 4.707342650020000008e+01
1.025717792029999936e-01 2.716237795229999863e-01 1.027477154230000030e-02 -4.460347830779999856e-01 -1.190042063469999931e+02 8.917246794769999951e+01 4.668973854330000250e+01
3.063094668479999783e-01 2.762238248650000227e-01 1.072236319660000055e-02 -4.438991043569999739e-01 -1.186242179340000007e+02 8.932566403869999760e+01 4.689961996169999736e+01
1.573785874330000112e-01 2.735241203179999969e-01 1.452016327300000020e-02 -4.412819951520000061e-01 -1.191079489939999974e+02 8.970702188810000166e+01 4.680212851270000129e+01
2.637099121820000169e-01 2.765371125080000048e-01 9.218729848840000185e-03 -4.448037730409999946e-01 -1.188416001549999947e+02 8.928784725270000422e+01 4.700003959339999682e+01
1.614659094919999871e-01 2.702718893250000143e-01 1.092848384020000084e-02 -4.464905609490000260e-01 -1.191481848829999990e+02 8.943788648899999316e+01 4.727117845149999908e+01
1.178822438610000051e-01 2.756522195369999761e-01 1.247662182390000055e-02 -4.381429009419999798e-01 -1.193013377409999975e+02 8.982312849880000272e+01 4.697917902439999693e+01
1.825753779440000002e-01 2.749675030079999916e-01 1.158681445419999963e-02 -4.422340693940000067e-01 -1.185232537720000039e+02 8.959428796070000089e+01 4.699824597730000164e+01
1.407096980879999903e-01 2.672136889899999757e-01 1.475611700670000082e-02 -4.369246993829999925e-01 -1.189217809449999947e+02 8.948317721950000703e+01 4.713361858409999883e+01
1.194403888070000030e-01 2.743885005660000043e-01 1.450844925970000074e-02 -4.398226545450000247e-01 -1.186373546119999958e+02 8.946778834319999874e+01 4.702736926250000238e+01
2.647561291030000041e-01 2.718856061330000018e-01 8.349624031439999844e-03 -4.405996167580000233e-01 -1.192008884340000066e+02 8.942427499709999950e+01 4.650130411619999649e+01
2.164266071239999978e-01 2.720000887330000228e-01 9.295102834310000825e-03 -4.414627807609999843e-01 -1.189760790050000026e+02 8.933211578719999579e+01 4.678861429540000216e+01
1.035383180039999990e-01 2.747637273979999795e-01 9.957727390680000054e-03 -4.380059039399999965e-01 -1.192469649089999990e+02 8.924963563949999923e+01 4.670890951650000034e+01
2.950913822160000088e-01 2.720821727109999921e-01 8.413762223810000024e-03 -4.382657064670000269e-01 -1.190336865280000040e+02 8.977616823350000175e+01 4.670305909940000078e+01
1.242977316320000025e-01 2.777832510209999883e-01 1.658345925340000068e-02 -4.448904290630000258e-01 -1.189456204389999954e+02 8.950617249920000518e+01 4.699272932209999709e+01
1.927194778309999912e-01 2.727557223879999992e-01 8.419699188820000541e-03 -4.427729044590000274e-01 -1.186972725920000045e+02 8.947208230190000222e+01 4.690060698140000284e+01
2.752672544929999798e+00 2.734728563420000258e-01 1.054699952249999947e-02 -4.405112296279999895e-01 -1.189075835619999992e+02 8.950418289549999429e+01 4.743566724229999920e+01
2.140389799119999936e-01 2.724992172060000106e-01 1.061492664590000037e-02 -4.417228674520000120e-01 -1.191306060430000002e+02 8.975962016760000495e+01 4.697358840079999709e+01
1.759467342749999885e-01 2.729185548279999818e-01 9.749656064890000265e-03 -4.378166562079999768e-01 -1.194546233979999954e+02 8.931592301099999531e+01 4.712533966259999829e+01
1.914899753000000038e-01 2.800732516630000113e-01 1.523136189739999992e-03 -4.430212194809999837e-01 -1.191462971410000051e+02 8.952458620609999684e+01 4.686799062040000052e+01
1.151072404349999939e-01 2.737872269359999944e-01 1.083849208850000065e-02 -4.413570557509999825e-01 -1.190426559619999978e+02 8.942158661940000286e+01 4.720740637530000328e+01
1.618968642230000088e-01 2.717335305899999942e-01 1.228866875079999942e-02 -4.420867218840000001e-01 -1.189224254009999981e+02 8.933727129449999893e+01 4.683407354090000041e+01
1.207370401289999950e-01 2.716364046270000054e-01 1.313600944410000040e-02 -4.405724464229999748e-01 -1.188935660129999974e+02 8.930561099460000207e+01 4.718390935499999728e+01
1.028833365390000032e-01 2.743425151480000102e-01 1.793067048379999931e-02 -4.411919320830000046e-01 -1.191453486930000025e+02 8.923375146969999605e+01 4.692604030169999874e+01
2.132947084010000105e-01 2.730680403929999778e-01 1.079403940709999961e-02 -4.458598021749999862e-01 -1.192587709170000068e+02 8.928117788989999326e+01 4.695666544379999863e+01
8.219454727999999655e-01 2.750051554480000271e-01 1.178005243189999933e-02 -4.380490069870000003e-01 -1.191829700669999994e+02 8.948101064700000506e+01 4.718775723779999964e+01
1.665231437739999876e-01 2.753200803320000056e-01 1.444404039129999935e-02 -4.409837644990000083e-01 -1.190845922190000010e+02 8.978707091159999720e+01 4.684568453589999848e+01
1.260870110969999902e-01 2.690839120690000086e-01 1.299261501929999986e-02 -4.428124297489999805e-01 -1.190146178570000046e+02 8.961263495110000576e+01 4.689538352270000132e+01
1.050895589120000029e-01 2.701430495530000031e-01 1.211450615529999913e-02 -4.418700202099999919e-01 -1.190874522170000063e+02 8.933681519319999609e+01 4.680736081730000109e+01
4.180736072440000006e-01 2.736941741069999767e-01 1.048705633109999966e-02 -4.442952616849999981e-01 -1.187598658609999944e+02 8.914471258310000223e+01 4.718074554790000263e+01
4.114928074509999756e-01 2.769939752319999782e-01 7.012404058990000244e-03 -4.418301007680000003e-01 -1.193943741479999971e+02 8.927446014790000106e+01 4.679624369639999770e+01
1.523666073870000026e-01 2.758605697090000253e-01 1.356055947479999947e-02 -4.452608575759999798e-01 -1.189728544639999939e+02 8.965181297540000571e+01 4.676486972650000240e+01
3.395379552719999805e-01 2.766194669070000112e-01 8.747774092329999376e-03 -4.420024508739999747e-01 -1.188411494529999999e+02 8.954384606249999479e+01 4.661402337900000248e+01
2.171453178989999899e-01 2.734968272259999944e-01 5.464453959219999629e-03 -4.408376953800000053e-01 -1.187397181430000046e+02 8.934890341429999694e+01 4.678778769739999888e+01
3.591813251159999831e-01 2.717799199679999944e-01 8.605491843529999157e-03 -4.383823096019999754e-01 -1.191833551000000000e+02 8.952962294200000315e+01 4.718892708380000300e+01
1.883025505819999890e-01 2.747605683070000193e-01 1.141367551690000010e-02 -4.437331983510000022e-01 -1.191804065750000063e+02 8.942332648880000079e+01 4.663168239800000237e+01
2.645670734969999827e-01 2.740655172350000002e-01 9.259284996459999154e-03 -4.391518069870000152e-01 -1.190826862560000023e+02 8.922307962950000615e+01 4.714556821650000273e+01
2.862011318250000103e-01 2.748979537880000268e-01 1.475243813640000033e-02 -4.393555177630000252e-01 -1.190482689499999935e+02 8.945783269019999295e+01 4.705246028450000040e+01
1.439772778700000033e-01 2.757603939959999972e-01 1.225425717809999933e-02 -4.365934432790000153e-01 -1.192298677880000071e+02 8.916482014710000215e+01 4.708672746319999902e+01
2.946654935219999993e-01 2.706455808639999794e-01 1.123273943369999979e-02 -4.365875434320000137e-01 -1.189815039430000070e+02 8.946822508120000350e+01 4.686634417740000202e+01
1.688815765470000008e+00 2.719664328220000038e-01 1.232345295290000059e-02 -4.421219721649999879e-01 -1.193736492099999964e+02 8.926849937960000148e+01 4.703025162870000031e+01
2.381800657139999944e-01 2.753784361030000016e-01 9.731009477830000060e-03 -4.427965021929999856e-01 -1.189263843060000028e+02 8.947247939780000081e+01 4.664134591509999694e+01
1.547778539770000017e-01 2.683494868190000049e-01 9.867175902670000109e-03 -4.404891079959999955e-01 -1.190391702990000056e+02 8.910968030719999433e+01 4.676382719000000066e+01
1.964444768220000026e-01 2.759762070799999800e-01 1.130291739869999923e-02 -4.386410191540000003e-01 -1.192062519819999977e+02 8.927048466269999949e+01 4.723731558899999783e+01
1.278132650069999932e-01 2.722860458429999797e-01 8.662759503060000685e-03 -4.420555262449999967e-01 -1.189309789889999962e+02 8.959586546459999568e+01 4.736055877239999745e+01
1.052588788780000062e-01 2.770242152969999982e-01 9.301543858279999813e-03 -4.426899654979999932e-01 -1.192429192289999946e+02 8.967086269879999350e+01 4.728202701880000092e+01
8.826678426359999552e-01 2.711993911260000001e-01 1.141292445900000084e-02 -4.385835439629999777e-01 -1.191730306729999995e+02 8.974681063929999425e+01 4.715487301419999966e+01
1.213897635380000034e-01 2.767635959309999727e-01 1.479544418920000076e-02 -4.391283571090000004e-01 -1.189063680299999959e+02 8.951600302440000689e+01 4.687880801200000036e+01
2.389225192449999924e-01 2.743530443009999931e-01 1.248192955169999917e-02 -4.447877436279999985e-01 -1.190566089470000009e+02 8.926920545609999635e+01 4.733024147190000264e+01
1.508210854200000006e-01 2.751468445160000220e-01 3.549606740159999985e-03 -4.376423425489999741e-01 -1.190123952349999996e+02 8.921377280720000158e+01 4.700016624060000225e+01
1.106601852090000060e-01 2.753198638709999924e-01 4.197560951150000261e-03 -4.378219617519999995e-01 -1.190422798780000022e+02 8.964899021680000146e+01 4.697304950769999721e+01
1.760003630470000080e-01 2.718323038179999984e-01 8.310560874769999315e-03 -4.442262433170000024e-01 -1.189504493729999979e+02 8.927624947649999854e+01 4.685224349479999972e+01
4.972156357740000199e-01 2.717931611209999931e-01 7.324222335770000369e-03 -4.445907615199999885e-01 -1.191137764399999952e+02 8.948338501780000342e+01 4.711433230000000094e+01
1.066434889750000059e-01 2.699801555419999999e-01 1.211273267030000059e-02 -4.435129204630000044e-01 -1.189048426939999956e+02 8.964449520510000013e+01 4.721187663799999967e+01
7.555623023169999453e-01 2.762300730239999891e-01 9.633682308709999587e-03 -4.428976664870000191e-01 -1.191766363490000060e+02 8.936203679269999611e+01 4.673804395559999847e+01
1.696238299820000073e+00 2.700922549640000225e-01 1.065609722430000024e-02 -4.373943127989999846e-01 -1.189293845790000006e+02 8.988232330309999440e+01 4.683312366349999678e+01
1.844370656440000034e-01 2.721339352650000154e-01 1.182091703269999919e-02 -4.418016701220000009e-01 -1.193008041169999984e+02 8.917134093960000030e+01 4.683094881459999925e+01
1.373805527660000025e-01 2.677066156089999982e-01 8.893892261040000843e-03 -4.441337889849999998e-01 -1.191312730319999957e+02 8.967948514100000068e+01 4.685001481150000302e+01
1.170164665160000061e-01 2.746077680510000119e-01 1.755883987529999885e-02 -4.409350358499999900e-01 -1.192627347829999991e+02 8.934259740400000283e+01 4.703581862250000256e+01
1.932814611889999978e-01 2.712763993599999757e-01 9.327801643999999309e-03 -4.429561604999999735e-01 -1.186990727649999968e+02 8.912735742419999951e+01 4.693790016860000236e+01
6.540075612879999944e+00 2.724309078150000119e-01 1.113366939279999968e-02 -4.485523487349999949e-01 -1.192140233519999981e+02 8.947594817469999384e+01 4.718091184760000090e+01
2.231006530300000124e-01 2.736552359509999977e-01 1.128370827090000028e-02 -4.373405617780000143e-01 -1.191961036769999964e+02 8.934548486559999958e+01 4.668439226459999958e+01
1.028527267170000065e-01 2.678103285430000202e-01 1.026004230669999920e-02 -4.383656632099999784e-01 -1.189273240290000047e+02 8.933652428630000486e+01 4.670063324360000223e+01
2.648630951859999860e-01 2.740261162320000166e-01 1.110723449160000084e-02 -4.385821585540000123e-01 -1.193615782450000040e+02 8.957296592989999340e+01 4.685336026110000063e+01
2.162401228289999866e-01 2.723191117839999786e-01 1.139187031529999977e-02 -4.422530345289999998e-01 -1.189862861310000000e+02 8.993429000609999946e+01 4.699037050329999943e+01
3.955574066890000129e+00 2.741707177500000148e-01 1.295654084089999970e-02 -4.381167692419999926e-01 -1.192142912059999986e+02 8.937963365269999372e+01 4.711367268509999917e+01
1.667327086429999938e-01 2.703946403770000062e-01 8.820261567399999628e-03 -4.428783212729999752e-01 -1.186855599379999973e+02 8.921632065030000547e+01 4.709756164200000228e+01
1.395054696789999882e-01 2.686819456980000242e-01 4.099069165130000275e-03 -4.398939402440000257e-01 -1.189932867800000054e+02 8.933526113989999828e+01 4.687199346300000258e+01
1.279427335530000098e-01 2.763516462419999820e-01 8.564504367619999239e-03 -4.421632272409999898e-01 -1.190322884849999951e+02 8.944074133239999469e+01 4.670354449589999746e+01
1.602470359269999867e-01 2.727919365450000022e-01 1.155783905609999995e-02 -4.359032185710000062e-01 -1.190034599880000030e+02 8.966966233620000537e+01 4.703132588110000256e+01
1.146152932700000016e-01 2.713948005580000267e-01 7.214920259509999961e-03 -4.422905330190000095e-01 -1.185459132430000011e+02 8.934002749130000609e+01 4.684299541029999858e+01
3.764029890939999956e-01 2.677959631319999922e-01 1.059023103990000027e-02 -4.382092014699999760e-01 -1.190815127340000004e+02 8.938607847100000470e+01 4.715299141980000286e+01
1.359339069290000090e-01 2.771112130799999740e-01 1.202791782180000039e-02 -4.426194631709999827e-01 -1.187623994949999968e+02 8.943491651220000449e+01 4.715691541209999826e+01
1.050036926359999984e-01 2.774754938360000089e-01 1.074251177940000086e-02 -4.448348663350000232e-01 -1.188621956989999973e+02 8.972607754179999517e+01 4.714775212159999995e+01
1.361528071379999871e-01 2.691366176359999973e-01 1.205857996040000067e-02 -4.431901190340000185e-01 -1.189769795659999971e+02 8.953996087660000569e+01 4.690377118570000192e+01
2.031693547919999898e-01 2.751423956410000149e-01 1.009794852739999936e-02 -4.432614621529999965e-01 -1.192958653360000056e+02 8.964283652150000137e+01 4.676985939040000062e+01
2.388626905200000039e-01 2.731767128970000180e-01 1.063429055500000019e-02 -4.415707608960000030e-01 -1.188272994510000018e+02 8.973868746629999293e+01 4.672056949880000332e+01
3.015558766299999971e-01 2.747334539979999768e-01 1.536288002950000030e-02 -4.464571439839999933e-01 -1.189178793840000026e+02 8.945484264729999779e+01 4.700492087720000001e+01
1.607777948880000085e-01 2.711166063659999903e-01 1.321919361079999973e-02 -4.452038833440000176e-01 -1.188312907840000037e+02 8.966521703899999807e+01 4.700545645369999903e+01
1.310086190480000135e-01 2.713199574669999947e-01 7.282381318039999815e-03 -4.466439567250000131e-01 -1.190456958040000046e+02 8.953433375829999363e+01 4.679054313110000152e+01
4.694506155040000239e-01 2.743916919259999920e-01 1.261533193590000032e-02 -4.384774717339999794e-01 -1.186321784339999965e+02 8.972961466270000130e+01 4.684716132110000331e+01
1.014573706650000046e-01 2.725379193299999891e-01 8.464976585920000809e-03 -4.412412696199999873e-01 -1.190843180530000041e+02 8.944258471249999332e+01 4.722711641890000323e+01
1.922044339129999890e-01 2.762662767840000089e-01 1.011033483480000029e-02 -4.425298185620000213e-01 -1.193539550569999932e+02 8.973553685740000674e+01 4.696650365699999696e+01
1.016661163099999987e-01 2.770162115559999805e-01 7.785781701390000198e-03 -4.380777128550000232e-01 -1.191630706939999982e+02 8.940557387510000353e+01 4.707416295910000059e+01
1.306213814249999883e-01 2.771392648930000036e-01 4.487608738439999821e-03 -4.422158416120000046e-01 -1.189070434540000036e+02 8.926923736989999725e+01 4.696478412319999762e+01
1.961837661030000068e-01 2.770951185200000166e-01 6.449958689910000216e-03 -4.395544735049999874e-01 -1.187722943330000049e+02 8.941047245229999874e+01 4.697091183690000094e+01
1.097220711759999967e-01 2.694870673890000234e-01 7.580546521099999595e-03 -4.389509665540000105e-01 -1.187145082730000070e+02 8.967259945770000229e+01 4.703182600160000248e+01
1.727331789379999982e-01 2.707974162419999886e-01 1.512696013240000074e-02 -4.453140489240000055e-01 -1.191827225899999974e+02 8.960609631869999703e+01 4.703404984670000033e+01
1.495766424040000098e-01 2.764375850660000244e-01 1.580014256939999903e-02 -4.376305882200000053e-01 -1.191325031549999949e+02 8.956975575410000090e+01 4.681637735059999983e+01
2.177345290669999989e-01 2.691655671859999877e-01 1.228990888540000027e-02 -4.352996623929999975e-01 -1.189865428290000011e+02 8.957852019569999413e+01 4.704080997970000055e+01
1.173368584610000043e-01 2.767269627599999726e-01 1.019334861730000069e-02 -4.390958829889999859e-01 -1.187779478409999996e+02 8.952674362589999646e+01 4.723493380720000090e+01
1.296446988330000050e-01 2.666853598530000147e-01 9.402819778359999478e-03 -4.455612287010000117e-01 -1.190448267990000062e+02 8.954342846359999442e+01 4.678116614929999884e+01
1.106194647329999947e-01 2.737351922949999850e-01 1.173442172170000020e-02 -4.383239877780000238e-01 -1.192720084900000046e+02 8.960717981359999840e+01 4.693873905400000268e+01
3.056375854169999795e-01 2.770966062849999911e-01 1.332210653540000060e-02 -4.390906400149999778e-01 -1.193796913580000023e+02 8.971888664879999453e+01 4.713041347899999778e+01
1.048047729870000000e-01 2.782541090630000213e-01 1.544666638110000004e-02 -4.409869298679999772e-01 -1.188954901809999996e+02 8.925666308530000492e+01 4.677057030419999961e+01
1.395308522469999868e-01 2.738582143370000277e-01 1.803795064510000171e-02 -4.367801997260000180e-01 -1.191298008159999995e+02 8.957828176089999772e+01 4.693420460429999963e+01
1.319918373410000068e-01 2.761372267860000007e-01 8.318620455759999713e-03 -4.354829511250000174e-01 -1.190386589849999979e+02 8.966035463170000241e+01 4.727155846059999789e+01
2.813068276790000044e-01 2.733436139959999900e-01 1.150703064729999975e-02 -4.423613915610000169e-01 -1.186208298450000029e+02 8.929957107609999412e+01 4.708202783840000194e+01
1.132536323340000095e+00 2.756535052429999744e-01 9.735241438010000178e-03 -4.380527365970000031e-01 -1.190084354069999932e+02 8.975248035440000649e+01 4.668991003970000264e+01
1.716783058459999955e-01 2.770916798509999723e-01 1.275697259790000045e-02 -4.426882644399999789e-01 -1.188009141339999957e+02 8.943283050479999474e+01 4.692154046329999773e+01
1.851188492670000074e-01 2.764487845360000251e-01 1.450108154000000031e-02 -4.367882069999999839e-01 -1.188752496919999970e+02 8.960144178369999679e+01 4.718685028179999819e+01
1.134532613719999999e-01 2.719672687640000142e-01 1.127915514890000075e-02 -4.397783996349999835e-01 -1.189164038490000053e+02 8.949355794980000667e+01 4.728202595610000003e+01
2.017126497229999871e-01 2.723747186800000164e-01 1.625527183629999969e-02 -4.421150204090000257e-01 -1.189942922350000032e+02 8.941871524809999983e+01 4.686830874470000197e+01
1.689089090130000137e-01 2.724998937879999916e-01 8.706589442900000350e-03 -4.447673413670000242e-01 -1.188601739390000063e+02 8.924063772930000482e+01 4.689501951270000291e+01
5.748880609580000467e-01 2.765457424219999738e-01 1.058543642039999969e-02 -4.396313265030000195e-01 -1.189773989140000054e+02 8.934440462359999913e+01 4.676786961349999672e+01
1.142213848649999974e-01 2.629000379370000084e-01 9.211389268099999181e-03 -4.419652833950000193e-01 -1.189798976400000043e+02 8.964033547809999902e+01 4.704204286939999946e+01
1.387263153799999926e-01 2.735375373300000246e-01 1.087692344520000028e-02 -4.415878755770000219e-01 -1.191098538420000068e+02 8.969089182400000482e+01 4.693664301780000159e+01
1.454167233520000102e-01 2.720369050850000026e-01 9.000164039569999788e-03 -4.411607985970000256e-01 -1.190066766310000048e+02 8.897465975049999543e+01 4.711369665739999846e+01
5.733139787859999892e-01 2.724693785189999939e-01 8.917614030590000074e-03 -4.369316237270000070e-01 -1.189940931229999990e+02 8.912871404780000262e+01 4.706962437140000333e+01
1.002571143910000045e-01 2.703750739290000094e-01 1.168446567039999918e-02 -4.401900666460000222e-01 -1.191852061289999938e+02 8.931135219060000452e+01 4.739699359579999793e+01
1.897135279000000119e-01 2.758940217040000142e-01 1.560850948190000038e-02 -4.387581360189999891e-01 -1.192029647739999945e+02 8.933968521949999797e+01 4.687426704399999977e+01
1.201478192390000033e-01 2.779310048499999963e-01 9.705228270179999672e-03 -4.411481687789999828e-01 -1.187355074339999987e+02 8.945574950649999835e+01 4.676957993519999945e+01
8.617128887449999608e-01 2.696677789859999730e-01 1.278261470729999925e-02 -4.408141012799999814e-01 -1.190367686230000004e+02 8.912290770760000669e+01 4.693520004199999818e+01
1.000413263680000053e-01 2.745669803720000024e-01 1.175914536869999971e-03 -4.423217013579999746e-01 -1.189708718950000019e+02 8.940426256979999664e+01 4.681785511479999684e+01
1.468274321030000051e-01 2.745959926129999951e-01 1.328488830140000035e-02 -4.409588441919999879e-01 -1.191663495579999932e+02 8.931752200619999371e+01 4.686062785299999689e+01
1.735394045360000026e-01 2.764999960769999876e-01 9.666347698180000406e-03 -4.428579172050000068e-01 -1.193939309699999995e+02 8.964974575179999761e+01 4.697119306350000301e+01
1.114732586629999939e-01 2.723661566930000166e-01 1.177195462599999951e-02 -4.433244817420000095e-01 -1.189891999750000053e+02 8.961423661850000144e+01 4.673905753150000209e+01
5.554378545579999882e-01 2.725962608420000044e-01 8.382866287159999874e-03 -4.402355113349999960e-01 -1.194793904870000034e+02 8.929024157220000291e+01 4.675345678549999917e+01
1.486889971110000042e-01 2.752208120040000039e-01 1.415809322140000083e-02 -4.442582999690000145e-01 -1.189526411399999972e+02 8.944253735680000261e+01 4.728833692260000277e+01
3.893717032649999799e-01 2.750353822089999789e-01 4.030450185700000174e-03 -4.414652208779999976e-01 -1.192309164640000034e+02 8.967071046729999750e+01 4.724885423069999746e+01
6.318300470630000554e-01 2.734554688229999808e-01 9.469364614170000527e-03 -4.389994596549999795e-01 -1.192111918159999959e+02 8.959869535500000381e+01 4.685686502219999738e+01
3.814271617810000015e-01 2.693480759440000094e-01 1.051021122550000082e-02 -4.368235921649999964e-01 -1.192310375490000069e+02 8.961657354279999765e+01 4.719471515520000082e+01
1.689988433300000092e-01 2.744047465389999885e-01 1.612972959999999997e-02 -4.410785829109999945e-01 -1.191559787479999954e+02 8.965342752249999592e+01 4.717341555419999821e+01
1.699584714269999908e-01 2.711901272480000125e-01 1.321162648439999990e-02 -4.430962314970000038e-01 -1.193751785449999971e+02 8.958484898560000431e+01 4.700936752380000172e+01
1.137724839820000028e-01 2.666511140389999923e-01 1.127094368460000023e-02 -4.360406750470000037e-01 -1.192079635900000056e+02 8.958260384829999623e+01 4.686180781929999739e+01
1.454302822770000003e-01 2.746038043619999924e-01 8.268119302150000322e-03 -4.407383411810000262e-01 -1.191246649840000060e+02 8.983188237570000467e+01 4.720104578499999803e+01
1.485484086989999897e-01 2.681826546280000056e-01 7.065969211279999641e-03 -4.383910734770000150e-01 -1.188356025690000024e+02 8.962094236720000140e+01 4.701258498680000031e+01
1.738739230449999895e-01 2.647330711170000073e-01 6.706360920639999751e-03 -4.414550991830000215e-01 -1.189045038520000048e+02 8.943974909790000538e+01 4.698675471680000015e+01
1.565108331989999990e-01 2.709891258279999993e-01 1.422471290140000025e-02 -4.384146257959999904e-01 -1.189234238540000064e+02 8.935125845119999610e+01 4.671593944579999658e+01
6.638488352570000028e-01 2.726691631800000071e-01 6.986571799800000114e-03 -4.450059761199999797e-01 -1.191178793240000005e+02 8.960508330049999870e+01 4.727219795079999898e+01
1.194093426380000017e-01 2.720099078189999742e-01 1.547608991069999995e-02 -4.404971728079999926e-01 -1.190369998569999979e+02 8.942632284489999961e+01 4.689004431579999732e+01
1.029392518260000000e-01 2.739653194300000205e-01 9.645143423600000682e-03 -4.406896803950000052e-01 -1.193366097389999965e+02 8.960063668390000657e+01 4.738061465279999851e+01
1.170545404690000041e-01 2.707714701000000224e-01 1.090611598700000004e-02 -4.370773207370000080e-01 -1.187979485409999967e+02 8.936789984460000369e+01 4.705832079120000344e+01
8.471389394580000065e-01 2.755112292240000094e-01 1.047158593249999936e-02 -4.402894587519999847e-01 -1.192417849139999930e+02 8.909393060909999917e+01 4.696558127969999674e+01
1.177573138979999962e-01 2.749603961220000170e-01 1.080318214249999936e-02 -4.419970515239999842e-01 -1.187637491800000049e+02 8.957657732719999899e+01 4.679810488900000109e+01
1.408907485860000086e-01 2.706895288050000237e-01 6.791166514680000398e-03 -4.450708538740000275e-01 -1.189732533410000030e+02 8.943879465969999387e+01 4.729547332820000349e+01
2.159787530529999888e-01 2.696101072459999859e-01 4.515525415320000013e-03 -4.396068391919999985e-01 -1.191422396789999993e+02 8.968542121250000321e+01 4.711044746379999992e+01
2.161930169500000165e+00 2.743247608700000173e-01 8.121025954710000758e-03 -4.444936778099999874e-01 -1.191728717799999941e+02 8.963861462410000058e+01 4.693285948420000153e+01
2.501506027770000196e-01 2.736394173519999806e-01 1.143664773619999971e-02 -4.423359427710000236e-01 -1.189239272559999989e+02 8.947451252049999937e+01 4.689319871379999682e+01
1.165607673780000020e-01 2.741641282660000067e-01 1.092066868759999920e-02 -4.399465967200000271e-01 -1.192011251689999938e+02 8.919231684819999373e+01 4.719438067749999988e+01
2.388939531510000103e-01 2.733307651890000134e-01 9.388861161640000078e-03 -4.362458002130000234e-01 -1.192278214610000049e+02 8.964448092989999850e+01 4.668784135829999826e+01
1.418227415880000120e-01 2.771446359629999856e-01 1.080938744640000046e-02 -4.395820672779999772e-01 -1.190642924779999987e+02 8.970759463090000452e+01 4.678515304060000091e+01
1.002373549429999983e-01 2.726287246410000198e-01 1.349724522570000008e-02 -4.405927581629999756e-01 -1.190299711079999980e+02 8.933122516580000649e+01 4.664008809250000098e+01
1.098056616930000035e-01 2.723399599879999800e-01 7.645112933030000398e-03 -4.351049007860000040e-01 -1.189943757300000016e+02 8.958549169180000149e+01 4.679525208519999779e+01
1.415815457329999971e-01 2.723629284229999725e-01 1.325886840390000029e-02 -4.412941967969999935e-01 -1.192910683089999964e+02 8.987371534400000428e+01 4.724774228279999733e+01
5.352873082179999686e-01 2.781193650500000114e-01 4.516633239840000223e-03 -4.429495882780000171e-01 -1.191100889610000024e+02 8.946906772639999872e+01 4.685903604939999667e+01
1.136707718470000017e-01 2.735585528450000248e-01 1.289958673000000076e-02 -4.364914853540000084e-01 -1.190349574100000041e+02 8.943157970219999697e+01 4.678833806699999798e+01
1.611893794320000128e-01 2.758000278589999854e-01 1.168932356320000025e-02 -4.397928764569999927e-01 -1.188814136470000022e+02 8.950656181249999577e+01 4.676036749050000196e+01
1.436909339349999870e-01 2.724777638740000230e-01 1.001307927180000029e-02 -4.424808524759999973e-01 -1.192726524490000060e+02 8.949220404609999946e+01 4.679165766690000083e+01
4.831368835589999744e-01 2.680515142870000256e-01 1.147630537609999925e-02 -4.418764650740000244e-01 -1.190753559919999987e+02 8.943245929760000479e+01 4.687170771489999765e+01
3.257643295120000171e-01 2.774294169850000102e-01 1.190140533640000019e-02 -4.382370367330000183e-01 -1.192459811869999982e+02 8.934927189629999589e+01 4.688264879129999940e+01
2.976891963330000057e-01 2.719383359290000191e-01 1.035528966590000023e-02 -4.422355387840000152e-01 -1.191364228989999958e+02 8.910594384259999856e+01 4.729878132000000335e+01
1.505801897219999907e-01 2.729417197569999898e-01 8.916317208420000001e-03 -4.375863292519999725e-01 -1.193670249089999942e+02 8.956776245150000193e+01 4.725919791470000320e+01
2.468846923030000029e-01 2.737356460690000270e-01 1.555326533240000003e-02 -4.370737283939999940e-01 -1.189637600119999945e+02 8.943662160719999576e+01 4.705521609979999909e+01
1.143532647559999949e-01 2.786903534280000261e-01 1.397257537230000082e-02 -4.405573152639999934e-01 -1.189700165170000048e+02 8.958002081060000421e+01 4.691324611139999945e+01
1.494722860219999949e-01 2.703788622639999861e-01 1.215010079849999924e-02 -4.414169699389999812e-01 -1.187497494189999969e+02 8.958282970909999676e+01 4.698378338789999731e+01
1.865336429879999869e-01 2.704899407190000105e-01 6.704792482559999989e-03 -4.427937462550000092e-01 -1.190714811280000021e+02 8.952344913129999782e+01 4.708532347029999698e+01
1.069108743509999959e-01 2.680064140680000206e-01 1.129233022189999984e-02 -4.401763453170000062e-01 -1.192231406270000065e+02 8.968552776999999310e+01 4.731624497229999804e+01
7.174562188180000355e+00 2.761235034889999995e-01 7.259391354229999954e-03 -4.377286395769999783e-01 -1.189047982820000016e+02 8.925098789220000128e+01 4.695899730930000260e+01
3.489476267519999730e-01 2.704605327890000077e-01 1.048545791519999923e-02 -4.440629927570000079e-01 -1.190809593080000042e+02 8.974378240299999732e+01 4.661608571370000220e+01
1.077517286659999962e-01 2.733014630810000067e-01 1.183420498130000054e-02 -4.386832387299999803e-01 -1.192950959869999963e+02 8.983932332739999538e+01 4.675125224770000187e+01
3.274924376930000158e-01 2.774754888500000072e-01 1.404051802110000031e-02 -4.383809903120000073e-01 -1.190766329450000001e+02 8.945916784690000156e+01 4.681299646509999945e+01
4.287867153170000223e-01 2.712128161830000272e-01 5.034097108759999668e-03 -4.375695140909999781e-01 -1.192329228889999939e+02 8.944875379900000212e+01 4.689273354169999664e+01
2.794144193299999968e-01 2.728871379769999828e-01 5.459623562559999706e-03 -4.454843570759999816e-01 -1.191416409149999964e+02 8.955684090900000172e+01 4.707726545490000092e+01
1.296540336650000014e-01 2.726183992930000244e-01 1.009913117509999951e-02 -4.462226494259999843e-01 -1.193599826170000000e+02 8.957325570080000432e+01 4.676482223410000216e+01
2.138936129039999967e-01 2.721741735239999738e-01 1.051620720400000056e-02 -4.395753448099999905e-01 -1.194953134210000059e+02 8.920866035059999888e+01 4.700009833909999912e+01
1.041202562060000031e-01 2.757103153950000163e-01 6.713158218589999719e-03 -4.401594345889999760e-01 -1.191015133709999958e+02 8.950052790709999329e+01 4.723596359750000317e+01
5.159919226939999604e-01 2.730673523909999956e-01 1.432773590040000052e-02 -4.414229294129999870e-01 -1.192022960019999971e+02 8.933490956570000208e+01 4.669864947639999997e+01
1.469805997159999988e-01 2.689292732660000240e-01 1.387242518709999942e-02 -4.380788951940000064e-01 -1.190027750250000054e+02 8.917960264190000430e+01 4.687935167359999866e+01
2.037219203629999920e-01 2.734615888949999962e-01 1.025307674690000004e-02 -4.441824591769999997e-01 -1.192385898269999984e+02 8.957696102750000477e+01 4.659353881180000201e+01
1.018135051120000051e-01 2.758850050300000190e-01 1.133047140480000076e-02 -4.414816860679999788e-01 -1.189426044249999990e+02 8.951790780359999644e+01 4.715968837799999847e+01
1.092536313559999972e-01 2.753530440420000058e-01 8.324226664309999912e-03 -4.441313543870000213e-01 -1.190375840749999981e+02 8.940480930260000036e+01 4.717773888800000037e+01
4.684003453300000230e-01 2.689758051159999996e-01 1.068363189409999962e-02 -4.401764962320000030e-01 -1.191697534660000031e+02 8.915493020629999421e+01 4.723081005979999958e+01
1.165871890190000038e-01 2.726179189360000144e-01 9.396841548009999753e-03 -4.462187940299999767e-01 -1.190790640510000031e+02 8.933416658970000412e+01 4.719722470960000038e+01
3.825058994039999827e-01 2.711375965589999937e-01 6.841077332509999664e-03 -4.430742682239999786e-01 -1.188303777259999947e+02 8.975133312990000434e+01 4.669107558280000347e+01
2.558440628670000105e+00 2.750580088690000036e-01 8.785485550010000214e-03 -4.429344698200000097e-01 -1.192012180539999946e+02 8.938480564939999340e+01 4.652817313460000292e+01
1.559652211299999980e-01 2.705749997349999880e-01 1.098746746030000027e-02 -4.410998152010000006e-01 -1.190725989879999958e+02 8.970821788700000354e+01 4.691997127559999825e+01
1.214943891549999933e-01 2.748502182040000186e-01 1.136432296669999918e-02 -4.382615960099999763e-01 -1.188643373169999933e+02 8.959025962929999309e+01 4.678696539500000284e+01
1.056918411459999985e-01 2.681492191900000099e-01 1.286368025300000002e-02 -4.426230420339999916e-01 -1.188581884129999935e+02 8.950631578329999627e+01 4.703116041530000047e+01
2.144868081380000013e-01 2.721700308219999753e-01 1.049276197049999956e-02 -4.383281315109999743e-01 -1.189617320149999955e+02 8.962339853919999655e+01 4.699806467370000007e+01
1.077213607240000010e-01 2.745419620330000199e-01 6.746853074560000239e-03 -4.344587491479999786e-01 -1.190815828700000054e+02 8.973224055090000206e+01 4.702058614039999895e+01
2.731974815479999985e-01 2.758806145170000224e-01 1.233923115929999939e-02 -4.393355493630000108e-01 -1.190219564220000024e+02 8.901848802230000501e+01 4.680591789839999706e+01
3.355258173539999689e+01 2.715644193860000111e-01 9.874264010559999707e-03 -4.426190276179999827e-01 -1.188942749499999962e+02 8.961142069090000462e+01 4.715567254390000329e+01
1.039875695300000041e-01 2.786657894390000001e-01 1.355157785509999990e-02 -4.327411017730000142e-01 -1.190052065720000058e+02 8.958088074520000532e+01 4.692300723759999670e+01
1.319583330540000099e-01 2.748678784329999791e-01 1.135005404390000000e-02 -4.410011787329999877e-01 -1.191351457149999931e+02 8.917158140440000125e+01 4.662641118650000038e+01
3.374489420630000236e-01 2.748803449159999968e-01 9.881919783800000023e-03 -4.418894830119999839e-01 -1.192540433489999998e+02 8.932360832080000534e+01 4.687293925539999861e+01
2.151716964229999918e-01 2.696391943770000132e-01 1.273619565749999939e-02 -4.378152324310000121e-01 -1.190003762700000038e+02 8.956652822799999569e+01 4.710765449889999701e+01
6.438453355100000053e-01 2.716947552349999739e-01 5.185218259969999639e-03 -4.405612360880000189e-01 -1.189647537529999965e+02 8.964300081700000078e+01 4.702446884950000339e+01
1.452477951529999867e-01 2.739129581490000187e-01 1.656071975409999925e-02 -4.373269956070000020e-01 -1.190883156990000060e+02 8.973435648779999951e+01 4.686901374610000204e+01
6.687448133679999573e-01 2.775441264290000043e-01 1.175367549369999917e-02 -4.406917206520000185e-01 -1.192175910440000024e+02 8.941524086479999767e+01 4.669701355090000305e+01
1.482900298740000011e-01 2.730612765709999890e-01 1.083983372960000031e-02 -4.446052335110000087e-01 -1.191723608899999931e+02 8.959266865310000583e+01 4.705269996749999706e+01
1.032097242830000011e-01 2.706744733270000092e-01 1.071066600270000058e-02 -4.370258092659999871e-01 -1.187896031829999970e+02 8.953928403800000524e+01 4.704321639730000015e+01
4.534624358350000106e-01 2.747434556810000039e-01 8.602585452550000344e-03 -4.393139589789999966e-01 -1.193045944649999939e+02 8.949441821989999823e+01 4.697638556740000126e+01
3.645224090679999862e-01 2.716162337290000117e-01 8.161254500060000083e-03 -4.400327668999999831e-01 -1.193844596739999986e+02 8.977535250859999394e+01 4.688830180770000311e+01
2.276231833609999866e-01 2.715631950380000270e-01 1.015230660010000077e-02 -4.414345673730000197e-01 -1.185407339530000002e+02 8.929339207380000687e+01 4.670874242869999904e+01
1.042629886090000041e-01 2.738243753869999964e-01 1.178769697930000075e-02 -4.451806806290000140e-01 -1.189668136490000023e+02 8.955159090040000081e+01 4.667324311920000213e+01
3.283385652620000039e-01 2.724221723860000277e-01 1.064640741310000048e-02 -4.400894845209999962e-01 -1.194581533150000041e+02 8.935604363660000615e+01 4.704068512639999966e+01
1.151816818699999967e-01 2.758395771670000274e-01 1.387803472350000039e-02 -4.424191383989999893e-01 -1.189028959200000060e+02 8.923888523419999785e+01 4.672337274889999748e+01
2.974000001800000126e-01 2.754693771369999822e-01 9.568316454760000811e-03 -4.415090746590000226e-01 -1.194829299059999954e+02 8.960549655379999479e+01 4.718320781780000317e+01
2.211825083869999875e-01 2.718572399759999758e-01 1.466680147970000035e-02 -4.395088110820000171e-01 -1.191454224320000037e+02 8.934698452050000128e+01 4.662899102739999790e+01
3.564249491450000029e-01 2.699809547240000218e-01 1.193830812350000006e-02 -4.403572783649999933e-01 -1.193173326769999960e+02 8.930496610449999650e+01 4.662290462160000004e+01
2.006809813650000107e-01 2.722575977260000002e-01 1.248636328749999982e-02 -4.402143824020000040e-01 -1.189754772029999970e+02 9.001147307290000299e+01 4.677123700869999823e+01
9.920936196190000000e-01 2.717238714760000229e-01 9.049991642629999847e-03 -4.399962210069999768e-01 -1.186417324869999987e+02 8.921626149029999908e+01 4.700578172249999653e+01
1.001294236590000025e-01 2.762986186729999849e-01 1.177500064240000026e-02 -4.463328709959999974e-01 -1.188610265260000034e+02 8.950905073660000255e+01 4.719184893970000161e+01
5.241870188949999676e-01 2.789404091059999868e-01 1.118242440929999998e-02 -4.377626040100000004e-01 -1.190185264320000016e+02 8.956716547060000266e+01 4.714163728829999656e+01
1.282454942600000092e-01 2.702926786129999925e-01 8.928829768600000591e-03 -4.424388650759999986e-01 -1.191650256869999964e+02 8.981491476770000304e+01 4.680028889959999816e+01
1.407279861200000093e-01 2.702281425559999728e-01 1.808743126110000030e-02 -4.404272250979999748e-01 -1.190367678140000010e+02 8.936339620009999862e+01 4.705676926470000154e+01
1.783518639849999976e-01 2.743419789370000195e-01 9.009626368770000393e-03 -4.457315239349999847e-01 -1.193881331399999937e+02 8.969270126349999828e+01 4.680751552889999800e+01
2.892744877569999873e-01 2.750819469210000201e-01 1.355733738659999944e-02 -4.442749644599999770e-01 -1.190817401270000033e+02 8.948675965750000216e+01 4.687471115329999805e+01
2.613730672619999917e-01 2.724184896330000272e-01 1.161907244690000077e-02 -4.417257281379999845e-01 -1.187946572820000029e+02 8.991363953009999932e+01 4.682984138580000177e+01
1.045440592580000050e-01 2.728194415010000151e-01 1.375442801750000055e-02 -4.452929473819999817e-01 -1.192002491540000051e+02 8.941483105099999307e+01 4.701165834159999690e+01
1.030732528420000016e-01 2.688189874049999872e-01 9.585242151559999688e-03 -4.392455936820000018e-01 -1.190293430870000009e+02 8.946305952829999342e+01 4.682489291819999977e+01
1.659518504789999904e-01 2.748966437140000219e-01 1.710878990530000088e-02 -4.408587853929999967e-01 -1.190659549810000044e+02 8.933841476349999766e+01 4.720721934529999686e+01
1.081521067169999989e-01 2.753844798219999834e-01 1.171599599169999978e-02 -4.415080512999999818e-01 -1.193152585410000057e+02 8.901414384779999978e+01 4.704757956139999919e+01
1.257501043910000116e-01 2.776253115599999766e-01 8.790179687200000425e-03 -4.385962776449999767e-01 -1.190474648059999936e+02 8.953367881970000042e+01 4.683295253480000042e+01
4.443877491429999993e-01 2.729428471729999917e-01 7.776028643950000027e-03 -4.381001454919999927e-01 -1.192128982840000049e+02 8.936691909200000339e+01 4.703364635420000184e+01
1.042736622730000007e-01 2.700602353279999979e-01 3.846118435329999845e-03 -4.377629606780000238e-01 -1.190288844439999991e+02 8.971590551190000440e+01 4.697893292119999842e+01
1.284804728879999913e-01 2.667273263459999932e-01 1.756056812389999999e-02 -4.377098764740000036e-01 -1.188690378950000053e+02 8.941801254780000363e+01 4.705559228420000295e+01
1.798887205849999948e-01 2.756598765220000247e-01 5.637242371890000339e-03 -4.378682092949999771e-01 -1.190030199050000022e+02 8.930788038000000029e+01 4.690281583950000055e+01
2.324600220470000034e-01 2.728422911599999723e-01 1.457531936939999995e-02 -4.499154135489999984e-01 -1.190713775210000023e+02 8.927525800649999610e+01 4.705852367640000011e+01
2.349324900260000015e-01 2.712770066460000185e-01 1.048790147849999917e-02 -4.443454977869999989e-01 -1.189606378550000017e+02 8.981464523469999506e+01 4.722272726839999990e+01
1.118808092729999953e-01 2.690794969240000167e-01 9.615278160780000097e-03 -4.396516723919999814e-01 -1.190242555439999990e+02 8.951055039530000101e+01 4.669665694620000096e+01
5.561079050660000078e+00 2.765586483340000123e-01 1.124310251019999991e-02 -4.406630992469999786e-01 -1.190785441889999987e+02 8.954375820399999952e+01 4.667604114320000264e+01
1.003109440089999943e-01 2.743033459579999889e-01 8.736627872130000444e-03 -4.400306151669999832e-01 -1.191873219659999990e+02 8.915822511989999555e+01 4.691024586700000043e+01
1.188298884139999956e-01 2.752325466319999747e-01 1.700154445400000117e-02 -4.379892308050000183e-01 -1.188885293529999956e+02 8.967386054320000710e+01 4.704650118629999866e+01
4.027407491650000226e-01 2.743136496390000123e-01 8.922752719500000318e-03 -4.414211375350000077e-01 -1.193516825859999955e+02 8.920251977200000226e+01 4.674017343679999925e+01
1.052512135460000053e-01 2.720162334019999850e-01 1.048787136080000029e-02 -4.399259275510000178e-01 -1.187883423279999988e+02 8.935481046709999475e+01 4.697645181370000245e+01
2.914303459379999905e-01 2.764485471090000201e-01 8.474105973819999471e-03 -4.425531395130000156e-01 -1.188175512650000059e+02 8.977914550079999856e+01 4.680137993009999775e+01
3.343930274329999786e-01 2.725730654390000063e-01 1.326339135079999954e-02 -4.407354326230000230e-01 -1.188484264639999992e+02 8.967816691059999812e+01 4.704110810280000265e+01
1.811771469500000065e-01 2.727429470070000250e-01 1.020619014350000048e-02 -4.392333607489999903e-01 -1.192941410829999995e+02 8.921871795410000061e+01 4.698746195609999887e+01
1.149476122290000041e-01 2.724596424149999807e-01 1.061654882110000045e-02 -4.395712466960000064e-01 -1.190946262770000033e+02 8.980843150309999601e+01 4.733800207830000062e+01
2.899876351200000091e+00 2.702487834269999833e-01 5.057259889960000372e-03 -4.387837573389999912e-01 -1.189630832090000041e+02 8.962069151880000106e+01 4.696401621569999918e+01
4.623380483930000229e-01 2.701142818310000027e-01 1.509914121620000056e-02 -4.399656380070000039e-01 -1.191675922940000021e+02 8.934457592149999527e+01 4.728026377169999961e+01
1.291430908270000122e-01 2.730037506490000099e-01 7.192820926400000058e-03 -4.398251442300000202e-01 -1.190104048430000034e+02 8.980666093359999991e+01 4.695607604300000304e+01
1.398050722489999897e-01 2.728799979239999729e-01 1.128712453679999936e-02 -4.400663556819999767e-01 -1.193328600189999946e+02 8.944433787100000188e+01 4.677057853899999884e+01
1.338290452170000089e+00 2.716226702160000062e-01 1.113182605210000058e-02 -4.369351122490000017e-01 -1.187752712940000066e+02 8.943680348169999661e+01 4.684146971620000244e+01
4.582029973260000055e-01 2.736099352699999931e-01 7.923227333760000241e-03 -4.433239140799999922e-01 -1.192319501500000030e+02 8.961567060870000034e+01 4.690656057820000058e+01
1.316014653889999997e-01 2.775823081580000018e-01 5.374593432720000015e-03 -4.445407412610000164e-01 -1.189634922390000042e+02 8.936408358970000165e+01 4.680748960569999895e+01
1.079428638219999959e-01 2.729993458200000167e-01 1.328147822120000036e-02 -4.417297992909999804e-01 -1.190862488669999948e+02 8.955330288339999356e+01 4.678891602190000043e+01
1.246952163349999976e-01 2.722212282650000037e-01 1.253224629650000026e-02 -4.396202245959999755e-01 -1.189315303000000057e+02 8.946226685080000607e+01 4.716999548839999790e+01
1.224203471290000039e-01 2.759054572369999958e-01 1.047138438089999929e-02 -4.419785711390000205e-01 -1.195202605479999960e+02 8.929421078459999706e+01 4.688851924890000333e+01
1.109182224879999984e-01 2.713290230150000037e-01 1.015496178109999946e-02 -4.463368891319999809e-01 -1.191252174480000008e+02 8.948488554300000430e+01 4.683986397950000224e+01
2.647099023949999741e-01 2.765974404189999736e-01 4.016674017350000368e-03 -4.383464558910000197e-01 -1.191731399589999967e+02 8.954795539580000252e+01 4.707714810059999877e+01
1.197523041250000003e-01 2.735675482600000152e-01 8.412637427290000844e-03 -4.405997697010000103e-01 -1.190219976169999967e+02 8.947684421200000315e+01 4.711017310169999917e+01
3.421205423850000038e-01 2.727104372499999929e-01 1.608586202300000059e-02 -4.430261678840000106e-01 -1.189591137209999943e+02 8.918920115849999775e+01 4.686287411979999717e+01
1.082942977069999979e-01 2.740576451549999737e-01 9.368877827960000321e-03 -4.447612491519999933e-01 -1.194244589479999945e+02 8.959352293380000276e+01 4.727450767109999674e+01
1.064511063849999939e-01 2.741071699600000078e-01 1.271311897239999975e-02 -4.387007960720000210e-01 -1.188886359229999954e+02 8.941552168139999424e+01 4.676938512819999971e+01
1.818229574409999938e-01 2.707309478930000068e-01 8.458155993030000430e-03 -4.377605611070000124e-01 -1.194125872070000014e+02 8.951306465909999588e+01 4.687838688939999798e+01
3.637127259010000113e-01 2.740772381270000224e-01 1.451022767280000028e-02 -4.375944552919999730e-01 -1.189444123260000055e+02 8.957460962179999342e+01 4.673964766640000335e+01
1.336854387020000035e-01 2.709867288009999986e-01 1.095096065030000052e-02 -4.381974670700000130e-01 -1.189876637680000044e+02 8.953725021159999642e+01 4.707471347879999968e+01
1.997040063799999932e-01 2.762490673970000032e-01 9.447395267430000812e-03 -4.453793771449999772e-01 -1.191606793280000005e+02 8.951888201779999577e+01 4.714002326970000212e+01
1.441233578780000135e-01 2.728643184510000097e-01 1.045174125920000051e-02 -4.423944433740000237e-01 -1.187868954890000026e+02 8.966650579950000122e+01 4.649957006209999832e+01
6.637826795569999883e-01 2.755193516810000021e-01 8.387567462719999756e-03 -4.398413287849999853e-01 -1.192049145600000060e+02 8.908303871709999555e+01 4.718420706490000072e+01
1.014139356939999931e-01 2.773094005289999942e-01 1.230453420019999959e-02 -4.403471717949999920e-01 -1.191663002210000002e+02 8.955838936220000335e+01 4.687437384399999729e+01
2.386155663260000059e-01 2.767036113160000199e-01 9.878545764910000651e-03 -4.335968662649999916e-01 -1.191531354880000038e+02 8.950985949510000239e+01 4.700577972829999851e+01
1.149044807009999974e-01 2.754494417519999794e-01 5.743952209409999843e-03 -4.415765255990000138e-01 -1.189063672789999941e+02 8.921290725420000456e+01 4.691595532489999698e+01
1.585511498040000078e-01 2.732839421539999814e-01 8.344964591590000799e-03 -4.445977599320000140e-01 -1.187720714550000025e+02 8.930190405899999462e+01 4.694244896690000246e+01
9.221538110860000304e-01 2.722469081089999854e-01 1.559249533799999914e-02 -4.418540585240000040e-01 -1.191736904729999935e+02 8.982929631259999326e+01 4.701635893590000137e+01
1.319864237149999953e-01 2.722333787980000253e-01 6.178985783399999938e-03 -4.380317465690000134e-01 -1.192294305919999999e+02 8.939300938520000273e+01 4.701668845759999726e+01
2.856320859640000265e-01 2.754201616599999958e-01 1.313290652799999937e-02 -4.371558218039999777e-01 -1.191937768070000061e+02 8.933330955399999596e+01 4.668836058130000310e+01
6.000730364799999883e-01 2.757738380249999954e-01 1.291881167420000018e-02 -4.411698825590000261e-01 -1.192081094290000038e+02 8.934674350150000066e+01 4.668107280619999955e+01
1.878736509989999970e-01 2.721495841830000040e-01 1.031312857709999926e-02 -4.374858042349999976e-01 -1.193276271290000068e+02 8.986960231630000351e+01 4.686220091300000234e+01
1.173217960159999990e-01 2.733661093770000106e-01 5.962520829349999933e-03 -4.421739925340000266e-01 -1.193643359809999964e+02 8.966469312370000466e+01 4.712031295660000296e+01
1.142550410209999950e-01 2.716701804300000189e-01 1.322916468820000031e-02 -4.379045977280000002e-01 -1.190902305500000011e+02 8.963495314210000231e+01 4.713009559279999650e+01
1.764830925460000033e-01 2.702325071610000018e-01 1.165410461270000031e-02 -4.382666719250000176e-01 -1.191853481370000054e+02 8.953885227489999465e+01 4.705473992080000301e+01
1.506455235430000095e-01 2.696509339809999850e-01 9.679174736100000856e-03 -4.379710835589999962e-01 -1.189450653829999993e+02 8.921456317530000035e+01 4.682104882219999809e+01
1.507853441410000050e-01 2.763802737489999828e-01 8.383061786410000299e-03 -4.427834538209999837e-01 -1.192307985740000049e+02 8.928958089939999354e+01 4.691729451749999669e+01
3.471018564180000099e-01 2.737645276019999852e-01 8.521038669339999969e-03 -4.367043374399999789e-01 -1.188187247000000042e+02 8.935346194090000438e+01 4.730521703059999794e+01
2.471684328679999987e-01 2.729369355240000017e-01 1.168019325630000049e-02 -4.414349681570000072e-01 -1.191205160739999940e+02 8.942370674500000405e+01 4.713903063869999954e+01
3.297261586110000198e-01 2.752622758880000076e-01 1.039429518319999989e-02 -4.414311626820000001e-01 -1.193078407550000009e+02 8.986393236279999996e+01 4.694665765980000316e+01
1.475824209659999942e-01 2.729747910049999948e-01 1.707929673519999886e-02 -4.425401847859999904e-01 -1.188963034169999986e+02 8.918025772250000216e+01 4.679427314370000346e+01
1.651536859190000095e-01 2.695762623469999952e-01 7.260169528830000100e-03 -4.465008092819999774e-01 -1.188450893910000019e+02 8.956843094920000681e+01 4.722161561259999729e+01
1.110221122560000051e-01 2.669705232619999924e-01 4.351063801940000149e-03 -4.445828434019999942e-01 -1.190177340430000044e+02 8.963611717509999721e+01 4.711434680219999649e+01
1.582594904169999928e-01 2.706255758630000119e-01 6.505956180710000154e-03 -4.370248287060000125e-01 -1.192211081049999990e+02 8.970642734899999482e+01 4.703770595619999995e+01
3.301826646039999757e-01 2.760793103399999948e-01 6.464760568710000051e-03 -4.399774711430000096e-01 -1.190162237410000046e+02 8.939185341339999979e+01 4.695756117909999716e+01
4.528232610730000274e-01 2.758395880849999759e-01 6.151130713890000379e-03 -4.433096226839999821e-01 -1.190694639799999948e+02 8.936967242929999600e+01 4.718609906180000024e+01
2.726179680549999929e-01 2.729903592669999934e-01 1.145144924990000070e-02 -4.376397522009999874e-01 -1.188748600670000002e+02 8.953340966700000081e+01 4.694935119259999823e+01
1.193395742249999947e-01 2.771305790510000255e-01 1.068505996979999921e-02 -4.393301269179999968e-01 -1.191523576430000020e+02 8.914713952149999443e+01 4.716785345910000160e+01
1.445918007219999968e+00 2.759656622289999861e-01 5.910088636310000323e-03 -4.456363181729999789e-01 -1.191622984920000050e+02 8.929172636379999517e+01 4.714744197840000339e+01
1.563383527399999917e-01 2.714763948930000170e-01 1.338325731430000005e-02 -4.350013875759999871e-01 -1.189849827150000010e+02 8.976401245079999569e+01 4.686007742700000023e+01
1.104601695130000005e-01 2.756095600019999869e-01 8.492714064429999696e-03 -4.418335198580000123e-01 -1.186332436480000041e+02 8.976350026449999575e+01 4.703867938479999822e+01
1.307687024480000126e-01 2.783571025480000016e-01 8.361031652300000144e-03 -4.373615160350000086e-01 -1.190558040210000001e+02 8.947497480980000262e+01 4.685853964990000264e+01
4.494181104550000194e-01 2.729876944879999767e-01 7.219411443680000089e-03 -4.431107023929999889e-01 -1.189231016030000063e+02 8.912319605049999893e+01 4.707056092519999879e+01
1.024034928789999965e-01 2.735511779120000098e-01 6.917676784309999966e-03 -4.388011338339999901e-01 -1.193396759809999992e+02 8.973362001030000101e+01 4.688938047989999802e+01
3.449456846699999746e-01 2.701967320509999770e-01 1.067085830099999931e-02 -4.397459293320000184e-01 -1.192621235189999993e+02 8.916019552269999338e+01 4.708841625050000346e+01
2.879111877330000069e-01 2.747389993750000148e-01 1.483014524309999964e-02 -4.350923184850000180e-01 -1.191400235760000044e+02 8.945571441709999760e+01 4.695841212239999862e+01
7.033566090680000160e-01 2.786671917849999902e-01 8.408767627900000374e-03 -4.420219841270000005e-01 -1.192696812629999954e+02 8.951234042030000637e+01 4.718763818989999947e+01
2.255706856899999946e-01 2.662500290520000146e-01 1.059035543279999991e-02 -4.482440275269999885e-01 -1.191610826520000046e+02 8.942715702949999468e+01 4.692354643040000184e+01
1.009917830649999931e-01 2.732719884950000067e-01 4.098426611420000198e-03 -4.396640289359999842e-01 -1.191378564980000050e+02 8.971809395779999363e+01 4.700683166329999807e+01
1.033373683110000024e-01 2.744628570720000216e-01 8.072254068020000284e-03 -4.418671465219999872e-01 -1.192565286210000011e+02 8.965462054530000557e+01 4.663341582700000032e+01
2.864353917479999789e-01 2.761358329149999902e-01 1.011803490040000079e-02 -4.364721686179999782e-01 -1.190506760039999961e+02 8.944733566659999724e+01 4.674712103990000145e+01
1.573163154470000047e-01 2.739285485110000140e-01 1.164091429510000046e-02 -4.381662056000000249e-01 -1.191736366439999983e+02 8.954845834939999349e+01 4.675831167820000189e+01
1.039013334100000047e-01 2.774799964249999862e-01 1.272347202080000017e-02 -4.407560196040000156e-01 -1.194481948199999977e+02 8.937035300590000020e+01 4.682678127380000177e+01
1.184192598879999947e+00 2.714259815919999874e-01 1.174281282780000046e-02 -4.413978361579999898e-01 -1.190330547810000041e+02 8.926363184909999404e+01 4.727605671029999712e+01
3.373152023520000209e-01 2.723969341870000060e-01 9.238303867320000334e-03 -4.441574633679999939e-01 -1.189574638659999977e+02 8.935578465289999883e+01 4.711261358250000342e+01
3.904617517039999930e-01 2.825098213519999790e-01 9.872596741019999678e-03 -4.381031766449999809e-01 -1.192360785470000053e+02 8.938687306170000113e+01 4.706829250380000218e+01
2.003183880930000105e-01 2.700074229960000016e-01 1.343504683250000033e-02 -4.363771057449999935e-01 -1.190207495159999951e+02 8.924092948080000554e+01 4.711929497799999922e+01
1.021426396019999988e-01 2.755245035000000176e-01 5.319849604239999807e-03 -4.406230210489999743e-01 -1.189437574530000035e+02 8.961695164590000218e+01 4.705113912270000043e+01
9.182391961410000247e-01 2.703417500549999963e-01 1.149001190499999991e-02 -4.416683320659999801e-01 -1.192663527840000057e+02 8.945237685850000275e+01 4.680328234699999967e+01
9.076996193840000116e-01 2.735344888699999810e-01 1.317523527220000081e-02 -4.460140147139999844e-01 -1.189252266320000047e+02 8.968973029810000241e+01 4.665077050960000093e+01
1.494617779970000004e+00 2.730479491980000173e-01 9.917058733749999425e-03 -4.384203642250000255e-01 -1.192771843889999985e+02 8.932620902440000066e+01 4.676536550390000002e+01
1.150449883550000024e-01 2.735972504649999970e-01 1.586395033590000045e-02 -4.404676645919999856e-01 -1.186758253579999973e+02 8.952881646570000385e+01 4.690006021100000311e+01
1.178682756440000007e-01 2.724193916120000170e-01 1.003926278189999979e-02 -4.415365394099999841e-01 -1.190332395829999967e+02 8.921355861940000409e+01 4.683470565799999719e+01
2.876403555689999725e-01 2.753912763320000012e-01 1.002580080399999990e-02 -4.434745970139999938e-01 -1.186081190820000018e+02 8.955420751750000363e+01 4.714995179030000116e+01
1.211916455920000052e-01 2.770343760990000015e-01 1.591911563959999901e-02 -4.386998416869999917e-01 -1.190946097249999980e+02 8.947261436409999646e+01 4.719152836939999673e+01
1.638093480610000041e-01 2.781842312089999880e-01 1.208017789279999983e-02 -4.445876046169999762e-01 -1.192841128719999944e+02 8.929777739130000214e+01 4.699504090290000136e+01
1.427697400269999917e-01 2.750821109830000055e-01 1.721902341470000000e-02 -4.461939835559999845e-01 -1.191198095339999981e+02 8.961399632570000051e+01 4.685459202399999867e+01
1.537442196490000079e-01 2.725687986950000030e-01 1.285854634170000010e-02 -4.422260868830000247e-01 -1.193225227620000055e+02 8.967601281579999295e+01 4.718405157859999832e+01
1.307649693569999938e-01 2.739753363349999860e-01 1.057940793360000013e-02 -4.442511897640000207e-01 -1.187474810669999954e+02 8.975812714559999961e+01 4.672533833060000319e+01
1.786698639869999938e-01 2.723302332879999899e-01 1.086089386309999939e-02 -4.429562838889999909e-01 -1.190108110529999976e+02 8.941416043190000096e+01 4.709667968870000010e+01
1.208798771919999959e-01 2.719095959589999945e-01 1.293125780329999926e-02 -4.418896670799999926e-01 -1.191987381210000052e+02 8.965813097480000238e+01 4.699341765449999997e+01
1.572905490500000059e-01 2.686845708180000125e-01 2.013045016540000037e-03 -4.424211003590000080e-01 -1.190926010499999990e+02 8.967986611669999775e+01 4.708706887449999812e+01
3.748384861290000036e-01 2.694107888639999948e-01 1.694642792150000002e-03 -4.416754424170000193e-01 -1.188020750249999935e+02 8.945822445129999778e+01 4.695985090930000183e+01
2.865335089030000004e-01 2.725564140569999849e-01 9.092089289310000683e-03 -4.403321889929999733e-01 -1.189197444189999970e+02 8.959649136759999521e+01 4.695753631849999721e+01
3.040712012010000076e-01 2.720646953590000194e-01 1.172731442460000009e-02 -4.370141962110000167e-01 -1.193228703369999977e+02 8.931555243949999578e+01 4.671189994449999716e+01
1.453137222979999921e-01 2.753664597120000224e-01 1.763506699639999856e-02 -4.397566338309999989e-01 -1.191522485560000035e+02 8.954122160219999671e+01 4.715926400690000264e+01
1.003691125659999933e-01 2.766036738259999850e-01 9.827804948840000374e-03 -4.397093822440000244e-01 -1.189962020889999934e+02 8.926926171239999519e+01 4.716879162570000261e+01
1.920379700239999987e-01 2.720340173570000020e-01 1.412231181990000056e-02 -4.409314056490000189e-01 -1.186672897339999935e+02 8.946710678690000407e+01 4.683685844160000045e+01
1.667957054070000056e-01 2.701481751850000057e-01 7.568141888240000233e-03 -4.418235289449999881e-01 -1.189526897469999938e+02 8.955200814389999664e+01 4.724901606720000302e+01
1.038149811079999985e-01 2.709818398280000040e-01 1.212657266730000037e-02 -4.465542184269999937e-01 -1.187889700270000048e+02 8.974034319999999809e+01 4.689562939969999888e+01
1.141385205599999980e-01 2.734931270439999729e-01 1.138018029819999957e-02 -4.369581731600000185e-01 -1.188528833130000066e+02 8.935084877350000454e+01 4.673037269280000316e+01
1.760569609079999931e-01 2.712914802360000266e-01 1.200479579480000052e-02 -4.388570183309999928e-01 -1.187828131830000018e+02 8.929789321430000371e+01 4.691165516889999765e+01
1.094072356539999985e-01 2.761757128339999978e-01 9.975560577830000497e-03 -4.428647688180000208e-01 -1.192117643130000033e+02 8.954848976430000107e+01 4.685337050620000099e+01
3.375516695920000032e-01 2.699449797940000062e-01 1.080725005559999945e-02 -4.445394624080000190e-01 -1.187706838999999945e+02 8.913030936020000183e+01 4.675429690720000053e+01
1.080760242980000063e-01 2.749806260609999886e-01 1.164656215499999987e-02 -4.425729759850000056e-01 -1.190618430380000063e+02 8.950374804300000164e+01 4.718945633709999754e+01
1.100633269869999986e-01 2.764499412629999875e-01 8.032967586899999318e-03 -4.481192958219999967e-01 -1.190554016469999965e+02 8.964859702889999937e+01 4.692178796139999974e+01
1.499813916359999943e-01 2.744632185209999742e-01 1.032450620569999936e-02 -4.416839937640000269e-01 -1.192027361009999993e+02 8.911541123640000706e+01 4.680487066250000083e+01
2.028065358460000023e-01 2.779550136689999951e-01 1.456698671699999982e-02 -4.456531494709999874e-01 -1.188843560549999978e+02 8.960618104350000124e+01 4.675165315529999788e+01
1.721602452440000042e-01 2.741378226039999921e-01 1.218880668280000051e-02 -4.403742408160000177e-01 -1.185462236670000067e+02 8.940193296089999819e+01 4.696534286220000354e+01
2.407479776370000102e-01 2.727338602359999919e-01 1.289878028300000049e-02 -4.435827758470000104e-01 -1.191238464190000030e+02 8.912999559489999513e+01 4.713603432880000099e+01
2.578611288800000123e-01 2.710833322790000000e-01 1.106718325310000056e-02 -4.382175001349999932e-01 -1.192578928039999937e+02 8.939034787769999468e+01 4.740379418549999713e+01
3.642596415850000158e-01 2.651345527610000086e-01 1.320343323969999996e-02 -4.401871167929999884e-01 -1.190083586850000046e+02 8.957547461389999910e+01 4.699998443490000000e+01
1.480038733150000063e-01 2.735051207290000175e-01 9.556263236340000258e-03 -4.409345529620000148e-01 -1.188262264829999992e+02 8.896584148879999532e+01 4.677787253479999663e+01
1.707579970629999888e-01 2.750740900359999741e-01 9.161330638259999187e-03 -4.417956151910000240e-01 -1.190330314050000027e+02 8.930292534650000391e+01 4.657900038359999684e+01
1.384613554240000100e-01 2.721461567940000048e-01 4.652734858620000136e-03 -4.366277463759999922e-01 -1.190377238030000058e+02 8.948066941189999568e+01 4.727206158589999774e+01
1.214394018030000022e-01 2.717005349639999845e-01 9.452150015009999628e-03 -4.391848982889999808e-01 -1.189561350590000046e+02 8.956634933620000538e+01 4.677036158370000152e+01
1.337604345910000103e-01 2.698555186730000055e-01 1.252832777849999940e-02 -4.406877060789999856e-01 -1.190880451209999933e+02 8.941695294859999876e+01 4.694194699330000020e+01
1.145170791270000016e-01 2.685734047519999779e-01 7.534981907429999688e-03 -4.363875910969999827e-01 -1.189756025930000050e+02 8.953455323020000378e+01 4.687408286830000037e+01
1.267312514820000047e+01 2.721895589580000108e-01 1.367785945529999964e-02 -4.395922306699999726e-01 -1.189777466029999999e+02 8.937472138350000250e+01 4.729797872569999839e+01
1.165948169930000056e-01 2.770731437010000020e-01 1.268142667420000050e-02 -4.368393814820000221e-01 -1.192272626320000057e+02 8.962666861220000669e+01 4.715322594900000297e+01
1.186847940110000027e-01 2.724104197309999975e-01 8.734858046439999274e-03 -4.450060295389999809e-01 -1.190877770729999980e+02 8.971420096549999812e+01 4.688267831600000335e+01
1.931875374179999882e-01 2.757500302049999963e-01 1.227714104719999921e-02 -4.412787619910000236e-01 -1.193268479789999930e+02 8.939802847779999695e+01 4.716446111049999956e+01
2.225308631650000091e-01 2.723919552799999866e-01 1.066624221789999952e-02 -4.409315976420000172e-01 -1.191702319759999966e+02 8.960358266330000276e+01 4.645636859529999896e+01
2.758174852170000024e-01 2.705412320009999982e-01 5.318333242779999838e-03 -4.363754905119999750e-01 -1.190610352140000003e+02 8.931364940150000109e+01 4.689284322990000220e+01
1.726513951599999985e-01 2.691066305020000105e-01 1.090810521570000080e-02 -4.420222344340000165e-01 -1.189918608509999984e+02 8.955181716059999530e+01 4.679063012600000349e+01
1.311827502550000080e-01 2.745201414380000204e-01 1.088779083030000025e-02 -4.420160072289999742e-01 -1.187060633440000004e+02 8.932221175940000535e+01 4.714975784349999799e+01
1.084710450520000036e-01 2.736504520599999934e-01 1.344011787380000079e-02 -4.398527884119999842e-01 -1.187725999010000066e+02 8.967984859649999407e+01 4.672561809860000182e+01
9.200588088950000243e-01 2.738875129539999898e-01 1.045153802289999941e-02 -4.394761408869999886e-01 -1.190725671320000032e+02 8.966086502359999599e+01 4.695419665400000042e+01
1.226903848550000009e-01 2.757555401980000265e-01 1.028941760809999953e-02 -4.394587979480000239e-01 -1.192724390059999990e+02 8.931601918440000532e+01 4.682992073759999840e+01
1.229212431789999949e-01 2.735629253910000225e-01 1.088118971929999922e-02 -4.398435487219999884e-01 -1.193135837389999949e+02 8.956976509880000492e+01 4.678806334010000256e+01
1.460880994060000104e-01 2.779104926589999747e-01 7.356722186350000102e-03 -4.447383848920000160e-01 -1.190252579269999984e+02 8.959185014109999656e+01 4.710225728929999889e+01
1.499702462720000073e-01 2.756703738879999754e-01 1.145143792169999938e-02 -4.355648040890000017e-01 -1.192067142559999979e+02 8.941630513699999483e+01 4.695312277360000053e+01
1.025953309289999948e+00 2.693564134159999734e-01 1.046157246290000016e-02 -4.452116308840000092e-01 -1.190997299240000018e+02 8.947016991540000674e+01 4.696269993210000138e+01
1.601343622929999877e-01 2.747894761560000232e-01 9.957551651790000694e-03 -4.383662595350000246e-01 -1.188622954180000022e+02 8.952030962140000270e+01 4.693351018850000145e+01
1.795254720620000077e-01 2.757404079049999845e-01 5.243964682790000151e-03 -4.453284818980000059e-01 -1.192151339029999946e+02 8.948159485310000605e+01 4.684950530540000102e+01
3.092518517599999739e-01 2.719363580740000175e-01 6.859053045049999693e-03 -4.410728123930000022e-01 -1.192043110970000015e+02 8.975395894659999385e+01 4.719758972799999697e+01
1.315615976139999921e-01 2.727878185390000265e-01 1.291968220010000085e-02 -4.340008331979999801e-01 -1.190463777340000036e+02 8.948398399340000253e+01 4.713259541379999717e+01
3.750337210069999827e+01 2.676266160490000101e-01 8.958686591930000234e-03 -4.392188521979999982e-01 -1.190818300250000021e+02 8.953731564400000309e+01 4.715307014630000282e+01
5.324903775160000352e-01 2.677402500800000196e-01 1.201198138579999929e-02 -4.439660054969999936e-01 -1.188515887119999945e+02 8.951845107030000293e+01 4.724971111220000353e+01
1.539992399160000081e-01 2.763922702420000266e-01 9.858247938910000632e-03 -4.441703667670000022e-01 -1.189695311669999995e+02 8.909094425680000029e+01 4.691820134440000345e+01
1.379185925039999872e-01 2.755738285159999856e-01 1.146932061419999975e-02 -4.400869394959999736e-01 -1.190977606849999972e+02 8.933247029310000187e+01 4.713769068890000113e+01
1.348612780350000040e-01 2.712988813439999869e-01 1.131016275529999997e-02 -4.437321231149999878e-01 -1.189496122430000042e+02 8.967432925459999637e+01 4.711019554290000144e+01
1.244474599670000042e-01 2.711320070680000027e-01 1.282617498579999987e-02 -4.458106353110000142e-01 -1.188938016769999990e+02 8.916342997019999927e+01 4.696472753510000331e+01
1.532289189530000040e-01 2.729143769219999904e-01 1.254759175770000026e-02 -4.359160002370000009e-01 -1.192090118800000056e+02 8.921619524839999826e+01 4.690242913299999827e+01
1.110083448719999949e-01 2.672984821719999737e-01 1.373286253079999963e-02 -4.374761696130000099e-01 -1.189855284559999973e+02 8.953024989530000255e+01 4.718247475220000098e+01
4.276348730219999839e-01 2.698128993080000093e-01 1.615666403019999989e-02 -4.360775859480000016e-01 -1.189329563640000060e+02 8.935085181290000378e+01 4.683397639679999713e+01
1.886505165559999864e-01 2.716932748570000111e-01 1.062401245170000071e-02 -4.436920138229999977e-01 -1.192679302119999960e+02 8.938153953949999675e+01 4.717275910629999913e+01
1.416829390010000134e-01 2.726883541530000232e-01 1.342028632300000003e-02 -4.374370161439999904e-01 -1.189859525520000005e+02 8.923018148229999724e+01 4.711697587500000139e+01
1.126721137210000001e-01 2.735088773859999933e-01 1.498997941649999992e-02 -4.409424467110000245e-01 -1.190898471929999971e+02 8.954125682890000348e+01 4.705192886369999883e+01
1.370179076130000062e-01 2.744886126680000094e-01 1.473583639389999984e-02 -4.424232189219999833e-01 -1.191722426519999942e+02 8.933201021159999300e+01 4.716431329790000149e+01
2.492088475960000105e-01 2.718926580179999997e-01 9.136040077379999763e-03 -4.418659921909999788e-01 -1.193693797499999931e+02 8.934058291469999347e+01 4.695427748190000017e+01
4.363688777629999849e-01 2.746463885029999941e-01 5.827395649200000152e-03 -4.432011585949999777e-01 -1.189584230920000039e+02 8.936800513340000407e+01 4.693232172689999970e+01
4.049298965740000256e-01 2.729998604159999953e-01 1.225942024170000033e-02 -4.388546653739999748e-01 -1.194119979179999973e+02 8.941897778359999904e+01 4.703420824719999871e+01
3.414782889679999767e-01 2.711011558970000124e-01 9.897195264119999433e-03 -4.444640293509999895e-01 -1.192504291000000052e+02 8.939134132729999749e+01 4.695953315119999871e+01
1.915818665759999873e-01 2.782198178120000032e-01 1.291504808569999933e-02 -4.411322103279999851e-01 -1.189498004950000052e+02 8.922004382830000679e+01 4.671800029279999933e+01
1.279721572270000052e-01 2.736343083219999750e-01 7.431069339579999752e-03 -4.366652531319999975e-01 -1.192238542110000026e+02 8.925927464679999446e+01 4.728854544770000246e+01
1.830255729799999953e-01 2.738637670610000185e-01 1.130321358290000029e-02 -4.385013490999999930e-01 -1.186401349690000018e+02 8.950759093329999416e+01 4.717085268299999967e+01
2.910604727339999864e-01 2.692174240879999791e-01 8.085447560820000629e-03 -4.430269322170000135e-01 -1.192891396619999966e+02 8.973614897870000107e+01 4.687461468269999898e+01
1.501235042540000064e-01 2.737134596899999939e-01 1.508465964350000008e-02 -4.416523223209999904e-01 -1.188639993409999960e+02 8.951771478359999890e+01 4.706345595359999834e+01
3.817928930080000116e-01 2.726386710090000220e-01 9.187997065889999884e-03 -4.409700591610000164e-01 -1.191673284649999971e+02 8.942506214210000337e+01 4.690849773930000310e+01
2.191451019900000075e-01 2.726429090770000063e-01 6.884413789409999859e-03 -4.397283792560000015e-01 -1.193043614209999959e+02 8.948714694989999430e+01 4.710919910610000017e+01
5.039549477229999797e-01 2.791244153419999985e-01 8.711147349570000364e-03 -4.446246993429999739e-01 -1.188970824919999956e+02 8.929730106380000620e+01 4.677288378250000278e+01
1.249352621039999944e-01 2.711079339190000104e-01 1.155574528019999957e-02 -4.419458091369999897e-01 -1.191116035400000044e+02 8.910837484270000175e+01 4.694497066440000310e+01
1.522068752840000094e-01 2.782432011539999750e-01 1.202199400359999990e-02 -4.384282864519999934e-01 -1.194609221489999982e+02 8.939200878249999960e+01 4.691864750140000240e+01
5.103609125920000045e-01 2.738775875619999800e-01 9.193739317859999857e-03 -4.444837846110000212e-01 -1.187326451899999995e+02 8.939269953619999853e+01 4.717634619809999919e+01
2.659149620530000258e-01 2.713848562980000212e-01 1.142137286239999945e-02 -4.380818667310000247e-01 -1.191127609090000021e+02 8.966044493729999942e+01 4.685531561410000023e+01
4.145114407939999857e-01 2.666454267849999726e-01 1.458916796180000086e-02 -4.383785918920000135e-01 -1.189595928450000031e+02 8.931712360669999384e+01 4.702917766230000041e+01
2.240164602649999948e-01 2.713884484119999940e-01 1.035157629519999935e-02 -4.374360333319999850e-01 -1.192964622920000011e+02 8.948282493349999811e+01 4.683711087340000034e+01
2.696591907709999791e-01 2.766533404670000196e-01 1.588616111729999891e-02 -4.431911195900000155e-01 -1.189307314360000021e+02 8.935413808629999721e+01 4.674368237670000070e+01
1.429213232340000028e-01 2.777198163269999909e-01 1.121623006729999955e-02 -4.467965979219999939e-01 -1.192040994019999971e+02 8.966546813930000326e+01 4.703032625280000190e+01
1.368284678080000094e-01 2.738596738799999875e-01 8.481947657670000154e-03 -4.440242130720000180e-01 -1.190933997959999999e+02 8.989089038269999321e+01 4.725962031929999796e+01
1.712035098430000069e-01 2.707718687260000090e-01 6.254214644759999858e-03 -4.414882485839999871e-01 -1.190593113729999999e+02 8.913782998099999588e+01 4.708762365199999778e+01
1.069560729360000018e+00 2.680712824309999798e-01 6.819821990070000159e-03 -4.423590533960000126e-01 -1.189714401009999989e+02 8.944137117760000422e+01 4.689416041150000325e+01
6.212523763759999484e-01 2.716289654999999859e-01 9.579929453609999437e-03 -4.407503983639999845e-01 -1.193185686059999995e+02 8.943244454909999774e+01 4.705641316300000199e+01
1.224686612759999932e-01 2.750661641509999922e-01 1.122848885160000060e-02 -4.363019923750000029e-01 -1.188132850319999960e+02 8.932302452909999602e+01 4.696176377630000331e+01
1.616937921419999924e+00 2.790259341410000204e-01 1.021105702400000072e-02 -4.344791329950000169e-01 -1.193435251020000010e+02 8.954392393620000234e+01 4.700895161180000059e+01
2.219034763359999940e-01 2.687041881309999991e-01 9.584927499619999916e-03 -4.419680614100000016e-01 -1.187727996779999984e+02 8.911839444369999796e+01 4.697766019400000204e+01
1.542165188890000094e-01 2.708383974410000228e-01 8.639314648010000194e-03 -4.442785626879999783e-01 -1.192775812529999939e+02 8.942953589299999351e+01 4.677098734380000167e+01
1.166048420840000016e-01 2.649349584030000204e-01 1.101313228749999963e-02 -4.403883256689999914e-01 -1.190560371309999965e+02 8.973882342730000516e+01 4.694232006280000036e+01
3.390920234629999919e-01 2.723699771070000053e-01 1.220603848680000027e-02 -4.351258282780000042e-01 -1.191422514669999941e+02 8.932741970959999378e+01 4.716083950459999841e+01
1.208521333019999949e-01 2.642349099849999883e-01 9.690614463179999735e-03 -4.470738106059999883e-01 -1.190952525480000048e+02 8.946333761249999839e+01 4.701603737170000130e+01
2.294288079310000117e-01 2.744486305869999754e-01 1.321370805719999930e-02 -4.368033004740000114e-01 -1.192994903689999973e+02 8.958423998680000011e+01 4.722499817559999968e+01
1.002548443040000015e-01 2.690281624779999881e-01 1.095308285839999979e-02 -4.385863479470000215e-01 -1.191820999239999992e+02 8.947119093880000662e+01 4.721775046890000027e+01
3.749823002439999775e-01 2.761386677989999816e-01 8.432822993240000203e-03 -4.388158277549999986e-01 -1.189907629650000018e+02 8.925935084149999454e+01 4.704691210989999917e+01
1.077613155830000058e-01 2.755208395429999957e-01 9.433175530519999699e-03 -4.426185186570000263e-01 -1.186871110510000022e+02 8.968361202900000251e+01 4.690514773329999798e+01
1.517658807019999889e+00 2.730433935359999897e-01 1.285567587440000076e-02 -4.421504513410000059e-01 -1.193269236760000069e+02 8.945645789329999786e+01 4.670298124060000333e+01
2.030451293730000106e-01 2.738441057109999854e-01 1.052154034350000038e-02 -4.406390594469999922e-01 -1.188277918590000013e+02 8.931062330150000150e+01 4.692209817330000021e+01
1.694706563429999868e-01 2.742764351499999975e-01 1.003610944659999969e-02 -4.376872845890000252e-01 -1.191778703890000060e+02 8.949151147790000493e+01 4.675409056139999819e+01
1.008205098169999980e-01 2.746827586139999888e-01 1.270749350230000047e-02 -4.395306324620000260e-01 -1.190654668410000028e+02 8.952603302580000388e+01 4.683779135790000225e+01
3.907136125490000000e-01 2.781780176659999770e-01 6.650134889919999924e-03 -4.366876203189999917e-01 -1.191830546160000068e+02 8.956407197000000053e+01 4.690575108050000352e+01
2.944911653949999764e-01 2.767350066939999742e-01 1.114884525889999964e-02 -4.390053279830000155e-01 -1.189527247510000052e+02 8.927559782929999699e+01 4.695762653770000128e+01
3.000152509549999791e-01 2.728146870759999842e-01 1.561389964439999917e-02 -4.390614262599999984e-01 -1.188460216109999976e+02 8.943675725120000664e+01 4.700450447869999948e+01
3.434596272730000011e-01 2.749495564339999865e-01 9.321224074210000474e-03 -4.413450873349999970e-01 -1.189280162719999936e+02 8.985634896999999910e+01 4.683217168939999908e+01
3.154641104290000220e-01 2.717687746429999773e-01 1.176173162959999983e-02 -4.399422898229999879e-01 -1.194780191279999997e+02 8.942021066629999382e+01 4.691583434009999820e+01
1.059019002569999979e-01 2.702697275379999931e-01 1.196384527839999996e-02 -4.479243049100000151e-01 -1.190446410539999960e+02 8.931378744600000630e+01 4.715701506559999956e+01
1.057357069710000014e-01 2.683376263810000051e-01 1.057057500120000063e-02 -4.438993001150000062e-01 -1.193418406530000055e+02 8.931740374470000177e+01 4.699927667789999930e+01
1.045463051239999969e-01 2.719140392750000190e-01 9.840595603529999139e-03 -4.395968406279999741e-01 -1.189043261220000005e+02 8.948221648960000607e+01 4.697230794779999741e+01
1.897283698820000086e-01 2.765447964000000147e-01 1.363892948099999954e-02 -4.419771412690000068e-01 -1.190504028349999999e+02 8.957134331379999992e+01 4.712257437649999758e+01
1.299281752299999981e+00 2.719280068080000001e-01 1.288860953050000036e-02 -4.410716766660000010e-01 -1.189183106180000067e+02 8.993105295510000019e+01 4.700548162460000157e+01
2.494886546420000129e-01 2.732415518449999858e-01 1.165174637569999991e-02 -4.395266625889999723e-01 -1.191416792410000056e+02 8.976539869570000008e+01 4.697609967599999692e+01
1.332957905740000115e-01 2.753967681880000185e-01 8.206142089390000213e-03 -4.408896991499999807e-01 -1.189664116670000027e+02 8.926803602539999360e+01 4.702495386519999698e+01
8.041380354099999517e-01 2.785595984299999994e-01 8.384797527000000320e-03 -4.411769137989999812e-01 -1.193731859239999977e+02 8.941904743749999795e+01 4.707640319970000320e+01
3.147729205989999723e-01 2.758857790509999797e-01 1.175448751399999978e-02 -4.475937162679999859e-01 -1.190857520550000004e+02 8.945697239579999405e+01 4.675519387519999981e+01
1.545471746600000085e-01 2.737772559689999885e-01 2.386533210820000056e-03 -4.394789989010000064e-01 -1.190933817629999965e+02 8.974373299389999659e+01 4.700476658929999729e+01
2.688286273600000165e-01 2.753283851439999874e-01 1.507286484110000047e-02 -4.434406664860000014e-01 -1.190777732720000017e+02 8.965486160589999542e+01 4.677549401729999801e+01
1.166175081270000025e-01 2.756891940510000083e-01 7.771301207479999751e-03 -4.418555162819999826e-01 -1.193120087119999937e+02 8.981874965849999626e+01 4.725291847999999817e+01
1.117299754460000072e+00 2.692545584620000265e-01 7.743386466819999862e-03 -4.452286166659999989e-01 -1.191796573289999941e+02 8.943102190390000317e+01 4.672264455020000185e+01
2.796062341189999856e-01 2.728036149549999956e-01 9.896370695920000266e-03 -4.409235836290000266e-01 -1.193400363290000001e+02 8.917868294500000559e+01 4.715668845649999952e+01
1.627812527030000067e-01 2.755495479949999771e-01 8.295641875059999587e-03 -4.411690740720000115e-01 -1.190726445760000018e+02 8.917513331179999625e+01 4.657739595820000034e+01
1.901200011209999985e-01 2.696680647040000101e-01 7.258206620659999643e-03 -4.396412875269999909e-01 -1.189787011330000013e+02 8.950691486290000398e+01 4.712622418400000157e+01
1.402747704619999869e-01 2.732995183670000050e-01 4.553303925040000193e-03 -4.326760957399999885e-01 -1.190053978870000009e+02 8.961717405810000514e+01 4.687918091400000264e+01
1.354688291599999983e-01 2.700849284099999803e-01 8.595846323200000486e-03 -4.373999046290000248e-01 -1.191623482720000027e+02 8.924399263669999982e+01 4.684002889820000348e+01
1.181070927570000012e-01 2.681573293499999733e-01 9.307460304929999692e-03 -4.447294500060000044e-01 -1.188826645380000002e+02 8.955786090189999982e+01 4.686910520290000193e+01
6.258428192430000259e+00 2.736265395560000258e-01 1.216255926189999982e-02 -4.381499321710000117e-01 -1.188838622680000014e+02 8.973838958059999982e+01 4.675054814250000135e+01
3.279131791329999990e-01 2.756419144760000051e-01 1.427022965619999945e-02 -4.439121302039999994e-01 -1.192520610790000006e+02 8.956469484980000573e+01 4.696821478729999910e+01
2.386056598780000038e-01 2.732750696719999928e-01 1.140051876440000000e-02 -4.442818838740000276e-01 -1.190930596620000017e+02 8.981549208350000413e+01 4.710855523789999921e+01
1.647985324079999925e-01 2.699320220879999899e-01 1.138368856909999921e-02 -4.466206636999999757e-01 -1.191829727890000044e+02 8.956506704109999362e+01 4.715549327189999929e+01
1.313879324890000033e+00 2.722369779459999917e-01 1.130358139060000031e-02 -4.422104793070000262e-01 -1.191817649280000069e+02 8.953678620399999488e+01 4.712292219639999757e+01
1.471756089509999865e-01 2.734966950589999835e-01 1.354828414130000019e-02 -4.437736023159999932e-01 -1.194169735069999945e+02 8.967893675390000396e+01 4.699205171450000051e+01
7.436271494280000116e-01 2.704289201299999723e-01 4.203435771099999982e-03 -4.403203113820000070e-01 -1.188329056329999958e+02 8.969048050940000394e+01 4.717581459590000037e+01
1.281415511369999871e-01 2.784808251140000190e-01 3.456518893559999868e-03 -4.415171041570000177e-01 -1.189556586570000007e+02 8.972794648049999466e+01 4.685918487360000029e+01
1.202523143210000034e-01 2.757396139000000135e-01 1.334085875410000004e-02 -4.358243980390000272e-01 -1.191914366339999987e+02 8.947736132279999310e+01 4.668055891190000040e+01
5.048514530190000293e-01 2.735319553389999880e-01 1.229482919199999941e-02 -4.393712003620000028e-01 -1.193156361430000061e+02 8.944981395099999588e+01 4.731662056559999741e+01
2.880557677139999884e-01 2.721107960999999964e-01 1.263499709310000017e-02 -4.449419933350000078e-01 -1.193367176069999971e+02 8.922473812260000159e+01 4.721165020800000178e+01
1.392743839779999881e-01 2.751664696650000241e-01 7.032665693929999844e-03 -4.371985382449999902e-01 -1.191330044909999941e+02 8.946641780929999754e+01 4.715330437280000098e+01
1.593042658899999908e-01 2.695930054419999888e-01 1.111178890599999990e-02 -4.387475943129999778e-01 -1.194798109519999940e+02 8.960346634939999433e+01 4.689893751040000325e+01
1.216715378290000038e-01 2.744152790909999973e-01 9.802208031569999841e-03 -4.404309015269999850e-01 -1.184810701330000029e+02 8.965781143290000443e+01 4.698007601639999820e+01
1.920278840659999930e-01 2.741162117209999805e-01 1.033912684680000048e-02 -4.430569911450000231e-01 -1.194066283270000071e+02 8.955525187099999584e+01 4.713701799249999880e+01
4.197113858159999822e-01 2.758706794729999801e-01 1.061812026109999925e-02 -4.380107214560000073e-01 -1.189330060980000070e+02 8.961635550530000671e+01 4.677693164850000329e+01
1.926297340939999991e-01 2.702851321820000097e-01 1.224402111320000049e-02 -4.354405221870000231e-01 -1.190758180240000002e+02 8.950865054960000577e+01 4.680852329870000261e+01
2.627598596169999912e-01 2.723698242029999883e-01 1.551540933230000086e-02 -4.394733980550000196e-01 -1.190182623769999992e+02 8.965221569300000226e+01 4.715673358259999759e+01
3.981541298919999972e-01 2.770275849039999794e-01 9.293723089269999640e-03 -4.398115277690000102e-01 -1.191339593330000071e+02 8.918658432559999483e+01 4.714595648139999895e+01
1.492189507999999998e-01 2.696623903650000043e-01 1.023206596129999993e-02 -4.442911210500000152e-01 -1.194421347749999995e+02 8.923918906660000516e+01 4.696950465430000321e+01
1.179531522049999948e-01 2.751327125670000040e-01 1.210898772010000034e-02 -4.377324601359999789e-01 -1.190178171080000027e+02 8.956899447249999469e+01 4.655388266060000291e+01
2.382430510459999928e-01 2.764493337050000221e-01 4.834134578820000090e-03 -4.451619327720000019e-01 -1.190828683210000065e+02 8.942798436040000354e+01 4.673103387609999970e+01
1.161016443859999997e-01 2.724238557390000204e-01 9.681071064020000533e-03 -4.344767767630000055e-01 -1.189815366440000020e+02 8.936057368209999652e+01 4.714908128180000091e+01
1.133020362839999989e-01 2.746661098639999743e-01 1.226766531500000056e-02 -4.385557469440000133e-01 -1.187386949429999987e+02 8.955944903660000023e+01 4.712715757240000158e+01
1.973772343809999941e-01 2.743466739409999855e-01 1.565558118829999887e-02 -4.393852672429999773e-01 -1.189220079629999987e+02 8.944812328330000639e+01 4.706512929229999997e+01
1.189364538349999972e-01 2.730670968939999943e-01 1.012502490990000066e-02 -4.398848402119999723e-01 -1.190042867979999954e+02 8.999513643410000441e+01 4.724254524580000236e+01
1.071229410809999977e-01 2.687407187699999978e-01 1.265176291889999992e-02 -4.401462000879999836e-01 -1.191070355220000039e+02 8.940112310019999597e+01 4.695241376580000292e+01
2.368664081280000000e-01 2.715389110290000185e-01 1.091818956200000038e-02 -4.391099002389999839e-01 -1.192247296529999971e+02 8.953621072369999467e+01 4.696368217010000023e+01
1.063143657979999934e-01 2.758444751340000112e-01 9.444759788100000678e-03 -4.477150465979999883e-01 -1.188314731870000003e+02 8.924029944260000491e+01 4.692533038610000062e+01
8.172496580550000500e-01 2.713876818829999982e-01 1.108342283130000008e-02 -4.400228076950000178e-01 -1.188538450209999979e+02 8.946423174230000086e+01 4.691779351190000114e+01
1.046569017829999948e-01 2.690905805620000257e-01 1.202212479890000033e-02 -4.405177906609999972e-01 -1.191880651910000068e+02 8.968983524930000328e+01 4.677015301189999974e+01
2.321427128430000042e-01 2.729166684620000227e-01 1.443096871450000101e-03 -4.427179724970000119e-01 -1.189903014270000057e+02 8.951735040629999673e+01 4.714936821239999887e+01
2.289988329679999990e-01 2.675314425299999965e-01 1.191378029140000017e-02 -4.425775589850000080e-01 -1.188872445899999946e+02 8.924482863709999947e+01 4.689949843019999776e+01
1.696045135679999927e-01 2.768680762049999800e-01 9.635978560730000531e-03 -4.391800345849999898e-01 -1.193448564349999970e+02 8.928641769840000109e+01 4.693245540110000036e+01
1.263820534729999945e-01 2.707345613919999727e-01 1.026554443910000086e-02 -4.412470592839999872e-01 -1.192923124950000044e+02 8.990341764250000267e+01 4.711863688500000080e+01
1.186063858090000034e+00 2.745024532470000111e-01 9.469443713729999712e-03 -4.421606668809999752e-01 -1.193402845880000029e+02 8.912341262099999994e+01 4.706800518509999876e+01
