6.491035637049999973e-01 -1.160707966480000047e-01 2.409210925889999910e-01 -1.280640023609999900e-01 -1.311082739009999898e+02 5.382353242370000146e+01 1.605403743729999917e+02
1.084863933979999945e-01 -1.145075003680000036e-01 2.436932489570000082e-01 -1.270790017879999956e-01 -1.310071182430000079e+02 5.294488707250000203e+01 1.598654103430000077e+02
1.007333792790000015e-01 -1.114084735989999964e-01 2.436610427039999915e-01 -1.355831957570000079e-01 -1.316162335250000126e+02 5.449008632639999661e+01 1.604174060029999964e+02
1.339510978869999924e-01 -1.150751677210000018e-01 2.442219285020000019e-01 -1.282595086380000082e-01 -1.309387335080000128e+02 5.335602831260000301e+01 1.604397323500000141e+02
2.575263691499999896e-01 -1.120228981470000051e-01 2.445275128399999887e-01 -1.271924785409999925e-01 -1.322347524479999947e+02 5.292060422010000309e+01 1.598371956249999926e+02
1.063949752240000018e-01 -1.170759845120000059e-01 2.440430708180000019e-01 -1.305515285989999885e-01 -1.305629770559999940e+02 5.393306312819999704e+01 1.601789043040000138e+02
2.782829323170000202e-01 -1.128673812420000061e-01 2.456676863870000116e-01 -1.268617319420000111e-01 -1.316960172199999874e+02 5.274694502309999677e+01 1.596180106809999870e+02
1.463534300160000134e-01 -1.159009791460000049e-01 2.452675896350000051e-01 -1.330789317989999887e-01 -1.308673028670000065e+02 5.355849502790000116e+01 1.602785299839999880e+02
1.110914043640000015e-01 -1.144255596610000009e-01 2.431564779070000126e-01 -1.283867932299999903e-01 -1.311790418090000117e+02 5.356200939080000012e+01 1.602861088589999952e+02
1.869746700490000080e-01 -1.146956035419999936e-01 2.391724639739999936e-01 -1.264392909600000059e-01 -1.314107817510000018e+02 5.407195307829999820e+01 1.606146255150000002e+02
1.032876815669999948e-01 -1.132774210509999990e-01 2.487689951100000019e-01 -1.299087456269999996e-01 -1.314055461700000080e+02 5.248956300190000235e+01 1.593692213900000070e+02
2.156451952729999955e-01 -1.148562200229999997e-01 2.407522939829999931e-01 -1.318489374659999880e-01 -1.310363268259999927e+02 5.451024439329999893e+01 1.610658048999999892e+02
1.339033760480000113e-01 -1.202835320890000004e-01 2.499014337369999950e-01 -1.306665933299999971e-01 -1.298050090360000013e+02 5.288190542939999972e+01 1.596833419060000097e+02
1.176073141450000026e-01 -1.172050453830000005e-01 2.424420914379999958e-01 -1.304642081429999989e-01 -1.297654575429999966e+02 5.418859497599999742e+01 1.606873829259999980e+02
2.792876471560000184e-01 -1.194876474780000031e-01 2.431001371800000088e-01 -1.263542289940000063e-01 -1.305824530390000007e+02 5.303727442240000300e+01 1.603172005630000001e+02
1.256865554190000067e-01 -1.121655537340000008e-01 2.500426880469999724e-01 -1.355606820589999872e-01 -1.311296718199999987e+02 5.338986313339999867e+01 1.596302948660000141e+02
1.043065514229999935e-01 -1.116890052319999965e-01 2.465854171699999875e-01 -1.300216207999999873e-01 -1.317716273569999998e+02 5.337445585719999741e+01 1.596814469489999908e+02
1.831032371990000129e-01 -1.145957935620000034e-01 2.474964679509999987e-01 -1.302118176010000072e-01 -1.312517475289999993e+02 5.316141516449999926e+01 1.596592843749999986e+02
4.452116854589999728e-01 -1.160810440060000004e-01 2.435995014419999882e-01 -1.292258503579999940e-01 -1.307876299419999953e+02 5.384733546569999874e+01 1.605287888979999877e+02
1.734199093899999877e-01 -1.136259758579999946e-01 2.447760714449999930e-01 -1.293481171560000031e-01 -1.314589122730000099e+02 5.392467756039999927e+01 1.602835275650000142e+02
1.142520197779999941e-01 -1.158891813059999970e-01 2.428642478570000041e-01 -1.308648408430000132e-01 -1.308900513670000123e+02 5.410024629259999784e+01 1.605745691140000133e+02
3.683635944499999981e-01 -1.124806321460000008e-01 2.429006452240000113e-01 -1.289050239979999957e-01 -1.313707484949999866e+02 5.401372954330000198e+01 1.600937400640000021e+02
4.753340008570000053e-01 -1.179328565979999993e-01 2.435623800010000006e-01 -1.277420580739999922e-01 -1.310222677010000041e+02 5.391009701080000127e+01 1.602198694880000005e+02
4.881242136569999834e-01 -1.141158066700000001e-01 2.421656045189999884e-01 -1.239544343060000053e-01 -1.315186384470000007e+02 5.319859563859999696e+01 1.601998859020000054e+02
1.238277435320000036e-01 -1.155793950579999951e-01 2.433428937340000042e-01 -1.311713192900000047e-01 -1.311663569199999984e+02 5.394306080989999685e+01 1.600436863079999910e+02
1.183623920689999970e-01 -1.149591884410000042e-01 2.454092002619999990e-01 -1.313359550089999994e-01 -1.307838080180000020e+02 5.372004643590000228e+01 1.605030407389999993e+02
2.127989022050000012e-01 -1.123330848090000056e-01 2.445828383210000012e-01 -1.293271316669999949e-01 -1.319897143329999949e+02 5.359309066819999856e+01 1.598807853600000044e+02
1.706432868470000030e-01 -1.144785881150000018e-01 2.437627497000000032e-01 -1.278187979859999879e-01 -1.309944940839999958e+02 5.322205511060000305e+01 1.600823738900000137e+02
1.665834142050000022e-01 -1.128129371900000039e-01 2.391478912710000015e-01 -1.312130290119999931e-01 -1.315483453909999980e+02 5.494972234040000103e+01 1.608269038130000013e+02
1.359421931439999953e-01 -1.218690253490000014e-01 2.441710798639999958e-01 -1.188939089019999951e-01 -1.298401853240000037e+02 5.201298248509999667e+01 1.597848813610000036e+02
4.123223713499999943e-01 -1.164859977630000043e-01 2.473850079280000003e-01 -1.299689023189999904e-01 -1.302616767869999990e+02 5.333744394610000228e+01 1.600339711059999956e+02
3.794303082470000255e-01 -1.146322036180000004e-01 2.450537841850000120e-01 -1.274090147349999924e-01 -1.312965698820000000e+02 5.352008279060000007e+01 1.599017718839999986e+02
1.060130848899999978e-01 -1.149104810160000018e-01 2.422864324200000030e-01 -1.296316344469999882e-01 -1.305864646850000099e+02 5.402493950590000082e+01 1.605536076509999930e+02
1.838807487540000118e-01 -1.153183779590000041e-01 2.435578397220000135e-01 -1.301853510229999955e-01 -1.311842340420000141e+02 5.385714403640000114e+01 1.599792059799999890e+02
2.162753054850000134e-01 -1.151707779680000016e-01 2.421741706659999993e-01 -1.290355688039999948e-01 -1.306806544560000134e+02 5.406053517619999838e+01 1.602165045760000055e+02
1.438126119500000022e-01 -1.120529627830000041e-01 2.433026259709999972e-01 -1.296762626150000097e-01 -1.318047981409999920e+02 5.345160986199999797e+01 1.601765015660000131e+02
4.250829828820000267e-01 -1.169457213269999990e-01 2.456329949809999968e-01 -1.294270311379999983e-01 -1.311881004930000074e+02 5.373567193950000132e+01 1.602937940959999992e+02
1.331982441500000058e-01 -1.143788835130000042e-01 2.444531491559999992e-01 -1.309783634770000094e-01 -1.311862815910000108e+02 5.374728549089999774e+01 1.603700109890000078e+02
5.206958361269999891e-01 -1.157877741120000026e-01 2.429039020869999954e-01 -1.243506106070000061e-01 -1.306444976349999934e+02 5.272870563040000036e+01 1.599617032559999927e+02
7.639065634399999638e-01 -1.181006830380000039e-01 2.427342453480000051e-01 -1.282594436610000055e-01 -1.308565887139999973e+02 5.386837283570000068e+01 1.602200991089999889e+02
2.661083129049999774e-01 -1.142437647309999943e-01 2.428826941330000100e-01 -1.250813664859999896e-01 -1.312213279739999905e+02 5.327646435070000308e+01 1.600727446939999936e+02
1.527258702610000130e-01 -1.126322159909999981e-01 2.424637848589999978e-01 -1.232312369679999936e-01 -1.321757967020000137e+02 5.311065953389999805e+01 1.599787528399999985e+02
1.025717792029999936e-01 -1.161776082610000010e-01 2.431832903620000097e-01 -1.340475153029999922e-01 -1.304214404420000051e+02 5.399554771660000085e+01 1.604595481670000083e+02
3.063094668479999783e-01 -1.118900015390000002e-01 2.437663388209999893e-01 -1.318722871319999990e-01 -1.311335582259999910e+02 5.374845665550000007e+01 1.602826926809999861e+02
1.573785874330000112e-01 -1.154252494339999963e-01 2.473685965909999951e-01 -1.296731268940000126e-01 -1.310332231749999892e+02 5.328176676660000055e+01 1.596762125580000031e+02
2.637099121820000169e-01 -1.121580363110000061e-01 2.425936044339999931e-01 -1.323527399030000051e-01 -1.312918276519999949e+02 5.400254004819999665e+01 1.605644786450000083e+02
1.614659094919999871e-01 -1.175676208210000018e-01 2.443248862799999865e-01 -1.327691012620000055e-01 -1.302522971930000040e+02 5.404201212320000280e+01 1.608913531599999942e+02
1.178822438610000051e-01 -1.147126728110000049e-01 2.457672651180000112e-01 -1.260724450790000062e-01 -1.316633478999999909e+02 5.321778195489999774e+01 1.597292563500000142e+02
1.825753779440000002e-01 -1.127616244360000047e-01 2.449163261940000003e-01 -1.299087824359999865e-01 -1.309025237879999963e+02 5.361370619160000217e+01 1.601776990740000031e+02
1.407096980879999903e-01 -1.201991463409999988e-01 2.462563991110000017e-01 -1.236641716829999932e-01 -1.297967299389999880e+02 5.244038534439999921e+01 1.599426276840000014e+02
1.194403888070000030e-01 -1.136936637400000061e-01 2.465188100619999934e-01 -1.276489619020000077e-01 -1.309361844400000052e+02 5.283260650599999764e+01 1.597961736249999944e+02
2.647561291030000041e-01 -1.170567856610000013e-01 2.418785131910000108e-01 -1.290156998620000106e-01 -1.307213834689999885e+02 5.388728651680000326e+01 1.601455209970000055e+02
2.164266071239999978e-01 -1.163062039039999968e-01 2.424056349389999976e-01 -1.291567689249999984e-01 -1.305927530669999896e+02 5.371922387850000291e+01 1.603473495400000104e+02
1.035383180039999990e-01 -1.152746745739999940e-01 2.423091503689999981e-01 -1.262721635930000030e-01 -1.314077336119999870e+02 5.313474944939999745e+01 1.599267103519999864e+02
2.950913822160000088e-01 -1.167227320399999990e-01 2.425510720419999933e-01 -1.262061313620000125e-01 -1.307384526170000072e+02 5.379818715980000121e+01 1.600683577970000044e+02
1.242977316320000025e-01 -1.112884456939999961e-01 2.490013795490000070e-01 -1.334416444769999932e-01 -1.316154986630000110e+02 5.333654283570000132e+01 1.596642517170000133e+02
1.927194778309999912e-01 -1.149001634090000001e-01 2.422527893599999982e-01 -1.301289383810000089e-01 -1.305438221169999906e+02 5.405747769959999971e+01 1.605681952969999884e+02
2.752672544929999798e+00 -1.151479186240000063e-01 2.435772391849999885e-01 -1.266347031950000035e-01 -1.308933247939999944e+02 5.337523426970000173e+01 1.605988332770000113e+02
2.140389799119999936e-01 -1.163165186529999950e-01 2.444806948740000097e-01 -1.291157069080000053e-01 -1.308174440319999974e+02 5.381049397820000024e+01 1.602706609049999997e+02
1.759467342749999885e-01 -1.172624585060000058e-01 2.421834761849999962e-01 -1.246455772900000036e-01 -1.311716965049999999e+02 5.308338920629999791e+01 1.603293840789999933e+02
1.914899753000000038e-01 -1.104857203199999943e-01 2.371230256519999968e-01 -1.305948413939999886e-01 -1.321309720149999976e+02 5.496426709989999893e+01 1.609723662380000064e+02
1.151072404349999939e-01 -1.151777947670000052e-01 2.437021738600000098e-01 -1.281683426989999874e-01 -1.310293964260000052e+02 5.342411788220000091e+01 1.604489528999999948e+02
1.618968642230000088e-01 -1.162379489180000031e-01 2.446364180370000085e-01 -1.298833374520000083e-01 -1.305039898850000100e+02 5.329847025179999775e+01 1.601524044950000132e+02
1.207370401289999950e-01 -1.163831570720000042e-01 2.449869996540000039e-01 -1.274444407360000031e-01 -1.304995724929999881e+02 5.290649952900000130e+01 1.602552157689999888e+02
1.028833365390000032e-01 -1.148405809350000056e-01 2.487656431209999963e-01 -1.296111843449999912e-01 -1.312107742789999918e+02 5.246797988870000040e+01 1.594792928530000040e+02
2.132947084010000105e-01 -1.157868227879999962e-01 2.438345846799999939e-01 -1.332853300680000019e-01 -1.308778818689999923e+02 5.393912325320000178e+01 1.605564976670000021e+02
8.219454727999999655e-01 -1.149288225489999982e-01 2.442469887369999870e-01 -1.251867690990000059e-01 -1.314415205280000123e+02 5.296342126390000260e+01 1.600610745580000014e+02
1.665231437739999876e-01 -1.140271999000000008e-01 2.475479363610000039e-01 -1.294579482819999960e-01 -1.313760807269999873e+02 5.332984722430000346e+01 1.596133584670000118e+02
1.260870110969999902e-01 -1.184047867010000060e-01 2.459962315739999961e-01 -1.302916744039999963e-01 -1.300411779979999949e+02 5.354676093810000026e+01 1.601754294360000017e+02
1.050895589120000029e-01 -1.178645222910000012e-01 2.444659819459999994e-01 -1.295578850290000084e-01 -1.302724760240000137e+02 5.332008896840000034e+01 1.601814474539999935e+02
4.180736072440000006e-01 -1.141871047879999962e-01 2.430197147810000124e-01 -1.310699110809999957e-01 -1.307263176589999887e+02 5.359827468480000334e+01 1.607236534859999892e+02
4.114928074509999756e-01 -1.136078490060000029e-01 2.405676670109999915e-01 -1.297427775209999967e-01 -1.318016686470000138e+02 5.398386003760000307e+01 1.604603384039999980e+02
1.523666073870000026e-01 -1.128701494419999951e-01 2.470475751329999914e-01 -1.339570100820000054e-01 -1.312669230900000059e+02 5.389551011310000206e+01 1.598599699840000028e+02
3.395379552719999805e-01 -1.123800938939999994e-01 2.427009736330000000e-01 -1.306728631699999865e-01 -1.314050964490000126e+02 5.403817620000000232e+01 1.600834476340000094e+02
2.171453178989999899e-01 -1.146583064469999941e-01 2.394050913759999955e-01 -1.282873535619999950e-01 -1.307172552579999945e+02 5.409258332980000006e+01 1.606716635989999986e+02
3.591813251159999831e-01 -1.173713291840000061e-01 2.419279306150000086e-01 -1.248300138999999948e-01 -1.307622154819999878e+02 5.345393119509999735e+01 1.605293838270000037e+02
1.883025505819999890e-01 -1.144863767599999943e-01 2.445441063619999966e-01 -1.323609340019999969e-01 -1.312302081660000113e+02 5.379296821580000199e+01 1.600265854069999989e+02
2.645670734969999827e-01 -1.152928935270000066e-01 2.417481826160000069e-01 -1.259937761569999981e-01 -1.311261783989999969e+02 5.323005162989999661e+01 1.604614871020000066e+02
2.862011318250000103e-01 -1.144389747139999969e-01 2.466297180060000038e-01 -1.271627413089999881e-01 -1.313101740189999873e+02 5.274365999279999784e+01 1.597476242300000138e+02
1.439772778700000033e-01 -1.145960841040000039e-01 2.436059787529999965e-01 -1.240858911730000069e-01 -1.316348998059999929e+02 5.248089107229999684e+01 1.599006220629999859e+02
2.946654935219999993e-01 -1.178042511460000025e-01 2.435687464999999885e-01 -1.241407803509999991e-01 -1.304701487000000100e+02 5.289202092250000220e+01 1.599309978660000127e+02
1.688815765470000008e+00 -1.172562107230000067e-01 2.444425215599999868e-01 -1.293353318919999995e-01 -1.308156220299999859e+02 5.320950863099999850e+01 1.603151482579999936e+02
2.381800657139999944e-01 -1.134722474679999982e-01 2.433098891680000042e-01 -1.313190141879999884e-01 -1.312094045489999985e+02 5.393644102140000030e+01 1.601209308519999865e+02
1.547778539770000017e-01 -1.193182028880000051e-01 2.419578747330000112e-01 -1.278000229709999880e-01 -1.299272350189999941e+02 5.327971493369999934e+01 1.604362367669999969e+02
1.964444768220000026e-01 -1.142034900359999994e-01 2.433842175960000132e-01 -1.256348828209999935e-01 -1.316183615230000044e+02 5.291274693070000268e+01 1.602126259110000035e+02
1.278132650069999932e-01 -1.159693759359999993e-01 2.426157037910000036e-01 -1.280822521639999878e-01 -1.306184876769999903e+02 5.394439408920000290e+01 1.608441675059999909e+02
1.052588788780000062e-01 -1.131095265679999962e-01 2.434293304830000004e-01 -1.294951003569999870e-01 -1.317359740500000100e+02 5.400169442330000180e+01 1.605809721560000014e+02
8.826678426359999552e-01 -1.176828270560000000e-01 2.446564611610000106e-01 -1.254118358050000104e-01 -1.306481457760000069e+02 5.328242593569999741e+01 1.601825813529999891e+02
1.213897635380000034e-01 -1.126278062119999979e-01 2.469062478450000098e-01 -1.276725589870000011e-01 -1.315767474980000031e+02 5.282891536169999824e+01 1.595019362950000072e+02
2.389225192449999924e-01 -1.143833085890000045e-01 2.449315837029999998e-01 -1.314319202129999864e-01 -1.310410958630000096e+02 5.347587464610000296e+01 1.606027119990000074e+02
1.508210854200000006e-01 -1.144871627740000064e-01 2.371313654180000063e-01 -1.243670546230000035e-01 -1.312611624250000091e+02 5.373946009099999799e+01 1.608716890199999909e+02
1.106601852090000060e-01 -1.144015603119999946e-01 2.388720523220000114e-01 -1.248000044040000062e-01 -1.313367170360000102e+02 5.407037276829999684e+01 1.606693589989999964e+02
1.760003630470000080e-01 -1.160944530979999972e-01 2.417573283409999996e-01 -1.315549610739999986e-01 -1.304568080200000111e+02 5.408783675149999937e+01 1.607022295710000037e+02
4.972156357740000199e-01 -1.165511834449999978e-01 2.415489819119999992e-01 -1.310907117139999967e-01 -1.305424919620000139e+02 5.437035536089999965e+01 1.609884981229999994e+02
1.066434889750000059e-01 -1.173814497019999986e-01 2.454295491400000084e-01 -1.300605521369999906e-01 -1.301083163179999929e+02 5.367342336189999941e+01 1.605467560980000030e+02
7.555623023169999453e-01 -1.134814387099999933e-01 2.429432810630000050e-01 -1.311872402320000131e-01 -1.315241555679999976e+02 5.385743824200000063e+01 1.602104819580000026e+02
1.696238299820000073e+00 -1.180038754039999943e-01 2.443455797549999864e-01 -1.250030553940000011e-01 -1.303176850270000102e+02 5.341476718170000026e+01 1.599342384910000021e+02
1.844370656440000034e-01 -1.169739230850000006e-01 2.437993211960000073e-01 -1.295595056789999866e-01 -1.308076485599999899e+02 5.320953252300000003e+01 1.602000047710000104e+02
1.373805527660000025e-01 -1.197097860570000005e-01 2.431755128770000107e-01 -1.311894222459999981e-01 -1.297987031840000043e+02 5.431743829050000016e+01 1.606594559350000111e+02
1.170164665160000061e-01 -1.149903758479999955e-01 2.487232978549999973e-01 -1.290303680969999978e-01 -1.313463318320000042e+02 5.254619333880000198e+01 1.595621689859999890e+02
1.932814611889999978e-01 -1.159544748400000019e-01 2.419981204960000021e-01 -1.300495574199999893e-01 -1.302175811269999883e+02 5.367028455669999687e+01 1.606630351169999926e+02
6.540075612879999944e+00 -1.158903966409999958e-01 2.448952309630000046e-01 -1.354090247209999986e-01 -1.306688430629999971e+02 5.433890080820000179e+01 1.607800769570000057e+02
2.231006530300000124e-01 -1.160145509230000038e-01 2.434862613090000016e-01 -1.257381107930000130e-01 -1.311822538419999944e+02 5.295874356459999888e+01 1.597323267110000131e+02
1.028527267170000065e-01 -1.196471794509999936e-01 2.425811247140000071e-01 -1.259605335070000109e-01 -1.298304480250000097e+02 5.313035102140000276e+01 1.601553453939999940e+02
2.648630951859999860e-01 -1.160664237170000029e-01 2.440918678660000118e-01 -1.265203401080000067e-01 -1.313391275779999887e+02 5.328702088419999683e+01 1.599058390490000079e+02
2.162401228289999866e-01 -1.159908746779999972e-01 2.455895808199999863e-01 -1.296651493590000037e-01 -1.306850582049999900e+02 5.390025263340000095e+01 1.602193719329999908e+02
3.955574066890000129e+00 -1.156034315099999932e-01 2.448513747820000030e-01 -1.254876945629999907e-01 -1.312930423930000075e+02 5.274001432450000237e+01 1.599321595179999917e+02
1.667327086429999938e-01 -1.165886620330000012e-01 2.417882750049999974e-01 -1.293962199099999988e-01 -1.300214395630000013e+02 5.375624736550000193e+01 1.608417929009999909e+02
1.395054696789999882e-01 -1.191213480849999951e-01 2.380562909879999911e-01 -1.263922168970000037e-01 -1.299494607590000044e+02 5.409615802769999959e+01 1.610181848020000075e+02
1.279427335530000098e-01 -1.130894253120000026e-01 2.422749871190000015e-01 -1.304902418670000064e-01 -1.314681898960000126e+02 5.398154839019999685e+01 1.602224527109999883e+02
1.602470359269999867e-01 -1.163138796529999963e-01 2.443153186529999910e-01 -1.232743768540000007e-01 -1.309362537959999884e+02 5.290203798999999663e+01 1.598705623520000074e+02
1.146152932700000016e-01 -1.155668466680000034e-01 2.408880395399999874e-01 -1.295453435649999985e-01 -1.301597201570000095e+02 5.404770158609999697e+01 1.606893821969999863e+02
3.764029890939999956e-01 -1.200976823760000062e-01 2.428706975640000099e-01 -1.245290323519999964e-01 -1.299233828479999886e+02 5.300101077469999922e+01 1.604485652319999929e+02
1.359339069290000090e-01 -1.117034756760000025e-01 2.448980896590000067e-01 -1.300788315360000003e-01 -1.314423490789999960e+02 5.345938079820000155e+01 1.602344695879999961e+02
1.050036926359999984e-01 -1.114573777180000030e-01 2.449746428990000058e-01 -1.322967092869999917e-01 -1.315022760800000015e+02 5.415220119680000010e+01 1.603861435569999969e+02
1.361528071379999871e-01 -1.182325815899999966e-01 2.451170650060000011e-01 -1.305318440290000048e-01 -1.299993922360000056e+02 5.364450529260000167e+01 1.603239713479999864e+02
2.031693547919999898e-01 -1.145887374409999965e-01 2.440678313280000011e-01 -1.314133170060000078e-01 -1.313969945659999894e+02 5.405939616229999700e+01 1.601949659999999938e+02
2.388626905200000039e-01 -1.150209989919999953e-01 2.445040270740000132e-01 -1.297782926799999903e-01 -1.307833494799999983e+02 5.384091929699999923e+01 1.600423049720000108e+02
3.015558766299999971e-01 -1.134489134520000053e-01 2.479931875920000084e-01 -1.345145161919999999e-01 -1.309862871180000070e+02 5.360048522560000350e+01 1.600090136809999990e+02
1.607777948880000085e-01 -1.161535425130000021e-01 2.466355518209999986e-01 -1.326418138930000046e-01 -1.302728220729999862e+02 5.384065274240000321e+01 1.602794526110000106e+02
1.310086190480000135e-01 -1.165137343279999960e-01 2.419044864050000077e-01 -1.341130446649999863e-01 -1.303685919540000100e+02 5.472583508009999775e+01 1.607975628069999914e+02
4.694506155040000239e-01 -1.138539802959999958e-01 2.456554198539999956e-01 -1.266958879710000097e-01 -1.309816400199999862e+02 5.316927208410000105e+01 1.596959563679999974e+02
1.014573706650000046e-01 -1.162564604680000058e-01 2.419682515190000049e-01 -1.276319116079999982e-01 -1.307729128459999970e+02 5.377551316929999814e+01 1.607358554690000005e+02
1.922044339129999890e-01 -1.139723773489999953e-01 2.442411561929999919e-01 -1.302516695539999991e-01 -1.316771775960000070e+02 5.400441716750000154e+01 1.602476875250000035e+02
1.016661163099999987e-01 -1.133774052100000040e-01 2.410263213709999963e-01 -1.252881015900000061e-01 -1.317714077159999988e+02 5.343311934489999970e+01 1.603704856569999890e+02
1.306213814249999883e-01 -1.121848062960000003e-01 2.385903609670000092e-01 -1.294347347879999943e-01 -1.314687784650000140e+02 5.426186567869999777e+01 1.608779102850000129e+02
1.961837661030000068e-01 -1.121276705049999989e-01 2.402132033830000069e-01 -1.269611150059999916e-01 -1.314818395629999941e+02 5.380863669200000032e+01 1.605090981929999998e+02
1.097220711759999967e-01 -1.178344170789999978e-01 2.415928863089999989e-01 -1.255407062660000017e-01 -1.300086765389999925e+02 5.380092639850000324e+01 1.605985120109999968e+02
1.727331789379999982e-01 -1.173003095699999970e-01 2.479784284630000002e-01 -1.328295141109999966e-01 -1.304537984490000042e+02 5.359336759699999675e+01 1.601174465349999991e+02
1.495766424040000098e-01 -1.135997636189999965e-01 2.476689245370000125e-01 -1.264238381870000094e-01 -1.317032982970000035e+02 5.259233327430000315e+01 1.592563306790000013e+02
2.177345290669999989e-01 -1.190778656729999940e-01 2.444644566810000030e-01 -1.222716661389999931e-01 -1.302353134720000014e+02 5.264047210380000053e+01 1.599388686309999912e+02
1.173368584610000043e-01 -1.124541985349999940e-01 2.433125908700000117e-01 -1.261276166339999893e-01 -1.314757555379999872e+02 5.331324698000000240e+01 1.602734992160000047e+02
1.296446988330000050e-01 -1.201355486429999953e-01 2.433478660779999914e-01 -1.327914564459999891e-01 -1.295321348820000082e+02 5.432720502160000109e+01 1.606654957220000028e+02
1.106194647329999947e-01 -1.160627110509999949e-01 2.446078974229999869e-01 -1.260652348400000122e-01 -1.312331568769999990e+02 5.317201778100000098e+01 1.598932450320000100e+02
3.056375854169999795e-01 -1.136949650060000011e-01 2.462589943850000129e-01 -1.267834320619999899e-01 -1.319562366590000124e+02 5.311879778720000189e+01 1.598041651640000111e+02
1.048047729870000000e-01 -1.112212873350000020e-01 2.469980773849999867e-01 -1.300404330069999947e-01 -1.317799297210000020e+02 5.281246899709999809e+01 1.594492319219999956e+02
1.395308522469999868e-01 -1.156128245339999999e-01 2.492711045429999994e-01 -1.251847954360000015e-01 -1.312384907720000058e+02 5.220210154890000354e+01 1.591618334720000121e+02
1.319918373410000068e-01 -1.139706416090000007e-01 2.417687356110000130e-01 -1.221229810769999952e-01 -1.315912887469999930e+02 5.318790360039999854e+01 1.603022393900000111e+02
2.813068276790000044e-01 -1.142751105470000000e-01 2.439934780430000061e-01 -1.295405791239999937e-01 -1.306478570779999870e+02 5.336242842080000059e+01 1.603973894659999928e+02
1.132536323340000095e+00 -1.139620732550000043e-01 2.435387709250000088e-01 -1.265475077269999915e-01 -1.314551557350000053e+02 5.358037382999999920e+01 1.597897050589999992e+02
1.716783058459999955e-01 -1.117747250249999935e-01 2.455102671030000017e-01 -1.309136610130000045e-01 -1.314587757779999890e+02 5.343868357529999713e+01 1.599634106729999985e+02
1.851188492670000074e-01 -1.130477986600000040e-01 2.465777748209999898e-01 -1.243863305200000047e-01 -1.315564234279999880e+02 5.256775266500000043e+01 1.596403618129999984e+02
1.134532613719999999e-01 -1.163222928910000037e-01 2.440069205510000117e-01 -1.262741648150000062e-01 -1.306003963590000012e+02 5.320830576590000049e+01 1.604033637199999873e+02
2.017126497229999871e-01 -1.158785401099999973e-01 2.480141905430000016e-01 -1.303473600950000033e-01 -1.307106565859999989e+02 5.292512719949999678e+01 1.596934720339999956e+02
1.689089090130000137e-01 -1.152971179149999970e-01 2.420184720780000076e-01 -1.320877969300000010e-01 -1.305210426079999877e+02 5.405249198439999958e+01 1.607083417199999928e+02
5.748880609580000467e-01 -1.130381030690000010e-01 2.432608913829999997e-01 -1.280024318790000115e-01 -1.315575776629999893e+02 5.330740706999999645e+01 1.599278528170000016e+02
1.142213848649999974e-01 -1.232362767190000041e-01 2.429195906319999987e-01 -1.279857234640000008e-01 -1.288538198420000072e+02 5.391586073650000088e+01 1.608339897500000006e+02
1.387263153799999926e-01 -1.155026927000000064e-01 2.445209606750000098e-01 -1.292007450959999915e-01 -1.310297606569999971e+02 5.372302653300000230e+01 1.601917095659999859e+02
1.454167233520000102e-01 -1.164164752090000032e-01 2.410991452390000012e-01 -1.278093874750000081e-01 -1.306061820600000090e+02 5.333061354029999990e+01 1.607123785530000077e+02
5.733139787859999892e-01 -1.164843548330000006e-01 2.409235980420000034e-01 -1.237648643949999933e-01 -1.307971569540000019e+02 5.290891335290000086e+01 1.603941161920000127e+02
1.002571143910000045e-01 -1.181835614119999961e-01 2.437803636900000015e-01 -1.261518124350000103e-01 -1.304319506820000072e+02 5.301243476199999805e+01 1.605932175990000133e+02
1.897135279000000119e-01 -1.141092676599999994e-01 2.469768164070000049e-01 -1.272556129040000039e-01 -1.316112493749999999e+02 5.253232963800000022e+01 1.594658287850000136e+02
1.201478192390000033e-01 -1.111680571140000046e-01 2.430940585019999989e-01 -1.296015582860000070e-01 -1.316084511539999937e+02 5.369381697650000262e+01 1.600337384940000049e+02
8.617128887449999608e-01 -1.182075145990000020e-01 2.442440203340000004e-01 -1.281270151370000054e-01 -1.301759374110000067e+02 5.289518413649999928e+01 1.602116234009999971e+02
1.000413263680000053e-01 -1.143516756329999995e-01 2.363544421619999947e-01 -1.293726005170000026e-01 -1.309880429689999914e+02 5.482136571190000041e+01 1.611719858170000066e+02
1.468274321030000051e-01 -1.148472702849999971e-01 2.453105156800000075e-01 -1.290858355689999959e-01 -1.312776577230000044e+02 5.304855342569999976e+01 1.598929248219999977e+02
1.735394045360000026e-01 -1.138719549969999939e-01 2.437102775330000082e-01 -1.305310951599999991e-01 -1.317309544450000089e+02 5.403510902019999662e+01 1.603256376450000005e+02
1.114732586629999939e-01 -1.158304783199999993e-01 2.451926197709999866e-01 -1.314374357510000035e-01 -1.306572049270000093e+02 5.379485913669999775e+01 1.601159219049999933e+02
5.554378545579999882e-01 -1.173222648930000028e-01 2.414480032019999944e-01 -1.279531278609999934e-01 -1.310472474240000054e+02 5.366381669889999984e+01 1.603349499459999947e+02
1.486889971110000042e-01 -1.134469909699999945e-01 2.466929368069999962e-01 -1.313554644590000098e-01 -1.311625448430000063e+02 5.337242565580000075e+01 1.602725431590000085e+02
3.893717032649999799e-01 -1.147678448699999965e-01 2.391682497060000079e-01 -1.276061643449999949e-01 -1.313088031430000058e+02 5.450994407510000173e+01 1.611134601919999909e+02
6.318300470630000554e-01 -1.160827142129999962e-01 2.429615486120000056e-01 -1.267108354410000082e-01 -1.311092246729999999e+02 5.357734448549999939e+01 1.601170937630000140e+02
3.814271617810000015e-01 -1.194687527650000053e-01 2.433439786909999958e-01 -1.232005521620000016e-01 -1.303729358829999967e+02 5.305344913070000246e+01 1.603085122900000101e+02
1.689988433300000092e-01 -1.148875301719999992e-01 2.484309343570000050e-01 -1.286532806379999949e-01 -1.312414324210000132e+02 5.294788024529999859e+01 1.597731920299999899e+02
1.699584714269999908e-01 -1.177364249580000050e-01 2.461249998570000097e-01 -1.304427917519999924e-01 -1.306721633559999987e+02 5.350760902700000088e+01 1.602074870350000140e+02
1.137724839820000028e-01 -1.215073628100000053e-01 2.437471117460000003e-01 -1.231386778049999992e-01 -1.298619005019999975e+02 5.291169574380000284e+01 1.600308615529999940e+02
1.454302822770000003e-01 -1.148581595679999956e-01 2.428466153849999920e-01 -1.274648364859999883e-01 -1.312462981209999953e+02 5.405727025600000246e+01 1.605457887700000015e+02
1.485484086989999897e-01 -1.192041592710000042e-01 2.409746955769999921e-01 -1.248254730799999990e-01 -1.298360399979999897e+02 5.376922384259999887e+01 1.606601272739999899e+02
1.738739230449999895e-01 -1.217038444040000056e-01 2.404284437710000055e-01 -1.275127610990000049e-01 -1.291203717010000105e+02 5.401338744640000300e+01 1.610245414560000086e+02
1.565108331989999990e-01 -1.171128960340000053e-01 2.457778607509999991e-01 -1.267369696979999960e-01 -1.304510411669999996e+02 5.266073859240000132e+01 1.596255786810000075e+02
6.638488352570000028e-01 -1.158733266040000015e-01 2.416524083040000048e-01 -1.311315365209999861e-01 -1.307104824959999974e+02 5.452574407769999709e+01 1.611161490400000105e+02
1.194093426380000017e-01 -1.164420027710000027e-01 2.471927630909999951e-01 -1.285328596339999907e-01 -1.306988483659999929e+02 5.279633704049999920e+01 1.597194132799999977e+02
1.029392518260000000e-01 -1.159060112660000030e-01 2.432054627820000037e-01 -1.269208151419999875e-01 -1.312531624380000039e+02 5.363566140540000049e+01 1.606170420669999999e+02
1.170545404690000041e-01 -1.171924947430000030e-01 2.430766883159999892e-01 -1.240472086430000065e-01 -1.303587544970000067e+02 5.286128454239999996e+01 1.601693175769999868e+02
8.471389394580000065e-01 -1.144862303549999960e-01 2.425063694350000076e-01 -1.278898919070000084e-01 -1.314997070740000140e+02 5.315737276160000135e+01 1.602405349960000081e+02
1.177573138979999962e-01 -1.134385024929999985e-01 2.442791584029999907e-01 -1.301539769089999909e-01 -1.310613540299999897e+02 5.373291727430000009e+01 1.600876772469999878e+02
1.408907485860000086e-01 -1.169916780470000028e-01 2.410004259559999917e-01 -1.308879482170000053e-01 -1.302195050550000133e+02 5.439972003159999758e+01 1.612603636190000032e+02
2.159787530529999888e-01 -1.188432996140000031e-01 2.392924154149999871e-01 -1.256015938510000041e-01 -1.302486320769999963e+02 5.425804942650000129e+01 1.610395384550000131e+02
2.161930169500000165e+00 -1.147827793500000026e-01 2.426521688680000066e-01 -1.318972256139999966e-01 -1.311004775499999937e+02 5.442962748650000293e+01 1.606258060709999995e+02
2.501506027770000196e-01 -1.148422447080000020e-01 2.444512179849999967e-01 -1.300973726259999907e-01 -1.309044093910000015e+02 5.356791979369999979e+01 1.602016675870000029e+02
1.165607673780000020e-01 -1.154412076250000002e-01 2.430030166530000035e-01 -1.268120148880000075e-01 -1.312202622190000056e+02 5.307299157180000293e+01 1.603778145679999909e+02
2.388939531510000103e-01 -1.164831360250000031e-01 2.427071143729999936e-01 -1.244253715719999959e-01 -1.311627667360000089e+02 5.330678238379999812e+01 1.598253405830000133e+02
1.418227415880000120e-01 -1.128065540559999996e-01 2.444260141019999888e-01 -1.280505426940000135e-01 -1.317442752460000008e+02 5.357136782799999963e+01 1.598076122900000087e+02
1.002373549429999983e-01 -1.159779019559999957e-01 2.454528944430000026e-01 -1.291830327859999905e-01 -1.308046170050000114e+02 5.302194497109999816e+01 1.597367543469999873e+02
1.098056616930000035e-01 -1.167698305590000041e-01 2.410093106500000026e-01 -1.226375254440000007e-01 -1.308283595620000028e+02 5.327802436040000345e+01 1.601114397059999988e+02
1.415815457329999971e-01 -1.168253536640000007e-01 2.467160395390000094e-01 -1.281321547329999921e-01 -1.309072768169999961e+02 5.345216013049999759e+01 1.601862358699999902e+02
5.352873082179999686e-01 -1.118816024590000013e-01 2.392767348479999945e-01 -1.306211290909999878e-01 -1.317738916739999979e+02 5.455177534220000268e+01 1.607364084099999957e+02
1.136707718470000017e-01 -1.157186390430000045e-01 2.448196627700000017e-01 -1.247710304930000069e-01 -1.310946514770000135e+02 5.266810898840000021e+01 1.595793161779999991e+02
1.611893794320000128e-01 -1.133150095219999931e-01 2.445385291230000036e-01 -1.282538736050000128e-01 -1.313619444459999954e+02 5.330446211369999787e+01 1.598047490399999901e+02
1.436909339349999870e-01 -1.166379821029999986e-01 2.434539042970000067e-01 -1.302255059259999903e-01 -1.308648464869999941e+02 5.384821089030000252e+01 1.603300455769999928e+02
4.831368835589999744e-01 -1.194607629170000018e-01 2.442060859140000040e-01 -1.291065025910000108e-01 -1.298757284879999929e+02 5.348033709999999985e+01 1.603460279630000116e+02
3.257643295120000171e-01 -1.131909913679999963e-01 2.441103830739999869e-01 -1.264902232859999864e-01 -1.319393464409999979e+02 5.294496397639999685e+01 1.597699938369999870e+02
2.976891963330000057e-01 -1.167085721290000017e-01 2.425334266530000116e-01 -1.284808377699999948e-01 -1.306475303670000017e+02 5.333547497579999686e+01 1.607592227750000120e+02
1.505801897219999907e-01 -1.170574549160000033e-01 2.421799364120000020e-01 -1.239808212340000049e-01 -1.311300410130000103e+02 5.333081819299999893e+01 1.604581087059999902e+02
2.468846923030000029e-01 -1.153001459889999997e-01 2.469139172869999899e-01 -1.248472298690000010e-01 -1.310829643730000100e+02 5.234749964520000276e+01 1.595677004370000134e+02
1.143532647559999949e-01 -1.111711168850000042e-01 2.466652463519999894e-01 -1.291331311249999947e-01 -1.319321015760000080e+02 5.317485501579999863e+01 1.596098896020000097e+02
1.494722860219999949e-01 -1.168518922180000058e-01 2.450848978569999947e-01 -1.286971174830000009e-01 -1.301332354269999882e+02 5.340065668209999927e+01 1.602211209460000134e+02
1.865336429879999869e-01 -1.176129165169999963e-01 2.409629226789999912e-01 -1.291826594970000019e-01 -1.302992239200000029e+02 5.427026493710000210e+01 1.609647601849999887e+02
1.069108743509999959e-01 -1.200980814550000053e-01 2.444426786739999913e-01 -1.261138728650000040e-01 -1.300174712339999985e+02 5.337513082270000098e+01 1.605793861539999909e+02
7.174562188180000355e+00 -1.133996936070000017e-01 2.401687744780000022e-01 -1.251137785770000121e-01 -1.314252203899999927e+02 5.334838219120000247e+01 1.603808302770000012e+02
3.489476267519999730e-01 -1.174204101369999975e-01 2.446552002659999892e-01 -1.322280705140000123e-01 -1.303046100859999967e+02 5.420778108879999735e+01 1.602121566939999866e+02
1.077517286659999962e-01 -1.163905413739999978e-01 2.453747100020000071e-01 -1.269605435329999865e-01 -1.311577852739999912e+02 5.343198736059999732e+01 1.597253032920000066e+02
3.274924376930000158e-01 -1.126254186609999958e-01 2.461042907329999974e-01 -1.270946866990000090e-01 -1.318400521009999977e+02 5.280421248260000056e+01 1.594708149550000087e+02
4.287867153170000223e-01 -1.180603172189999966e-01 2.388717999749999932e-01 -1.243777808399999935e-01 -1.306693494760000078e+02 5.379142486960000014e+01 1.606887967819999972e+02
2.794144193299999968e-01 -1.157300984469999960e-01 2.404067001179999996e-01 -1.320714538309999964e-01 -1.307413590499999998e+02 5.477029093419999839e+01 1.611208127650000108e+02
1.296540336650000014e-01 -1.163545470670000054e-01 2.441718466080000094e-01 -1.341549995150000119e-01 -1.308537112680000121e+02 5.437135081489999777e+01 1.604191269739999939e+02
2.138936129039999967e-01 -1.177192766320000056e-01 2.426830235480000042e-01 -1.267502297030000113e-01 -1.309963730620000035e+02 5.314580357100000185e+01 1.603017948929999932e+02
1.041202562060000031e-01 -1.140170144949999992e-01 2.406675323609999972e-01 -1.266631646199999905e-01 -1.314160170220000055e+02 5.388026538169999924e+01 1.607617724220000071e+02
5.159919226939999604e-01 -1.160073942799999952e-01 2.462076821560000017e-01 -1.299654973530000035e-01 -1.309837392290000082e+02 5.302454035179999892e+01 1.597301913260000106e+02
1.469805997159999988e-01 -1.189624421850000030e-01 2.449312576109999862e-01 -1.256112712859999980e-01 -1.301119177660000048e+02 5.248481850520000336e+01 1.598967217169999913e+02
2.037219203629999920e-01 -1.155982150869999947e-01 2.441073966200000001e-01 -1.326674444579999945e-01 -1.309992886699999985e+02 5.413576259060000240e+01 1.601590117169999985e+02
1.018135051120000051e-01 -1.132708854730000020e-01 2.444158592550000064e-01 -1.287230532020000040e-01 -1.313675027109999860e+02 5.346961491780000131e+01 1.602743761010000014e+02
1.092536313559999972e-01 -1.136983122250000006e-01 2.421039581149999897e-01 -1.309257669860000028e-01 -1.312195574559999898e+02 5.410137734100000273e+01 1.607997576360000096e+02
4.684003453300000230e-01 -1.192439263069999950e-01 2.425719512760000085e-01 -1.263042270580000126e-01 -1.301556939330000091e+02 5.304197569539999790e+01 1.606733390260000078e+02
1.165871890190000038e-01 -1.156501302419999933e-01 2.429004262099999922e-01 -1.327699371570000009e-01 -1.306548359720000008e+02 5.414307783400000318e+01 1.609281317889999912e+02
3.825058994039999827e-01 -1.164231060019999958e-01 2.418234976849999995e-01 -1.307567615309999931e-01 -1.302799352639999881e+02 5.457636206259999767e+01 1.605640392539999937e+02
2.558440628670000105e+00 -1.144363765789999932e-01 2.423856883180000032e-01 -1.316228487220000021e-01 -1.313057169809999891e+02 5.404977806649999650e+01 1.601655843940000068e+02
1.559652211299999980e-01 -1.175953266199999958e-01 2.445279893979999952e-01 -1.284818316490000112e-01 -1.303727956410000104e+02 5.365713800849999870e+01 1.602272149190000050e+02
1.214943891549999933e-01 -1.141625946940000025e-01 2.443299215810000036e-01 -1.265431589480000008e-01 -1.312125137859999882e+02 5.322540958660000143e+01 1.597747750389999908e+02
1.056918411459999985e-01 -1.187340710870000010e-01 2.455436796280000000e-01 -1.295869780070000032e-01 -1.297574029929999995e+02 5.341080097599999732e+01 1.603461218669999937e+02
2.144868081380000013e-01 -1.164371458189999986e-01 2.436646266639999892e-01 -1.256251484560000076e-01 -1.307121140389999994e+02 5.332142037399999879e+01 1.601211557560000074e+02
1.077213607240000010e-01 -1.154153716750000030e-01 2.406352480989999987e-01 -1.214752277149999948e-01 -1.313246181009999987e+02 5.337026499339999930e+01 1.602583290729999987e+02
2.731974815479999985e-01 -1.136737576329999999e-01 2.436395182140000115e-01 -1.276446912749999996e-01 -1.314663915559999907e+02 5.275248740319999996e+01 1.598598286589999873e+02
3.355258173539999689e+01 -1.162937747749999973e-01 2.436097425189999999e-01 -1.292561956319999983e-01 -1.304293248870000070e+02 5.387455795310000184e+01 1.606346672130000002e+02
1.039875695300000041e-01 -1.120901876259999957e-01 2.454185437499999956e-01 -1.212011048159999937e-01 -1.321543965539999874e+02 5.223977652749999834e+01 1.592325097940000092e+02
1.319583330540000099e-01 -1.145860781840000037e-01 2.434987138659999995e-01 -1.296177880549999883e-01 -1.313025575480000100e+02 5.325870477670000014e+01 1.599280725840000059e+02
3.374489420630000236e-01 -1.148455709500000033e-01 2.428684420449999937e-01 -1.296507280399999962e-01 -1.313538177160000089e+02 5.364414796289999998e+01 1.603003848669999911e+02
2.151716964229999918e-01 -1.184701743410000035e-01 2.450544579420000091e-01 -1.247167952190000040e-01 -1.302609455060000130e+02 5.286297212449999705e+01 1.600656079770000133e+02
6.438453355100000053e-01 -1.166759378690000043e-01 2.398815555219999951e-01 -1.271229505350000011e-01 -1.305257295609999915e+02 5.428740234170000178e+01 1.608800977710000097e+02
1.452477951529999867e-01 -1.154300744160000058e-01 2.486041595069999888e-01 -1.258075167240000070e-01 -1.312065128319999872e+02 5.257831490939999952e+01 1.592541861020000056e+02
6.687448133679999573e-01 -1.127706119720000011e-01 2.444957022829999937e-01 -1.294826651409999863e-01 -1.318811392220000016e+02 5.336833792379999863e+01 1.597636750279999944e+02
1.482900298740000011e-01 -1.157014195339999968e-01 2.445474104550000027e-01 -1.317683367499999925e-01 -1.308705195070000116e+02 5.399921746639999753e+01 1.605214540400000089e+02
1.032097242830000011e-01 -1.172503920460000043e-01 2.433908508650000080e-01 -1.240399084199999974e-01 -1.303416434849999916e+02 5.302601733899999914e+01 1.601370383119999872e+02
4.534624358350000106e-01 -1.153466162429999942e-01 2.420500898630000008e-01 -1.266796800580000104e-01 -1.314049685319999980e+02 5.361597847350000023e+01 1.603162757590000069e+02
3.645224090679999862e-01 -1.178316295210000003e-01 2.425268172120000065e-01 -1.273217445629999944e-01 -1.308119752460000029e+02 5.402192521159999927e+01 1.603759237529999950e+02
2.276231833609999866e-01 -1.154716195609999940e-01 2.429146160890000017e-01 -1.294332023820000122e-01 -1.302509302409999918e+02 5.354721679160000036e+01 1.602156374649999862e+02
1.042629886090000041e-01 -1.144662254029999993e-01 2.453356557180000064e-01 -1.336928817830000116e-01 -1.308737348070000053e+02 5.401965495879999679e+01 1.600808738140000003e+02
3.283385652620000039e-01 -1.173819276690000052e-01 2.432373713709999885e-01 -1.272161546530000131e-01 -1.310135868330000051e+02 5.330018974789999930e+01 1.603052290089999872e+02
1.151816818699999967e-01 -1.130056942889999944e-01 2.458123097949999891e-01 -1.311611659399999907e-01 -1.312951265979999960e+02 5.314456548409999925e+01 1.597621496909999905e+02
2.974000001800000126e-01 -1.150639571690000029e-01 2.433121667099999996e-01 -1.284388970819999864e-01 -1.316321038910000141e+02 5.380332027530000261e+01 1.604708517439999866e+02
2.211825083869999875e-01 -1.169304133249999961e-01 2.462555296170000074e-01 -1.281849879149999927e-01 -1.307463874329999953e+02 5.276229673489999783e+01 1.595577836299999888e+02
3.564249491450000029e-01 -1.187502885680000037e-01 2.441069166679999958e-01 -1.285434492149999941e-01 -1.304305187189999913e+02 5.319291712420000096e+01 1.599633659650000084e+02
2.006809813650000107e-01 -1.161602292290000032e-01 2.464740858789999933e-01 -1.284107985600000112e-01 -1.307202452409999864e+02 5.364466406719999725e+01 1.597771895879999988e+02
9.920936196190000000e-01 -1.157934585420000023e-01 2.416628779289999862e-01 -1.270101654939999880e-01 -1.303566233249999868e+02 5.338422525650000239e+01 1.604968714610000120e+02
1.001294236590000025e-01 -1.121885807759999965e-01 2.453188360140000079e-01 -1.336277692099999970e-01 -1.312320876199999873e+02 5.401289844320000100e+01 1.604783298490000050e+02
5.241870188949999676e-01 -1.114763998159999936e-01 2.440945947940000027e-01 -1.253894819639999880e-01 -1.320793464790000087e+02 5.309377799720000013e+01 1.599338244729999872e+02
1.282454942600000092e-01 -1.179326471330000015e-01 2.434805266889999986e-01 -1.299014894590000135e-01 -1.303265671469999916e+02 5.425274189499999977e+01 1.604262921570000060e+02
1.407279861200000093e-01 -1.177875569799999994e-01 2.490387157700000020e-01 -1.280709791980000067e-01 -1.303840200260000017e+02 5.241861247770000176e+01 1.596421723699999973e+02
1.783518639849999976e-01 -1.151868414449999933e-01 2.436305928470000048e-01 -1.336131280039999925e-01 -1.312148340630000121e+02 5.454249031940000236e+01 1.604651639120000084e+02
2.892744877569999873e-01 -1.138796882630000035e-01 2.464191243999999947e-01 -1.325015089550000136e-01 -1.312180174359999967e+02 5.359319844779999897e+01 1.599862862120000102e+02
2.613730672619999917e-01 -1.154508771259999955e-01 2.456904427230000021e-01 -1.296627946199999937e-01 -1.306030431339999893e+02 5.382990874219999711e+01 1.600270117960000107e+02
1.045440592580000050e-01 -1.158246481580000042e-01 2.464088634190000071e-01 -1.328838689350000102e-01 -1.308309389519999968e+02 5.359208473780000048e+01 1.602310285149999913e+02
1.030732528420000016e-01 -1.191096893089999970e-01 2.425545406300000095e-01 -1.264989811349999937e-01 -1.300811702329999946e+02 5.343382174490000125e+01 1.603286953870000104e+02
1.659518504789999904e-01 -1.142758382719999966e-01 2.483235724639999975e-01 -1.284468803699999884e-01 -1.312748512409999933e+02 5.253452443319999787e+01 1.597381363560000125e+02
1.081521067169999989e-01 -1.146392693970000043e-01 2.433352121340000007e-01 -1.289428857580000032e-01 -1.314976974440000106e+02 5.304311764399999873e+01 1.602854769969999893e+02
1.257501043910000116e-01 -1.125192316329999970e-01 2.422808418269999930e-01 -1.267236812660000045e-01 -1.318207369630000017e+02 5.354696161999999759e+01 1.600352999540000098e+02
4.443877491429999993e-01 -1.166008470689999937e-01 2.408639360640000004e-01 -1.249944060150000036e-01 -1.310022251499999868e+02 5.342957653799999918e+01 1.604806234449999920e+02
1.042736622730000007e-01 -1.183952652200000039e-01 2.386640119110000069e-01 -1.241221499449999960e-01 -1.303081199819999938e+02 5.415297939759999934e+01 1.608791488070000071e+02
1.284804728879999913e-01 -1.203138948860000002e-01 2.483855654119999923e-01 -1.249265402490000038e-01 -1.296828197469999964e+02 5.218358695629999744e+01 1.596566813579999859e+02
1.798887205849999948e-01 -1.140107083019999967e-01 2.390902016879999925e-01 -1.251885201750000121e-01 -1.313759110260000114e+02 5.363551183930000121e+01 1.605258198639999989e+02
2.324600220470000034e-01 -1.149959276379999978e-01 2.472332719199999973e-01 -1.375612734040000118e-01 -1.306353432770000040e+02 5.395654910729999898e+01 1.603872685599999954e+02
2.349324900260000015e-01 -1.165027056599999972e-01 2.447775460030000017e-01 -1.308129478270000090e-01 -1.303811389779999956e+02 5.413298096310000318e+01 1.607120580920000066e+02
1.118808092729999953e-01 -1.188252166109999980e-01 2.427953290319999902e-01 -1.273148327460000007e-01 -1.301050848280000025e+02 5.355932088120000145e+01 1.602226277599999946e+02
5.561079050660000078e+00 -1.131694164119999985e-01 2.444346956719999908e-01 -1.293858245650000016e-01 -1.316078927659999920e+02 5.353424996649999912e+01 1.598043751399999906e+02
1.003109440089999943e-01 -1.152973795020000025e-01 2.413285916669999920e-01 -1.275016123759999953e-01 -1.312138004360000139e+02 5.342526989529999781e+01 1.603876047319999998e+02
1.188298884139999956e-01 -1.138219141120000028e-01 2.488754168519999865e-01 -1.261430564319999947e-01 -1.313109821870000076e+02 5.252100905529999864e+01 1.593588820059999875e+02
4.027407491650000226e-01 -1.155810687040000062e-01 2.417902694630000016e-01 -1.293938120919999879e-01 -1.312954279779999922e+02 5.366823849210000219e+01 1.603050838910000095e+02
1.052512135460000053e-01 -1.159367332590000021e-01 2.431128823990000021e-01 -1.272297753009999921e-01 -1.305242694060000019e+02 5.329859705119999802e+01 1.602689413139999886e+02
2.914303459379999905e-01 -1.124064383510000042e-01 2.431595755239999990e-01 -1.306708496550000043e-01 -1.313498409299999992e+02 5.428831046199999832e+01 1.602499665820000132e+02
3.343930274329999786e-01 -1.155536426000000061e-01 2.461702733249999941e-01 -1.281979950970000004e-01 -1.306875079030000109e+02 5.325651652100000177e+01 1.600195841229999871e+02
1.811771469500000065e-01 -1.168068739400000000e-01 2.424631106229999944e-01 -1.264918365459999916e-01 -1.309958885179999868e+02 5.315780961829999995e+01 1.602770544400000006e+02
1.149476122290000041e-01 -1.164618693599999977e-01 2.443456629330000018e-01 -1.259360150409999934e-01 -1.308264155089999861e+02 5.352859577800000324e+01 1.604116736260000096e+02
2.899876351200000091e+00 -1.179532248749999984e-01 2.394832949890000062e-01 -1.253379058809999946e-01 -1.302859091409999905e+02 5.406520414300000255e+01 1.608033752869999944e+02
4.623380483930000229e-01 -1.183062820080000022e-01 2.465055632070000113e-01 -1.266005723209999989e-01 -1.304122017619999951e+02 5.261556914890000058e+01 1.601309814519999861e+02
1.291430908270000122e-01 -1.158459156059999939e-01 2.418634308979999981e-01 -1.269886412790000030e-01 -1.308605768310000030e+02 5.412056678900000151e+01 1.604655936750000080e+02
1.398050722489999897e-01 -1.166885913290000021e-01 2.440107457089999987e-01 -1.281108237180000053e-01 -1.310430411670000126e+02 5.333637073540000273e+01 1.599818533510000123e+02
1.338290452170000089e+00 -1.164812782230000010e-01 2.434873098679999903e-01 -1.246762636829999993e-01 -1.305205844470000045e+02 5.293305426820000292e+01 1.599069078199999865e+02
4.582029973260000055e-01 -1.156096731459999999e-01 2.423218019149999958e-01 -1.306918204889999935e-01 -1.310301685729999974e+02 5.431959179089999878e+01 1.605962460259999887e+02
1.316014653889999997e-01 -1.117254620600000026e-01 2.398341898809999984e-01 -1.324043520619999914e-01 -1.315361477040000011e+02 5.456061504299999854e+01 1.607201549570000054e+02
1.079428638219999959e-01 -1.157489414740000000e-01 2.460093868069999912e-01 -1.299323518540000111e-01 -1.308939476719999959e+02 5.334520456210000106e+01 1.598862620600000071e+02
1.246952163349999976e-01 -1.161565339770000010e-01 2.448797583139999956e-01 -1.265799162510000131e-01 -1.306720661800000016e+02 5.301988242369999682e+01 1.601800698090000026e+02
1.224203471290000039e-01 -1.147472535460000026e-01 2.432541211769999878e-01 -1.298370854289999932e-01 -1.317202827639999896e+02 5.355210198590000203e+01 1.602316407389999995e+02
1.109182224879999984e-01 -1.167016987240000053e-01 2.439468302070000039e-01 -1.339212172260000056e-01 -1.304455635029999883e+02 5.427444669970000035e+01 1.605480091260000108e+02
2.647099023949999741e-01 -1.137279192060000055e-01 2.385158746319999967e-01 -1.251137157820000068e-01 -1.316478590240000131e+02 5.405052584100000246e+01 1.607849677860000099e+02
1.197523041250000003e-01 -1.153774443290000035e-01 2.419760442109999965e-01 -1.274449009810000033e-01 -1.309621778549999931e+02 5.375076456290000237e+01 1.605657096269999897e+02
3.421205423850000038e-01 -1.154437695109999940e-01 2.473698789529999997e-01 -1.312553550480000109e-01 -1.307195496870000113e+02 5.286637716069999726e+01 1.597990480349999984e+02
1.082942977069999979e-01 -1.156385814660000066e-01 2.434353447450000041e-01 -1.312176157820000022e-01 -1.312121287329999859e+02 5.417798377449999947e+01 1.608334807640000008e+02
1.064511063849999939e-01 -1.147228745949999962e-01 2.448980839759999917e-01 -1.270448081130000073e-01 -1.310719647699999939e+02 5.294743971729999998e+01 1.597244090000000085e+02
1.818229574409999938e-01 -1.188355067010000016e-01 2.417214516619999864e-01 -1.249635872470000048e-01 -1.307300032770000087e+02 5.346415516489999931e+01 1.602962278869999864e+02
3.637127259010000113e-01 -1.149443159669999992e-01 2.465928578609999922e-01 -1.262503311790000027e-01 -1.311321657560000062e+02 5.272306862389999793e+01 1.594015425540000024e+02
1.336854387020000035e-01 -1.174074484450000067e-01 2.437045607430000094e-01 -1.251652790780000135e-01 -1.304943956179999986e+02 5.313956155270000181e+01 1.601968661800000007e+02
1.997040063799999932e-01 -1.131741889990000027e-01 2.434315020900000015e-01 -1.325271794940000025e-01 -1.314394209620000140e+02 5.421053415099999739e+01 1.606505381240000077e+02
1.441233578780000135e-01 -1.150561260669999974e-01 2.442957538220000002e-01 -1.311521475719999996e-01 -1.306652493109999966e+02 5.396228768590000158e+01 1.599718041099999937e+02
6.637826795569999883e-01 -1.144544854690000002e-01 2.407873050509999890e-01 -1.265778538170000134e-01 -1.314537582629999974e+02 5.329974392860000165e+01 1.606244451009999921e+02
1.014139356939999931e-01 -1.128456259510000059e-01 2.452298474079999957e-01 -1.286867341250000074e-01 -1.318181154479999861e+02 5.332425659839999810e+01 1.598034735740000087e+02
2.386155663260000059e-01 -1.139869019009999984e-01 2.423954642180000119e-01 -1.211844664260000037e-01 -1.318263510790000055e+02 5.269851962490000119e+01 1.598335498339999958e+02
1.149044807009999974e-01 -1.135383766840000058e-01 2.393371926560000085e-01 -1.288616873100000004e-01 -1.311782041079999885e+02 5.400469588170000179e+01 1.607498893540000040e+02
1.585511498040000078e-01 -1.144965358910000064e-01 2.418990498230000064e-01 -1.318509634480000137e-01 -1.306248812350000037e+02 5.411759286689999726e+01 1.607294996960000049e+02
9.221538110860000304e-01 -1.164945801769999983e-01 2.485565418250000047e-01 -1.296263451659999955e-01 -1.308185029139999926e+02 5.328665408380000201e+01 1.597814839499999948e+02
1.319864237149999953e-01 -1.172173516919999964e-01 2.396681489449999924e-01 -1.247127999220000033e-01 -1.308632580930000131e+02 5.363686204140000058e+01 1.606648691590000055e+02
2.856320859640000265e-01 -1.146706190659999985e-01 2.448679974309999896e-01 -1.259080436330000108e-01 -1.315584939709999901e+02 5.267510052890000338e+01 1.594802360889999875e+02
6.000730364799999883e-01 -1.140262221399999942e-01 2.452031325940000062e-01 -1.299144001839999951e-01 -1.315226898950000134e+02 5.320457905869999848e+01 1.597452278289999867e+02
1.878736509989999970e-01 -1.175002654469999991e-01 2.441167935509999942e-01 -1.251753035120000135e-01 -1.309702373179999881e+02 5.348509383449999888e+01 1.599242907569999943e+02
1.173217960159999990e-01 -1.162938623530000021e-01 2.407568759729999952e-01 -1.287029513179999973e-01 -1.310726563590000069e+02 5.441524446599999720e+01 1.608997505039999965e+02
1.142550410209999950e-01 -1.171429445160000055e-01 2.456736860990000049e-01 -1.250428620709999883e-01 -1.307150105050000093e+02 5.287238584429999833e+01 1.599354219600000135e+02
1.764830925460000033e-01 -1.184772634200000063e-01 2.442190705810000084e-01 -1.252614567039999904e-01 -1.304726274839999860e+02 5.305367186470000007e+01 1.601458762299999989e+02
1.506455235430000095e-01 -1.183766530230000030e-01 2.418418590679999869e-01 -1.253403621899999987e-01 -1.302136637860000121e+02 5.307207301380000075e+01 1.602392145139999968e+02
1.507853441410000050e-01 -1.135479810719999955e-01 2.417498036019999907e-01 -1.304276235050000066e-01 -1.315742232860000058e+02 5.390807726239999909e+01 1.604899193009999863e+02
3.471018564180000099e-01 -1.150766652260000050e-01 2.411855695469999894e-01 -1.229909168189999985e-01 -1.309484652099999948e+02 5.304689954639999883e+01 1.605239061679999963e+02
2.471684328679999987e-01 -1.159835371889999939e-01 2.443228255999999876e-01 -1.284367630940000116e-01 -1.309014487340000130e+02 5.331918255960000153e+01 1.603409786500000109e+02
3.297261586110000198e-01 -1.147298876369999970e-01 2.446622737780000112e-01 -1.291651901189999896e-01 -1.314963740620000010e+02 5.393363964489999773e+01 1.601394867980000072e+02
1.475824209659999942e-01 -1.150997959110000024e-01 2.480963436539999900e-01 -1.311154203919999983e-01 -1.307480812000000014e+02 5.270492896260000038e+01 1.595964750880000054e+02
1.651536859190000095e-01 -1.173540873780000021e-01 2.418527981030000051e-01 -1.325308882450000059e-01 -1.299043264830000055e+02 5.462380114999999847e+01 1.612162857989999907e+02
1.110221122560000051e-01 -1.200458179429999966e-01 2.395125580580000080e-01 -1.303452322449999978e-01 -1.295481871700000056e+02 5.482843542410000026e+01 1.613992765430000134e+02
1.582594904169999928e-01 -1.185169801849999954e-01 2.406162556800000019e-01 -1.235619683320000051e-01 -1.305871625350000045e+02 5.372006572029999916e+01 1.605667943649999927e+02
3.301826646039999757e-01 -1.135104013460000033e-01 2.402119180989999991e-01 -1.272951277079999999e-01 -1.314309367980000047e+02 5.386308043500000053e+01 1.605609117189999893e+02
4.528232610730000274e-01 -1.135081003230000024e-01 2.402344342630000074e-01 -1.299155292470000056e-01 -1.313233217979999949e+02 5.423907054579999709e+01 1.609713741840000125e+02
2.726179680549999929e-01 -1.156428578639999982e-01 2.440985553810000042e-01 -1.252679956670000039e-01 -1.308459555949999924e+02 5.304670441279999693e+01 1.599256127989999925e+02
1.193395742249999947e-01 -1.131100403980000030e-01 2.426937017109999928e-01 -1.265570514609999919e-01 -1.317773549720000119e+02 5.299382442880000355e+01 1.602577520350000100e+02
1.445918007219999968e+00 -1.134084820229999957e-01 2.400829259130000115e-01 -1.323557479240000112e-01 -1.313316388190000055e+02 5.448989827409999975e+01 1.610873781770000051e+02
1.563383527399999917e-01 -1.173105968289999967e-01 2.458759945120000123e-01 -1.229129952859999986e-01 -1.307081689149999875e+02 5.267957780060000061e+01 1.595252599089999990e+02
1.104601695130000005e-01 -1.126572532999999959e-01 2.429998246189999933e-01 -1.291794331489999892e-01 -1.310953608339999903e+02 5.412223671699999983e+01 1.604370701420000103e+02
1.307687024480000126e-01 -1.121030883750000068e-01 2.416460301289999890e-01 -1.254284530279999865e-01 -1.319846777109999891e+02 5.338308869669999979e+01 1.600253777110000044e+02
4.494181104550000194e-01 -1.152999806420000051e-01 2.403624715029999970e-01 -1.298082301379999970e-01 -1.306830778860000066e+02 5.391473100919999695e+01 1.609188389420000078e+02
1.024034928789999965e-01 -1.164037906339999984e-01 2.413364215490000075e-01 -1.261465146920000002e-01 -1.311944322759999864e+02 5.398479821029999925e+01 1.603844051250000007e+02
3.449456846699999746e-01 -1.185874921299999996e-01 2.426048915000000028e-01 -1.264469462349999962e-01 -1.304593619540000020e+02 5.305364340389999711e+01 1.604675464780000027e+02
2.879111877330000069e-01 -1.152107145029999946e-01 2.462270930079999975e-01 -1.231563867319999950e-01 -1.314363419919999956e+02 5.224835500870000260e+01 1.594161609960000021e+02
7.033566090680000160e-01 -1.119734819200000064e-01 2.422767988829999941e-01 -1.291691607219999927e-01 -1.320580213030000039e+02 5.392511809319999827e+01 1.605304952719999960e+02
2.255706856899999946e-01 -1.205382182860000040e-01 2.442247596050000080e-01 -1.351827529079999979e-01 -1.294882225190000042e+02 5.438326479839999905e+01 1.608020679109999946e+02
1.009917830649999931e-01 -1.160391818220000010e-01 2.391589038649999943e-01 -1.263293617640000033e-01 -1.309592303500000128e+02 5.437430495400000297e+01 1.608611529119999943e+02
1.033373683110000024e-01 -1.151654666679999967e-01 2.424472421140000111e-01 -1.301612666570000076e-01 -1.312648532960000125e+02 5.422809370689999753e+01 1.602238483030000111e+02
2.864353917479999789e-01 -1.138538022719999959e-01 2.427992752049999980e-01 -1.248267013519999968e-01 -1.315940909630000135e+02 5.305626145219999756e+01 1.597653559379999990e+02
1.573163154470000047e-01 -1.156695865259999983e-01 2.443998019839999924e-01 -1.264405644920000016e-01 -1.312175695839999889e+02 5.316086537329999828e+01 1.597545758420000084e+02
1.039013334100000047e-01 -1.134109928530000061e-01 2.450909126199999899e-01 -1.292374356290000026e-01 -1.320150268630000028e+02 5.318251206810000298e+01 1.597878474830000073e+02
1.184192598879999947e+00 -1.168539367530000012e-01 2.438680628010000129e-01 -1.278358297320000003e-01 -1.305069251570000120e+02 5.313607064299999649e+01 1.605271047870000132e+02
3.373152023520000209e-01 -1.157102499710000038e-01 2.426397386549999924e-01 -1.308645824599999896e-01 -1.305918304669999941e+02 5.396012508590000323e+01 1.607998527949999925e+02
3.904617517039999930e-01 -1.092473815020000016e-01 2.427195636339999907e-01 -1.261436366420000121e-01 -1.328489297389999990e+02 5.318514450459999665e+01 1.599490802669999994e+02
2.003183880930000105e-01 -1.183969133779999988e-01 2.445480840429999914e-01 -1.232882740290000001e-01 -1.303820415579999974e+02 5.232780176840000053e+01 1.599849593989999903e+02
1.021426396019999988e-01 -1.136912484200000018e-01 2.399853404079999863e-01 -1.275368537100000088e-01 -1.312566520459999992e+02 5.424665132199999817e+01 1.607604243970000084e+02
9.182391961410000247e-01 -1.182100633749999935e-01 2.442874500960000028e-01 -1.293375453919999862e-01 -1.304269586179999862e+02 5.348472561770000056e+01 1.601947264689999884e+02
9.076996193840000116e-01 -1.144563656119999967e-01 2.468985636909999948e-01 -1.347703854779999932e-01 -1.307788109189999943e+02 5.408033876569999876e+01 1.599163744770000051e+02
1.494617779970000004e+00 -1.166058702690000032e-01 2.424929350829999886e-01 -1.263524963069999896e-01 -1.310721937000000139e+02 5.324175465169999910e+01 1.600393815539999878e+02
1.150449883550000024e-01 -1.142808522120000031e-01 2.478355139739999990e-01 -1.287359572719999901e-01 -1.307902195499999891e+02 5.284116931999999878e+01 1.595977528900000095e+02
1.178682756440000007e-01 -1.161494537389999998e-01 2.426244710480000011e-01 -1.291917052379999986e-01 -1.307238701590000005e+02 5.350645769810000019e+01 1.603268744940000090e+02
2.876403555689999725e-01 -1.125719173869999951e-01 2.437434654500000020e-01 -1.305787739929999969e-01 -1.309917134940000096e+02 5.390889566999999971e+01 1.605282103719999895e+02
1.211916455920000052e-01 -1.129533778020000018e-01 2.475694411469999967e-01 -1.264578557200000120e-01 -1.317583056940000006e+02 5.253870501800000170e+01 1.596172752559999992e+02
1.638093480610000041e-01 -1.120268414959999931e-01 2.448482070859999971e-01 -1.326098781299999974e-01 -1.319062584810000089e+02 5.365037029460000184e+01 1.601813123009999913e+02
1.427697400269999917e-01 -1.136930889690000029e-01 2.499085583700000057e-01 -1.349517962729999965e-01 -1.312035199659999876e+02 5.354337510559999913e+01 1.596165649449999933e+02
1.537442196490000079e-01 -1.166719653119999978e-01 2.459819052660000005e-01 -1.291853211369999865e-01 -1.309371694710000043e+02 5.346296355390000343e+01 1.602736025330000018e+02
1.307649693569999938e-01 -1.138974420699999934e-01 2.448543719949999864e-01 -1.325228133309999945e-01 -1.307932157639999957e+02 5.420585211400000247e+01 1.601650226669999881e+02
1.786698639869999938e-01 -1.160149732820000001e-01 2.438343284189999904e-01 -1.298743351589999873e-01 -1.306690330099999926e+02 5.361082991149999799e+01 1.605477958870000066e+02
1.208798771919999959e-01 -1.168488441550000062e-01 2.459717833239999929e-01 -1.293526034920000067e-01 -1.307312008419999927e+02 5.343969868759999997e+01 1.601146331070000031e+02
1.572905490500000059e-01 -1.191801597289999931e-01 2.376092220970000002e-01 -1.281662789590000129e-01 -1.299533203990000061e+02 5.489659694160000214e+01 1.614579571120000026e+02
3.748384861290000036e-01 -1.179259095759999931e-01 2.367098588469999931e-01 -1.278080930119999958e-01 -1.299122458509999944e+02 5.467746551420000145e+01 1.613783423289999917e+02
2.865335089030000004e-01 -1.158712533649999959e-01 2.427991683319999927e-01 -1.276331009109999970e-01 -1.307126397209999880e+02 5.376147476869999764e+01 1.603482102579999946e+02
3.040712012010000076e-01 -1.175666947759999997e-01 2.436420137689999932e-01 -1.251847264579999952e-01 -1.309489364270000067e+02 5.281347335969999790e+01 1.597587337269999921e+02
1.453137222979999921e-01 -1.142358016020000033e-01 2.491968258660000046e-01 -1.276235208089999962e-01 -1.314567538519999914e+02 5.253589655820000104e+01 1.595138535469999965e+02
1.003691125659999933e-01 -1.130725095670000041e-01 2.424094899869999875e-01 -1.268159735870000027e-01 -1.315643587860000139e+02 5.324905951840000284e+01 1.603620008160000054e+02
1.920379700239999987e-01 -1.154240668009999943e-01 2.463047794909999921e-01 -1.289990087229999915e-01 -1.304548988829999985e+02 5.304066448220000041e+01 1.598401662820000126e+02
1.667957054070000056e-01 -1.176439510510000064e-01 2.415710792530000040e-01 -1.277977217969999968e-01 -1.301836977499999932e+02 5.402454203090000107e+01 1.609594487980000110e+02
1.038149811079999985e-01 -1.160222874419999939e-01 2.461792710069999890e-01 -1.342332932039999871e-01 -1.301835028499999964e+02 5.423931294970000039e+01 1.603398425659999873e+02
1.141385205599999980e-01 -1.152689417550000067e-01 2.435191231109999910e-01 -1.252395614429999970e-01 -1.309459151519999978e+02 5.287639116209999912e+01 1.597407829230000118e+02
1.760569609079999931e-01 -1.165253695259999972e-01 2.439699746339999975e-01 -1.264147429489999863e-01 -1.303977807310000117e+02 5.292072312049999994e+01 1.600378960300000131e+02
1.094072356539999985e-01 -1.136223444009999972e-01 2.436853979649999946e-01 -1.308728999350000088e-01 -1.315485289060000014e+02 5.393282617570000070e+01 1.602307883999999945e+02
3.375516695920000032e-01 -1.169565679470000036e-01 2.432511635590000054e-01 -1.322047093239999971e-01 -1.299720920949999936e+02 5.367410241479999655e+01 1.604771441199999913e+02
1.080760242980000063e-01 -1.141663564389999996e-01 2.447047436129999864e-01 -1.296370428889999926e-01 -1.312415810180000051e+02 5.353508447050000285e+01 1.603771007859999997e+02
1.100633269869999986e-01 -1.124363825999999955e-01 2.430381375350000039e-01 -1.358952060780000137e-01 -1.313117163389999860e+02 5.488201546199999825e+01 1.606682931009999891e+02
1.499813916359999943e-01 -1.150422743090000061e-01 2.426158165589999971e-01 -1.296125029569999976e-01 -1.312416501239999889e+02 5.340351666109999940e+01 1.602497356849999903e+02
2.028065358460000023e-01 -1.109368875389999953e-01 2.478275657389999997e-01 -1.347440943129999957e-01 -1.315802357059999963e+02 5.380947255030000065e+01 1.596795131499999911e+02
1.721602452440000042e-01 -1.136426077160000020e-01 2.446184285330000041e-01 -1.280999674420000012e-01 -1.308099894579999898e+02 5.314846463709999824e+01 1.600456726669999910e+02
2.407479776370000102e-01 -1.158947519430000017e-01 2.446986729989999998e-01 -1.306070108869999968e-01 -1.307961912590000111e+02 5.318137730480000158e+01 1.604426538470000025e+02
2.578611288800000123e-01 -1.180737154239999975e-01 2.433269398850000098e-01 -1.241994102750000051e-01 -1.306814510419999920e+02 5.292669140299999953e+01 1.604893546600000036e+02
3.642596415850000158e-01 -1.217023815199999998e-01 2.456719448269999995e-01 -1.269584583120000054e-01 -1.293661591110000018e+02 5.315180972619999977e+01 1.602287296149999918e+02
1.480038733150000063e-01 -1.148484080709999966e-01 2.415506915750000039e-01 -1.287825733040000031e-01 -1.308129129749999890e+02 5.329538477479999870e+01 1.603178728240000055e+02
1.707579970629999888e-01 -1.141017372920000023e-01 2.423192829780000113e-01 -1.303814680619999888e-01 -1.312388729630000057e+02 5.377997289169999817e+01 1.601185706670000002e+02
1.384613554240000100e-01 -1.169578509440000053e-01 2.384867814099999872e-01 -1.223854454779999962e-01 -1.307436251359999915e+02 5.362543635349999960e+01 1.609629972390000034e+02
1.214394018030000022e-01 -1.166930879549999966e-01 2.428575247410000026e-01 -1.269733642900000015e-01 -1.305835666810000077e+02 5.358238274389999845e+01 1.601270362850000026e+02
1.337604345910000103e-01 -1.182160183220000021e-01 2.448411891130000129e-01 -1.280252495970000126e-01 -1.302607906270000058e+02 5.315680829570000299e+01 1.601600150019999944e+02
1.145170791270000016e-01 -1.194642063870000048e-01 2.408506557060000053e-01 -1.232843890580000018e-01 -1.300470862699999941e+02 5.339548439290000204e+01 1.603913596579999989e+02
1.267312514820000047e+01 -1.162932107939999987e-01 2.454687147459999885e-01 -1.262747780659999874e-01 -1.306972101720000126e+02 5.275014603270000180e+01 1.601860494070000129e+02
1.165948169930000056e-01 -1.135433839869999934e-01 2.452534273889999950e-01 -1.243944773080000038e-01 -1.318987773789999949e+02 5.283559545159999971e+01 1.597769095760000084e+02
1.186847940110000027e-01 -1.159385817940000035e-01 2.433562406310000037e-01 -1.324228876830000068e-01 -1.306624529830000085e+02 5.447778219210000117e+01 1.606024445179999987e+02
1.931875374179999882e-01 -1.143998687349999932e-01 2.447682134760000017e-01 -1.285416654150000060e-01 -1.315938625750000028e+02 5.322283836839999793e+01 1.602047626659999935e+02
2.225308631650000091e-01 -1.165342173140000021e-01 2.441058815770000001e-01 -1.298105655089999977e-01 -1.308289188720000027e+02 5.371727878890000341e+01 1.598351266679999867e+02
2.758174852170000024e-01 -1.182335066110000027e-01 2.385554058159999880e-01 -1.231125395349999957e-01 -1.304531252630000040e+02 5.347256960640000045e+01 1.606550441919999912e+02
1.726513951599999985e-01 -1.184002579110000064e-01 2.441520268329999965e-01 -1.295643362929999876e-01 -1.300076469610000061e+02 5.368886463609999993e+01 1.602867702499999893e+02
1.311827502550000080e-01 -1.136505836699999994e-01 2.435774088700000117e-01 -1.290685615130000019e-01 -1.309333398459999955e+02 5.342405027969999765e+01 1.604420591079999951e+02
1.084710450520000036e-01 -1.146172100500000013e-01 2.463016849109999906e-01 -1.283875446049999869e-01 -1.308852111980000075e+02 5.321504181560000291e+01 1.596449528640000040e+02
9.200588088950000243e-01 -1.153411443440000017e-01 2.439155136510000044e-01 -1.270638267720000103e-01 -1.311135655980000081e+02 5.351969204899999966e+01 1.600987100670000132e+02
1.226903848550000009e-01 -1.144549489040000007e-01 2.429084472760000002e-01 -1.275083412190000098e-01 -1.315959188710000092e+02 5.329748416409999834e+01 1.600342956849999894e+02
1.229212431789999949e-01 -1.161653190860000018e-01 2.440424705620000134e-01 -1.278891606689999960e-01 -1.311861306650000074e+02 5.347079953280000097e+01 1.599733949740000014e+02
1.460880994060000104e-01 -1.116143569009999947e-01 2.419822279880000093e-01 -1.320027732590000058e-01 -1.316631915400000139e+02 5.446470794190000220e+01 1.607113071279999872e+02
1.499702462720000073e-01 -1.147006792620000049e-01 2.435796862350000092e-01 -1.233865507250000021e-01 -1.316281212439999990e+02 5.269559299899999871e+01 1.597670328430000097e+02
1.025953309289999948e+00 -1.182388806850000057e-01 2.439433818320000114e-01 -1.322357063759999896e-01 -1.300690995550000082e+02 5.404447306029999964e+01 1.606466723720000118e+02
1.601343622929999877e-01 -1.142149132930000005e-01 2.430527013780000023e-01 -1.260526617340000100e-01 -1.311741718469999967e+02 5.333094238439999657e+01 1.600674684189999937e+02
1.795254720620000077e-01 -1.137385218199999937e-01 2.401025132309999865e-01 -1.328604743779999986e-01 -1.313328214789999890e+02 5.477134290379999726e+01 1.608519555100000105e+02
3.092518517599999739e-01 -1.170545733079999956e-01 2.415419180260000021e-01 -1.273459916080000032e-01 -1.307268199540000069e+02 5.422036790309999787e+01 1.608304746400000056e+02
1.315615976139999921e-01 -1.166120510750000006e-01 2.446106371919999911e-01 -1.211341868479999945e-01 -1.310127953180000020e+02 5.230994849609999875e+01 1.597724133499999937e+02
3.750337210069999827e+01 -1.201444277109999931e-01 2.422050770749999971e-01 -1.253359436919999903e-01 -1.298549695309999947e+02 5.349882866520000135e+01 1.606754840250000029e+02
5.324903775160000352e-01 -1.189290569950000043e-01 2.450366582350000100e-01 -1.301679189809999970e-01 -1.296374147289999996e+02 5.364560142349999694e+01 1.607001983719999885e+02
1.539992399160000081e-01 -1.126713122319999982e-01 2.424857336779999983e-01 -1.319515504350000090e-01 -1.313673186940000051e+02 5.370367277559999764e+01 1.604559313160000045e+02
1.379185925039999872e-01 -1.140682342889999951e-01 2.438523529530000067e-01 -1.273492697770000071e-01 -1.314423793310000121e+02 5.313836137159999851e+01 1.602066276559999949e+02
1.348612780350000040e-01 -1.164963146709999953e-01 2.449523435110000091e-01 -1.305996010959999953e-01 -1.303933659809999881e+02 5.384979431280000028e+01 1.605278967939999859e+02
1.244474599670000042e-01 -1.162567942750000055e-01 2.450318946579999879e-01 -1.332410322969999894e-01 -1.302775427759999900e+02 5.355566980969999946e+01 1.604338905349999891e+02
1.532289189530000040e-01 -1.167409303189999997e-01 2.438545655880000051e-01 -1.236874557009999959e-01 -1.310778673540000057e+02 5.243581736830000040e+01 1.597624652830000116e+02
1.110083448719999949e-01 -1.202594233109999938e-01 2.456386573999999878e-01 -1.239828076639999943e-01 -1.298279194179999934e+02 5.265662883779999959e+01 1.601063087940000003e+02
4.276348730219999839e-01 -1.182865236620000010e-01 2.469979873969999906e-01 -1.241026293000000030e-01 -1.303306480550000117e+02 5.213399039010000280e+01 1.594350488800000107e+02
1.886505165559999864e-01 -1.170599228229999983e-01 2.436341329060000005e-01 -1.302470699939999865e-01 -1.306463940570000091e+02 5.370429409430000334e+01 1.607194126029999950e+02
1.416829390010000134e-01 -1.161564305669999936e-01 2.446868045049999940e-01 -1.246863121189999979e-01 -1.308549330740000016e+02 5.245789396280000005e+01 1.599285954929999889e+02
1.126721137210000001e-01 -1.154324559310000026e-01 2.471893657129999866e-01 -1.286267005080000136e-01 -1.310231303029999879e+02 5.297525560519999743e+01 1.598517608310000071e+02
1.370179076130000062e-01 -1.147697431470000029e-01 2.466047503530000018e-01 -1.298132281490000095e-01 -1.312184257119999984e+02 5.299838226010000142e+01 1.600715948000000139e+02
2.492088475960000105e-01 -1.173764682579999941e-01 2.423205305589999914e-01 -1.290084004229999914e-01 -1.307874732950000123e+02 5.376540669399999928e+01 1.605335880819999943e+02
4.363688777629999849e-01 -1.141219436800000042e-01 2.399960550670000026e-01 -1.303950106239999962e-01 -1.310212319270000023e+02 5.432652251180000036e+01 1.608302011959999902e+02
4.049298965740000256e-01 -1.169166248020000048e-01 2.445078181720000132e-01 -1.262406623360000091e-01 -1.311439765700000066e+02 5.298360791519999680e+01 1.600254488420000030e+02
3.414782889679999767e-01 -1.173845795790000035e-01 2.432513081650000131e-01 -1.315424890269999980e-01 -1.305051111209999988e+02 5.397188082419999944e+01 1.606525750010000024e+02
1.915818665759999873e-01 -1.114497453829999957e-01 2.449340256620000100e-01 -1.300476994280000131e-01 -1.318072941060000005e+02 5.310961566870000183e+01 1.596983315800000014e+02
1.279721572270000052e-01 -1.162701773700000052e-01 2.400742051779999886e-01 -1.228090936910000014e-01 -1.311666003809999950e+02 5.311505871739999662e+01 1.606626420819999908e+02
1.830255729799999953e-01 -1.143118261019999971e-01 2.439994756080000049e-01 -1.255571395839999993e-01 -1.308590047589999870e+02 5.309027094769999877e+01 1.601582795369999985e+02
2.910604727339999864e-01 -1.190811351820000030e-01 2.426276182559999883e-01 -1.300568113660000025e-01 -1.301985875489999955e+02 5.434414979179999960e+01 1.606554726859999960e+02
1.501235042540000064e-01 -1.146024996810000030e-01 2.472994028409999934e-01 -1.293482772279999915e-01 -1.308991808279999987e+02 5.303163385450000078e+01 1.598875323860000037e+02
3.817928930080000116e-01 -1.163997927949999983e-01 2.424964890509999915e-01 -1.283815950520000027e-01 -1.308602264660000003e+02 5.371740095039999829e+01 1.603757691989999898e+02
2.191451019900000075e-01 -1.169235304080000065e-01 2.406875123420000040e-01 -1.262848154929999966e-01 -1.309573199129999921e+02 5.384056298080000147e+01 1.607175491579999971e+02
5.039549477229999797e-01 -1.102920810350000030e-01 2.422982246369999870e-01 -1.330946785279999989e-01 -1.317995622029999936e+02 5.411686471339999827e+01 1.603005779700000062e+02
1.249352621039999944e-01 -1.172048384950000049e-01 2.434097025320000052e-01 -1.292401089269999970e-01 -1.304535597699999983e+02 5.318436241629999728e+01 1.603745462530000054e+02
1.522068752840000094e-01 -1.131117512350000021e-01 2.443541787899999873e-01 -1.266650284489999889e-01 -1.322273566220000021e+02 5.299060879440000349e+01 1.597618169550000005e+02
5.103609125920000045e-01 -1.139664909369999951e-01 2.427463606240000127e-01 -1.312136742779999865e-01 -1.307366075559999956e+02 5.400383209000000306e+01 1.607929612490000011e+02
2.659149620530000258e-01 -1.174167682699999993e-01 2.444337553779999950e-01 -1.257992220999999966e-01 -1.306576970190000111e+02 5.322518411920000148e+01 1.599171980049999888e+02
4.145114407939999857e-01 -1.205790719629999952e-01 2.458456269300000052e-01 -1.253209740850000087e-01 -1.296640957189999881e+02 5.252477677729999783e+01 1.600146170149999989e+02
2.240164602649999948e-01 -1.180047588089999933e-01 2.430658768360000055e-01 -1.250470300980000005e-01 -1.307909567019999884e+02 5.315298415320000203e+01 1.600197370909999961e+02
2.696591907709999791e-01 -1.123108322629999961e-01 2.478333247500000003e-01 -1.322226083259999962e-01 -1.314443232479999892e+02 5.311888294869999783e+01 1.595318415389999984e+02
1.429213232340000028e-01 -1.119450066580000014e-01 2.454284635220000121e-01 -1.346830926099999992e-01 -1.317049339719999921e+02 5.433054386740000297e+01 1.603255937529999926e+02
1.368284678080000094e-01 -1.150023982140000040e-01 2.435046230079999929e-01 -1.304917420649999993e-01 -1.309960833709999974e+02 5.445162380680000069e+01 1.608040181840000002e+02
1.712035098430000069e-01 -1.175194982429999951e-01 2.394031687669999908e-01 -1.277812014670000051e-01 -1.303652340200000026e+02 5.383188605979999863e+01 1.610249587849999955e+02
1.069560729360000018e+00 -1.192245780410000067e-01 2.407356381840000115e-01 -1.290491695310000131e-01 -1.297796001940000110e+02 5.415593718600000273e+01 1.608739312639999923e+02
6.212523763759999484e-01 -1.175499324039999960e-01 2.427158726039999881e-01 -1.276588616569999945e-01 -1.307400578730000120e+02 5.359149986900000329e+01 1.604790886510000121e+02
1.224686612759999932e-01 -1.140535753239999978e-01 2.432320382429999928e-01 -1.240335656719999957e-01 -1.312396853129999954e+02 5.272346431609999939e+01 1.598773185679999926e+02
1.616937921419999924e+00 -1.126109796490000065e-01 2.429070071899999961e-01 -1.223463298879999966e-01 -1.323762379309999915e+02 5.281581801990000002e+01 1.597566730890000031e+02
2.219034763359999940e-01 -1.181823327590000028e-01 2.419338417059999913e-01 -1.287105791619999884e-01 -1.297701015089999999e+02 5.346035022059999875e+01 1.606945924499999876e+02
1.542165188890000094e-01 -1.176861930120000066e-01 2.424158276449999982e-01 -1.317798519039999894e-01 -1.304730917239999997e+02 5.420184636940000189e+01 1.605998339310000063e+02
1.166048420840000016e-01 -1.219732319410000015e-01 2.444449540099999929e-01 -1.270907533020000091e-01 -1.293309749599999918e+02 5.359536341159999751e+01 1.603977873180000131e+02
3.390920234629999919e-01 -1.170832804340000005e-01 2.437435163510000002e-01 -1.220442722820000020e-01 -1.309505512259999875e+02 5.240172516820000226e+01 1.599763054379999971e+02
1.208521333019999949e-01 -1.220442186259999978e-01 2.434317983119999862e-01 -1.334303232100000070e-01 -1.290863048219999882e+02 5.435422587939999772e+01 1.609801173580000011e+02
2.294288079310000117e-01 -1.157393534249999967e-01 2.454507359410000034e-01 -1.239343659819999999e-01 -1.314365843559999973e+02 5.269547626220000325e+01 1.598659559689999980e+02
1.002548443040000015e-01 -1.193939900410000005e-01 2.434547979099999926e-01 -1.248843065890000020e-01 -1.302308037710000121e+02 5.306854514180000137e+01 1.604323969159999876e+02
3.749823002439999775e-01 -1.135053460240000034e-01 2.412112098820000106e-01 -1.260703899099999969e-01 -1.314733000470000093e+02 5.333009553459999808e+01 1.603842011970000101e+02
1.077613155830000058e-01 -1.127669695469999955e-01 2.436016386890000052e-01 -1.304139404469999985e-01 -1.310953914570000052e+02 5.405814573069999796e+01 1.603015145440000140e+02
1.517658807019999889e+00 -1.163141712510000064e-01 2.454724540309999870e-01 -1.305218060409999992e-01 -1.310360984819999999e+02 5.339586050679999829e+01 1.599129245279999907e+02
2.030451293730000106e-01 -1.146205704380000023e-01 2.431487533530000134e-01 -1.282620155649999982e-01 -1.309159130220000122e+02 5.336307189410000262e+01 1.602250248619999979e+02
1.694706563429999868e-01 -1.154908077579999970e-01 2.429757688130000093e-01 -1.258328066559999958e-01 -1.312856022770000095e+02 5.327085465350000248e+01 1.598910812039999882e+02
1.008205098169999980e-01 -1.146742769839999981e-01 2.452860951889999919e-01 -1.277290642239999885e-01 -1.312782961519999958e+02 5.312835859279999795e+01 1.597924571210000124e+02
3.907136125490000000e-01 -1.126733827359999995e-01 2.404716786330000078e-01 -1.244145330179999981e-01 -1.320358806289999904e+02 5.357440974530000233e+01 1.601987362829999881e+02
2.944911653949999764e-01 -1.128928023850000045e-01 2.433948638450000035e-01 -1.268941078580000104e-01 -1.315929001210000138e+02 5.304621064639999872e+01 1.599971135780000111e+02
3.000152509549999791e-01 -1.154830223389999994e-01 2.471602354440000093e-01 -1.268926766229999947e-01 -1.307780404250000004e+02 5.257700387239999884e+01 1.596759994919999883e+02
3.434596272730000011e-01 -1.139788433669999962e-01 2.438517658509999908e-01 -1.293030278400000010e-01 -1.311888255169999979e+02 5.408980210419999679e+01 1.601577204650000112e+02
3.154641104290000220e-01 -1.178950696330000047e-01 2.442326482280000044e-01 -1.274745097080000056e-01 -1.309004712699999970e+02 5.320035150340000030e+01 1.600964859180000133e+02
1.059019002569999979e-01 -1.171383900040000037e-01 2.449797618179999914e-01 -1.346855999269999937e-01 -1.301603068629999882e+02 5.401596221570000012e+01 1.607576957809999953e+02
1.057357069710000014e-01 -1.197844200250000046e-01 2.434248358180000071e-01 -1.306687310519999978e-01 -1.300505459400000063e+02 5.373914615030000164e+01 1.606673021569999946e+02
1.045463051239999969e-01 -1.163614529850000023e-01 2.429367637569999905e-01 -1.268495763539999877e-01 -1.305828383699999904e+02 5.345871213630000085e+01 1.602875431239999955e+02
1.897283698820000086e-01 -1.129318512749999948e-01 2.464289937520000029e-01 -1.296525986490000004e-01 -1.315488628820000088e+02 5.330488910849999940e+01 1.599896458679999967e+02
1.299281752299999981e+00 -1.161760886840000062e-01 2.466024112130000001e-01 -1.285717371639999995e-01 -1.305931892700000105e+02 5.356624721619999718e+01 1.600119809699999962e+02
2.494886546420000129e-01 -1.159726470110000046e-01 2.450848433249999958e-01 -1.271062373069999918e-01 -1.310292635749999874e+02 5.343450920619999778e+01 1.600041622440000140e+02
1.332957905740000115e-01 -1.138040133619999950e-01 2.413128682819999926e-01 -1.281114003799999901e-01 -1.312642155030000026e+02 5.364650959949999987e+01 1.605293870229999982e+02
8.041380354099999517e-01 -1.124168389589999956e-01 2.419247228020000029e-01 -1.286094250729999944e-01 -1.321256981420000045e+02 5.377814578459999950e+01 1.604208595339999874e+02
3.147729205989999723e-01 -1.129430519220000068e-01 2.453754505959999943e-01 -1.361314549659999873e-01 -1.312611880059999976e+02 5.424529818780000312e+01 1.601844459110000116e+02
1.545471746600000085e-01 -1.155745360599999966e-01 2.378700571719999934e-01 -1.260271632049999868e-01 -1.310155615269999885e+02 5.456898345279999774e+01 1.610134282649999875e+02
2.688286273600000165e-01 -1.137193788349999957e-01 2.480000131289999965e-01 -1.321834269930000083e-01 -1.312947468170000036e+02 5.348307451889999697e+01 1.596431054370000027e+02
1.166175081270000025e-01 -1.144218428099999935e-01 2.425600779759999881e-01 -1.284695353039999877e-01 -1.315420271380000088e+02 5.424035764410000127e+01 1.606783561549999888e+02
1.117299754460000072e+00 -1.185705119889999964e-01 2.417901483129999973e-01 -1.326721502669999941e-01 -1.300889460369999995e+02 5.442845015009999798e+01 1.607268036760000030e+02
2.796062341189999856e-01 -1.167424103799999946e-01 2.422938605420000002e-01 -1.276488478020000039e-01 -1.309934981769999922e+02 5.334505920499999831e+01 1.605553149039999994e+02
1.627812527030000067e-01 -1.139101013019999942e-01 2.412449947330000122e-01 -1.297021153000000038e-01 -1.313525115250000113e+02 5.371142492559999937e+01 1.601813571829999887e+02
1.901200011209999985e-01 -1.183318329840000044e-01 2.409568439920000138e-01 -1.258783041190000007e-01 -1.301796905569999865e+02 5.377757727569999702e+01 1.607941304109999976e+02
1.402747704619999869e-01 -1.163766753989999986e-01 2.383900162129999889e-01 -1.196672900210000029e-01 -1.310545010429999877e+02 5.332898890890000132e+01 1.603786722799999893e+02
1.354688291599999983e-01 -1.186985787000000014e-01 2.410402245050000114e-01 -1.246279846020000026e-01 -1.304407910310000034e+02 5.317451754020000010e+01 1.603164621159999967e+02
1.181070927570000012e-01 -1.186387117859999951e-01 2.432387540389999991e-01 -1.318181292920000136e-01 -1.297062383809999915e+02 5.422388856890000142e+01 1.606784909149999976e+02
6.258428192430000259e+00 -1.151208226760000036e-01 2.452990379620000050e-01 -1.265206465410000092e-01 -1.309904315670000017e+02 5.322734789679999778e+01 1.596618753740000045e+02
3.279131791329999990e-01 -1.139289936269999998e-01 2.471444855830000065e-01 -1.320062580330000068e-01 -1.314493562840000038e+02 5.351417259629999990e+01 1.599296357759999978e+02
2.386056598780000038e-01 -1.153555632870000014e-01 2.455398018119999970e-01 -1.314147942860000029e-01 -1.308845892829999968e+02 5.405242834770000115e+01 1.604265397140000005e+02
1.647985324079999925e-01 -1.178950923429999964e-01 2.450557334619999916e-01 -1.332852857740000063e-01 -1.302200027460000058e+02 5.413842775700000232e+01 1.607246663539999929e+02
1.313879324890000033e+00 -1.165815792040000021e-01 2.443965337519999892e-01 -1.291429563000000003e-01 -1.307667231110000046e+02 5.354628800199999716e+01 1.604251195740000071e+02
1.471756089509999865e-01 -1.160417630379999981e-01 2.467958462200000036e-01 -1.314757874309999963e-01 -1.311505714410000110e+02 5.365331847299999879e+01 1.600856769229999941e+02
7.436271494280000116e-01 -1.173394163530000062e-01 2.391556317690000100e-01 -1.262074252990000034e-01 -1.301931462860000011e+02 5.436331635210000002e+01 1.611353532390000112e+02
1.281415511369999871e-01 -1.113506270530000009e-01 2.390074475350000005e-01 -1.291611819579999987e-01 -1.317830011679999984e+02 5.471509884820000025e+01 1.607034252679999895e+02
1.202523143210000034e-01 -1.145296068420000035e-01 2.452878895230000134e-01 -1.246692821679999952e-01 -1.316466701020000016e+02 5.261200584059999841e+01 1.593342796770000120e+02
5.048514530190000293e-01 -1.162435362019999946e-01 2.446367837719999883e-01 -1.259921401009999886e-01 -1.311872891609999954e+02 5.299435998010000048e+01 1.602621581040000081e+02
2.880557677139999884e-01 -1.167923902739999992e-01 2.449034582010000127e-01 -1.316740928060000093e-01 -1.307688222870000061e+02 5.346471645030000275e+01 1.605938289370000120e+02
1.392743839779999881e-01 -1.147949836119999956e-01 2.404621508760000081e-01 -1.239143774060000036e-01 -1.313980150019999940e+02 5.344589149730000344e+01 1.605141233049999983e+02
1.593042658899999908e-01 -1.197027504300000045e-01 2.440316769149999954e-01 -1.260494912250000044e-01 -1.305279439370000034e+02 5.327364175660000001e+01 1.601232448970000064e+02
1.216715378290000038e-01 -1.132946105320000035e-01 2.435397411309999927e-01 -1.279588320239999910e-01 -1.308173297159999890e+02 5.369705214140000038e+01 1.602317609399999867e+02
1.920278840659999930e-01 -1.157279072310000018e-01 2.438929331989999894e-01 -1.300107873000000136e-01 -1.312841222430000130e+02 5.383442581599999954e+01 1.605344521989999862e+02
4.197113858159999822e-01 -1.135959385449999970e-01 2.438229681619999978e-01 -1.263496279309999915e-01 -1.314517113439999889e+02 5.331984256810000034e+01 1.597902374930000065e+02
1.926297340939999991e-01 -1.184295897240000006e-01 2.443218431180000094e-01 -1.232054987650000044e-01 -1.305015326010000081e+02 5.266887621509999917e+01 1.597275063259999968e+02
2.627598596169999912e-01 -1.162403233479999964e-01 2.476839696079999875e-01 -1.268254110879999952e-01 -1.307938296140000034e+02 5.279165476370000221e+01 1.598030582359999983e+02
3.981541298919999972e-01 -1.131068667059999949e-01 2.417940728469999967e-01 -1.269442904729999877e-01 -1.317205013459999918e+02 5.327099688700000257e+01 1.604146632009999962e+02
1.492189507999999998e-01 -1.189959276419999962e-01 2.430311265050000002e-01 -1.312180005930000115e-01 -1.303488349790000029e+02 5.378024321769999716e+01 1.606801374460000034e+02
1.179531522049999948e-01 -1.143813931699999981e-01 2.448207507550000106e-01 -1.267902090009999927e-01 -1.313851750510000045e+02 5.310538747230000212e+01 1.594703422370000112e+02
2.382430510459999928e-01 -1.128540703580000054e-01 2.396497675800000060e-01 -1.330822863599999961e-01 -1.313800493260000053e+02 5.477961167750000016e+01 1.607680230990000041e+02
1.161016443859999997e-01 -1.167287761879999969e-01 2.418150708179999941e-01 -1.211563666099999964e-01 -1.308566549960000032e+02 5.265588547640000172e+01 1.602047380699999906e+02
1.133020362839999989e-01 -1.139496753619999997e-01 2.448932607479999968e-01 -1.259166487220000075e-01 -1.310924689439999895e+02 5.302093955710000017e+01 1.599921997140000087e+02
1.973772343809999941e-01 -1.144939424619999951e-01 2.473026305740000097e-01 -1.272012579390000009e-01 -1.311198421279999877e+02 5.262616504350000213e+01 1.596848415960000125e+02
1.189364538349999972e-01 -1.157490240410000010e-01 2.445549170259999905e-01 -1.265765442569999899e-01 -1.308988347849999911e+02 5.381126517799999931e+01 1.603421594170000049e+02
1.071229410809999977e-01 -1.191827246530000051e-01 2.448084185159999926e-01 -1.273406084940000016e-01 -1.300811427079999874e+02 5.306100991590000149e+01 1.601684011060000046e+02
2.368664081280000000e-01 -1.175096025529999977e-01 2.438154263860000115e-01 -1.264398753569999923e-01 -1.307232319320000045e+02 5.329537452179999946e+01 1.601472151320000137e+02
1.063143657979999934e-01 -1.123349138259999991e-01 2.429618283420000024e-01 -1.354894274529999942e-01 -1.310598820920000094e+02 5.430651736560000131e+01 1.606282304759999988e+02
8.172496580550000500e-01 -1.165405417959999995e-01 2.438523376729999914e-01 -1.275011777460000051e-01 -1.304336333530000047e+02 5.332154776379999817e+01 1.601648565950000034e+02
1.046569017829999948e-01 -1.190829628239999938e-01 2.451993372010000116e-01 -1.282602559669999975e-01 -1.301965584499999977e+02 5.347930693669999869e+01 1.600264376700000071e+02
2.321427128430000042e-01 -1.156494969909999948e-01 2.368270467810000002e-01 -1.286627387810000134e-01 -1.306803831949999903e+02 5.484969214179999852e+01 1.614761354540000013e+02
2.289988329679999990e-01 -1.192931022559999971e-01 2.441038629550000005e-01 -1.297067581630000077e-01 -1.296374426710000023e+02 5.334478747739999704e+01 1.604195561159999954e+02
1.696045135679999927e-01 -1.138363766389999948e-01 2.422927409089999928e-01 -1.269645864969999871e-01 -1.318522313269999984e+02 5.329661520519999840e+01 1.601438871619999986e+02
1.263820534729999945e-01 -1.180641407640000001e-01 2.445059883640000042e-01 -1.280152597810000070e-01 -1.305426643860000127e+02 5.389914172280000315e+01 1.604214541610000140e+02
1.186063858090000034e+00 -1.153534480780000065e-01 2.420073006179999930e-01 -1.292282398300000079e-01 -1.313105586490000007e+02 5.353175939839999842e+01 1.605780751339999881e+02
