6.491035637049999973e-01 -7.530934796549999810e-02 2.231923682530000119e-01 -1.760732473299999878e-01 -1.343341706839999858e+02 6.164303939879999916e+01 1.519187510410000073e+02
1.084863933979999945e-01 -7.378959803159999831e-02 2.262263388230000005e-01 -1.748947670709999902e-01 -1.341536071140000104e+02 6.081764204129999740e+01 1.513357139320000044e+02
1.007333792790000015e-01 -7.052721467330000382e-02 2.257405201179999987e-01 -1.835138913699999874e-01 -1.346076792380000029e+02 6.221513828180000161e+01 1.515542381569999861e+02
1.339510978869999924e-01 -7.437853881000000555e-02 2.266336355799999924e-01 -1.762462297129999966e-01 -1.340848136250000096e+02 6.119650815659999665e+01 1.518780513050000138e+02
2.575263691499999896e-01 -7.094132496989999370e-02 2.270623691210000017e-01 -1.749979282180000040e-01 -1.352931101519999970e+02 6.082843864760000230e+01 1.512978888449999886e+02
1.063949752240000018e-01 -7.648714096410000329e-02 2.262896356030000000e-01 -1.784456432010000093e-01 -1.337610752989999980e+02 6.169585220860000163e+01 1.515410440040000140e+02
2.782829323170000202e-01 -7.194939790240000022e-02 2.282565694560000080e-01 -1.746069260260000033e-01 -1.347687082900000064e+02 6.065235872089999702e+01 1.511254663189999974e+02
1.463534300160000134e-01 -7.523071004150000407e-02 2.276343668559999978e-01 -1.809921129850000088e-01 -1.339875977650000038e+02 6.128369120339999654e+01 1.515745917190000114e+02
1.110914043640000015e-01 -7.365590777640000641e-02 2.255045517779999953e-01 -1.763212971339999935e-01 -1.343183239710000123e+02 6.140385352469999702e+01 1.516904217860000017e+02
1.869746700490000080e-01 -7.384094025540000050e-02 2.213584218119999947e-01 -1.744733042080000018e-01 -1.346349300939999978e+02 6.194935316179999774e+01 1.519985582889999876e+02
1.032876815669999948e-01 -7.245685501080000035e-02 2.314479045499999998e-01 -1.775698527550000072e-01 -1.344294530649999899e+02 6.032279576410000033e+01 1.508391651130000071e+02
2.156451952729999955e-01 -7.412681457870000379e-02 2.228219742710000062e-01 -1.799941568279999904e-01 -1.341969127259999937e+02 6.226342446179999968e+01 1.522888218779999931e+02
1.339033760480000113e-01 -7.992816457580000089e-02 2.324785495239999888e-01 -1.784322777879999988e-01 -1.330082361750000075e+02 6.060119730099999913e+01 1.512086984009999924e+02
1.176073141450000026e-01 -7.685634699500000500e-02 2.246115800959999909e-01 -1.785100322150000030e-01 -1.329926002279999864e+02 6.194037037100000020e+01 1.520186751079999965e+02
2.792876471560000184e-01 -7.887544885889999358e-02 2.256138179889999873e-01 -1.743169976810000077e-01 -1.338935590819999959e+02 6.085757749489999924e+01 1.518382331399999998e+02
1.256865554190000067e-01 -7.144355567150000030e-02 2.324615005610000118e-01 -1.832722729750000112e-01 -1.340654716660000076e+02 6.111111890229999943e+01 1.509225617250000084e+02
1.043065514229999935e-01 -7.075848810710000381e-02 2.289894849640000118e-01 -1.777684380089999960e-01 -1.347756262359999937e+02 6.122516938569999922e+01 1.510817562130000056e+02
1.831032371990000129e-01 -7.381448262499999691e-02 2.299726600399999987e-01 -1.779573500709999978e-01 -1.343274874450000027e+02 6.097206142870000178e+01 1.510971858549999922e+02
4.452116854589999728e-01 -7.542569382779999720e-02 2.258663492130000006e-01 -1.772328843890000061e-01 -1.339674295920000020e+02 6.164880577920000349e+01 1.519225870239999949e+02
1.734199093899999877e-01 -7.277865968560000287e-02 2.270133236949999911e-01 -1.772797778899999899e-01 -1.345459383879999962e+02 6.176277324400000168e+01 1.516785250860000076e+02
1.142520197779999941e-01 -7.520360907320000621e-02 2.250586511459999883e-01 -1.788729486179999884e-01 -1.340611762279999937e+02 6.186537480970000047e+01 1.518871771249999938e+02
3.683635944499999981e-01 -7.166039765270000583e-02 2.251071664150000040e-01 -1.767738192930000118e-01 -1.344542779820000078e+02 6.187173355889999726e+01 1.514555359249999924e+02
4.753340008570000053e-01 -7.719460498190000575e-02 2.258093079040000006e-01 -1.756661284870000006e-01 -1.342744582349999973e+02 6.172050843219999905e+01 1.516865214569999978e+02
4.881242136569999834e-01 -7.323447303239999373e-02 2.246098413929999982e-01 -1.718861253410000067e-01 -1.347034573459999933e+02 6.114478338079999986e+01 1.517448435469999879e+02
1.238277435320000036e-01 -7.481206970959999869e-02 2.255852264050000056e-01 -1.790161459000000066e-01 -1.343177576139999871e+02 6.171081354940000097e+01 1.513561393599999860e+02
1.183623920689999970e-01 -7.431669392289999565e-02 2.277186182860000130e-01 -1.793267619320000061e-01 -1.338892112910000094e+02 6.149639620680000007e+01 1.518509749179999915e+02
2.127989022050000012e-01 -7.132822133270000364e-02 2.269188959339999978e-01 -1.771334057869999867e-01 -1.350396912509999936e+02 6.144951671079999755e+01 1.512648630369999978e+02
1.706432868470000030e-01 -7.376587063610000328e-02 2.262130748919999879e-01 -1.756965429410000112e-01 -1.341327366140000095e+02 6.107874719720000201e+01 1.515241663969999877e+02
1.665834142050000022e-01 -7.193071804190000196e-02 2.210755853570000040e-01 -1.792807783639999986e-01 -1.346762825090000035e+02 6.274659441379999691e+01 1.520188900770000089e+02
1.359421931439999953e-01 -8.146753881219999383e-02 2.269823422020000037e-01 -1.667464087899999947e-01 -1.332666817019999996e+02 5.995559051000000039e+01 1.516348177019999923e+02
4.123223713499999943e-01 -7.599928377339999763e-02 2.298107447889999877e-01 -1.778327581430000082e-01 -1.334004827290000037e+02 6.112627130039999912e+01 1.514922685260000037e+02
3.794303082470000255e-01 -7.382845522960000684e-02 2.274110886859999903e-01 -1.752379539599999980e-01 -1.344254449059999956e+02 6.138907150720000061e+01 1.513866651769999976e+02
1.060130848899999978e-01 -7.431968230829999467e-02 2.244982329569999990e-01 -1.776380530449999939e-01 -1.337457818379999992e+02 6.182677603610000006e+01 1.518933570080000095e+02
1.838807487540000118e-01 -7.454630136239999427e-02 2.258227319359999985e-01 -1.780166262400000032e-01 -1.343306444279999994e+02 6.165075899859999708e+01 1.513301784980000093e+02
2.162753054850000134e-01 -7.454883447969999632e-02 2.243737635370000039e-01 -1.769424644060000051e-01 -1.338546066590000123e+02 6.187227740929999698e+01 1.515803456049999909e+02
1.438126119500000022e-01 -7.110355846179999828e-02 2.256829625050000010e-01 -1.775666011129999888e-01 -1.348613071629999922e+02 6.130000624120000197e+01 1.515164973420000081e+02
4.250829828820000267e-01 -7.616822223300000194e-02 2.279353574880000066e-01 -1.773684134029999970e-01 -1.343659466580000128e+02 6.153217472010000222e+01 1.517327082079999911e+02
1.331982441500000058e-01 -7.361315688309999494e-02 2.267518557150000058e-01 -1.789265558010000035e-01 -1.342875510990000123e+02 6.153825659240000334e+01 1.517042846479999980e+02
5.206958361269999891e-01 -7.516942310570000341e-02 2.254977591310000085e-01 -1.722121494859999991e-01 -1.338675171810000109e+02 6.064157449599999694e+01 1.515291991709999877e+02
7.639065634399999638e-01 -7.741130202349999490e-02 2.249965028689999980e-01 -1.761779088959999906e-01 -1.341210495079999987e+02 6.166118215920000267e+01 1.516503748270000074e+02
2.661083129049999774e-01 -7.345640403420000686e-02 2.253071397239999885e-01 -1.729698826209999929e-01 -1.343901788999999951e+02 6.119532243529999960e+01 1.515949226449999969e+02
1.527258702610000130e-01 -7.155552676710000282e-02 2.249289185680000136e-01 -1.710982049579999886e-01 -1.353173538430000065e+02 6.109642330860000214e+01 1.515427722629999892e+02
1.025717792029999936e-01 -7.563942706640000568e-02 2.254202896820000079e-01 -1.820044402210000134e-01 -1.335712169020000033e+02 6.168948805330000340e+01 1.516784561720000113e+02
3.063094668479999783e-01 -7.115052169829999551e-02 2.260623694580000120e-01 -1.797835354279999909e-01 -1.341663951060000102e+02 6.154983287280000326e+01 1.515531489399999998e+02
1.573785874330000112e-01 -7.470633887170000098e-02 2.298078505929999904e-01 -1.774276416339999884e-01 -1.341401924539999868e+02 6.109385424239999907e+01 1.511369292040000119e+02
2.637099121820000169e-01 -7.136689520769999573e-02 2.248139913549999924e-01 -1.803440168919999975e-01 -1.343434082059999923e+02 6.178723349820000266e+01 1.517921644689999994e+02
1.614659094919999871e-01 -7.707610754249999419e-02 2.265465243370000104e-01 -1.808708987830000003e-01 -1.334387159560000100e+02 6.174647893520000252e+01 1.521877272700000105e+02
1.178822438610000051e-01 -7.379595789140000472e-02 2.282130780099999867e-01 -1.738593811409999967e-01 -1.347949778820000120e+02 6.111722476210000110e+01 1.512829797969999959e+02
1.825753779440000002e-01 -7.208950799110000474e-02 2.272490187779999948e-01 -1.778041324949999891e-01 -1.339606703700000025e+02 6.144994996730000025e+01 1.515504765089999921e+02
1.407096980879999903e-01 -7.982884808170000179e-02 2.289469724529999972e-01 -1.715399496460000006e-01 -1.331081958890000010e+02 6.030795812240000231e+01 1.516437745830000097e+02
1.194403888070000030e-01 -7.300779967609999366e-02 2.290857409600000061e-01 -1.754476842640000089e-01 -1.340187879880000139e+02 6.070991126989999742e+01 1.512992407460000095e+02
2.647561291030000041e-01 -7.641262943259999330e-02 2.241355915019999923e-01 -1.769025636369999932e-01 -1.339597657040000058e+02 6.167314327350000269e+01 1.515204474029999915e+02
2.164266071239999978e-01 -7.570645194479999618e-02 2.247131774239999880e-01 -1.771053061819999885e-01 -1.337989999399999874e+02 6.151123587749999899e+01 1.517217524620000120e+02
1.035383180039999990e-01 -7.442600118820000277e-02 2.247835402189999887e-01 -1.741082675810000091e-01 -1.346034242730000017e+02 6.101136724420000235e+01 1.514023589710000124e+02
2.950913822160000088e-01 -7.607291634240000155e-02 2.248252066020000051e-01 -1.740886530719999992e-01 -1.339797673410000129e+02 6.165466662339999715e+01 1.515622349299999883e+02
1.242977316320000025e-01 -7.041646351180000374e-02 2.314277709570000119e-01 -1.811709612590000074e-01 -1.345539015619999930e+02 6.111544525939999772e+01 1.509972503189999884e+02
1.927194778309999912e-01 -7.432296666960000464e-02 2.244561071299999988e-01 -1.781366328840000013e-01 -1.336998696359999883e+02 6.184885842380000298e+01 1.518884353269999963e+02
2.752672544929999798e+00 -7.446102774030000093e-02 2.259787423980000043e-01 -1.746783338250000039e-01 -1.340657102600000030e+02 6.124501487780000275e+01 1.520841718290000131e+02
2.140389799119999936e-01 -7.565254233389999416e-02 2.267579024099999896e-01 -1.770475362360000027e-01 -1.339952497849999986e+02 6.161963844000000279e+01 1.516916903000000048e+02
1.759467342749999885e-01 -7.647492566789999835e-02 2.246730098009999954e-01 -1.726173878610000045e-01 -1.344427629639999964e+02 6.096763947579999865e+01 1.518786177030000033e+02
1.914899753000000038e-01 -6.942931334679999789e-02 2.190384005519999955e-01 -1.787007567259999985e-01 -1.352227569640000127e+02 6.280799512779999816e+01 1.521179899409999905e+02
1.151072404349999939e-01 -7.445163996350000202e-02 2.260933119640000100e-01 -1.761570100560000129e-01 -1.341858446029999925e+02 6.126239668929999738e+01 1.518804818879999914e+02
1.618968642230000088e-01 -7.567184238709999400e-02 2.270729799339999966e-01 -1.777744214979999904e-01 -1.336714322029999948e+02 6.109229620119999993e+01 1.515479035280000062e+02
1.207370401289999950e-01 -7.581523667459999505e-02 2.275367151600000137e-01 -1.753838492779999925e-01 -1.336876089550000017e+02 6.074970207890000040e+01 1.517537345320000099e+02
1.028833365390000032e-01 -7.407277932019999678e-02 2.314535244039999939e-01 -1.773097265799999933e-01 -1.342818693469999971e+02 6.028788738619999776e+01 1.509719649539999864e+02
2.132947084010000105e-01 -7.511087829859999787e-02 2.260853815930000121e-01 -1.812775708280000009e-01 -1.340121816539999884e+02 6.165701384460000156e+01 1.518100483469999915e+02
8.219454727999999655e-01 -7.407447684930000553e-02 2.267692299379999998e-01 -1.730766604099999995e-01 -1.346084625050000056e+02 6.087297843260000008e+01 1.516177681290000123e+02
1.665231437739999876e-01 -7.320935927220000028e-02 2.299688228429999926e-01 -1.771932644230000131e-01 -1.344406047740000076e+02 6.116443480510000086e+01 1.510743299549999961e+02
1.260870110969999902e-01 -7.797460693140000065e-02 2.283632530370000024e-01 -1.781951070929999881e-01 -1.332529262850000009e+02 6.130022165279999768e+01 1.516074300740000069e+02
1.050895589120000029e-01 -7.736075390480000313e-02 2.268990265949999974e-01 -1.774618108440000064e-01 -1.334981673000000058e+02 6.109565716790000067e+01 1.516011796679999861e+02
4.180736072440000006e-01 -7.356015404500000632e-02 2.253647300970000045e-01 -1.791212514859999994e-01 -1.338415131229999986e+02 6.138310693180000044e+01 1.520215041259999964e+02
4.114928074509999756e-01 -7.264622547259999563e-02 2.227888823570000065e-01 -1.777127519620000096e-01 -1.349419963459999963e+02 6.180408257250000048e+01 1.517472258290000013e+02
1.523666073870000026e-01 -7.209502352740000675e-02 2.293072185970000121e-01 -1.817389235519999979e-01 -1.342709414500000094e+02 6.164265099179999652e+01 1.511423783550000053e+02
3.395379552719999805e-01 -7.155151084130000061e-02 2.249054237779999910e-01 -1.785271081990000008e-01 -1.344742609159999915e+02 6.185853030199999836e+01 1.513758664279999948e+02
2.171453178989999899e-01 -7.401951740649999334e-02 2.215909255659999910e-01 -1.763284936689999971e-01 -1.339231774920000078e+02 6.192693099169999726e+01 1.519939584340000067e+02
3.591813251159999831e-01 -7.670842654699999708e-02 2.243048270809999967e-01 -1.728611613140000058e-01 -1.340405515969999897e+02 6.133038989770000171e+01 1.520648804269999914e+02
1.883025505819999890e-01 -7.370848633479999690e-02 2.268334494810000102e-01 -1.801965069129999875e-01 -1.343234826290000115e+02 6.155289231199999733e+01 1.513180262360000086e+02
2.645670734969999827e-01 -7.452868243910000523e-02 2.241926939180000078e-01 -1.739935253769999968e-01 -1.343339696250000088e+02 6.110962695749999796e+01 1.519318564929999980e+02
2.862011318250000103e-01 -7.363491728160000138e-02 2.292238486020000132e-01 -1.749508545100000034e-01 -1.344152252830000123e+02 6.062343718550000204e+01 1.512773278679999862e+02
1.439772778700000033e-01 -7.368081842239999901e-02 2.262718974140000006e-01 -1.719308059190000071e-01 -1.348102590780000014e+02 6.041975825690000335e+01 1.514821179959999995e+02
2.946654935219999993e-01 -7.723179766910000243e-02 2.261163026099999862e-01 -1.719990176600000031e-01 -1.337459807179999984e+02 6.078336293139999924e+01 1.515382398719999912e+02
1.688815765470000008e+00 -7.658834343730000493e-02 2.269071337999999938e-01 -1.772806285050000097e-01 -1.340228410199999871e+02 6.100018309829999907e+01 1.517362472890000049e+02
2.381800657139999944e-01 -7.270120166839999509e-02 2.255499657829999893e-01 -1.791841951060000049e-01 -1.342970686820000026e+02 6.172912886390000153e+01 1.514122179839999944e+02
1.547778539770000017e-01 -7.890655180580000150e-02 2.244022916600000028e-01 -1.757866459549999871e-01 -1.332414216699999940e+02 6.106312366390000079e+01 1.518770426480000140e+02
1.964444768220000026e-01 -7.329682674080000016e-02 2.259219017540000096e-01 -1.735645108390000135e-01 -1.347704463780000026e+02 6.082072221069999785e+01 1.517253251799999987e+02
1.278132650069999932e-01 -7.536251930619999873e-02 2.248498346030000095e-01 -1.761900627100000116e-01 -1.338192662540000129e+02 6.176473586040000185e+01 1.522590335689999961e+02
1.052588788780000062e-01 -7.217680858370000008e-02 2.256428960040000042e-01 -1.775119837699999925e-01 -1.348227719969999896e+02 6.183796176620000296e+01 1.519348082760000125e+02
8.826678426359999552e-01 -7.706016078669999936e-02 2.270877342769999918e-01 -1.733423161959999903e-01 -1.338964233979999960e+02 6.114976678760000084e+01 1.517613882629999864e+02
1.213897635380000034e-01 -7.175089228049999490e-02 2.294721492510000127e-01 -1.753807807059999946e-01 -1.346220564719999970e+02 6.072008211360000018e+01 1.510044836460000113e+02
2.389225192449999924e-01 -7.366365072529999780e-02 2.273150581599999998e-01 -1.794504824779999952e-01 -1.341331601789999866e+02 6.125660825650000163e+01 1.519321896069999980e+02
1.508210854200000006e-01 -7.367136375520000335e-02 2.194115180400000031e-01 -1.724854220790000003e-01 -1.345277578479999931e+02 6.166769817400000164e+01 1.522828379999999981e+02
1.106601852090000060e-01 -7.356774577409999627e-02 2.210522742569999977e-01 -1.728594185010000062e-01 -1.345722175530000015e+02 6.198948588999999743e+01 1.521041333690000101e+02
1.760003630470000080e-01 -7.553907244259999709e-02 2.239584923969999974e-01 -1.795953540469999998e-01 -1.336454259299999876e+02 6.183182401999999911e+01 1.519706534290000093e+02
4.972156357740000199e-01 -7.596638261959999527e-02 2.236632255969999983e-01 -1.792214093310000034e-01 -1.337514429830000040e+02 6.211643035760000231e+01 1.522704754359999981e+02
1.066434889750000059e-01 -7.693325719070000235e-02 2.277545101490000001e-01 -1.780756213409999955e-01 -1.333013080670000079e+02 6.144566765569999944e+01 1.519618087810000020e+02
7.555623023169999453e-01 -7.261296100349999560e-02 2.252072831270000020e-01 -1.790794840759999951e-01 -1.346162593310000091e+02 6.165210089560000029e+01 1.514981183680000072e+02
1.696238299820000073e+00 -7.747993191690000225e-02 2.267357381170000130e-01 -1.728594440300000035e-01 -1.335840533639999990e+02 6.128624264649999986e+01 1.515256127700000093e+02
1.844370656440000034e-01 -7.630855332439999417e-02 2.262645046170000118e-01 -1.774655571869999948e-01 -1.340135756459999925e+02 6.099562695840000259e+01 1.515957988049999869e+02
1.373805527660000025e-01 -7.934337770669999679e-02 2.253128080469999905e-01 -1.792287613509999933e-01 -1.330781735520000097e+02 6.202432096089999902e+01 1.520066392420000057e+02
1.170164665160000061e-01 -7.417956879699999506e-02 2.313856462409999981e-01 -1.767577478179999939e-01 -1.344263829719999990e+02 6.037685328359999914e+01 1.510750591919999977e+02
1.932814611889999978e-01 -7.547165497449999372e-02 2.243227357029999869e-01 -1.780874483340000036e-01 -1.334118574549999892e+02 6.144633757529999940e+01 1.519902726519999874e+02
6.540075612879999944e+00 -7.528324670279999686e-02 2.270303955980000066e-01 -1.834617142530000078e-01 -1.337751743679999947e+02 6.200926595490000182e+01 1.519867091970000104e+02
2.231006530300000124e-01 -7.523358225319999593e-02 2.260143985189999871e-01 -1.735229917689999901e-01 -1.343901656319999915e+02 6.083975981489999896e+01 1.512633219440000119e+02
1.028527267170000065e-01 -7.926314627040000060e-02 2.250656662380000061e-01 -1.738747467239999955e-01 -1.331592964250000080e+02 6.095456627819999795e+01 1.516823563769999907e+02
2.648630951859999860e-01 -7.523949755629999459e-02 2.265216890429999907e-01 -1.743552729810000090e-01 -1.345335420240000133e+02 6.115169696920000320e+01 1.514181107869999892e+02
2.162401228289999866e-01 -7.537220679480000074e-02 2.278401200750000133e-01 -1.775808362799999873e-01 -1.338339195000000075e+02 6.170363781580000051e+01 1.516405294179999999e+02
3.955574066890000129e+00 -7.479329447200000480e-02 2.274444226029999905e-01 -1.733392199459999894e-01 -1.344704075559999978e+02 6.063598299609999742e+01 1.514987546300000076e+02
1.667327086429999938e-01 -7.616155881500000224e-02 2.240861041609999993e-01 -1.774931595589999966e-01 -1.332453522879999923e+02 6.153598361800000305e+01 1.521938479350000080e+02
1.395054696789999882e-01 -7.869280684519999736e-02 2.202454705670000012e-01 -1.745529546340000016e-01 -1.333240974830000027e+02 6.190750120959999947e+01 1.524190088519999904e+02
1.279427335530000098e-01 -7.223732919439999900e-02 2.244979971000000130e-01 -1.783876929640000053e-01 -1.345642597499999908e+02 6.179480109490000217e+01 1.515171920520000128e+02
1.602470359269999867e-01 -7.560555979169999996e-02 2.268535365780000035e-01 -1.711195774860000129e-01 -1.341640530340000055e+02 6.083436141880000037e+01 1.515121899209999867e+02
1.146152932700000016e-01 -7.510018340750000687e-02 2.230943485009999894e-01 -1.775904417530000112e-01 -1.333628341799999930e+02 6.183905432120000256e+01 1.520076615250000032e+02
3.764029890939999956e-01 -7.968186548670000424e-02 2.253913191330000065e-01 -1.725445005619999916e-01 -1.332738437120000015e+02 6.085075846619999851e+01 1.520447945729999901e+02
1.359339069290000090e-01 -7.087052264849999506e-02 2.272764434170000125e-01 -1.779892548729999913e-01 -1.344671687459999987e+02 6.130530305079999920e+01 1.515925282800000105e+02
1.050036926359999984e-01 -7.060969730470000039e-02 2.271471916899999999e-01 -1.802405049530000081e-01 -1.345037836340000013e+02 6.195105592430000030e+01 1.516635129400000039e+02
1.361528071379999871e-01 -7.781409996959999520e-02 2.274545987709999939e-01 -1.784761845560000060e-01 -1.332172849849999920e+02 6.139322281289999950e+01 1.517248965199999873e+02
2.031693547919999898e-01 -7.375711325709999322e-02 2.262726878709999945e-01 -1.793042494709999879e-01 -1.345060040859999901e+02 6.183772046450000204e+01 1.515065658659999883e+02
2.388626905200000039e-01 -7.437467598539999891e-02 2.267713402559999869e-01 -1.776342450539999951e-01 -1.339135154610000029e+02 6.165168395650000122e+01 1.514279298689999962e+02
3.015558766299999971e-01 -7.276009995030000010e-02 2.303465160289999980e-01 -1.823428982189999881e-01 -1.339910255370000129e+02 6.132759883859999661e+01 1.512990130169999929e+02
1.607777948880000085e-01 -7.566670763799999977e-02 2.289149426200000059e-01 -1.805625024599999962e-01 -1.333895049449999988e+02 6.157270347250000242e+01 1.516226743370000065e+02
1.310086190480000135e-01 -7.598750064299999996e-02 2.239186613639999879e-01 -1.821693885800000079e-01 -1.335452228750000074e+02 6.241026013500000147e+01 1.519856724139999926e+02
4.694506155040000239e-01 -7.315048958500000587e-02 2.281163872339999898e-01 -1.744672388329999990e-01 -1.340872583999999961e+02 6.106472958610000035e+01 1.512169557489999931e+02
1.014573706650000046e-01 -7.559881025070000482e-02 2.242534174899999955e-01 -1.757075341400000101e-01 -1.339949405790000014e+02 6.160163292050000194e+01 1.521558072109999955e+02
1.922044339129999890e-01 -7.305665762830000631e-02 2.264577350470000083e-01 -1.781654247670000080e-01 -1.347729713610000033e+02 6.181697637119999911e+01 1.515994959630000096e+02
1.016661163099999987e-01 -7.242102654779999926e-02 2.234010967429999883e-01 -1.732588643640000092e-01 -1.349373885029999940e+02 6.135931017090000239e+01 1.518307242790000089e+02
1.306213814249999883e-01 -7.132602999779999453e-02 2.207217381040000037e-01 -1.775260197780000049e-01 -1.346009625160000098e+02 6.210731391440000237e+01 1.521165239860000042e+02
1.961837661030000068e-01 -7.126576454020000506e-02 2.224754240519999926e-01 -1.749595204369999990e-01 -1.346098545090000016e+02 6.171257091439999698e+01 1.518757835689999922e+02
1.097220711759999967e-01 -7.740059675690000307e-02 2.238669900290000125e-01 -1.735880084800000001e-01 -1.333024665970000058e+02 6.165226034279999823e+01 1.521023927829999991e+02
1.727331789379999982e-01 -7.675651758779999945e-02 2.303369058810000036e-01 -1.807055108850000036e-01 -1.335821011699999872e+02 6.130719110780000136e+01 1.514957025779999924e+02
1.495766424040000098e-01 -7.267989484530000543e-02 2.303056299239999993e-01 -1.740680942010000010e-01 -1.347768735090000121e+02 6.049887970750000221e+01 1.508310786069999949e+02
2.177345290669999989e-01 -7.857168149399999801e-02 2.270865027539999970e-01 -1.701479437120000104e-01 -1.335512911579999979e+02 6.055384723390000090e+01 1.516441954869999904e+02
1.173368584610000043e-01 -7.159914435500000507e-02 2.257248736309999948e-01 -1.740698666759999957e-01 -1.345754930349999938e+02 6.123439568389999721e+01 1.517477426339999909e+02
1.296446988330000050e-01 -7.985206506809999771e-02 2.254881372510000037e-01 -1.808248509150000016e-01 -1.328055598200000134e+02 6.199388912540000263e+01 1.519666164509999930e+02
1.106194647329999947e-01 -7.526883883469999426e-02 2.270713926740000055e-01 -1.739008568610000138e-01 -1.344248400589999903e+02 6.104808511040000241e+01 1.514347805589999894e+02
3.056375854169999795e-01 -7.269486103489999906e-02 2.287352603430000131e-01 -1.745889141480000128e-01 -1.350449037619999899e+02 6.101604535410000096e+01 1.513316187689999879e+02
1.048047729870000000e-01 -7.029106110480000391e-02 2.295736967600000011e-01 -1.777169390370000046e-01 -1.347653312449999987e+02 6.066902809999999846e+01 1.508575141439999925e+02
1.395308522469999868e-01 -7.482867580799999752e-02 2.320288604009999867e-01 -1.728151707939999948e-01 -1.343613073760000134e+02 6.010525136340000074e+01 1.508342942779999873e+02
1.319918373410000068e-01 -7.306400516750000129e-02 2.242098772780000138e-01 -1.700955097359999890e-01 -1.347945383990000039e+02 6.117725869960000296e+01 1.519027328729999908e+02
2.813068276790000044e-01 -7.367229069170000422e-02 2.264057166079999905e-01 -1.775044606769999866e-01 -1.337639458719999936e+02 6.118391371330000084e+01 1.517753205029999890e+02
1.132536323340000095e+00 -7.310802477750000250e-02 2.258738770329999923e-01 -1.743418887239999993e-01 -1.345918410760000086e+02 6.147275118660000004e+01 1.512693233169999871e+02
1.716783058459999955e-01 -7.093864067320000688e-02 2.278977418079999873e-01 -1.787382365279999996e-01 -1.344722458059999894e+02 6.126668715280000299e+01 1.513075242650000121e+02
1.851188492670000074e-01 -7.217019552450000541e-02 2.292146123509999911e-01 -1.721565135450000006e-01 -1.346460439589999964e+02 6.052282164199999670e+01 1.512603880819999915e+02
1.134532613719999999e-01 -7.572001489919999440e-02 2.264610217270000003e-01 -1.742632212820000026e-01 -1.338092107049999981e+02 6.107152211359999683e+01 1.519239677989999961e+02
2.017126497229999871e-01 -7.525882824250000602e-02 2.305663085349999863e-01 -1.781060160490000044e-01 -1.338178276719999928e+02 6.071495404960000286e+01 1.511498467749999861e+02
1.689089090130000137e-01 -7.472692222929999684e-02 2.242302083230000020e-01 -1.801267343559999901e-01 -1.336773610650000137e+02 6.179689723879999974e+01 1.519570414849999906e+02
5.748880609580000467e-01 -7.215806525750000089e-02 2.256823290689999872e-01 -1.758280394070000086e-01 -1.346574149580000039e+02 6.117972956410000052e+01 1.513389106859999913e+02
1.142213848649999974e-01 -8.314050490780000580e-02 2.251785252050000075e-01 -1.761019233879999868e-01 -1.322629802239999890e+02 6.163998562630000322e+01 1.523242320219999897e+02
1.387263153799999926e-01 -7.477803533540000602e-02 2.268235052350000003e-01 -1.771068624909999945e-01 -1.341774689169999988e+02 6.154107818279999975e+01 1.516036069200000043e+02
1.454167233520000102e-01 -7.580747969810000542e-02 2.235217916249999937e-01 -1.758741540940000070e-01 -1.338435959500000081e+02 6.114958399159999658e+01 1.521088264120000133e+02
5.733139787859999892e-01 -7.581068749359999581e-02 2.234619791889999874e-01 -1.717566819690000135e-01 -1.340730200120000006e+02 6.082234232740000124e+01 1.519406560170000091e+02
1.002571143910000045e-01 -7.762411173000000053e-02 2.262982366079999974e-01 -1.742013212450000126e-01 -1.337000362999999936e+02 6.085366070119999904e+01 1.521274394229999984e+02
1.897135279000000119e-01 -7.321519643219999429e-02 2.296353597709999972e-01 -1.749575286370000093e-01 -1.347005361170000128e+02 6.041525341890000078e+01 1.509986509869999907e+02
1.201478192390000033e-01 -7.028178275789999374e-02 2.253978209230000085e-01 -1.774467764350000087e-01 -1.346455780770000104e+02 6.155569991309999978e+01 1.513648161810000090e+02
8.617128887449999608e-01 -7.772959901879999967e-02 2.268038853010000133e-01 -1.760490462079999929e-01 -1.334258465309999906e+02 6.069575574190000111e+01 1.516852130020000118e+02
1.000413263680000053e-01 -7.362535741240000542e-02 2.183189775509999930e-01 -1.775499004620000043e-01 -1.342183642249999878e+02 6.263545018819999655e+01 1.523787754489999884e+02
1.468274321030000051e-01 -7.405110597160000085e-02 2.278179574239999894e-01 -1.769029839750000110e-01 -1.343954589100000021e+02 6.088058027699999997e+01 1.513244930380000142e+02
1.735394045360000026e-01 -7.293936752620000519e-02 2.259183378409999887e-01 -1.784652510779999868e-01 -1.348282956689999992e+02 6.184087256720000170e+01 1.516545532480000134e+02
1.114732586629999939e-01 -7.522249410390000057e-02 2.274812321709999974e-01 -1.793094001899999956e-01 -1.337918183909999925e+02 6.155856358049999955e+01 1.514638807149999877e+02
5.554378545579999882e-01 -7.657490528709999522e-02 2.237707210250000078e-01 -1.759035630119999971e-01 -1.343053410800000051e+02 6.146989956179999837e+01 1.517416396790000022e+02
1.486889971110000042e-01 -7.269766480019999866e-02 2.291058414999999904e-01 -1.792781164499999969e-01 -1.342063941419999935e+02 6.116921308170000060e+01 1.516396637679999913e+02
3.893717032649999799e-01 -7.394576547509999764e-02 2.212240341620000106e-01 -1.757858813350000049e-01 -1.345249980199999982e+02 6.235771665259999708e+01 1.524514361100000031e+02
6.318300470630000554e-01 -7.532384869739999766e-02 2.253034866649999968e-01 -1.746057148100000067e-01 -1.343189295200000117e+02 6.143265251220000067e+01 1.515961370500000100e+02
3.814271617810000015e-01 -7.891729645480000110e-02 2.258430523249999877e-01 -1.711816219339999945e-01 -1.337076406859999906e+02 6.094042274209999732e+01 1.519574170779999918e+02
1.689988433300000092e-01 -7.410815749509999661e-02 2.309685996409999997e-01 -1.764463788110000042e-01 -1.343261876749999999e+02 6.078759352459999832e+01 1.512901301930000102e+02
1.699584714269999908e-01 -7.711622345330000627e-02 2.285027656539999896e-01 -1.783545061110000107e-01 -1.338589893349999898e+02 6.126884006259999893e+01 1.516296704670000111e+02
1.137724839820000028e-01 -8.110485896989999555e-02 2.262944506879999984e-01 -1.710388318740000135e-01 -1.332512738819999925e+02 6.077059681429999927e+01 1.517088439400000084e+02
1.454302822770000003e-01 -7.406379877560000102e-02 2.250410315599999933e-01 -1.754840615430000028e-01 -1.344119836970000108e+02 6.191109034090000307e+01 1.519785927869999966e+02
1.485484086989999897e-01 -7.881501879110000552e-02 2.232597951670000080e-01 -1.728961063870000092e-01 -1.331846201390000033e+02 6.161419163859999770e+01 1.521899042420000114e+02
1.738739230449999895e-01 -8.152580332490000359e-02 2.226527929110000137e-01 -1.756799968930000122e-01 -1.325275119940000081e+02 6.176449051750000052e+01 1.524615458909999859e+02
1.565108331989999990e-01 -7.655725152770000153e-02 2.284021157729999862e-01 -1.744913705870000109e-01 -1.336579232160000004e+02 6.051285406560000268e+01 1.511778531989999976e+02
6.638488352570000028e-01 -7.524037198899999335e-02 2.237175795040000081e-01 -1.793003942040000132e-01 -1.338965964829999962e+02 6.227998074789999805e+01 1.523913890540000011e+02
1.194093426380000017e-01 -7.581924531849999760e-02 2.297795545140000062e-01 -1.763084183560000018e-01 -1.338485977580000110e+02 6.061968148079999708e+01 1.512281865100000005e+02
1.029392518260000000e-01 -7.510477744019999902e-02 2.255298199359999922e-01 -1.749680346290000132e-01 -1.344508257230000083e+02 6.148795518189999854e+01 1.520890593210000077e+02
1.170545404690000041e-01 -7.665558296520000314e-02 2.256322065470000027e-01 -1.719766749069999989e-01 -1.336245012889999941e+02 6.076071637350000287e+01 1.517630773379999880e+02
8.471389394580000065e-01 -7.361582503850000458e-02 2.249772831550000129e-01 -1.758115865600000105e-01 -1.346526130889999990e+02 6.100825447060000073e+01 1.516508305000000121e+02
1.177573138979999962e-01 -7.271374241719999465e-02 2.265776276360000063e-01 -1.780189566510000099e-01 -1.341446383100000048e+02 6.155407586399999786e+01 1.514423403730000075e+02
1.408907485860000086e-01 -7.650245013779999326e-02 2.231061789709999910e-01 -1.791021614270000006e-01 -1.334515624180000088e+02 6.214214494720000204e+01 1.525413787189999937e+02
2.159787530529999888e-01 -7.832603029439999531e-02 2.214289255100000131e-01 -1.737772077109999980e-01 -1.336041074130000084e+02 6.209079479460000073e+01 1.524933885220000036e+02
2.161930169500000165e+00 -7.403847553179999930e-02 2.247461149820000059e-01 -1.799130606990000103e-01 -1.342323643770000103e+02 6.218805871099999649e+01 1.518885440710000125e+02
2.501506027770000196e-01 -7.415992126279999375e-02 2.268030171559999864e-01 -1.779998430120000030e-01 -1.340265092470000070e+02 6.137324001660000050e+01 1.515727294639999911e+02
1.165607673780000020e-01 -7.465171056180000542e-02 2.254985675639999965e-01 -1.747855006740000050e-01 -1.344063802469999871e+02 6.093454905210000305e+01 1.518484678080000094e+02
2.388939531510000103e-01 -7.570246468199999523e-02 2.251253716249999870e-01 -1.722447555980000100e-01 -1.344072296909999977e+02 6.120929955100000086e+01 1.513896981489999973e+02
1.418227415880000120e-01 -7.187291307899999759e-02 2.267657343889999955e-01 -1.758423629549999978e-01 -1.348213564849999955e+02 6.144927757549999825e+01 1.512401621310000053e+02
1.002373549429999983e-01 -7.532184096860000677e-02 2.279711290679999891e-01 -1.769537223709999885e-01 -1.339573348099999919e+02 6.083821501749999783e+01 1.511786474170000076e+02
1.098056616930000035e-01 -7.608385606720000083e-02 2.234312722569999909e-01 -1.705501425179999919e-01 -1.341226535700000113e+02 6.121440988540000205e+01 1.517037599889999910e+02
1.415815457329999971e-01 -7.613530564980000581e-02 2.291012213370000050e-01 -1.760519014290000128e-01 -1.340782942699999865e+02 6.127801920190000118e+01 1.516975824460000126e+02
5.352873082179999686e-01 -7.093383788939999768e-02 2.213223041640000055e-01 -1.786638422279999971e-01 -1.348765391750000049e+02 6.237602326180000034e+01 1.519454352820000054e+02
1.136707718470000017e-01 -7.496762982740000358e-02 2.274327461969999908e-01 -1.725190108849999904e-01 -1.342838901419999900e+02 6.057867801119999740e+01 1.511753900390000069e+02
1.611893794320000128e-01 -7.249693823679999316e-02 2.269618954260000099e-01 -1.760447348209999985e-01 -1.344515424479999979e+02 6.117128965479999891e+01 1.512379996950000134e+02
1.436909339349999870e-01 -7.595694441879999315e-02 2.257249628509999939e-01 -1.781652439489999906e-01 -1.340581113990000119e+02 6.162032361370000189e+01 1.516855195779999974e+02
4.831368835589999744e-01 -7.907099486959999479e-02 2.265926726930000135e-01 -1.770651031369999961e-01 -1.331536382950000075e+02 6.123999662079999950e+01 1.517908162120000100e+02
3.257643295120000171e-01 -7.219322695490000552e-02 2.266381951860000077e-01 -1.742797483309999895e-01 -1.350432228779999946e+02 6.085196678639999845e+01 1.512587813760000017e+02
2.976891963330000057e-01 -7.608955009149999393e-02 2.249573913290000005e-01 -1.765609941990000098e-01 -1.338697505730000046e+02 6.113697729009999904e+01 1.521657845269999996e+02
1.505801897219999907e-01 -7.628259083839999954e-02 2.245909260939999985e-01 -1.719957711819999902e-01 -1.344017184610000015e+02 6.123245116449999870e+01 1.520285861540000099e+02
2.468846923030000029e-01 -7.455939632260000227e-02 2.296245931270000096e-01 -1.725967266629999941e-01 -1.342308199050000042e+02 6.026414018370000036e+01 1.512002331319999939e+02
1.143532647559999949e-01 -7.019263227489999646e-02 2.291266377089999917e-01 -1.768629332109999952e-01 -1.349269324329999904e+02 6.105171005329999900e+01 1.510404416739999931e+02
1.494722860219999949e-01 -7.639574526759999873e-02 2.274877380239999913e-01 -1.766192395360000056e-01 -1.333271083490000137e+02 6.121185531039999717e+01 1.516783351020000055e+02
1.865336429879999869e-01 -7.709402885589999865e-02 2.231044294120000104e-01 -1.773172274950000071e-01 -1.335653630410000119e+02 6.204172628789999777e+01 1.523133390309999982e+02
1.069108743509999959e-01 -7.965904725550000676e-02 2.268533225300000122e-01 -1.741636541230000002e-01 -1.333332098729999871e+02 6.119259857059999774e+01 1.521432656609999867e+02
7.174562188180000355e+00 -7.254692641880000625e-02 2.225691171630000131e-01 -1.730860169189999964e-01 -1.346076067090000095e+02 6.127661014160000263e+01 1.518287418890000140e+02
3.489476267519999730e-01 -7.691329120169999867e-02 2.268236000809999986e-01 -1.801255542980000068e-01 -1.334887177919999885e+02 6.192948115829999978e+01 1.515347332450000124e+02
1.077517286659999962e-01 -7.562098204309999905e-02 2.277613918860000031e-01 -1.747415486839999921e-01 -1.343434592970000097e+02 6.128883358360000244e+01 1.512500818499999866e+02
3.274924376930000158e-01 -7.166546718989999509e-02 2.286757963830000073e-01 -1.747943617019999951e-01 -1.348984382060000087e+02 6.070845192830000059e+01 1.509772759520000136e+02
4.287867153170000223e-01 -7.741482423730000617e-02 2.211452420099999927e-01 -1.724511909779999907e-01 -1.340167936610000083e+02 6.166579806659999718e+01 1.521749982629999920e+02
2.794144193299999968e-01 -7.508673747789999797e-02 2.223993466829999877e-01 -1.802323549569999905e-01 -1.339320599899999991e+02 6.250582084650000070e+01 1.523358113399999922e+02
1.296540336650000014e-01 -7.568540765270000137e-02 2.262940286169999871e-01 -1.821022472709999951e-01 -1.339934870230000001e+02 6.206335437799999966e+01 1.516563730270000008e+02
2.138936129039999967e-01 -7.698713840199999936e-02 2.251612034309999899e-01 -1.747026304139999986e-01 -1.342586491829999886e+02 6.097764576250000346e+01 1.517864805009999998e+02
1.041202562060000031e-01 -7.316779297250000647e-02 2.229116013430000043e-01 -1.747449401270000091e-01 -1.345954316579999954e+02 6.176215907400000305e+01 1.521653537519999873e+02
5.159919226939999604e-01 -7.529897422770000237e-02 2.287278050290000031e-01 -1.777318193269999957e-01 -1.341202687539999943e+02 6.082326855409999666e+01 1.511597306600000081e+02
1.469805997159999988e-01 -7.849974909849999349e-02 2.276106640499999945e-01 -1.734555349180000039e-01 -1.333920365399999923e+02 6.033167278210000006e+01 1.514880432020000001e+02
2.037219203629999920e-01 -7.488558505270000165e-02 2.262952140399999978e-01 -1.805417995009999943e-01 -1.341300608829999987e+02 6.187220473930000253e+01 1.514379197050000130e+02
1.018135051120000051e-01 -7.245165252780000342e-02 2.267901400810000134e-01 -1.766543780039999956e-01 -1.344533136979999881e+02 6.132466870239999679e+01 1.516840966709999918e+02
1.092536313559999972e-01 -7.291997093310000067e-02 2.242932788979999925e-01 -1.789976768210000124e-01 -1.343327923610000028e+02 6.189368490630000252e+01 1.520770113380000055e+02
4.684003453300000230e-01 -7.876244299699999840e-02 2.250840236670000050e-01 -1.743743973820000015e-01 -1.334680180889999974e+02 6.086192078519999882e+01 1.521809240640000098e+02
1.165871890190000038e-01 -7.504031938180000250e-02 2.250870767060000055e-01 -1.808755846279999913e-01 -1.338030683419999889e+02 6.187002709589999938e+01 1.521744376329999966e+02
3.825058994039999827e-01 -7.591935867900000134e-02 2.238731971429999967e-01 -1.787599699740000103e-01 -1.334866988699999979e+02 6.233201292830000284e+01 1.518638398630000097e+02
2.558440628670000105e+00 -7.362983145199999968e-02 2.245944431119999973e-01 -1.794981571379999918e-01 -1.344317126519999874e+02 6.182006825909999748e+01 1.514329557000000079e+02
1.559652211299999980e-01 -7.706064019479999527e-02 2.268535347389999957e-01 -1.764063401089999983e-01 -1.335990786819999983e+02 6.146011116830000276e+01 1.516859421590000068e+02
1.214943891549999933e-01 -7.338395684170000155e-02 2.267741909850000126e-01 -1.743359185330000116e-01 -1.343443703080000091e+02 6.111695361839999663e+01 1.512752829890000044e+02
1.056918411459999985e-01 -7.838739383199999633e-02 2.279510816139999896e-01 -1.775459856580000051e-01 -1.329922948020000035e+02 6.117333002090000349e+01 1.517965498300000036e+02
2.144868081380000013e-01 -7.579849808020000523e-02 2.260822376580000070e-01 -1.735308841930000012e-01 -1.339341690800000038e+02 6.119738215510000146e+01 1.516610730849999982e+02
1.077213607240000010e-01 -7.458053758209999551e-02 2.230216692030000114e-01 -1.694365478750000098e-01 -1.345937138140000116e+02 6.135328173279999930e+01 1.518699905830000034e+02
2.731974815479999985e-01 -7.281946779869999387e-02 2.262313978100000122e-01 -1.754539223300000117e-01 -1.345816655339999954e+02 6.062538219830000230e+01 1.513005009389999884e+02
3.355258173539999689e+01 -7.574703788080000555e-02 2.258689092420000100e-01 -1.772957777799999968e-01 -1.336187625480000065e+02 6.167148785559999880e+01 1.520288395739999885e+02
1.039875695300000041e-01 -7.102629857070000274e-02 2.281435824920000077e-01 -1.688606628400000087e-01 -1.352582748760000015e+02 6.027863543689999659e+01 1.509378032600000097e+02
1.319583330540000099e-01 -7.378033454210000675e-02 2.259437427579999991e-01 -1.774362160730000026e-01 -1.344305749010000000e+02 6.107498441610000128e+01 1.512968897000000084e+02
3.374489420630000236e-01 -7.402151208359999957e-02 2.251964642389999993e-01 -1.775812048110000096e-01 -1.344980192030000126e+02 6.145141641250000220e+01 1.516530069199999957e+02
2.151716964229999918e-01 -7.796302480809999547e-02 2.276140524270000021e-01 -1.726180416710000054e-01 -1.335323305969999979e+02 6.073489205530000135e+01 1.516872876440000084e+02
6.438453355100000053e-01 -7.608654752839999480e-02 2.220088380490000124e-01 -1.752392979100000081e-01 -1.337954866370000104e+02 6.211781424609999647e+01 1.522720486020000124e+02
1.452477951529999867e-01 -7.465577182639999976e-02 2.312476474050000064e-01 -1.734601264110000041e-01 -1.343284272180000016e+02 6.047224368170000020e+01 1.508871025630000133e+02
6.687448133679999573e-01 -7.179722204480000480e-02 2.269021335099999925e-01 -1.772524513809999869e-01 -1.349435356520000084e+02 6.121603332520000151e+01 1.511450112789999878e+02
1.482900298740000011e-01 -7.502766333190000192e-02 2.267744093369999936e-01 -1.797602678150000133e-01 -1.340058827690000101e+02 6.175420425219999743e+01 1.518395316950000051e+02
1.032097242830000011e-01 -7.671913783969999678e-02 2.258958745190000061e-01 -1.719605557639999893e-01 -1.336053418260000001e+02 6.092547409649999679e+01 1.517380468890000031e+02
4.534624358350000106e-01 -7.449838021049999537e-02 2.243785370570000048e-01 -1.746316472140000131e-01 -1.346032455309999989e+02 6.148017091890000074e+01 1.517674303720000069e+02
3.645224090679999862e-01 -7.715562673669999760e-02 2.247384828379999921e-01 -1.752926805799999987e-01 -1.340779223330000036e+02 6.183768596659999872e+01 1.518331746769999882e+02
2.276231833609999866e-01 -7.498246116020000629e-02 2.252734839739999884e-01 -1.773401616059999963e-01 -1.334205307569999945e+02 6.134775595400000014e+01 1.515846357730000022e+02
1.042629886090000041e-01 -7.380099270869999728e-02 2.275598044940000120e-01 -1.815403629640000016e-01 -1.339476501579999876e+02 6.175007652040000039e+01 1.513456284769999911e+02
3.283385652620000039e-01 -7.664762336880000249e-02 2.256687388699999963e-01 -1.751681479230000060e-01 -1.342559891779999930e+02 6.112787024240000022e+01 1.517821421140000098e+02
1.151816818699999967e-01 -7.221555591190000067e-02 2.282933114290000010e-01 -1.789251963659999889e-01 -1.343381521119999888e+02 6.095297243350000116e+01 1.511158115940000073e+02
2.974000001800000126e-01 -7.415311584299999481e-02 2.255877709480000048e-01 -1.764309718590000020e-01 -1.347855320300000130e+02 6.163578598410000353e+01 1.518801931030000105e+02
2.211825083869999875e-01 -7.628822204040000554e-02 2.288525483019999973e-01 -1.759108549829999923e-01 -1.339268934659999957e+02 6.058758837220000260e+01 1.510640710879999915e+02
3.564249491450000029e-01 -7.819227157109999438e-02 2.265779946320000127e-01 -1.763869871100000042e-01 -1.336937017159999925e+02 6.097737230860000324e+01 1.514226598829999944e+02
2.006809813650000107e-01 -7.553025125510000326e-02 2.287994100590000079e-01 -1.762018760219999924e-01 -1.338735679979999986e+02 6.147480125730000111e+01 1.512690121109999950e+02
9.920936196190000000e-01 -7.526397747389999837e-02 2.240649225640000131e-01 -1.750149326290000029e-01 -1.335755230770000139e+02 6.123107618409999731e+01 1.519320895539999867e+02
1.001294236590000025e-01 -7.142299732220000474e-02 2.275400934640000039e-01 -1.815944297840000055e-01 -1.342405521389999876e+02 6.177241943389999790e+01 1.517245353360000024e+02
5.241870188949999676e-01 -7.044109042299999401e-02 2.265694029439999924e-01 -1.732332284320000082e-01 -1.351457920359999889e+02 6.104746085499999708e+01 1.514449382239999977e+02
1.282454942600000092e-01 -7.741007572209999965e-02 2.256294720960000111e-01 -1.778749345350000011e-01 -1.335659218849999945e+02 6.201319528959999872e+01 1.518074307729999930e+02
1.407279861200000093e-01 -7.725935541889999980e-02 2.317438495149999889e-01 -1.758333144360000044e-01 -1.335508809700000086e+02 6.022962250740000201e+01 1.512207626139999945e+02
1.783518639849999976e-01 -7.441012700080000541e-02 2.256959697600000037e-01 -1.815739150289999992e-01 -1.343311695829999906e+02 6.226124537799999814e+01 1.516962062869999954e+02
2.892744877569999873e-01 -7.311228986319999457e-02 2.287688482809999979e-01 -1.803295102670000039e-01 -1.342691186039999991e+02 6.135982959300000061e+01 1.513118587049999917e+02
2.613730672619999917e-01 -7.486006174140000247e-02 2.279613870659999986e-01 -1.775192528200000008e-01 -1.337342440609999983e+02 6.164062425480000229e+01 1.514475030590000131e+02
1.045440592580000050e-01 -7.516806863729999511e-02 2.287644647929999997e-01 -1.807872147129999940e-01 -1.339361792219999927e+02 6.132407450099999835e+01 1.515587178700000095e+02
1.030732528420000016e-01 -7.865165732739999582e-02 2.249466992099999896e-01 -1.744620703260000016e-01 -1.333900249509999867e+02 6.125167230249999761e+01 1.518281487639999909e+02
1.659518504789999904e-01 -7.348841464420000080e-02 2.309860919289999925e-01 -1.762294733589999940e-01 -1.343442632800000069e+02 6.038652463390000236e+01 1.512567792000000111e+02
1.081521067169999989e-01 -7.377236891810000363e-02 2.258445587619999917e-01 -1.768746842370000072e-01 -1.346331774850000045e+02 6.087169831269999776e+01 1.516758384229999876e+02
1.257501043910000116e-01 -7.155654071089999346e-02 2.246234078219999930e-01 -1.745859179020000096e-01 -1.349305692890000046e+02 6.145421031469999917e+01 1.514647327710000013e+02
4.443877491429999993e-01 -7.586536168740000419e-02 2.232469887390000074e-01 -1.730049442269999960e-01 -1.342710366930000134e+02 6.131275205389999883e+01 1.519785838109999929e+02
1.042736622730000007e-01 -7.785809557150000226e-02 2.208265829109999911e-01 -1.722551322750000002e-01 -1.336727972479999949e+02 6.202694562010000112e+01 1.523711911560000090e+02
1.284804728879999913e-01 -7.998483905709999342e-02 2.311593918469999898e-01 -1.727135817159999864e-01 -1.329562601140000027e+02 6.002266531490000290e+01 1.513583325600000080e+02
1.798887205849999948e-01 -7.316775003419999368e-02 2.214042065029999951e-01 -1.732018740490000042e-01 -1.345923091079999949e+02 6.155176255239999961e+01 1.519498506159999920e+02
2.324600220470000034e-01 -7.441061824029999994e-02 2.294904939680000033e-01 -1.854884312520000134e-01 -1.336689406289999908e+02 6.159536769150000168e+01 1.515710138359999917e+02
2.349324900260000015e-01 -7.597443914779999918e-02 2.269621464719999981e-01 -1.788704441139999934e-01 -1.335486760779999997e+02 6.189841783629999838e+01 1.520734107650000055e+02
1.118808092729999953e-01 -7.836229320290000189e-02 2.251509107799999909e-01 -1.752409546139999941e-01 -1.333981952139999976e+02 6.136361940860000175e+01 1.516958016229999942e+02
5.561079050660000078e+00 -7.227776739619999613e-02 2.267908459019999934e-01 -1.771689560149999898e-01 -1.346847954659999971e+02 6.137818987090000178e+01 1.511906803189999948e+02
1.003109440089999943e-01 -7.450738170739999722e-02 2.237182746780000120e-01 -1.754679371270000121e-01 -1.344140850629999875e+02 6.126983345280000037e+01 1.517915377779999915e+02
1.188298884139999956e-01 -7.302345134229999701e-02 2.315341806179999906e-01 -1.738244197840000116e-01 -1.343800974709999991e+02 6.042769722959999967e+01 1.509711581260000060e+02
4.027407491650000226e-01 -7.476843781250000487e-02 2.241123270410000090e-01 -1.773249418279999878e-01 -1.344811454949999927e+02 6.146644393710000287e+01 1.516504000280000071e+02
1.052512135460000053e-01 -7.535889679219999471e-02 2.255417672960000064e-01 -1.751684327159999943e-01 -1.337249164529999916e+02 6.114343957900000248e+01 1.517318277399999999e+02
2.914303459379999905e-01 -7.159570233589999944e-02 2.252873315120000053e-01 -1.785775224850000009e-01 -1.344139994889999912e+02 6.210843143729999838e+01 1.515509693630000072e+02
3.343930274329999786e-01 -7.493566933400000463e-02 2.286127344720000065e-01 -1.760629642730000000e-01 -1.338268034890000138e+02 6.109823097969999850e+01 1.515075969469999961e+02
1.811771469500000065e-01 -7.607810182400000232e-02 2.249348652279999916e-01 -1.744364954069999862e-01 -1.342359994079999979e+02 6.100652145299999773e+01 1.517598293160000082e+02
1.149476122290000041e-01 -7.578993823500000671e-02 2.267006010300000041e-01 -1.739308793709999912e-01 -1.340374855279999906e+02 6.139848737860000227e+01 1.519523026500000071e+02
2.899876351200000091e+00 -7.742848089169999948e-02 2.216758821179999894e-01 -1.734422927879999965e-01 -1.336147912669999869e+02 6.191781823880000246e+01 1.522655132190000131e+02
4.623380483930000229e-01 -7.775923291840000640e-02 2.291464083410000019e-01 -1.745143816699999961e-01 -1.336425052980000032e+02 6.045133593799999971e+01 1.517110510820000115e+02
1.291430908270000122e-01 -7.516209033519999361e-02 2.240395026389999933e-01 -1.749844099039999934e-01 -1.340774911199999906e+02 6.196829498230000155e+01 1.519034666510000022e+02
1.398050722489999897e-01 -7.595123597519999603e-02 2.264315838540000014e-01 -1.759599368579999878e-01 -1.342468944109999995e+02 6.115952325869999839e+01 1.514388909930000011e+02
1.338290452170000089e+00 -7.589956688110000016e-02 2.260210694969999878e-01 -1.725218666459999994e-01 -1.337544833299999993e+02 6.082994757080000170e+01 1.514814954379999961e+02
4.582029973260000055e-01 -7.488096324590000352e-02 2.244479798310000107e-01 -1.787056201770000075e-01 -1.342011585809999872e+02 6.209016180070000246e+01 1.519011389849999887e+02
1.316014653889999997e-01 -7.085489533859999634e-02 2.218825477559999981e-01 -1.804334476970000101e-01 -1.346125272689999974e+02 6.234717887379999723e+01 1.518789809890000129e+02
1.079428638219999959e-01 -7.506871007859999834e-02 2.284304931920000115e-01 -1.777455913240000018e-01 -1.340261293099999875e+02 6.114727704439999911e+01 1.513084868980000124e+02
1.246952163349999976e-01 -7.553543447930000099e-02 2.273917125190000055e-01 -1.745010585260000080e-01 -1.338610942969999940e+02 6.088330305760000272e+01 1.517071375600000067e+02
1.224203471290000039e-01 -7.381249018409999363e-02 2.256103787690000029e-01 -1.777463921399999869e-01 -1.348529518569999937e+02 6.135973671509999861e+01 1.515848709720000045e+02
1.109182224879999984e-01 -7.615535406520000661e-02 2.260989014900000038e-01 -1.819090360339999934e-01 -1.336018073239999921e+02 6.196548400409999857e+01 1.517911595090000105e+02
2.647099023949999741e-01 -7.280133284239999336e-02 2.207015114470000094e-01 -1.732043856490000089e-01 -1.348640282560000117e+02 6.197244160179999994e+01 1.521925277050000034e+02
1.197523041250000003e-01 -7.466564892820000410e-02 2.242659801899999916e-01 -1.754683487600000036e-01 -1.341574973669999906e+02 6.159477958970000344e+01 1.519856726620000131e+02
3.421205423850000038e-01 -7.482298872770000442e-02 2.299419204460000088e-01 -1.790384405119999911e-01 -1.338147613849999971e+02 6.064162224479999708e+01 1.512052940810000052e+02
1.082942977069999979e-01 -7.485726116780000439e-02 2.256060708800000092e-01 -1.793044001090000061e-01 -1.343631343399999878e+02 6.194154334390000116e+01 1.521421311940000010e+02
1.064511063849999939e-01 -7.398681054429999404e-02 2.274302095719999972e-01 -1.748215419539999871e-01 -1.342088402290000033e+02 6.082284496399999796e+01 1.512237664520000067e+02
1.818229574409999938e-01 -7.817619996390000325e-02 2.240991259260000090e-01 -1.729238265290000132e-01 -1.340506942979999963e+02 6.131707786959999851e+01 1.518362681220000070e+02
3.637127259010000113e-01 -7.419125817060000239e-02 2.291914396899999984e-01 -1.739387484050000099e-01 -1.342615370139999982e+02 6.061710527550000194e+01 1.509716032750000068e+02
1.336854387020000035e-01 -7.683079953020000019e-02 2.261786073860000135e-01 -1.730984454320000088e-01 -1.337489294309999934e+02 6.101294423369999720e+01 1.517630407579999883e+02
1.997040063799999932e-01 -7.233559877270000216e-02 2.255907828929999970e-01 -1.805476198919999942e-01 -1.345069917239999882e+02 6.197937659950000011e+01 1.518969108219999953e+02
1.441233578780000135e-01 -7.444683112779999778e-02 2.265305526910000034e-01 -1.789775716779999915e-01 -1.337905560410000021e+02 6.174065591699999800e+01 1.513029538000000116e+02
6.637826795569999883e-01 -7.359205400389999541e-02 2.232102446270000096e-01 -1.746193298790000015e-01 -1.346439450430000022e+02 6.117782107709999906e+01 1.520409792799999877e+02
1.014139356939999931e-01 -7.189175217529999995e-02 2.276472838999999970e-01 -1.764760613099999875e-01 -1.348802993060000119e+02 6.118986116269999798e+01 1.512311388429999965e+02
2.386155663260000059e-01 -7.300834687340000684e-02 2.249836557229999978e-01 -1.690212712610000001e-01 -1.350284959949999859e+02 6.071079592059999896e+01 1.514863006289999987e+02
1.149044807009999974e-01 -7.276388608549999581e-02 2.215490430029999902e-01 -1.769215692839999909e-01 -1.343447678510000003e+02 6.184317978360000012e+01 1.520394990380000024e+02
1.585511498040000078e-01 -7.389750979699999389e-02 2.240882728049999884e-01 -1.798963246220000034e-01 -1.337603835479999930e+02 6.187766335999999967e+01 1.519768858010000088e+02
9.221538110860000304e-01 -7.583940434819999576e-02 2.309969714360000093e-01 -1.774186255499999865e-01 -1.339422664649999888e+02 6.108342449650000106e+01 1.512787890669999911e+02
1.319864237149999953e-01 -7.651852333979999865e-02 2.219881239060000067e-01 -1.727783114850000024e-01 -1.341703287150000108e+02 6.151637604729999964e+01 1.521497030580000001e+02
2.856320859640000265e-01 -7.378411398470000049e-02 2.274799445269999887e-01 -1.736171546989999925e-01 -1.347017281900000114e+02 6.057688110130000325e+01 1.510244779459999904e+02
6.000730364799999883e-01 -7.315928125630000167e-02 2.276636512649999888e-01 -1.776797657039999867e-01 -1.346107748139999956e+02 6.102877114059999997e+01 1.511369436500000063e+02
1.878736509989999970e-01 -7.677821548520000206e-02 2.264847838859999907e-01 -1.730261817900000110e-01 -1.342209235569999919e+02 6.135978938729999754e+01 1.514995023449999962e+02
1.173217960159999990e-01 -7.554271665139999925e-02 2.228493060329999886e-01 -1.768179391889999896e-01 -1.343029963730000134e+02 6.221591840779999671e+01 1.522487367319999976e+02
1.142550410209999950e-01 -7.650406075500000569e-02 2.282281293829999946e-01 -1.729025332449999897e-01 -1.339357537610000008e+02 6.075795895550000125e+01 1.515482689229999949e+02
1.764830925460000033e-01 -7.790398309300000657e-02 2.267218597229999910e-01 -1.731812818569999912e-01 -1.337504335440000034e+02 6.091316735179999853e+01 1.517281282049999902e+02
1.506455235430000095e-01 -7.787829071629999433e-02 2.243399612729999881e-01 -1.732806188640000078e-01 -1.335183393920000015e+02 6.092301955530000157e+01 1.517653385590000141e+02
1.507853441410000050e-01 -7.266014074370000242e-02 2.239963835990000096e-01 -1.784063096000000070e-01 -1.346905418069999882e+02 6.171453096580000164e+01 1.517779983570000013e+02
3.471018564180000099e-01 -7.436215442030000289e-02 2.236756343290000060e-01 -1.710259499669999905e-01 -1.341864780170000131e+02 6.099847051369999917e+01 1.520903134460000103e+02
2.471684328679999987e-01 -7.529439253460000481e-02 2.267481482110000057e-01 -1.763938032400000078e-01 -1.340742551989999924e+02 6.114578618960000256e+01 1.517840861519999862e+02
3.297261586110000198e-01 -7.386592359070000280e-02 2.268984379450000033e-01 -1.770548758499999875e-01 -1.346177734970000017e+02 6.176261430499999960e+01 1.515483978540000010e+02
1.475824209659999942e-01 -7.447312615609999464e-02 2.307168270870000037e-01 -1.788392509149999976e-01 -1.338251663249999979e+02 6.048798203230000325e+01 1.510226324719999980e+02
1.651536859190000095e-01 -7.696418410779999608e-02 2.238954785939999970e-01 -1.807253510509999883e-01 -1.331217516119999971e+02 6.232835304559999656e+01 1.524623141140000087e+02
1.110221122560000051e-01 -7.974548842220000044e-02 2.214918968759999884e-01 -1.786051066369999940e-01 -1.328939017900000010e+02 6.253994821650000091e+01 1.526958597510000004e+02
1.582594904169999928e-01 -7.789786978349999558e-02 2.229101453650000064e-01 -1.716095972230000100e-01 -1.339298846119999951e+02 6.160712171419999805e+01 1.521290520139999956e+02
3.301826646039999757e-01 -7.265858271309999505e-02 2.224620044479999892e-01 -1.753093091519999924e-01 -1.345965141060000008e+02 6.173861576689999708e+01 1.519273964999999862e+02
4.528232610730000274e-01 -7.269289233719999910e-02 2.223778821469999945e-01 -1.780397885639999900e-01 -1.344662498819999996e+02 6.205401228390000057e+01 1.522410117850000120e+02
2.726179680549999929e-01 -7.496741642239999892e-02 2.265973008019999957e-01 -1.731165103160000052e-01 -1.340396245850000128e+02 6.094338669540000097e+01 1.514839234240000110e+02
1.193395742249999947e-01 -7.215905458099999836e-02 2.252069199850000036e-01 -1.744908560079999893e-01 -1.348983411629999978e+02 6.089599626369999896e+01 1.517091921669999977e+02
1.445918007219999968e+00 -7.259397068060000069e-02 2.221569296460000065e-01 -1.805006608170000026e-01 -1.344536746599999901e+02 6.225263252199999897e+01 1.522661130889999868e+02
1.563383527399999917e-01 -7.667102382880000566e-02 2.284837140600000094e-01 -1.706605989680000102e-01 -1.339473948360000009e+02 6.060711599780000114e+01 1.512232411939999963e+02
1.104601695130000005e-01 -7.192127871270000139e-02 2.251745159459999923e-01 -1.771522647690000063e-01 -1.341811893150000117e+02 6.196998730180000337e+01 1.517906006039999909e+02
1.307687024480000126e-01 -7.108853952889999939e-02 2.240334706160000133e-01 -1.732928359400000007e-01 -1.351027188580000029e+02 6.132611012360000302e+01 1.514843647460000113e+02
4.494181104550000194e-01 -7.467331004579999543e-02 2.226096175170000080e-01 -1.779200089630000037e-01 -1.338803433649999874e+02 6.170471726470000107e+01 1.522126008140000124e+02
1.024034928789999965e-01 -7.561281920529999701e-02 2.235525228169999989e-01 -1.741215955930000003e-01 -1.344411300360000041e+02 6.184477889120000071e+01 1.518468536759999949e+02
3.449456846699999746e-01 -7.801588169350000268e-02 2.251123473069999992e-01 -1.744526839280000075e-01 -1.337508404740000003e+02 6.087983628159999938e+01 1.519674421040000141e+02
2.879111877330000069e-01 -7.435820524309999513e-02 2.289628900150000035e-01 -1.708674160579999879e-01 -1.346040982170000007e+02 6.020144124889999659e+01 1.510957421429999954e+02
7.033566090680000160e-01 -7.094368847670000366e-02 2.245101944590000009e-01 -1.771673880330000006e-01 -1.351302136189999885e+02 6.178343723929999953e+01 1.518616696729999944e+02
2.255706856899999946e-01 -8.027223260719999753e-02 2.263561599839999938e-01 -1.832481362080000120e-01 -1.327373091540000019e+02 6.199409629840000235e+01 1.520458669219999877e+02
1.009917830649999931e-01 -7.531688204229999850e-02 2.212551487659999983e-01 -1.744414097130000119e-01 -1.342258956059999946e+02 6.223301429720000044e+01 1.522594869819999985e+02
1.033373683110000024e-01 -7.436660532220000508e-02 2.245986680529999946e-01 -1.780640490569999901e-01 -1.344231004620000078e+02 6.201796255819999715e+01 1.515492650779999906e+02
2.864353917479999789e-01 -7.295333158779999938e-02 2.252892995609999949e-01 -1.726217512659999898e-01 -1.347535022129999902e+02 6.098853390080000025e+01 1.512929671370000051e+02
1.573163154470000047e-01 -7.488242633930000669e-02 2.268670282080000045e-01 -1.742301221910000086e-01 -1.343961952260000032e+02 6.103400952469999652e+01 1.512743146420000073e+02
1.039013334100000047e-01 -7.239480133969999898e-02 2.275547009799999965e-01 -1.770188772930000043e-01 -1.350895857939999871e+02 6.102961630490000289e+01 1.511968566879999969e+02
1.184192598879999947e+00 -7.627943898519999599e-02 2.263502830590000126e-01 -1.758535114670000121e-01 -1.337221323299999938e+02 6.095908531770000138e+01 1.519910490540000012e+02
3.373152023520000209e-01 -7.511640955970000366e-02 2.248769362820000062e-01 -1.789409144280000030e-01 -1.337614157289999923e+02 6.172565709069999684e+01 1.521063442829999985e+02
3.904617517039999930e-01 -6.798340347169999631e-02 2.251634365569999963e-01 -1.739797567480000084e-01 -1.358615723140000000e+02 6.115305459079999650e+01 1.513803986469999927e+02
2.003183880930000105e-01 -7.785017872360000535e-02 2.272674397979999872e-01 -1.711720644459999996e-01 -1.336679097800000022e+02 6.023017505709999853e+01 1.516503616720000025e+02
1.021426396019999988e-01 -7.289176552510000240e-02 2.221190686139999926e-01 -1.756101030259999973e-01 -1.344300466509999978e+02 6.211281721129999767e+01 1.521124714970000014e+02
9.182391961410000247e-01 -7.765674660349999869e-02 2.266702228130000052e-01 -1.772467863040000091e-01 -1.336665612280000062e+02 6.125930978630000112e+01 1.516212853339999924e+02
9.076996193840000116e-01 -7.382490829320000059e-02 2.291075120540000121e-01 -1.825666145809999863e-01 -1.338248683410000126e+02 6.178889575689999702e+01 1.511809287730000051e+02
1.494617779970000004e+00 -7.585447770269999890e-02 2.249379318309999987e-01 -1.742250381940000092e-01 -1.343069944910000117e+02 6.109733238959999824e+01 1.515272978010000031e+02
1.150449883550000024e-01 -7.364120096130000181e-02 2.304047322920000085e-01 -1.764722521500000085e-01 -1.338662246799999878e+02 6.068726947670000271e+01 1.510956263960000001e+02
1.178682756440000007e-01 -7.551094166419999865e-02 2.249969151170000126e-01 -1.771342790809999901e-01 -1.339202419419999899e+02 6.130109478010000146e+01 1.517040516330000059e+02
2.876403555689999725e-01 -7.187152747949999976e-02 2.259877296970000116e-01 -1.785734073580000081e-01 -1.340540414259999977e+02 6.172864388909999889e+01 1.518467084149999948e+02
1.211916455920000052e-01 -7.201926325030000298e-02 2.302214671449999972e-01 -1.742112968689999986e-01 -1.348137260949999927e+02 6.045120558179999648e+01 1.511813533270000107e+02
1.638093480610000041e-01 -7.105318442150000691e-02 2.271768000190000081e-01 -1.804895292900000059e-01 -1.349204619719999982e+02 6.143661634040000052e+01 1.514517923500000052e+02
1.427697400269999917e-01 -7.294117235079999872e-02 2.322814277599999921e-01 -1.826639591560000053e-01 -1.341875806889999865e+02 6.125953695049999936e+01 1.509376581479999970e+02
1.537442196490000079e-01 -7.597316624670000240e-02 2.283666038169999968e-01 -1.771228793619999964e-01 -1.341043690299999867e+02 6.126823017139999905e+01 1.517283107380000047e+02
1.307649693569999938e-01 -7.325678446489999884e-02 2.270164060540000028e-01 -1.804001358260000076e-01 -1.338668389119999915e+02 6.196867075339999786e+01 1.514519514149999964e+02
1.786698639869999938e-01 -7.539767559349999648e-02 2.261753345720000086e-01 -1.778834384899999899e-01 -1.338384566029999974e+02 6.140134759149999866e+01 1.519196021109999890e+02
1.208798771919999959e-01 -7.621252178989999793e-02 2.283645633309999978e-01 -1.772406856250000051e-01 -1.339037459250000097e+02 6.123897226129999893e+01 1.515656235849999973e+02
1.572905490500000059e-01 -7.875165140789999740e-02 2.195586610889999901e-01 -1.764495183329999883e-01 -1.333199821190000023e+02 6.266660595729999983e+01 1.527804731159999960e+02
3.748384861290000036e-01 -7.751263085220000404e-02 2.187222965279999876e-01 -1.760644050769999969e-01 -1.332592361989999858e+02 6.247313116450000336e+01 1.526830595220000077e+02
2.865335089030000004e-01 -7.523579879290000216e-02 2.250873808799999931e-01 -1.755922999629999925e-01 -1.339115745599999912e+02 6.159658855200000005e+01 1.517863227900000140e+02
3.040712012010000076e-01 -7.684999526959999938e-02 2.262162957119999984e-01 -1.729836217509999885e-01 -1.342065450100000135e+02 6.068678705549999819e+01 1.513270094830000119e+02
1.453137222979999921e-01 -7.339353763490000238e-02 2.318565371799999886e-01 -1.753449667789999944e-01 -1.345205320000000029e+02 6.040552948759999907e+01 1.510815062380000029e+02
1.003691125659999933e-01 -7.218658995250000487e-02 2.248452612540000062e-01 -1.747790713890000069e-01 -1.346873379630000045e+02 6.114465088789999925e+01 1.517958448379999936e+02
1.920379700239999987e-01 -7.487930027750000495e-02 2.288157253779999900e-01 -1.768045130860000091e-01 -1.335828095569999903e+02 6.086687647669999990e+01 1.513026194960000055e+02
1.667957054070000056e-01 -7.715984359680000404e-02 2.237836462430000117e-01 -1.759411631030000089e-01 -1.334549164370000085e+02 6.182634488029999886e+01 1.523736053350000077e+02
1.038149811079999985e-01 -7.556444355300000193e-02 2.283412653209999921e-01 -1.821619913180000105e-01 -1.332898148060000096e+02 6.193685275200000007e+01 1.516177846790000103e+02
1.141385205599999980e-01 -7.456321696129999954e-02 2.260692055540000078e-01 -1.730292515240000051e-01 -1.341357348720000005e+02 6.077853493279999952e+01 1.512851429069999938e+02
1.760569609079999931e-01 -7.598431589559999366e-02 2.265131071089999948e-01 -1.742912333820000048e-01 -1.336132968759999926e+02 6.077932438180000219e+01 1.515572266769999885e+02
1.094072356539999985e-01 -7.274706539090000645e-02 2.259253687749999961e-01 -1.787756625249999898e-01 -1.346372729489999926e+02 6.173447804079999912e+01 1.515461362529999860e+02
3.375516695920000032e-01 -7.655025991949999942e-02 2.255827335749999996e-01 -1.801785014589999956e-01 -1.331620142820000012e+02 6.139727604790000015e+01 1.517662184049999894e+02
1.080760242980000063e-01 -7.338361650810000525e-02 2.270636394580000106e-01 -1.775961263339999874e-01 -1.343428950580000105e+02 6.135956616920000073e+01 1.517649290159999964e+02
1.100633269869999986e-01 -7.164317104890000065e-02 2.250007468180000025e-01 -1.839002651989999904e-01 -1.343390734699999882e+02 6.258484338579999928e+01 1.517872497150000015e+02
1.499813916359999943e-01 -7.425107130350000473e-02 2.250181784289999876e-01 -1.775272490049999985e-01 -1.343958770849999951e+02 6.120764564990000167e+01 1.516011823290000109e+02
2.028065358460000023e-01 -7.007628962419999719e-02 2.301121555589999979e-01 -1.824664894169999996e-01 -1.345137873440000078e+02 6.156394617629999999e+01 1.509385939350000001e+02
1.721602452440000042e-01 -7.299227831250000575e-02 2.270900113519999930e-01 -1.759663324059999867e-01 -1.339112775190000093e+02 6.101298100999999718e+01 1.514889012140000091e+02
2.407479776370000102e-01 -7.524192085380000672e-02 2.271729671820000018e-01 -1.785823630089999892e-01 -1.339436273850000134e+02 6.096197715600000322e+01 1.518086140869999952e+02
2.578611288800000123e-01 -7.743499689320000601e-02 2.258648102589999873e-01 -1.722278799249999937e-01 -1.339659523150000098e+02 6.081118172379999720e+01 1.520881960010000000e+02
3.642596415850000158e-01 -8.146077042270000179e-02 2.281579421369999972e-01 -1.749018673820000036e-01 -1.327020022019999885e+02 6.092675025719999837e+01 1.518055566630000044e+02
1.480038733150000063e-01 -7.418563681499999729e-02 2.239834211600000013e-01 -1.767198637609999901e-01 -1.339864419189999865e+02 6.111708059160000062e+01 1.516766192839999974e+02
1.707579970629999888e-01 -7.331557473149999393e-02 2.246062297570000088e-01 -1.782492138229999912e-01 -1.343650597109999865e+02 6.158117129229999875e+01 1.514276196339999956e+02
1.384613554240000100e-01 -7.629055493269999710e-02 2.208017190869999979e-01 -1.705521298329999991e-01 -1.340823399219999885e+02 6.156156717620000052e+01 1.525023322700000108e+02
1.214394018030000022e-01 -7.609251776839999482e-02 2.252002670790000105e-01 -1.748701827449999913e-01 -1.338142216459999929e+02 6.142242188459999852e+01 1.515996565339999904e+02
1.337604345910000103e-01 -7.771333065909999394e-02 2.273202327620000018e-01 -1.759338718329999940e-01 -1.335032966820000127e+02 6.096157542739999968e+01 1.516494745779999960e+02
1.145170791270000016e-01 -7.900674559579999590e-02 2.232455831730000007e-01 -1.712823087110000031e-01 -1.334183664100000044e+02 6.127479045159999771e+01 1.519810290409999993e+02
1.267312514820000047e+01 -7.566471496780000083e-02 2.280624509630000130e-01 -1.742017816130000119e-01 -1.338847827980000034e+02 6.062099519369999712e+01 1.517395497379999938e+02
1.165948169930000056e-01 -7.255594008290000563e-02 2.278089698459999923e-01 -1.722030399479999863e-01 -1.350179182319999995e+02 6.078442064530000266e+01 1.513714508029999877e+02
1.186847940110000027e-01 -7.532561681100000128e-02 2.254395327900000079e-01 -1.804323938379999992e-01 -1.338171458209999969e+02 6.221060689549999978e+01 1.518728694250000046e+02
1.931875374179999882e-01 -7.350699609590000128e-02 2.272197844309999937e-01 -1.764553533740000069e-01 -1.347078872449999949e+02 6.106981959790000047e+01 1.516388349590000075e+02
2.225308631650000091e-01 -7.586558841859999958e-02 2.264146361830000065e-01 -1.776033708560000035e-01 -1.340140568829999950e+02 6.150725742790000083e+01 1.512235674300000028e+02
2.758174852170000024e-01 -7.765100503980000568e-02 2.209228058770000003e-01 -1.711826472390000076e-01 -1.338222393110000041e+02 6.137362360680000251e+01 1.521837922560000038e+02
1.726513951599999985e-01 -7.797465583200000050e-02 2.264735658099999993e-01 -1.775002069319999987e-01 -1.332542335120000132e+02 6.145371671419999871e+01 1.517030327580000062e+02
1.311827502550000080e-01 -7.296140678140000668e-02 2.259680879840000045e-01 -1.770469608449999899e-01 -1.340397034089999977e+02 6.126225486519999919e+01 1.518232153250000067e+02
1.084710450520000036e-01 -7.394337298799999458e-02 2.287553927969999956e-01 -1.761358181500000120e-01 -1.339923912319999886e+02 6.106583743929999741e+01 1.511230402299999867e+02
9.200588088950000243e-01 -7.458717496960000359e-02 2.262741164460000121e-01 -1.749528350289999978e-01 -1.342833096809999915e+02 6.138106534850000173e+01 1.515785869499999876e+02
1.226903848550000009e-01 -7.355557278209999550e-02 2.253348419750000053e-01 -1.753704301660000131e-01 -1.347457281089999981e+02 6.115940816119999823e+01 1.514679757799999891e+02
1.229212431789999949e-01 -7.538655342510000579e-02 2.264202042329999942e-01 -1.757363647459999900e-01 -1.343731578599999921e+02 6.130568816550000122e+01 1.514340588750000052e+02
1.460880994060000104e-01 -7.070980480279999425e-02 2.240584798109999942e-01 -1.800382414579999868e-01 -1.347094892570000013e+02 6.226365496609999894e+01 1.519307069200000058e+02
1.499702462720000073e-01 -7.378584367429999458e-02 2.261776856469999986e-01 -1.711947074959999926e-01 -1.348144192439999927e+02 6.064892983659999715e+01 1.513739675500000033e+02
1.025953309289999948e+00 -7.779897101299999840e-02 2.261641285550000102e-01 -1.802653238149999892e-01 -1.332860310810000044e+02 6.175118633980000027e+01 1.519603549610000073e+02
1.601343622929999877e-01 -7.344401681880000088e-02 2.254635785780000068e-01 -1.739341027799999884e-01 -1.343305073049999976e+02 6.122820684530000079e+01 1.515570645569999897e+02
1.795254720620000077e-01 -7.292285279799999576e-02 2.220924559999999937e-01 -1.809308104079999924e-01 -1.344607651579999867e+02 6.251935723089999897e+01 1.520167927569999904e+02
3.092518517599999739e-01 -7.640599444199999701e-02 2.236915050770000024e-01 -1.754517787840000065e-01 -1.339823843670000088e+02 6.204130499320000069e+01 1.522555213530000060e+02
1.315615976139999921e-01 -7.587688288949999416e-02 2.273246412259999905e-01 -1.689634293750000016e-01 -1.342624577219999935e+02 6.028417975779999693e+01 1.515017242870000018e+02
3.750337210069999827e+01 -7.974874728599999629e-02 2.245763101409999907e-01 -1.734131594780000118e-01 -1.332106133519999958e+02 6.132475399049999965e+01 1.522207549590000042e+02
5.324903775160000352e-01 -7.861798926990000436e-02 2.273745951570000090e-01 -1.782305274509999871e-01 -1.328799649949999946e+02 6.138987395899999910e+01 1.521179371270000047e+02
1.539992399160000081e-01 -7.185422800900000129e-02 2.247976645260000017e-01 -1.799122069130000001e-01 -1.344369891290000112e+02 6.149066817060000290e+01 1.517003366140000082e+02
1.379185925039999872e-01 -7.321965846569999936e-02 2.263258623340000109e-01 -1.752676376940000003e-01 -1.345691395430000057e+02 6.101149029909999655e+01 1.516632069780000052e+02
1.348612780350000040e-01 -7.596446004199999824e-02 2.272229351879999915e-01 -1.786026121150000034e-01 -1.335599039079999955e+02 6.162182884570000141e+01 1.519027643480000052e+02
1.244474599670000042e-01 -7.576541315500000262e-02 2.274010464510000107e-01 -1.812007154660000008e-01 -1.334123333089999903e+02 6.127051025480000135e+01 1.517225586030000102e+02
1.532289189530000040e-01 -7.598694006120000621e-02 2.265380622679999956e-01 -1.714963741949999954e-01 -1.343194964140000138e+02 6.035358822580000293e+01 1.513851516240000024e+02
1.110083448719999949e-01 -7.987817775449999880e-02 2.282638699890000011e-01 -1.719049908070000021e-01 -1.331476815110000018e+02 6.051673802039999828e+01 1.517820660170000053e+02
4.276348730219999839e-01 -7.776276191639999724e-02 2.297791340120000081e-01 -1.718201153849999996e-01 -1.335728126219999865e+02 6.002270879089999767e+01 1.511228866589999882e+02
1.886505165559999864e-01 -7.644425521379999422e-02 2.259503347050000055e-01 -1.783072620539999931e-01 -1.338512476109999909e+02 6.146999181420000014e+01 1.520811585470000011e+02
1.416829390010000134e-01 -7.547652171200000537e-02 2.273652904379999951e-01 -1.725420474480000022e-01 -1.340605205420000061e+02 6.036249086769999650e+01 1.515278858679999985e+02
1.126721137210000001e-01 -7.471495012419999970e-02 2.297193101899999979e-01 -1.764408009120000120e-01 -1.341404937329999996e+02 6.080993161880000031e+01 1.513468136300000140e+02
1.370179076130000062e-01 -7.399563490930000098e-02 2.291299338929999874e-01 -1.776847610410000056e-01 -1.343125999519999993e+02 6.081496493969999761e+01 1.515036466619999942e+02
2.492088475960000105e-01 -7.671152589599999905e-02 2.246156564979999992e-01 -1.770160183299999967e-01 -1.340296653860000049e+02 6.154724467199999793e+01 1.519194005440000126e+02
4.363688777629999849e-01 -7.339664528440000002e-02 2.221156934300000108e-01 -1.784732635930000033e-01 -1.341832926550000025e+02 6.212182733209999697e+01 1.520835753510000075e+02
4.049298965740000256e-01 -7.614604990690000685e-02 2.270316019339999880e-01 -1.741164625420000001e-01 -1.343627998569999988e+02 6.084410299860000038e+01 1.515648636679999868e+02
3.414782889679999767e-01 -7.681202129460000527e-02 2.254903892500000062e-01 -1.795741690300000082e-01 -1.337120582640000066e+02 6.170365889949999882e+01 1.519651539379999861e+02
1.915818665759999873e-01 -7.050603517400000353e-02 2.274188300699999943e-01 -1.777939738279999959e-01 -1.348233858279999993e+02 6.096198702960000304e+01 1.510599701840000080e+02
1.279721572270000052e-01 -7.548076991560000171e-02 2.225455381249999975e-01 -1.708856700330000089e-01 -1.344558336139999994e+02 6.105321396920000154e+01 1.522198056299999962e+02
1.830255729799999953e-01 -7.363867516750000064e-02 2.264827309699999902e-01 -1.734728102739999944e-01 -1.340101719419999995e+02 6.099825490020000274e+01 1.516894240560000071e+02
2.910604727339999864e-01 -7.859167701239999637e-02 2.247518949800000054e-01 -1.780987167960000062e-01 -1.334782131240000069e+02 6.208277391099999676e+01 1.520233215549999954e+02
1.501235042540000064e-01 -7.392775540380000510e-02 2.298127012379999889e-01 -1.771682886170000137e-01 -1.339854959600000086e+02 6.086018925239999788e+01 1.513517646200000115e+02
3.817928930080000116e-01 -7.571684229739999994e-02 2.248021308450000033e-01 -1.763442804510000073e-01 -1.340733717829999989e+02 6.152668324289999902e+01 1.517832307609999987e+02
2.191451019900000075e-01 -7.620167900639999992e-02 2.229496610510000032e-01 -1.743596362419999879e-01 -1.342275366210000129e+02 6.168813929609999747e+01 1.521631880690000003e+02
5.039549477229999797e-01 -6.935329459759999315e-02 2.244816008999999946e-01 -1.809976234239999981e-01 -1.347954580999999905e+02 6.191130346700000331e+01 1.514825226430000100e+02
1.249352621039999944e-01 -7.664550696880000069e-02 2.258827143609999921e-01 -1.772009434640000047e-01 -1.336768090150000035e+02 6.096959701469999970e+01 1.517768211359999952e+02
1.522068752840000094e-01 -7.202685388229999874e-02 2.268682676590000058e-01 -1.744515782620000011e-01 -1.353229888269999890e+02 6.089583728800000273e+01 1.512481660459999944e+02
5.103609125920000045e-01 -7.333682819030000466e-02 2.249670272540000016e-01 -1.792841830789999868e-01 -1.338485896219999916e+02 6.178722205380000077e+01 1.520765601189999927e+02
2.659149620530000258e-01 -7.679224736280000629e-02 2.268832113929999950e-01 -1.736450067360000016e-01 -1.338985084509999979e+02 6.108793880500000029e+01 1.514761255100000028e+02
4.145114407939999857e-01 -8.024893876119999769e-02 2.285160865439999911e-01 -1.732079469779999881e-01 -1.329792059320000135e+02 6.035258497929999777e+01 1.516486624910000103e+02
2.240164602649999948e-01 -7.733324015150000452e-02 2.255367483850000132e-01 -1.729253478989999926e-01 -1.340701222200000018e+02 6.102104850020000271e+01 1.515816682779999951e+02
2.696591907709999791e-01 -7.148324135069999974e-02 2.303244330410000040e-01 -1.799158176850000068e-01 -1.344350764300000094e+02 6.091294738879999926e+01 1.508900893299999950e+02
1.429213232340000028e-01 -7.103699631969999373e-02 2.275550686510000031e-01 -1.825970432160000101e-01 -1.346956920799999864e+02 6.207092618490000291e+01 1.515363851129999944e+02
1.368284678080000094e-01 -7.428953167639999744e-02 2.255877069820000080e-01 -1.785731682789999941e-01 -1.341330342329999894e+02 6.223903761969999948e+01 1.521345141719999958e+02
1.712035098430000069e-01 -7.697552174060000307e-02 2.216742943259999987e-01 -1.759376819709999873e-01 -1.336601666500000078e+02 6.163529388989999802e+01 1.523905853059999913e+02
1.069560729360000018e+00 -7.885749582199999552e-02 2.229152698530000032e-01 -1.771583791269999986e-01 -1.330976414099999943e+02 6.190936742920000313e+01 1.522386119079999958e+02
6.212523763759999484e-01 -7.689802174710000382e-02 2.250600681059999886e-01 -1.756598016320000122e-01 -1.339926341320000063e+02 6.140354342810000077e+01 1.519273401570000033e+02
1.224686612759999932e-01 -7.326073149150000297e-02 2.258221524169999883e-01 -1.718695742409999949e-01 -1.344073552110000094e+02 6.067010270829999996e+01 1.514467505609999876e+02
1.616937921419999924e+00 -7.147271244269999546e-02 2.254596440909999999e-01 -1.701521003969999890e-01 -1.355182776569999987e+02 6.082283334849999790e+01 1.513646997749999912e+02
2.219034763359999940e-01 -7.782458882510000231e-02 2.243234662019999992e-01 -1.767693801709999957e-01 -1.330464430149999941e+02 6.123662659370000227e+01 1.520912622449999958e+02
1.542165188890000094e-01 -7.712065769430000162e-02 2.245860056629999935e-01 -1.797919389600000084e-01 -1.336977821790000007e+02 6.192227025540000085e+01 1.518896268539999994e+02
1.166048420840000016e-01 -8.173840688910000152e-02 2.267959672379999958e-01 -1.750815571419999939e-01 -1.326920145610000077e+02 6.136199872209999739e+01 1.519433866349999960e+02
3.390920234629999919e-01 -7.636438708659999686e-02 2.264332421330000067e-01 -1.699285259649999935e-01 -1.342181492370000058e+02 6.034905303869999926e+01 1.516573274749999882e+02
1.208521333019999949e-01 -8.189114232880000122e-02 2.255702764439999897e-01 -1.815597721630000105e-01 -1.324039570669999932e+02 6.197952251139999902e+01 1.522794658560000016e+02
2.294288079310000117e-01 -7.488377833409999573e-02 2.280528788550000019e-01 -1.717769463940000130e-01 -1.346234946870000044e+02 6.062394777019999736e+01 1.515031111700000110e+02
1.002548443040000015e-01 -7.888895477660000377e-02 2.259539548399999986e-01 -1.728931565309999863e-01 -1.335475891959999899e+02 6.092239338870000154e+01 1.520193983979999928e+02
3.749823002439999775e-01 -7.264137881059999635e-02 2.236206577269999884e-01 -1.740414099220000121e-01 -1.346341260629999965e+02 6.123551191370000168e+01 1.518214866529999938e+02
1.077613155830000058e-01 -7.203343433709999410e-02 2.257999797730000091e-01 -1.783398393189999931e-01 -1.341663883230000067e+02 6.187943028830000003e+01 1.516248183740000002e+02
1.517658807019999889e+00 -7.558735215200000634e-02 2.278812097450000074e-01 -1.783385451710000069e-01 -1.341872663299999999e+02 6.117688533260000128e+01 1.513054041960000120e+02
2.030451293730000106e-01 -7.393052100149999362e-02 2.255579462769999877e-01 -1.761789503750000041e-01 -1.340630902240000069e+02 6.120475766189999689e+01 1.516371335229999886e+02
1.694706563429999868e-01 -7.467950372619999722e-02 2.254073933000000085e-01 -1.736632234669999997e-01 -1.344833417019999899e+02 6.115532565320000202e+01 1.514003041999999937e+02
1.008205098169999980e-01 -7.387688606160000560e-02 2.277645179929999875e-01 -1.755234238429999871e-01 -1.344024995649999994e+02 6.099138694239999836e+01 1.512725378849999913e+02
3.907136125490000000e-01 -7.163637830709999876e-02 2.227983647629999953e-01 -1.723351352580000106e-01 -1.351965494549999960e+02 6.153151533610000001e+01 1.516722920349999981e+02
2.944911653949999764e-01 -7.200137162299999338e-02 2.258924741259999980e-01 -1.747480044049999903e-01 -1.346959246209999890e+02 6.094554935170000221e+01 1.514512669689999882e+02
3.000152509549999791e-01 -7.483811695479999915e-02 2.298070084770000021e-01 -1.746636354710000005e-01 -1.339124042939999981e+02 6.044882236659999819e+01 1.512374924210000131e+02
3.434596272730000011e-01 -7.321075146079999985e-02 2.260394179359999922e-01 -1.771939183050000033e-01 -1.342993957829999943e+02 6.192070782980000132e+01 1.515374692020000111e+02
3.154641104290000220e-01 -7.719562083150000031e-02 2.266959808079999916e-01 -1.753647126619999885e-01 -1.341439360679999879e+02 6.102073100580000187e+01 1.515904867899999999e+02
1.059019002569999979e-01 -7.668101821410000518e-02 2.272144710600000062e-01 -1.827375750069999971e-01 -1.333091733370000043e+02 6.168548914920000215e+01 1.520030310729999883e+02
1.057357069710000014e-01 -7.934039602969999994e-02 2.257379791970000049e-01 -1.787144919670000109e-01 -1.333317537140000013e+02 6.145749621569999732e+01 1.520401548559999867e+02
1.045463051239999969e-01 -7.576271494389999472e-02 2.253163287709999962e-01 -1.747961956119999938e-01 -1.338026583779999896e+02 6.130562684470000079e+01 1.517634476959999859e+02
1.897283698820000086e-01 -7.206372367520000322e-02 2.288557840060000126e-01 -1.774970538929999953e-01 -1.345927704940000069e+02 6.114786636830000077e+01 1.514082434869999929e+02
1.299281752299999981e+00 -7.558551009170000334e-02 2.289524573329999868e-01 -1.764342174659999929e-01 -1.337440825559999951e+02 6.139158087189999691e+01 1.515000370479999958e+02
2.494886546420000129e-01 -7.524410571539999482e-02 2.274704917010000049e-01 -1.749703279550000046e-01 -1.342040372390000016e+02 6.129164107079999724e+01 1.515124748039999929e+02
1.332957905740000115e-01 -7.300595784959999779e-02 2.236329737549999919e-01 -1.761151758660000066e-01 -1.344148952790000067e+02 6.149917022750000228e+01 1.518952321099999949e+02
8.041380354099999517e-01 -7.136287567019999889e-02 2.242024182490000017e-01 -1.765769224940000048e-01 -1.352197449129999995e+02 6.164280636689999682e+01 1.517692420330000118e+02
3.147729205989999723e-01 -7.216860050760000311e-02 2.275350375019999927e-01 -1.839954024919999986e-01 -1.342707657839999911e+02 6.194090168139999975e+01 1.513559476439999969e+02
1.545471746600000085e-01 -7.483338462810000535e-02 2.199042044439999954e-01 -1.741826755470000099e-01 -1.342901326299999880e+02 6.244146980520000056e+01 1.523875080420000074e+02
2.688286273600000165e-01 -7.293200340909999912e-02 2.303822266330000090e-01 -1.799131112500000074e-01 -1.343243623809999860e+02 6.126028024440000053e+01 1.510157096810000041e+02
1.166175081270000025e-01 -7.353954820630000111e-02 2.247006063330000136e-01 -1.765214745120000095e-01 -1.346883829729999889e+02 6.207729294359999983e+01 1.520612711549999858e+02
1.117299754460000072e+00 -7.811902284900000548e-02 2.238956836500000103e-01 -1.807176011820000039e-01 -1.333394775040000013e+02 6.211618174990000085e+01 1.519815347599999882e+02
2.796062341189999856e-01 -7.601569892619999824e-02 2.247120599040000055e-01 -1.756709172789999995e-01 -1.342247663980000141e+02 6.116631575449999758e+01 1.519885771479999903e+02
1.627812527030000067e-01 -7.308645206699999897e-02 2.235504717440000011e-01 -1.775895789580000106e-01 -1.344937475780000113e+02 6.152847296350000050e+01 1.514901043319999872e+02
1.901200011209999985e-01 -7.784245132500000608e-02 2.232405316630000081e-01 -1.739818764680000074e-01 -1.334929093920000014e+02 6.161266418110000131e+01 1.522733449440000015e+02
1.402747704619999869e-01 -7.561241234880000661e-02 2.207851496909999933e-01 -1.676705122609999932e-01 -1.344019998470000132e+02 6.133912788819999662e+01 1.520144335550000108e+02
1.354688291599999983e-01 -7.812628135520000017e-02 2.235055241920000102e-01 -1.725942447200000118e-01 -1.337719510759999935e+02 6.103500861130000033e+01 1.518540481189999980e+02
1.181070927570000012e-01 -7.830606798439999905e-02 2.254043223209999947e-01 -1.798582569559999955e-01 -1.329498205120000023e+02 6.193151574499999867e+01 1.519949393729999940e+02
6.258428192430000259e+00 -7.440802225860000674e-02 2.277443983280000028e-01 -1.742832640230000119e-01 -1.341398891700000036e+02 6.110990640240000005e+01 1.511929956200000049e+02
3.279131791329999990e-01 -7.309140553149999497e-02 2.295169352460000034e-01 -1.798221534530000110e-01 -1.344957377460000032e+02 6.129215640620000016e+01 1.512891099299999951e+02
2.386056598780000038e-01 -7.468074901269999843e-02 2.277483062910000133e-01 -1.793825206590000110e-01 -1.339996678370000041e+02 6.182247744290000213e+01 1.517768744839999897e+02
1.647985324079999925e-01 -7.741448519259999661e-02 2.272500190769999873e-01 -1.813360268860000069e-01 -1.334014423959999931e+02 6.182906083689999832e+01 1.520239054950000082e+02
1.313879324890000033e+00 -7.593163519029999531e-02 2.267555986510000066e-01 -1.771220772990000081e-01 -1.339544829019999952e+02 6.135036435389999809e+01 1.518455443459999969e+02
1.471756089509999865e-01 -7.528526700700000074e-02 2.291283885619999905e-01 -1.793439811370000081e-01 -1.342677700449999918e+02 6.141568203749999810e+01 1.514714051729999937e+02
7.436271494280000116e-01 -7.684612674110000152e-02 2.212582166469999889e-01 -1.744060859409999886e-01 -1.335017646169999921e+02 6.220360593600000243e+01 1.525492750429999944e+02
1.281415511369999871e-01 -7.039965901040000362e-02 2.209967867850000101e-01 -1.772006675679999865e-01 -1.348872270340000057e+02 6.257995240599999676e+01 1.519526127359999919e+02
1.202523143210000034e-01 -7.361569333400000414e-02 2.279149448820000090e-01 -1.723423804650000002e-01 -1.347923156370000015e+02 6.054335815379999985e+01 1.509329500599999960e+02
5.048514530190000293e-01 -7.546288202310000304e-02 2.271550581250000034e-01 -1.739416004229999979e-01 -1.343845346070000062e+02 6.086846810040000122e+01 1.518073019150000107e+02
2.880557677139999884e-01 -7.614568900120000094e-02 2.272965137430000004e-01 -1.796915855959999864e-01 -1.339324391320000132e+02 6.120799878849999942e+01 1.519344797660000097e+02
1.392743839779999881e-01 -7.394340373820000589e-02 2.228320390050000099e-01 -1.719378220480000108e-01 -1.346287182160000100e+02 6.138100184339999998e+01 1.520254779320000011e+02
1.593042658899999908e-01 -7.910789514530000566e-02 2.264720523300000066e-01 -1.739581216609999981e-01 -1.338367369290000113e+02 6.110059185130000259e+01 1.516794644109999979e+02
1.216715378290000038e-01 -7.264086481659999539e-02 2.258422643999999924e-01 -1.758790123890000001e-01 -1.339246573190000049e+02 6.156480348939999914e+01 1.516508507179999867e+02
1.920278840659999930e-01 -7.492390100050000390e-02 2.261649910440000077e-01 -1.780146702850000096e-01 -1.344391487750000067e+02 6.162697376860000276e+01 1.518988624669999865e+02
4.197113858159999822e-01 -7.274495070679999620e-02 2.262364242109999868e-01 -1.741458492840000094e-01 -1.345751710659999958e+02 6.122257390789999931e+01 1.512810180010000067e+02
1.926297340939999991e-01 -7.784538145369999940e-02 2.269362893770000000e-01 -1.710101868739999920e-01 -1.337925612690000037e+02 6.057334934099999657e+01 1.513915575229999888e+02
2.627598596169999912e-01 -7.558825891180000200e-02 2.302666151799999950e-01 -1.746382272739999963e-01 -1.339446434099999976e+02 6.065348294199999657e+01 1.513830447470000138e+02
3.981541298919999972e-01 -7.217162681100000587e-02 2.242236186669999964e-01 -1.749206958270000112e-01 -1.348515938470000037e+02 6.116267592629999683e+01 1.518293683230000113e+02
1.492189507999999998e-01 -7.846359520739999704e-02 2.253316612050000056e-01 -1.792620061540000087e-01 -1.336074545410000098e+02 6.149683023250000247e+01 1.520168471869999962e+02
1.179531522049999948e-01 -7.355033691600000589e-02 2.273028012119999997e-01 -1.744899840009999925e-01 -1.345140269309999894e+02 6.099166173809999947e+01 1.509755324500000029e+02
2.382430510459999928e-01 -7.202696086689999722e-02 2.216357832520000071e-01 -1.811230411059999990e-01 -1.344866891169999974e+02 6.253496739469999710e+01 1.519083202520000100e+02
1.161016443859999997e-01 -7.603429136690000034e-02 2.244230701309999909e-01 -1.691091976549999876e-01 -1.341501592120000055e+02 6.062628225419999950e+01 1.518702201849999938e+02
1.133020362839999989e-01 -7.320916529189999689e-02 2.273977599110000025e-01 -1.737814536900000040e-01 -1.342162737200000038e+02 6.092936027500000051e+01 1.515263737170000127e+02
1.973772343809999941e-01 -7.374936631060000081e-02 2.299332252369999940e-01 -1.749721248430000098e-01 -1.342190513879999969e+02 6.050381581180000268e+01 1.512289703090000046e+02
1.189364538349999972e-01 -7.505960474049999664e-02 2.268233694260000100e-01 -1.745455980120000083e-01 -1.340788665439999932e+02 6.167811554699999732e+01 1.518554320670000095e+02
1.071229410809999977e-01 -7.873028264089999839e-02 2.273170836249999993e-01 -1.752571095690000080e-01 -1.333564736209999921e+02 6.086616374470000324e+01 1.516906118629999867e+02
2.368664081280000000e-01 -7.686404374249999893e-02 2.262458187720000069e-01 -1.743502345459999880e-01 -1.339692736519999983e+02 6.114059272320000105e+01 1.516675858240000139e+02
1.063143657979999934e-01 -7.161870391279999415e-02 2.250994993459999871e-01 -1.834842491810000087e-01 -1.340888139760000115e+02 6.201940889570000337e+01 1.517604198569999880e+02
8.172496580550000500e-01 -7.598951663330000272e-02 2.262758941949999936e-01 -1.754094434290000004e-01 -1.336425390979999861e+02 6.115637122079999699e+01 1.516395285730000069e+02
1.046569017829999948e-01 -7.859757486879999366e-02 2.275822226130000125e-01 -1.761286695669999902e-01 -1.334565001370000061e+02 6.126710488380000186e+01 1.515217166369999973e+02
2.321427128430000042e-01 -7.501202689899999498e-02 2.187839018880000097e-01 -1.769408368510000107e-01 -1.339491126469999926e+02 6.265958168270000073e+01 1.527294869819999974e+02
2.289988329679999990e-01 -7.897767807859999711e-02 2.265336497980000030e-01 -1.776838040679999953e-01 -1.329073801810000077e+02 6.109273173889999953e+01 1.518393511440000054e+02
1.696045135679999927e-01 -7.285886782229999969e-02 2.247161913509999887e-01 -1.748606342719999929e-01 -1.349966752569999926e+02 6.117873608440000055e+01 1.515772148970000046e+02
1.263820534729999945e-01 -7.747476467699999925e-02 2.267570583169999932e-01 -1.760025510350000100e-01 -1.337858022149999897e+02 6.170446297790000045e+01 1.518987296100000037e+02
1.186063858090000034e+00 -7.453765240029999739e-02 2.243701989309999922e-01 -1.772444491509999887e-01 -1.344864485370000011e+02 6.133644251829999661e+01 1.519315013830000112e+02
