6.491035637049999973e-01 8.104554368019999816e-03 1.811339751130000009e-01 -2.625877870139999848e-01 -1.365564854309999987e+02 7.466284033949999355e+01 1.291184542350000015e+02
1.084863933979999945e-01 9.474582238920000593e-03 1.846310637520000020e-01 -2.611128281689999997e-01 -1.362597429809999880e+02 7.398929297680000161e+01 1.287312643509999930e+02
1.007333792790000015e-01 1.292960749019999959e-02 1.834119012869999954e-01 -2.697414235100000224e-01 -1.364591066419999947e+02 7.497275167460000489e+01 1.286200125070000126e+02
1.339510978869999924e-01 8.849158840070000739e-03 1.848274631490000042e-01 -2.627852473980000214e-01 -1.362158420620000072e+02 7.429928864080000039e+01 1.292416987599999914e+02
2.575263691499999896e-01 1.295984048559999970e-02 1.854470516589999951e-01 -2.611938760870000098e-01 -1.371946007969999926e+02 7.403577193969999826e+01 1.287066872380000007e+02
1.063949752240000018e-01 6.583647018820000009e-03 1.842201718360000073e-01 -2.647476466340000223e-01 -1.360347025469999949e+02 7.466749316749999821e+01 1.288165608040000052e+02
2.782829323170000202e-01 1.164849279409999917e-02 1.867407662070000030e-01 -2.607248438740000229e-01 -1.367365845539999896e+02 7.389733961720000366e+01 1.286178208190000021e+02
1.463534300160000134e-01 7.937698067099999144e-03 1.858451402279999998e-01 -2.673047173249999964e-01 -1.361390010279999956e+02 7.417068119489999845e+01 1.288431886539999880e+02
1.110914043640000015e-01 9.703761241860000761e-03 1.835768279120000013e-01 -2.627241746519999865e-01 -1.364071188140000004e+02 7.448111437030000559e+01 1.289891748560000053e+02
1.869746700490000080e-01 9.740401872389999743e-03 1.790879022780000052e-01 -2.610210823620000009e-01 -1.367874286279999865e+02 7.503098637460000475e+01 1.291384534729999984e+02
1.032876815669999948e-01 1.092563326269999947e-02 1.901686865199999910e-01 -2.635262370070000082e-01 -1.363973511169999995e+02 7.347608806190000053e+01 1.283998231479999959e+02
2.156451952729999955e-01 9.168734427830000158e-03 1.804403564919999925e-01 -2.666758468750000111e-01 -1.363215931770000111e+02 7.509107309140000552e+01 1.293278224940000030e+02
1.339033760480000113e-01 2.720346541800000052e-03 1.910684720530000102e-01 -2.646443188300000027e-01 -1.354385960390000037e+02 7.365475751110000147e+01 1.288450630609999905e+02
1.176073141450000026e-01 5.758588123460000284e-03 1.824076359350000065e-01 -2.650805473510000065e-01 -1.353157544560000076e+02 7.485337305039999478e+01 1.292137160960000131e+02
2.792876471560000184e-01 4.336597414700000229e-03 1.840071853219999998e-01 -2.608560151550000095e-01 -1.363445858839999971e+02 7.400078512979999346e+01 1.292536234579999928e+02
1.256865554190000067e-01 1.167891792230000073e-02 1.907791748179999969e-01 -2.692232043839999922e-01 -1.359381563759999949e+02 7.400559372659999724e+01 1.283428739919999941e+02
1.043065514229999935e-01 1.280992519029999950e-02 1.871645127419999943e-01 -2.638253771299999828e-01 -1.366471529780000083e+02 7.433265727350000418e+01 1.284899227479999979e+02
1.831032371990000129e-01 9.535119481850000758e-03 1.883111988379999879e-01 -2.640461955410000061e-01 -1.363874257939999950e+02 7.406924187120000624e+01 1.285704538589999970e+02
4.452116854589999728e-01 7.751799976910000133e-03 1.838076991350000022e-01 -2.637760182889999916e-01 -1.361693004519999874e+02 7.467031430960000193e+01 1.292144838259999915e+02
1.734199093899999877e-01 1.069504034249999999e-02 1.848681130469999878e-01 -2.636814881180000181e-01 -1.365591630170000030e+02 7.483329361510000410e+01 1.290050053269999921e+02
1.142520197779999941e-01 8.025345383249999145e-03 1.828964618239999895e-01 -2.653583453580000140e-01 -1.362452212409999959e+02 7.478848634300000242e+01 1.290762578099999871e+02
3.683635944499999981e-01 1.174433011549999920e-02 1.828933632189999881e-01 -2.630129737629999798e-01 -1.364182028060000107e+02 7.493629253090000475e+01 1.286993920630000048e+02
4.753340008570000053e-01 6.214302475500000159e-03 1.836888526269999933e-01 -2.620912004579999954e-01 -1.366081400729999871e+02 7.480566511989999867e+01 1.290468225280000070e+02
4.881242136569999834e-01 1.037223762229999915e-02 1.827731636430000028e-01 -2.583644323739999749e-01 -1.368060446259999878e+02 7.443335510180000369e+01 1.291456306380000001e+02
1.238277435320000036e-01 8.562654507849999305e-03 1.835129583760000127e-01 -2.651819851369999759e-01 -1.364644739560000062e+02 7.465367663669999843e+01 1.285689642010000000e+02
1.183623920689999970e-01 8.778453443210000248e-03 1.857702589130000026e-01 -2.658246550719999823e-01 -1.359947297729999889e+02 7.446953431629999898e+01 1.291586085110000113e+02
2.127989022050000012e-01 1.241933937710000026e-02 1.849578250549999969e-01 -2.632792702399999740e-01 -1.369550112500000125e+02 7.454326961019999942e+01 1.285905470879999939e+02
1.706432868470000030e-01 9.482379921070000633e-03 1.844704674260000121e-01 -2.620181729009999905e-01 -1.362314894179999953e+02 7.420735116269999310e+01 1.288858181189999925e+02
1.665834142050000022e-01 1.162369454250000017e-02 1.783850711870000050e-01 -2.657707003470000107e-01 -1.366749349499999937e+02 7.559772277599999768e+01 1.289742985590000046e+02
1.359421931439999953e-01 1.432382339100000089e-03 1.858190214050000066e-01 -2.532932769530000239e-01 -1.359389807039999880e+02 7.347209008570000321e+01 1.294104513220000001e+02
4.123223713499999943e-01 6.828799356109999975e-03 1.880625772789999983e-01 -2.641692009800000185e-01 -1.356185254229999941e+02 7.420296683370000324e+01 1.289732786579999981e+02
3.794303082470000255e-01 9.596989656480000783e-03 1.854643572820000030e-01 -2.614984136619999955e-01 -1.365173175950000086e+02 7.456609959339999705e+01 1.288174182369999983e+02
1.060130848899999978e-01 8.704299417059999794e-03 1.823416254740000131e-01 -2.641331002389999960e-01 -1.358892135259999918e+02 7.480196762030000457e+01 1.290945984909999993e+02
1.838807487540000118e-01 8.831826211950000172e-03 1.837696481720000052e-01 -2.641825067890000156e-01 -1.364606457550000016e+02 7.465031543960000704e+01 1.285879834099999925e+02
2.162753054850000134e-01 8.549116940239999407e-03 1.821795089659999922e-01 -2.632542326319999848e-01 -1.360177329569999927e+02 7.488017073170000515e+01 1.288038744490000056e+02
1.438126119500000022e-01 1.253392592430000070e-02 1.838264022290000133e-01 -2.638417620579999734e-01 -1.367726538359999893e+02 7.434633463229999961e+01 1.287665417789999935e+02
4.250829828820000267e-01 7.261050235949999786e-03 1.859385522939999980e-01 -2.638275413260000035e-01 -1.365968626309999934e+02 7.459768808479999791e+01 1.291279584049999869e+02
1.331982441500000058e-01 9.715243337159999715e-03 1.847735597319999923e-01 -2.653221050189999985e-01 -1.363494412480000051e+02 7.451877561119999882e+01 1.289718199700000127e+02
5.206958361269999891e-01 7.961284688579999338e-03 1.839783130579999981e-01 -2.585783004639999882e-01 -1.360999473120000118e+02 7.391745614959999955e+01 1.289938860400000067e+02
7.639065634399999638e-01 5.909723880639999698e-03 1.829262764880000003e-01 -2.625620839939999951e-01 -1.364745970859999886e+02 7.469993688540000676e+01 1.289544251750000114e+02
2.661083129049999774e-01 9.956657193109999179e-03 1.834545455150000115e-01 -2.593549815969999894e-01 -1.364967264329999921e+02 7.444038805249999768e+01 1.289996606720000045e+02
1.527258702610000130e-01 1.239424233389999942e-02 1.831004798020000046e-01 -2.574609729810000136e-01 -1.373058637720000092e+02 7.444949194010000326e+01 1.289701141399999926e+02
1.025717792029999936e-01 7.287795385320000423e-03 1.834112945910000014e-01 -2.683364767540000195e-01 -1.357666156239999964e+02 7.447371451390000630e+01 1.288100121779999938e+02
3.063094668479999783e-01 1.205714048420000045e-02 1.840852348139999928e-01 -2.660598825850000182e-01 -1.360796520220000048e+02 7.449325127269999314e+01 1.287502087880000090e+02
1.573785874330000112e-01 8.548616743979999336e-03 1.880671071389999893e-01 -2.635472738949999894e-01 -1.362645489669999961e+02 7.420754577399999619e+01 1.286232627980000132e+02
2.637099121820000169e-01 1.195575101080000036e-02 1.827074435490000093e-01 -2.667410153659999783e-01 -1.362732678980000003e+02 7.467227158069999859e+01 1.289087045830000022e+02
1.614659094919999871e-01 5.797755522660000271e-03 1.844864730000000119e-01 -2.675486961579999767e-01 -1.357258888300000024e+02 7.458885228610000695e+01 1.294120156099999974e+02
1.178822438610000051e-01 9.855985073379999392e-03 1.864073228400000004e-01 -2.600881306680000171e-01 -1.368822245450000139e+02 7.438137664270000471e+01 1.288066331459999958e+02
1.825753779440000002e-01 1.101168288819999973e-02 1.852997802249999881e-01 -2.641234753980000183e-01 -1.359372765710000124e+02 7.450832945090000692e+01 1.288724596730000087e+02
1.407096980879999903e-01 2.918113907660000068e-03 1.876261826139999922e-01 -2.580532397759999763e-01 -1.356236095220000095e+02 7.363621955189999824e+01 1.293367975719999947e+02
1.194403888070000030e-01 1.014787065590000079e-02 1.875477687569999941e-01 -2.616768989200000117e-01 -1.360552533970000013e+02 7.391961619929999472e+01 1.288090995430000021e+02
2.647561291030000041e-01 6.790223688470000372e-03 1.820710971030000125e-01 -2.631811929419999863e-01 -1.362512270969999975e+02 7.466355084980000356e+01 1.287507358999999951e+02
2.164266071239999978e-01 7.380310107840000119e-03 1.827466261940000058e-01 -2.635115241309999856e-01 -1.360381925099999876e+02 7.450569348419999471e+01 1.289693303479999997e+02
1.035383180039999990e-01 9.134344968899999265e-03 1.830677222529999981e-01 -2.603567738890000260e-01 -1.367631666540000026e+02 7.418323323299999572e+01 1.287554623750000076e+02
2.950913822160000088e-01 7.141124924679999666e-03 1.827221488399999871e-01 -2.604398893370000190e-01 -1.362613113460000136e+02 7.480583866300000295e+01 1.289213685439999892e+02
1.242977316320000025e-01 1.299400924720000086e-02 1.897119105329999889e-01 -2.671727938680000247e-01 -1.363757517170000142e+02 7.409998417309999752e+01 1.284216621170000110e+02
1.927194778309999912e-01 8.671979464859999251e-03 1.822935365789999929e-01 -2.646214377650000227e-01 -1.358422736670000006e+02 7.479971035740000218e+01 1.290702884279999978e+02
2.752672544929999798e+00 8.765036479650000628e-03 1.841249413549999880e-01 -2.613545349370000048e-01 -1.362218045349999898e+02 7.440093078610000532e+01 1.294692086199999892e+02
2.140389799119999936e-01 7.544977693780000050e-03 1.847066602790000123e-01 -2.634667353340000018e-01 -1.362092813909999904e+02 7.468047252110000045e+01 1.290387148229999923e+02
1.759467342749999885e-01 7.034181070309999603e-03 1.829700672360000113e-01 -2.591820793149999802e-01 -1.367515863829999887e+02 7.418873845449999749e+01 1.292897301259999949e+02
1.914899753000000038e-01 1.441929765769999969e-02 1.763005732190000008e-01 -2.652178074629999993e-01 -1.370756626509999876e+02 7.567053709719999688e+01 1.289700945499999989e+02
1.151072404349999939e-01 8.841249169840000380e-03 1.842493606329999867e-01 -2.626908258310000077e-01 -1.363240819240000121e+02 7.435442604499999675e+01 1.292215523259999941e+02
1.618968642230000088e-01 7.325246686679999855e-03 1.853536145190000095e-01 -2.641012837110000011e-01 -1.358860794109999972e+02 7.413103043649999790e+01 1.288900846829999978e+02
1.207370401289999950e-01 7.201261063580000239e-03 1.859911809719999864e-01 -2.618776573809999952e-01 -1.359271194680000008e+02 7.390682689080000500e+01 1.292080238220000012e+02
1.028833365390000032e-01 9.251026713379999905e-03 1.901972268010000133e-01 -2.633557016340000168e-01 -1.363529030550000130e+02 7.344155990190000693e+01 1.285518412410000053e+02
2.132947084010000105e-01 8.074889604810000718e-03 1.840800203949999880e-01 -2.677058229889999752e-01 -1.361659033059999899e+02 7.449341348330000301e+01 1.289871604440000112e+02
8.219454727999999655e-01 9.477365507550000040e-03 1.851111650199999958e-01 -2.595009158759999934e-01 -1.367352595440000016e+02 7.413813271140000438e+01 1.291033925469999986e+02
1.665231437739999876e-01 1.019990147269999974e-02 1.881757718900000098e-01 -2.632751723649999764e-01 -1.364658430839999994e+02 7.430218389169999682e+01 1.285653294329999881e+02
1.260870110969999902e-01 4.806490576380000219e-03 1.865283918360000071e-01 -2.645818760690000215e-01 -1.356084212209999862e+02 7.431279006149999589e+01 1.290194257169999901e+02
1.050895589120000029e-01 5.568257123920000197e-03 1.851819291169999881e-01 -2.638293873520000110e-01 -1.358357378050000079e+02 7.412560642149999524e+01 1.289613723520000121e+02
4.180736072440000006e-01 9.499461812739999275e-03 1.834932407769999940e-01 -2.656880001429999805e-01 -1.359178439460000050e+02 7.431971899040000551e+01 1.292160783340000023e+02
4.114928074509999756e-01 1.108158514970000036e-02 1.806463442110000095e-01 -2.640860315110000189e-01 -1.369736256140000137e+02 7.476617247660000487e+01 1.288525997080000138e+02
1.523666073870000026e-01 1.117901444929999925e-02 1.872907290480000098e-01 -2.677940526529999921e-01 -1.362085071859999914e+02 7.454903105260000018e+01 1.284490743549999934e+02
3.395379552719999805e-01 1.185898547460000063e-02 1.827267616890000113e-01 -2.646923051899999768e-01 -1.364219420350000007e+02 7.483638360819999491e+01 1.285536865269999964e+02
2.171453178989999899e-01 9.123889482390000819e-03 1.793636788630000034e-01 -2.628554567240000139e-01 -1.360838474219999910e+02 7.491667069439999693e+01 1.290905469639999978e+02
3.591813251159999831e-01 6.560633827489999875e-03 1.823870764909999997e-01 -2.595305004860000153e-01 -1.363732396249999965e+02 7.452379411660000130e+01 1.294441618710000057e+02
1.883025505819999890e-01 9.640311850220000672e-03 1.848646257800000137e-01 -2.663425904639999953e-01 -1.363839656240000124e+02 7.447734219689999691e+01 1.285552718970000114e+02
2.645670734969999827e-01 8.872185155659999961e-03 1.824198624679999881e-01 -2.605580255459999939e-01 -1.365118284799999913e+02 7.426562132239999414e+01 1.292540952420000053e+02
2.862011318250000103e-01 9.775793799459999572e-03 1.877323163969999986e-01 -2.611773835960000123e-01 -1.364860624719999862e+02 7.385730417589999774e+01 1.288164551799999913e+02
1.439772778700000033e-01 9.992697364169999749e-03 1.848737046360000025e-01 -2.582783918339999762e-01 -1.369231345130000079e+02 7.374165014189999567e+01 1.289834234200000083e+02
2.946654935219999993e-01 5.864400858940000370e-03 1.845112200490000021e-01 -2.583898254950000029e-01 -1.361107174489999920e+02 7.406485790489999488e+01 1.290552135970000052e+02
1.688815765470000008e+00 6.645475489160000346e-03 1.852417528960000059e-01 -2.637306567070000218e-01 -1.363006730150000010e+02 7.404905260239999620e+01 1.290963079040000139e+02
2.381800657139999944e-01 1.061892824089999930e-02 1.834614117529999866e-01 -2.653768751899999723e-01 -1.363096245920000058e+02 7.468019559009999853e+01 1.286084642710000026e+02
1.547778539770000017e-01 3.909058348660000154e-03 1.827012229839999891e-01 -2.623110133839999802e-01 -1.357086826819999885e+02 7.409933272579999652e+01 1.291790765570000019e+02
1.964444768220000026e-01 1.033960347100000045e-02 1.843047833170000094e-01 -2.600318042359999748e-01 -1.368467102129999944e+02 7.405064148969999849e+01 1.291439431819999868e+02
1.278132650069999932e-01 7.731308281370000320e-03 1.827128211550000103e-01 -2.629380526749999780e-01 -1.360386904750000099e+02 7.480225304709999534e+01 1.295368866340000125e+02
1.052588788780000062e-01 1.145792545849999913e-02 1.834616570610000108e-01 -2.640445449039999781e-01 -1.368014418589999934e+02 7.486678832730000011e+01 1.291802511850000030e+02
8.826678426359999552e-01 6.117244438669999611e-03 1.852739053959999993e-01 -2.598648957749999933e-01 -1.362321562470000060e+02 7.438092217950000418e+01 1.292710734400000092e+02
1.213897635380000034e-01 1.174799734849999930e-02 1.879209931670000056e-01 -2.614322895000000258e-01 -1.365687318049999988e+02 7.395025933700000564e+01 1.285282379189999915e+02
2.389225192449999924e-01 9.568303515730000597e-03 1.855155004690000053e-01 -2.659891870759999999e-01 -1.361944930699999929e+02 7.422074404170000150e+01 1.292152028710000025e+02
1.508210854200000006e-01 9.855997927200000827e-03 1.772890967050000099e-01 -2.592005889599999779e-01 -1.367043663270000025e+02 7.481773587620000399e+01 1.293861091219999935e+02
1.106601852090000060e-01 9.977035242100000187e-03 1.787316690369999961e-01 -2.594859797099999810e-01 -1.367245602680000047e+02 7.514893988170000227e+01 1.292762644519999924e+02
1.760003630470000080e-01 7.445265672639999645e-03 1.818348490779999882e-01 -2.661094025340000058e-01 -1.358645249219999869e+02 7.469416898800000126e+01 1.290923063870000078e+02
4.972156357740000199e-01 7.093511357980000070e-03 1.813637431550000068e-01 -2.659196882059999822e-01 -1.360013459539999872e+02 7.498043061469999770e+01 1.293872439079999879e+02
1.066434889750000059e-01 5.860737499979999654e-03 1.858274674379999936e-01 -2.646663294700000169e-01 -1.355995279880000055e+02 7.445907374700000503e+01 1.293315471820000084e+02
7.555623023169999453e-01 1.090155094960000050e-02 1.831660167380000093e-01 -2.653207580529999832e-01 -1.366203990729999873e+02 7.460108276450000631e+01 1.286811710499999890e+02
1.696238299820000073e+00 5.517833001619999907e-03 1.848335889859999970e-01 -2.592399462830000112e-01 -1.359578567799999860e+02 7.453290656119999369e+01 1.290380395710000130e+02
1.844370656440000034e-01 6.915939622930000405e-03 1.846074941309999995e-01 -2.638160966790000228e-01 -1.362776880049999875e+02 7.402419606949999320e+01 1.289161374610000053e+02
1.373805527660000025e-01 3.364889401519999788e-03 1.830725312979999964e-01 -2.658044935450000201e-01 -1.355377811689999987e+02 7.490053045160000522e+01 1.292394888400000070e+02
1.170164665160000061e-01 9.236343998429999425e-03 1.900672392559999979e-01 -2.628726718089999803e-01 -1.365055914680000058e+02 7.355383304400000100e+01 1.286680854310000086e+02
1.932814611889999978e-01 7.372335676430000380e-03 1.824122363660000135e-01 -2.646376963709999863e-01 -1.356388758550000091e+02 7.438550022139999385e+01 1.291793503590000114e+02
6.540075612879999944e+00 7.750750757979999774e-03 1.848390185480000003e-01 -2.699890910530000077e-01 -1.359203322049999940e+02 7.475247454510000011e+01 1.291479864069999905e+02
2.231006530300000124e-01 8.210744158190000017e-03 1.843911234239999919e-01 -2.597172609139999921e-01 -1.366022473620000142e+02 7.406199845940000159e+01 1.287097043839999913e+02
1.028527267170000065e-01 3.511964234560000127e-03 1.833967490460000072e-01 -2.603170942320000014e-01 -1.356557922759999997e+02 7.410685799009999641e+01 1.290895608579999987e+02
2.648630951859999860e-01 8.287685123740000381e-03 1.847178571739999942e-01 -2.606395792589999982e-01 -1.367325701469999899e+02 7.433955439339999316e+01 1.288534875940000006e+02
2.162401228289999866e-01 7.715583444739999852e-03 1.857390137770000005e-01 -2.639762491379999965e-01 -1.360204183969999860e+02 7.476296072979999963e+01 1.290161063809999860e+02
3.955574066890000129e+00 8.685745140429999150e-03 1.859341233479999966e-01 -2.597012013280000087e-01 -1.366401139390000026e+02 7.390083453850000694e+01 1.290200193389999868e+02
1.667327086429999938e-01 6.598493011559999899e-03 1.821163297149999971e-01 -2.641746389799999872e-01 -1.355296641529999988e+02 7.448901940049999837e+01 1.293958463719999941e+02
1.395054696789999882e-01 4.189061523469999986e-03 1.780274942029999863e-01 -2.613577225470000154e-01 -1.358204840630000092e+02 7.491508721499999979e+01 1.295405818540000098e+02
1.279427335530000098e-01 1.124302988910000009e-02 1.823614061699999900e-01 -2.646370188130000023e-01 -1.365566088420000028e+02 7.476338571060000504e+01 1.286838427920000072e+02
1.602470359269999867e-01 7.713535076420000199e-03 1.851939226300000074e-01 -2.575108708780000089e-01 -1.364170106040000121e+02 7.418711944829999538e+01 1.290796946039999966e+02
1.146152932700000016e-01 7.712849642529999612e-03 1.809396989239999975e-01 -2.641375926000000263e-01 -1.355809086270000137e+02 7.478027885909999384e+01 1.291484346670000036e+02
3.764029890939999956e-01 3.175381917839999873e-03 1.837663532100000108e-01 -2.592361045709999923e-01 -1.358050707550000027e+02 7.406723717200000578e+01 1.295254685019999954e+02
1.359339069290000090e-01 1.251583275160000029e-02 1.854149091289999940e-01 -2.643295710379999774e-01 -1.363585047439999869e+02 7.436295434740000587e+01 1.289050873049999950e+02
1.050036926359999984e-01 1.278916086850000015e-02 1.849248128880000008e-01 -2.665931583350000245e-01 -1.363692297569999994e+02 7.489228715820000559e+01 1.288909282790000077e+02
1.361528071379999871e-01 4.945314890249999720e-03 1.855709357320000086e-01 -2.649161992049999803e-01 -1.355710377430000051e+02 7.437421630820000473e+01 1.290787068269999907e+02
2.031693547919999898e-01 9.708160403590000362e-03 1.841192638199999898e-01 -2.655663597840000056e-01 -1.365747483400000135e+02 7.478911167820000117e+01 1.287366710020000085e+02
2.388626905200000039e-01 8.743679362119999646e-03 1.847050225040000049e-01 -2.638794430599999963e-01 -1.360365297399999918e+02 7.469465996830000165e+01 1.287445638739999936e+02
3.015558766299999971e-01 1.035047217980000073e-02 1.885307363560000116e-01 -2.685059371060000144e-01 -1.359628900950000059e+02 7.421730847829999789e+01 1.286471374120000064e+02
1.607777948880000085e-01 7.142381325359999956e-03 1.869384200199999957e-01 -2.669300000129999906e-01 -1.355730158949999975e+02 7.449712979720000305e+01 1.289662745980000125e+02
1.310086190480000135e-01 6.935521607379999641e-03 1.814801523369999892e-01 -2.686644472870000078e-01 -1.357735976699999867e+02 7.514481542170000239e+01 1.290326539499999967e+02
4.694506155040000239e-01 1.005552973650000043e-02 1.863505017869999947e-01 -2.606439416469999992e-01 -1.361432309349999912e+02 7.430251437350000288e+01 1.287106963489999885e+02
1.014573706650000046e-01 7.611207372520000132e-03 1.822120672030000110e-01 -2.623902330489999990e-01 -1.362363674499999888e+02 7.465262634210000670e+01 1.294240687429999923e+02
1.922044339129999890e-01 1.056008825540000022e-02 1.842965719509999933e-01 -2.644993227140000069e-01 -1.367974291069999992e+02 7.483122491310000157e+01 1.288703342580000140e+02
1.016661163099999987e-01 1.131186979929999989e-02 1.814567667599999989e-01 -2.597488054189999729e-01 -1.369820776349999960e+02 7.456177110449999645e+01 1.291127104150000093e+02
1.306213814249999883e-01 1.217729544489999996e-02 1.783950347849999896e-01 -2.640904319080000229e-01 -1.365772659959999942e+02 7.504642139099999554e+01 1.291099443150000070e+02
1.961837661030000068e-01 1.224273430510000073e-02 1.803418746359999880e-01 -2.614357231530000103e-01 -1.365833362509999915e+02 7.481753589449999708e+01 1.290409970769999859e+02
1.097220711759999967e-01 5.431015435819999855e-03 1.817691489790000114e-01 -2.602651160589999901e-01 -1.356906125170000053e+02 7.478961791179999352e+01 1.294347431559999961e+02
1.727331789379999982e-01 6.184670303329999758e-03 1.885234825369999923e-01 -2.670201792399999885e-01 -1.358150300499999901e+02 7.424206192939999482e+01 1.289189067810000040e+02
1.495766424040000098e-01 1.093294212719999985e-02 1.888695654170000071e-01 -2.600467056419999978e-01 -1.367827172780000069e+02 7.380333596260000206e+01 1.284504705569999885e+02
2.177345290669999989e-01 4.434168734470000060e-03 1.855953872549999939e-01 -2.566465157749999726e-01 -1.360096516149999957e+02 7.393103093310000418e+01 1.292801393729999972e+02
1.173368584610000043e-01 1.188465165379999980e-02 1.838566526560000136e-01 -2.605334710689999889e-01 -1.365473642830000074e+02 7.444688226510000106e+01 1.291178211730000100e+02
1.296446988330000050e-01 2.691753631940000183e-03 1.832914657539999881e-01 -2.673631541050000004e-01 -1.352819107169999882e+02 7.479352185419999444e+01 1.291692602759999886e+02
1.106194647329999947e-01 8.192278647520000179e-03 1.853212729110000068e-01 -2.602105274429999948e-01 -1.366274352130000125e+02 7.427016487740000628e+01 1.289153379990000019e+02
3.056375854169999795e-01 1.108425614360000061e-02 1.869970740859999980e-01 -2.608416104590000062e-01 -1.370505107609999982e+02 7.426094798229999583e+01 1.288459916729999861e+02
1.048047729870000000e-01 1.326081495839999923e-02 1.880844993490000117e-01 -2.636466957160000235e-01 -1.366061481689999937e+02 7.379769273310000699e+01 1.283030085899999904e+02
1.395308522469999868e-01 8.570470187899999551e-03 1.908179709579999883e-01 -2.588459750630000000e-01 -1.365061024169999939e+02 7.347864459390000036e+01 1.286004513910000071e+02
1.319918373410000068e-01 1.060322608709999941e-02 1.823260746840000002e-01 -2.566852666910000025e-01 -1.369038045800000134e+02 7.454919504820000498e+01 1.293358306179999886e+02
2.813068276790000044e-01 9.342493783629999757e-03 1.846252132079999886e-01 -2.639577728199999918e-01 -1.358484792620000121e+02 7.422685333959999809e+01 1.290785895079999932e+02
1.132536323340000095e+00 1.041361642920000073e-02 1.838677680090000099e-01 -2.605166377940000277e-01 -1.366548235630000079e+02 7.466643568310000489e+01 1.286512336119999986e+02
1.716783058459999955e-01 1.244850163089999961e-02 1.860679922919999951e-01 -2.649050462640000214e-01 -1.363605933499999878e+02 7.430311970450000558e+01 1.286303990149999947e+02
1.851188492670000074e-01 1.136291642320000003e-02 1.877387988329999868e-01 -2.584042004420000205e-01 -1.366442975090000118e+02 7.389869681150000247e+01 1.288836599569999919e+02
1.134532613719999999e-01 7.376275971759999571e-03 1.847087300939999899e-01 -2.608594295300000199e-01 -1.360568398979999927e+02 7.425143251389999932e+01 1.293615095160000124e+02
2.017126497229999871e-01 7.805441023970000232e-03 1.890679974810000052e-01 -2.642399303810000211e-01 -1.359724081580000075e+02 7.380314838600000371e+01 1.286619406359999971e+02
1.689089090130000137e-01 8.257902777690000196e-03 1.821311010520000051e-01 -2.666277826030000186e-01 -1.358373061300000018e+02 7.464792035819999683e+01 1.290704950390000079e+02
5.748880609580000467e-01 1.138049595050000078e-02 1.838761761300000130e-01 -2.620205834609999895e-01 -1.366488667499999963e+02 7.430560825770000122e+01 1.286572590499999933e+02
1.142213848649999974e-01 -8.474340783760000171e-04 1.831436928969999989e-01 -2.629245137269999866e-01 -1.349935016070000131e+02 7.462623543220000499e+01 1.296893979600000080e+02
1.387263153799999926e-01 8.510780375380000429e-03 1.848180510050000114e-01 -2.634693434250000021e-01 -1.363247370910000029e+02 7.460732133189999615e+01 1.289455715240000018e+02
1.454167233520000102e-01 7.316709730130000096e-03 1.817639894629999864e-01 -2.625162549130000134e-01 -1.361066689989999929e+02 7.418026577640000596e+01 1.293426203070000042e+02
5.733139787859999892e-01 7.467667146539999634e-03 1.818372348179999876e-01 -2.583488238380000079e-01 -1.363640115249999951e+02 7.407077332119999369e+01 1.293135209810000106e+02
1.002571143910000045e-01 5.444332943620000358e-03 1.846859279889999927e-01 -2.609265515809999769e-01 -1.360743538250000029e+02 7.401954390320000243e+01 1.295730008310000017e+02
1.897135279000000119e-01 1.036024149269999979e-02 1.882679963929999867e-01 -2.610189615510000172e-01 -1.367377382589999968e+02 7.366262317129999815e+01 1.285594886250000002e+02
1.201478192390000033e-01 1.321041495810000056e-02 1.833807884739999949e-01 -2.636232200190000152e-01 -1.365150609469999949e+02 7.460912555980000604e+01 1.285973512330000119e+02
8.617128887449999608e-01 5.166977343940000293e-03 1.853127539709999994e-01 -2.624881226479999774e-01 -1.357976989919999937e+02 7.378955228050000414e+01 1.290988788740000075e+02
1.000413263680000053e-01 9.699219375649999197e-03 1.756891292459999976e-01 -2.642431379699999860e-01 -1.363683960429999900e+02 7.550265891899999815e+01 1.292601678929999878e+02
1.468274321030000051e-01 9.353998189299999808e-03 1.862057614900000102e-01 -2.631119843690000182e-01 -1.364882922769999993e+02 7.399043127779999907e+01 1.287274436719999926e+02
1.735394045360000026e-01 1.070984362160000078e-02 1.837498889820000092e-01 -2.648205820899999785e-01 -1.368465599090000069e+02 7.482860552270000198e+01 1.288885303760000056e+02
1.114732586629999939e-01 7.832430205020000577e-03 1.854974838990000041e-01 -2.655692159699999944e-01 -1.359599863100000050e+02 7.452704892299999528e+01 1.287668635800000061e+02
5.554378545579999882e-01 6.845866806309999601e-03 1.818174634099999909e-01 -2.623258958949999942e-01 -1.366088812039999993e+02 7.450176660980000065e+01 1.289899432789999878e+02
1.486889971110000042e-01 1.055545777879999918e-02 1.873455673659999987e-01 -2.656656499830000184e-01 -1.361966081180000003e+02 7.418489079229999561e+01 1.290153265369999929e+02
3.893717032649999799e-01 9.566473045009999884e-03 1.787265638170000004e-01 -2.625916539970000185e-01 -1.366768852310000000e+02 7.536046141110000463e+01 1.295354053659999920e+02
6.318300470630000554e-01 8.077882005799999141e-03 1.833392275000000071e-01 -2.609765688640000025e-01 -1.365356801329999996e+02 7.457555901569999435e+01 1.289590134000000035e+02
3.814271617810000015e-01 4.192110425479999951e-03 1.841380491300000088e-01 -2.578403943479999905e-01 -1.361879105129999914e+02 7.423588139960000376e+01 1.294957133389999910e+02
1.689988433300000092e-01 9.247684116280000324e-03 1.893953976249999893e-01 -2.626890076250000261e-01 -1.364079955109999958e+02 7.396918173929999796e+01 1.288649426970000036e+02
1.699584714269999908e-01 6.016870375430000140e-03 1.866847814479999923e-01 -2.647513966210000014e-01 -1.361471591069999931e+02 7.428657644700000162e+01 1.290342144079999969e+02
1.137724839820000028e-01 1.767467272709999978e-03 1.846983134730000031e-01 -2.575617893389999802e-01 -1.358753967209999871e+02 7.406344625350000399e+01 1.292941267019999998e+02
1.454302822770000003e-01 9.366283092930000054e-03 1.827951154770000031e-01 -2.620669131889999948e-01 -1.365373023420000038e+02 7.500652166320000447e+01 1.292767168119999894e+02
1.485484086989999897e-01 3.977297579090000208e-03 1.811841893589999919e-01 -2.596318271709999737e-01 -1.356759004790000063e+02 7.475747862910000663e+01 1.295280881959999988e+02
1.738739230449999895e-01 9.111294608870000025e-04 1.805409207850000031e-01 -2.625458500560000075e-01 -1.351848332259999950e+02 7.473512644529999704e+01 1.296960312639999984e+02
1.565108331989999990e-01 6.456566842980000429e-03 1.869851593719999983e-01 -2.606614104819999778e-01 -1.359482575609999913e+02 7.373349111810000522e+01 1.287199425930000132e+02
6.638488352570000028e-01 7.892970126019999144e-03 1.813164521320000111e-01 -2.660694592030000138e-01 -1.360955872000000113e+02 7.514459088990000168e+01 1.294992765300000030e+02
1.194093426380000017e-01 7.283646895110000401e-03 1.883165432689999919e-01 -2.625029876030000042e-01 -1.360583090959999879e+02 7.378046842899999547e+01 1.287655139549999888e+02
1.029392518260000000e-01 8.370286344249999386e-03 1.835366603220000004e-01 -2.616381109409999794e-01 -1.366441354869999998e+02 7.461226775110000631e+01 1.294441411340000059e+02
1.170545404690000041e-01 6.356907611690000050e-03 1.840417615369999982e-01 -2.584959339949999824e-01 -1.359584265500000129e+02 7.403448593689999768e+01 1.292510299330000123e+02
8.471389394580000065e-01 9.950720002360000788e-03 1.832865008629999959e-01 -2.621896750709999946e-01 -1.367411120259999961e+02 7.410315424130000395e+01 1.289463337480000007e+02
1.177573138979999962e-01 1.051325559850000042e-02 1.845731984210000065e-01 -2.642604698850000156e-01 -1.361597372859999950e+02 7.458419562609999787e+01 1.287272666869999966e+02
1.408907485860000086e-01 6.387416383779999894e-03 1.807944765039999901e-01 -2.659616625469999884e-01 -1.357461704259999919e+02 7.499304545059999327e+01 1.296392963010000017e+02
2.159787530529999888e-01 4.717681252019999966e-03 1.790807074430000034e-01 -2.606536948800000086e-01 -1.360684624069999984e+02 7.515787661630000116e+01 1.296920930779999992e+02
2.161930169500000165e+00 9.269792514409999629e-03 1.823984296460000043e-01 -2.663787121589999973e-01 -1.363344947170000125e+02 7.506487460740000017e+01 1.290219327849999900e+02
2.501506027770000196e-01 9.021963938370000657e-03 1.849124317149999919e-01 -2.643292924999999793e-01 -1.361314757659999941e+02 7.440039216239999575e+01 1.288792380529999946e+02
1.165607673780000020e-01 8.787409305380000299e-03 1.838391264639999967e-01 -2.613103113290000112e-01 -1.365715001110000060e+02 7.407907794300000148e+01 1.292141292549999889e+02
2.388939531510000103e-01 7.769607452999999914e-03 1.832618398699999984e-01 -2.585189806150000047e-01 -1.366673374890000048e+02 7.447054959609999969e+01 1.288299604320000071e+02
1.418227415880000120e-01 1.175639615720000010e-02 1.847875987819999899e-01 -2.619892868049999990e-01 -1.367840600549999976e+02 7.459927606089999585e+01 1.286060329659999866e+02
1.002373549429999983e-01 7.841621869929999572e-03 1.863885016500000102e-01 -2.630796032100000126e-01 -1.361415510029999894e+02 7.394282142209999620e+01 1.285989001590000100e+02
1.098056616930000035e-01 7.235107338200000293e-03 1.815471590290000103e-01 -2.570115414690000155e-01 -1.364418393139999921e+02 7.452374882869999340e+01 1.291107638109999982e+02
1.415815457329999971e-01 7.117748189490000210e-03 1.872357281289999953e-01 -2.625253922040000076e-01 -1.363127815199999873e+02 7.442799053740000659e+01 1.291988387899999964e+02
5.352873082179999686e-01 1.272413178059999921e-02 1.788438976989999984e-01 -2.651175714230000202e-01 -1.368105648330000008e+02 7.527466620549999732e+01 1.289295093480000105e+02
1.136707718470000017e-01 8.404626448679999515e-03 1.859448993889999957e-01 -2.586947233379999767e-01 -1.364770307439999897e+02 7.388654543440000566e+01 1.287292169499999943e+02
1.611893794320000128e-01 1.091744571789999944e-02 1.851581796239999966e-01 -2.621937051070000191e-01 -1.364568990770000028e+02 7.431330132390000642e+01 1.286155909350000002e+02
1.436909339349999870e-01 7.286206426550000115e-03 1.837002535820000115e-01 -2.645483682929999913e-01 -1.362940328749999992e+02 7.459200352220000241e+01 1.289368231230000106e+02
4.831368835589999744e-01 3.681988938430000129e-03 1.847913497520000115e-01 -2.635553378170000238e-01 -1.356056243970000139e+02 7.425943854359999818e+01 1.291618654620000086e+02
3.257643295120000171e-01 1.158300789130000015e-02 1.850035758889999882e-01 -2.604589412500000201e-01 -1.370339423750000094e+02 7.407777815880000105e+01 1.286811333789999878e+02
2.976891963330000057e-01 7.049544502000000198e-03 1.832124268800000011e-01 -2.632529617200000116e-01 -1.361367040089999989e+02 7.415886226460000330e+01 1.294516806480000071e+02
1.505801897219999907e-01 7.200275102069999926e-03 1.827159283279999880e-01 -2.586573214239999974e-01 -1.367049173119999921e+02 7.448129806119999330e+01 1.294491143920000127e+02
2.468846923030000029e-01 8.764055511780000085e-03 1.883199522000000015e-01 -2.588178245789999887e-01 -1.363807171770000082e+02 7.361200149219999389e+01 1.288540460449999898e+02
1.143532647559999949e-01 1.345969044969999931e-02 1.873918045390000064e-01 -2.629067404370000194e-01 -1.367664022970000133e+02 7.421038120480000089e+01 1.284834854659999905e+02
1.494722860219999949e-01 6.409614596119999827e-03 1.856792984060000040e-01 -2.630510087310000134e-01 -1.356052089849999902e+02 7.430370060990000525e+01 1.290879050229999905e+02
1.865336429879999869e-01 5.883511229150000313e-03 1.808291902520000050e-01 -2.640610305980000128e-01 -1.359110215460000006e+02 7.497609979169999406e+01 1.294735780240000054e+02
1.069108743509999959e-01 3.222899335119999882e-03 1.850374975029999980e-01 -2.609127238269999816e-01 -1.358369380389999890e+02 7.435300160040000605e+01 1.296258234020000089e+02
7.174562188180000355e+00 1.099160475399999989e-02 1.806773077640000114e-01 -2.595644479509999769e-01 -1.366764604489999897e+02 7.447040930270000558e+01 1.290765556069999889e+02
3.489476267519999730e-01 5.990376604049999637e-03 1.846359476630000107e-01 -2.664147113550000001e-01 -1.357714450850000105e+02 7.482387345829999958e+01 1.287917702889999987e+02
1.077517286659999962e-01 7.792946341759999888e-03 1.858728193370000059e-01 -2.609367199829999984e-01 -1.365606059959999925e+02 7.448541034570000363e+01 1.287316645230000063e+02
3.274924376930000158e-01 1.200446550920000049e-02 1.871254525680000058e-01 -2.608243795149999822e-01 -1.368431882579999979e+02 7.395510057440000651e+01 1.284815860980000082e+02
4.287867153170000223e-01 5.868220708679999613e-03 1.790321204120000065e-01 -2.591433437219999858e-01 -1.364276833849999946e+02 7.481297249989999898e+01 1.294036747680000019e+02
2.794144193299999968e-01 8.067047540100000247e-03 1.798784986499999961e-01 -2.669365275159999995e-01 -1.361245797679999896e+02 7.530385132879999333e+01 1.293522268419999932e+02
1.296540336650000014e-01 7.496892915889999918e-03 1.840530680359999949e-01 -2.684319258730000213e-01 -1.361764814709999882e+02 7.485832004259999906e+01 1.288223536170000045e+02
2.138936129039999967e-01 6.411981985580000182e-03 1.834841325940000101e-01 -2.611929423709999920e-01 -1.365869791929999906e+02 7.410127387100000362e+01 1.291559123780000107e+02
1.041202562060000031e-01 1.036832583709999984e-02 1.807514329419999954e-01 -2.614143002579999986e-01 -1.366876785709999922e+02 7.486233920360000127e+01 1.293715321079999967e+02
5.159919226939999604e-01 7.958228664679999759e-03 1.871632336240000027e-01 -2.638474325190000025e-01 -1.362884721389999925e+02 7.390286510360000705e+01 1.285904501180000068e+02
1.469805997159999988e-01 4.395052643789999595e-03 1.863019080889999901e-01 -2.598240877499999879e-01 -1.358207600409999998e+02 7.356470950249999419e+01 1.290426608539999904e+02
2.037219203629999920e-01 8.369497645520000348e-03 1.841436387500000049e-01 -2.667516724919999915e-01 -1.362714886509999985e+02 7.475485853569999506e+01 1.286410924289999969e+02
1.018135051120000051e-01 1.096154570120000046e-02 1.849039489479999965e-01 -2.630649448549999825e-01 -1.364527405629999919e+02 7.442592529489999720e+01 1.290263163490000125e+02
1.092536313559999972e-01 1.043134724990000053e-02 1.821109100409999959e-01 -2.655806874900000225e-01 -1.363699065780000126e+02 7.481338895759999730e+01 1.292136877730000037e+02
4.684003453300000230e-01 4.189183337479999644e-03 1.834798674329999879e-01 -2.611133602610000159e-01 -1.359223966360000020e+02 7.398455334259999461e+01 1.295632368340000085e+02
1.165871890190000038e-01 8.021566390019999743e-03 1.829513788340000058e-01 -2.675150539760000057e-01 -1.359675545830000090e+02 7.469820853449999731e+01 1.293080818759999886e+02
3.825058994039999827e-01 6.979443467430000193e-03 1.814329880689999897e-01 -2.652172612779999938e-01 -1.357419976049999946e+02 7.522480960389999893e+01 1.290037962220000054e+02
2.558440628670000105e+00 9.793431141889999761e-03 1.824638097690000071e-01 -2.656876681679999908e-01 -1.365068418209999948e+02 7.472613636699999518e+01 1.285777255970000112e+02
1.559652211299999980e-01 5.927891851789999882e-03 1.848964372939999878e-01 -2.628376142659999970e-01 -1.359247112349999895e+02 7.453912277759999938e+01 1.290742603399999950e+02
1.214943891549999933e-01 9.988420481559999800e-03 1.849823153619999938e-01 -2.605304366430000185e-01 -1.364208800810000071e+02 7.432983477729999322e+01 1.287095546440000078e+02
1.056918411459999985e-01 4.246691992110000410e-03 1.861883490729999979e-01 -2.640523384799999818e-01 -1.353876085459999956e+02 7.420338867719999598e+01 1.292140780009999901e+02
2.144868081380000013e-01 7.379341687240000350e-03 1.842431637480000106e-01 -2.599702860790000236e-01 -1.361927325110000027e+02 7.440720395889999850e+01 1.291067588020000017e+02
1.077213607240000010e-01 9.001626082539999560e-03 1.810301832139999956e-01 -2.560003415309999864e-01 -1.368205310429999884e+02 7.472425897860000532e+01 1.292730317239999920e+02
2.731974815479999985e-01 1.068458818560000072e-02 1.847582505550000032e-01 -2.616402117159999929e-01 -1.366133435579999968e+02 7.378109929640000075e+01 1.286719917510000073e+02
3.355258173539999689e+01 7.225867628739999701e-03 1.837990391900000131e-01 -2.639039207530000097e-01 -1.358539618169999983e+02 7.468499126640000441e+01 1.293191829159999884e+02
1.039875695300000041e-01 1.287351857800000075e-02 1.867654599000000137e-01 -2.549329006450000157e-01 -1.372084691070000133e+02 7.381447433249999790e+01 1.286120763639999893e+02
1.319583330540000099e-01 9.644848777520000777e-03 1.842305768509999997e-01 -2.635913386689999749e-01 -1.365130750600000056e+02 7.411733026950000180e+01 1.285860857209999892e+02
3.374489420630000236e-01 9.451881163109999984e-03 1.832619732140000068e-01 -2.639404426079999810e-01 -1.365995697829999926e+02 7.445747250840000220e+01 1.288943534759999920e+02
2.151716964229999918e-01 5.009725593420000234e-03 1.860441893379999878e-01 -2.591168819479999774e-01 -1.359311925760000008e+02 7.400749263909999343e+01 1.292601985420000119e+02
6.438453355100000053e-01 7.022128423129999665e-03 1.796551904579999914e-01 -2.619630358619999821e-01 -1.360958921380000106e+02 7.514452685679999888e+01 1.294355734750000124e+02
1.452477951529999867e-01 8.720817141150000174e-03 1.898228932409999903e-01 -2.595017526710000078e-01 -1.364646353200000135e+02 7.380407560909999631e+01 1.285876389059999951e+02
6.687448133679999573e-01 1.190024622089999942e-02 1.850870579109999969e-01 -2.633252879260000179e-01 -1.368885546060000138e+02 7.430420209749999572e+01 1.284731338900000139e+02
1.482900298740000011e-01 8.154921512740000503e-03 1.846821679120000115e-01 -2.662324581589999850e-01 -1.361594847860000073e+02 7.467941318910000348e+01 1.290873690230000079e+02
1.032097242830000011e-01 6.282116282969999778e-03 1.842031369909999938e-01 -2.584685559170000202e-01 -1.359420098159999952e+02 7.420403387509999504e+01 1.292379575939999938e+02
4.534624358350000106e-01 9.063104156900000583e-03 1.823874328260000066e-01 -2.610888318369999905e-01 -1.367671198829999923e+02 7.460752821009999991e+01 1.290725845610000135e+02
3.645224090679999862e-01 6.136871210380000219e-03 1.825475090989999993e-01 -2.617949433689999994e-01 -1.364212036129999888e+02 7.491251867639999773e+01 1.291487724899999989e+02
2.276231833609999866e-01 7.853957090419999565e-03 1.834033068439999969e-01 -2.636658490300000102e-01 -1.356069934280000098e+02 7.435615591479999864e+01 1.288487384080000027e+02
1.042629886090000041e-01 9.314232376619999490e-03 1.854882068510000093e-01 -2.676999555840000045e-01 -1.360080252099999996e+02 7.461929943760000583e+01 1.285803843980000067e+02
3.283385652620000039e-01 6.740265302230000199e-03 1.839027408009999975e-01 -2.616564323839999928e-01 -1.365565193909999948e+02 7.424162938969999459e+01 1.291574714959999994e+02
1.151816818699999967e-01 1.111221608869999988e-02 1.866601039920000038e-01 -2.649829888279999768e-01 -1.363033410310000022e+02 7.398475078779999592e+01 1.284655273989999955e+02
2.974000001800000126e-01 9.500385307770000537e-03 1.835215358670000130e-01 -2.629506049209999752e-01 -1.368949232020000011e+02 7.470119661329999872e+01 1.291778184959999862e+02
2.211825083869999875e-01 6.877138843809999826e-03 1.874076005249999954e-01 -2.619976393549999782e-01 -1.361779001269999867e+02 7.375236044320000417e+01 1.285746100700000056e+02
3.564249491450000029e-01 4.876552207969999872e-03 1.849219163370000030e-01 -2.626579963590000011e-01 -1.360894852000000128e+02 7.404717181460000575e+01 1.288143450809999990e+02
2.006809813650000107e-01 7.586483099910000180e-03 1.868132688860000001e-01 -2.624041192109999865e-01 -1.360740868480000074e+02 7.462246080010000071e+01 1.287462826629999881e+02
9.920936196190000000e-01 7.686470319360000185e-03 1.822383346379999880e-01 -2.615669407289999970e-01 -1.358098860460000026e+02 7.432279235209999513e+01 1.292191527079999958e+02
1.001294236590000025e-01 1.182572404050000019e-02 1.854490209169999959e-01 -2.679780955789999863e-01 -1.361501717440000050e+02 7.464965097159999630e+01 1.289396990349999896e+02
5.241870188949999676e-01 1.336878481010000085e-02 1.847935861810000024e-01 -2.595314047150000247e-01 -1.370374763369999869e+02 7.433249863129999824e+01 1.288785507759999973e+02
1.282454942600000092e-01 5.565226667009999691e-03 1.833663752309999950e-01 -2.643409734270000255e-01 -1.359148014559999922e+02 7.497901782980000007e+01 1.290759730579999882e+02
1.407279861200000093e-01 5.682957044560000420e-03 1.905133415249999906e-01 -2.620654339640000052e-01 -1.358401091389999920e+02 7.342680447739999750e+01 1.288872238349999861e+02
1.783518639849999976e-01 8.957249069960000060e-03 1.833240736719999875e-01 -2.679191953450000274e-01 -1.364365473320000035e+02 7.507853614270000264e+01 1.288329870889999995e+02
2.892744877569999873e-01 1.018529405620000050e-02 1.869097694469999960e-01 -2.664995874280000066e-01 -1.362800342950000072e+02 7.431880916660000480e+01 1.286414162739999938e+02
2.613730672619999917e-01 8.156105606660000312e-03 1.858953224700000129e-01 -2.637979760010000230e-01 -1.358879065120000007e+02 7.471135725419999574e+01 1.288303037229999859e+02
1.045440592580000050e-01 7.964479144270000463e-03 1.869420957490000035e-01 -2.671096094670000198e-01 -1.360775142640000013e+02 7.424210126549999700e+01 1.288881430469999998e+02
1.030732528420000016e-01 4.250678486810000219e-03 1.831049375920000000e-01 -2.609804861250000219e-01 -1.358395324310000092e+02 7.436866264030000195e+01 1.291968568469999923e+02
1.659518504789999904e-01 9.866997713870000186e-03 1.896532567310000028e-01 -2.624539841369999960e-01 -1.363883025869999983e+02 7.358557941739999819e+01 1.288413532090000047e+02
1.081521067169999989e-01 9.778078461930000270e-03 1.842490392159999990e-01 -2.632682138069999955e-01 -1.367154182989999924e+02 7.393499174180000466e+01 1.289799105410000095e+02
1.257501043910000116e-01 1.214566569380000002e-02 1.826324616920000088e-01 -2.608513736870000099e-01 -1.368991310160000126e+02 7.462361817810000275e+01 1.287600958909999918e+02
4.443877491429999993e-01 7.531354051419999855e-03 1.813434096500000092e-01 -2.595994310260000271e-01 -1.365537346069999955e+02 7.448807198929999629e+01 1.292918531310000105e+02
1.042736622730000007e-01 5.226226746310000393e-03 1.784929606810000124e-01 -2.590652044460000081e-01 -1.361240717400000051e+02 7.516867902760000675e+01 1.295867782649999924e+02
1.284804728879999913e-01 2.658489284680000050e-03 1.900237135289999935e-01 -2.590713495110000264e-01 -1.354513182000000029e+02 7.333070020270000100e+01 1.291255437039999947e+02
1.798887205849999948e-01 1.037850104210000061e-02 1.793538701250000089e-01 -2.597353746519999729e-01 -1.367121418460000086e+02 7.470821587940000086e+01 1.291336475159999964e+02
2.324600220470000034e-01 8.527293234310000247e-03 1.875677678010000127e-01 -2.717753252569999889e-01 -1.357300345499999992e+02 7.430255257919999679e+01 1.287982162899999992e+02
2.349324900260000015e-01 6.951174764419999590e-03 1.847707945969999932e-01 -2.655012527060000016e-01 -1.357795987579999917e+02 7.485992706720000456e+01 1.293588013229999945e+02
1.118808092729999953e-01 4.537493056500000073e-03 1.832504118799999915e-01 -2.616705684939999998e-01 -1.358263670080000054e+02 7.444888010729999905e+01 1.290467007850000130e+02
5.561079050660000078e+00 1.127188476179999919e-02 1.848776012049999917e-01 -2.632701177799999792e-01 -1.366661182169999904e+02 7.446261167859999830e+01 1.285167227409999953e+02
1.003109440089999943e-01 8.938583248569999598e-03 1.818727079349999887e-01 -2.619192095860000125e-01 -1.365812121840000088e+02 7.434246492050000654e+01 1.290382486540000002e+02
1.188298884139999956e-01 1.035100999860000086e-02 1.901361668590000054e-01 -2.599116979269999739e-01 -1.364088900879999926e+02 7.375638736550000374e+01 1.286605389590000073e+02
4.027407491650000226e-01 8.715642209200000212e-03 1.821745853919999880e-01 -2.636719848080000261e-01 -1.366453776980000043e+02 7.445130020269999704e+01 1.288537091270000019e+02
1.052512135460000053e-01 7.678492559150000042e-03 1.837626940640000039e-01 -2.616200808820000057e-01 -1.359492707539999969e+02 7.426352555750000306e+01 1.290923826320000103e+02
2.914303459379999905e-01 1.177734877590000048e-02 1.829551913269999996e-01 -2.648543964280000163e-01 -1.363621799059999944e+02 7.508680001150000294e+01 1.287410394530000133e+02
3.343930274329999786e-01 8.140969299770000125e-03 1.868545722530000064e-01 -2.624092138190000090e-01 -1.359898173930000098e+02 7.425284357319999629e+01 1.289794838919999904e+02
1.811771469500000065e-01 7.290395765590000111e-03 1.832341170969999933e-01 -2.609077330910000159e-01 -1.365085715859999880e+02 7.414484059660000526e+01 1.291209702330000084e+02
1.149476122290000041e-01 7.447337580319999574e-03 1.847420375349999866e-01 -2.605517550020000073e-01 -1.362861953229999870e+02 7.459622527480000542e+01 1.294086527560000093e+02
2.899876351200000091e+00 5.604051098690000267e-03 1.794228470710000078e-01 -2.601850538120000222e-01 -1.360215269889999945e+02 7.501923574360000657e+01 1.294849625610000032e+02
4.623380483930000229e-01 5.264377240649999699e-03 1.877716865880000030e-01 -2.610254127509999966e-01 -1.359982665359999885e+02 7.366265867849999438e+01 1.292935098799999878e+02
1.291430908270000122e-01 8.092816292399999251e-03 1.817602768909999944e-01 -2.615159047710000073e-01 -1.362965074239999979e+02 7.505794101329999535e+01 1.291773362579999969e+02
1.398050722489999897e-01 7.411300375269999977e-03 1.846492399109999905e-01 -2.622374541299999917e-01 -1.364887323359999982e+02 7.426579434600000695e+01 1.288219974129999912e+02
1.338290452170000089e+00 7.174097858659999813e-03 1.843912546220000115e-01 -2.588652696079999926e-01 -1.360305799740000054e+02 7.409388237349999429e+01 1.289662821990000054e+02
4.582029973260000055e-01 8.429722454199999396e-03 1.821480318850000057e-01 -2.651915327100000108e-01 -1.363680431999999882e+02 7.500809860879999746e+01 1.290633703670000045e+02
1.316014653889999997e-01 1.263305988969999974e-02 1.794461128809999861e-01 -2.668350290429999938e-01 -1.365305052740000065e+02 7.517171074040000178e+01 1.288405464759999859e+02
1.079428638219999959e-01 8.127405607500000698e-03 1.866684292880000096e-01 -2.639456570959999859e-01 -1.361831238069999870e+02 7.421887039749999815e+01 1.287163224159999970e+02
1.246952163349999976e-01 7.584512538359999660e-03 1.857514355160000130e-01 -2.609748609159999733e-01 -1.360863200699999993e+02 7.407924271230000102e+01 1.291823377229999892e+02
1.224203471290000039e-01 9.871209369479999260e-03 1.837305398129999989e-01 -2.640674828899999826e-01 -1.369302139719999900e+02 7.437252044849999777e+01 1.288404453610000076e+02
1.109182224879999984e-01 6.798462181240000346e-03 1.839181935160000003e-01 -2.683223271840000090e-01 -1.358244347049999874e+02 7.476033925490000343e+01 1.289575739459999966e+02
2.647099023949999741e-01 1.090608122849999993e-02 1.783953299890000121e-01 -2.598721029489999834e-01 -1.369611661200000015e+02 7.511433952829999328e+01 1.293282909840000059e+02
1.197523041250000003e-01 8.624810465000000426e-03 1.822203554069999898e-01 -2.620468626840000148e-01 -1.363347984309999958e+02 7.467041018669999630e+01 1.292558100050000007e+02
3.421205423850000038e-01 8.230156761160000237e-03 1.885036724780000117e-01 -2.651840805110000088e-01 -1.359400870780000048e+02 7.367756991699999958e+01 1.286546804459999862e+02
1.082942977069999979e-01 8.545240158379999174e-03 1.833991256330000097e-01 -2.659476348500000031e-01 -1.365108166310000115e+02 7.485802997070000231e+01 1.293394721759999868e+02
1.064511063849999939e-01 9.310842298819999724e-03 1.858240613709999933e-01 -2.609905656859999867e-01 -1.363175822279999920e+02 7.402536982879999528e+01 1.286810343250000130e+02
1.818229574409999938e-01 5.127477837699999721e-03 1.821966681130000043e-01 -2.594545987229999739e-01 -1.364747399089999931e+02 7.449378408690000697e+01 1.292173495430000116e+02
3.637127259010000113e-01 9.140358820199999401e-03 1.876894074010000135e-01 -2.599936283270000148e-01 -1.363791608500000052e+02 7.390039889279999841e+01 1.285526964720000080e+02
1.336854387020000035e-01 6.255694313830000193e-03 1.844489736150000114e-01 -2.596111896950000220e-01 -1.360800814140000057e+02 7.423911016159999576e+01 1.292373693659999958e+02
1.997040063799999932e-01 1.110195886959999996e-02 1.833694543840000135e-01 -2.670199990950000157e-01 -1.364861415700000009e+02 7.486003725989999680e+01 1.290463334949999989e+02
1.441233578780000135e-01 8.595728752129999303e-03 1.844320949400000131e-01 -2.651249503390000206e-01 -1.359163721600000088e+02 7.471184318129999724e+01 1.285613660170000117e+02
6.637826795569999883e-01 9.980982749160000750e-03 1.814060889889999861e-01 -2.612224899930000177e-01 -1.367596955969999897e+02 7.429163784239999302e+01 1.292803135009999949e+02
1.014139356939999931e-01 1.176905420130000025e-02 1.858331683810000023e-01 -2.626235198049999831e-01 -1.368330004929999859e+02 7.432928892619999317e+01 1.286225019560000078e+02
2.386155663260000059e-01 1.080137596990000080e-02 1.833637271240000088e-01 -2.553831528000000128e-01 -1.371323057539999866e+02 7.416110227769999597e+01 1.290021993189999989e+02
1.149044807009999974e-01 1.060982044999999978e-02 1.793771671080000019e-01 -2.634644609980000274e-01 -1.364128541059999975e+02 7.481550612019999846e+01 1.291068457039999942e+02
1.585511498040000078e-01 9.122607521140000536e-03 1.819340001979999899e-01 -2.664072839709999974e-01 -1.358680409549999979e+02 7.474255413609999721e+01 1.290835231149999913e+02
9.221538110860000304e-01 7.312757200750000415e-03 1.892635035269999988e-01 -2.636473601309999859e-01 -1.361327624539999874e+02 7.420271754499999872e+01 1.288322098349999862e+02
1.319864237149999953e-01 6.835530194900000037e-03 1.799645292170000133e-01 -2.594616146109999799e-01 -1.365096979870000098e+02 7.467136284810000291e+01 1.294060348730000101e+02
2.856320859640000265e-01 9.814009026639999508e-03 1.860045744390000089e-01 -2.596818779599999738e-01 -1.367971932639999864e+02 7.384490333889999647e+01 1.285320303539999998e+02
6.000730364799999883e-01 1.035811131409999919e-02 1.859700258870000122e-01 -2.637583144639999988e-01 -1.366399608320000141e+02 7.410499676889999421e+01 1.284990666109999893e+02
1.878736509989999970e-01 6.594461191619999628e-03 1.845388663910000060e-01 -2.593820850410000212e-01 -1.365384562870000025e+02 7.459803074900000297e+01 1.289877148310000052e+02
1.173217960159999990e-01 7.855994687909999621e-03 1.804548689090000047e-01 -2.635184244409999876e-01 -1.365393420279999930e+02 7.518231159949999665e+01 1.293974475189999964e+02
1.142550410209999950e-01 6.683220560549999779e-03 1.866392688640000075e-01 -2.593175488039999865e-01 -1.362282677780000029e+02 7.404379554310000344e+01 1.291328098129999944e+02
1.764830925460000033e-01 5.202276183560000135e-03 1.850550309519999881e-01 -2.596833158249999829e-01 -1.361450474739999947e+02 7.414113080769999442e+01 1.292347881739999877e+02
1.506455235430000095e-01 5.092705380189999596e-03 1.826818676520000073e-01 -2.597672413689999793e-01 -1.359285204439999859e+02 7.409337566290000154e+01 1.291504505569999992e+02
1.507853441410000050e-01 1.090723217460000047e-02 1.819141594189999933e-01 -2.648088102849999736e-01 -1.367109954580000135e+02 7.466516674250000563e+01 1.289218279670000129e+02
3.471018564180000099e-01 8.958587097449999953e-03 1.819246809600000014e-01 -2.577161774069999800e-01 -1.363869827839999971e+02 7.429877730450000684e+01 1.294807451050000111e+02
2.471684328679999987e-01 7.945330753939999421e-03 1.849768453060000040e-01 -2.628788463019999799e-01 -1.362657387149999977e+02 7.424107268660000614e+01 1.291582609159999890e+02
3.297261586110000198e-01 9.673436567700000391e-03 1.847534219209999995e-01 -2.633815542790000075e-01 -1.366989874159999943e+02 7.483674682669999356e+01 1.288855133980000005e+02
1.475824209659999942e-01 8.577612513139999326e-03 1.893652922680000017e-01 -2.648869547159999893e-01 -1.359242591850000110e+02 7.355139788670000200e+01 1.285177567570000008e+02
1.651536859190000095e-01 5.724527163049999805e-03 1.814910956390000107e-01 -2.675312701429999884e-01 -1.354306750920000013e+02 7.511549943590000566e+01 1.295542379110000013e+02
1.110221122560000051e-01 2.873898515220000074e-03 1.789480875899999990e-01 -2.655527689220000265e-01 -1.354162863139999899e+02 7.535539715480000211e+01 1.297568683709999959e+02
1.582594904169999928e-01 5.337348737150000334e-03 1.808140487719999967e-01 -2.583152705930000237e-01 -1.363636717619999956e+02 7.482503851190000432e+01 1.294830164500000080e+02
3.301826646039999757e-01 1.086807327199999958e-02 1.803242144270000014e-01 -2.618172186050000128e-01 -1.366561637549999944e+02 7.481105227439999794e+01 1.290908311970000000e+02
4.528232610730000274e-01 1.074642391849999976e-02 1.800909771579999874e-01 -2.647045258060000128e-01 -1.365117442009999991e+02 7.498261430670000038e+01 1.293101629290000005e+02
2.726179680549999929e-01 8.256923168280000391e-03 1.849010262609999955e-01 -2.594592172410000175e-01 -1.362394469829999935e+02 7.419574455830000659e+01 1.289687830949999920e+02
1.193395742249999947e-01 1.153265178260000010e-02 1.835569202229999919e-01 -2.609202853779999942e-01 -1.368991826049999929e+02 7.407593613029999347e+01 1.290490824819999887e+02
1.445918007219999968e+00 1.082923290450000034e-02 1.797860907580000056e-01 -2.671480883880000268e-01 -1.364794752999999901e+02 7.505892375249999304e+01 1.292492055749999906e+02
1.563383527399999917e-01 6.532275250629999974e-03 1.869531217690000025e-01 -2.569095955319999902e-01 -1.362624017869999875e+02 7.400669499320000000e+01 1.288975500640000007e+02
1.104601695130000005e-01 1.132036621829999971e-02 1.829082767649999886e-01 -2.635931946999999775e-01 -1.361629522890000032e+02 7.500881666569999595e+01 1.290233981410000013e+02
1.307687024480000126e-01 1.271649423660000007e-02 1.821009571359999968e-01 -2.595757852889999939e-01 -1.370544316399999900e+02 7.455554211930000008e+01 1.287891468740000107e+02
4.494181104550000194e-01 8.447272388380000496e-03 1.805426042080000015e-01 -2.645799313700000210e-01 -1.360617833999999959e+02 7.462509457550000036e+01 1.293164266260000090e+02
1.024034928789999965e-01 7.877828183699999570e-03 1.813384940710000004e-01 -2.606234943280000271e-01 -1.366936169470000095e+02 7.496838846709999871e+01 1.291296469899999977e+02
3.449456846699999746e-01 5.093821470379999820e-03 1.834953831009999980e-01 -2.610589617099999815e-01 -1.361535960909999972e+02 7.400639577100000110e+01 1.293476000549999867e+02
2.879111877330000069e-01 9.197390571870000739e-03 1.876725990289999924e-01 -2.570359609569999870e-01 -1.367533429959999864e+02 7.362363384089999840e+01 1.287739075720000130e+02
7.033566090680000160e-01 1.286061774289999973e-02 1.823573504669999956e-01 -2.636385529849999965e-01 -1.370399168149999980e+02 7.481943497899999329e+01 1.290561861500000020e+02
2.255706856899999946e-01 2.224252545909999844e-03 1.841933132319999999e-01 -2.698232094269999992e-01 -1.352073119879999865e+02 7.469022196119999535e+01 1.292275810799999931e+02
1.009917830649999931e-01 8.044754210570000119e-03 1.788177666490000095e-01 -2.611522318630000172e-01 -1.364816750950000142e+02 7.529463116629999320e+01 1.294019584609999924e+02
1.033373683110000024e-01 9.069829590429999769e-03 1.823294599649999959e-01 -2.643438300329999935e-01 -1.365532729589999974e+02 7.497986004720000608e+01 1.287402928360000089e+02
2.864353917479999789e-01 1.067277101400000011e-02 1.835545596760000120e-01 -2.588246814660000172e-01 -1.368244190450000133e+02 7.426266374479999399e+01 1.287078928390000101e+02
1.573163154470000047e-01 8.552567478450000607e-03 1.851297370259999964e-01 -2.604325818309999874e-01 -1.365717026140000030e+02 7.424127749720000224e+01 1.287309845979999920e+02
1.039013334100000047e-01 1.140193746680000057e-02 1.858486446590000007e-01 -2.631387251269999838e-01 -1.370665514629999961e+02 7.414008643520000419e+01 1.285707904170000120e+02
1.184192598879999947e+00 6.770949581550000061e-03 1.846926971779999926e-01 -2.624707565220000260e-01 -1.359992516840000008e+02 7.405896482100000355e+01 1.293755036389999873e+02
3.373152023520000209e-01 7.928448224399999716e-03 1.828027605039999892e-01 -2.655573415410000249e-01 -1.359467486700000052e+02 7.463998010289999741e+01 1.292855067239999869e+02
3.904617517039999930e-01 1.621894028109999858e-02 1.833313355110000042e-01 -2.601981290750000064e-01 -1.375949945319999870e+02 7.439534807920000503e+01 1.286992141329999981e+02
2.003183880930000105e-01 5.208538853030000339e-03 1.859861665920000129e-01 -2.576628892810000071e-01 -1.360689881609999929e+02 7.357031335390000493e+01 1.292614797820000092e+02
1.021426396019999988e-01 1.053858093279999922e-02 1.797599116539999875e-01 -2.622218795089999999e-01 -1.365093018279999910e+02 7.515621115170000621e+01 1.292445088080000062e+02
9.182391961410000247e-01 5.382516215860000397e-03 1.848524054529999960e-01 -2.636265970860000030e-01 -1.360239215450000074e+02 7.428963631279999902e+01 1.289777538099999958e+02
9.076996193840000116e-01 9.207795395589999515e-03 1.870206554199999871e-01 -2.686379989020000192e-01 -1.358716331720000028e+02 7.463817313639999895e+01 1.284640970540000069e+02
1.494617779970000004e+00 7.553494853919999821e-03 1.831766701110000006e-01 -2.605558315329999930e-01 -1.365651011369999992e+02 7.425095441979999578e+01 1.288944229180000036e+02
1.150449883550000024e-01 9.426862890720000623e-03 1.888931677319999891e-01 -2.625860080599999868e-01 -1.359311669340000037e+02 7.386601635409999744e+01 1.286421764730000064e+02
1.178682756440000007e-01 7.643765348129999936e-03 1.831567410609999946e-01 -2.635336010389999761e-01 -1.361387853329999871e+02 7.430536587999999654e+01 1.289662808999999868e+02
2.876403555689999725e-01 1.128446083660000071e-02 1.838864621229999996e-01 -2.650437628469999862e-01 -1.360196777570000108e+02 7.471794532139999490e+01 1.290755326210000078e+02
1.211916455920000052e-01 1.160306404190000057e-02 1.888161485900000103e-01 -2.603989406239999860e-01 -1.367772089640000104e+02 7.374653601359999300e+01 1.287847466460000021e+02
1.638093480610000041e-01 1.260724797999999980e-02 1.852737804100000052e-01 -2.667128184570000116e-01 -1.368032258279999951e+02 7.437041699600000300e+01 1.286844220160000134e+02
1.427697400269999917e-01 1.028564597059999919e-02 1.905044747119999937e-01 -2.686321311459999861e-01 -1.361518881899999940e+02 7.416905833280000593e+01 1.283740504749999900e+02
1.537442196490000079e-01 7.291584315019999929e-03 1.865255032470000129e-01 -2.635895047080000220e-01 -1.363252197230000036e+02 7.435562010510000164e+01 1.291561051920000125e+02
1.307649693569999938e-01 9.803802035900000336e-03 1.847943398349999877e-01 -2.666264562960000140e-01 -1.359057855849999896e+02 7.488435579059999725e+01 1.286834378970000046e+02
1.786698639869999938e-01 7.697534772259999672e-03 1.842749512909999943e-01 -2.644196059109999997e-01 -1.360345835130000012e+02 7.440496605069999703e+01 1.292012595989999966e+02
1.208798771919999959e-01 6.934623737790000103e-03 1.865437490430000012e-01 -2.636072499129999969e-01 -1.361441504039999870e+02 7.432073995970000624e+01 1.289932473069999901e+02
1.572905490500000059e-01 4.124337532370000135e-03 1.769090841560000127e-01 -2.634398937710000221e-01 -1.358090293010000096e+02 7.555826305169999557e+01 1.297974658669999997e+02
3.748384861290000036e-01 5.306899164029999991e-03 1.761836264920000061e-01 -2.629825811390000267e-01 -1.356819670529999939e+02 7.538237381490000644e+01 1.296623416619999887e+02
2.865335089030000004e-01 7.912973607150000643e-03 1.830400429390000028e-01 -2.620628304689999744e-01 -1.361238484509999864e+02 7.468086197009999694e+01 1.291016847649999875e+02
3.040712012010000076e-01 6.516133762249999573e-03 1.846829271169999898e-01 -2.592327339430000044e-01 -1.365305931400000077e+02 7.392880146730000490e+01 1.288153265340000075e+02
1.453137222979999921e-01 1.006769260000000069e-02 1.904953899100000070e-01 -2.614862495909999751e-01 -1.365562982170000055e+02 7.366193261360000122e+01 1.287376490949999948e+02
1.003691125659999933e-01 1.137752833050000023e-02 1.830497415560000118e-01 -2.612515001410000148e-01 -1.366951605550000011e+02 7.429932688620000647e+01 1.291040292700000123e+02
1.920379700239999987e-01 8.044372353299999653e-03 1.872090701209999930e-01 -2.630196008569999910e-01 -1.357401776879999886e+02 7.399354237369999510e+01 1.287645958340000050e+02
1.667957054070000056e-01 5.753989530810000273e-03 1.816167664220000033e-01 -2.627506235529999956e-01 -1.358127658489999874e+02 7.484000692669999921e+01 1.296153369289999944e+02
1.038149811079999985e-01 7.178812265699999889e-03 1.861683645040000112e-01 -2.684989315160000167e-01 -1.354616803389999973e+02 7.477117142330000377e+01 1.288837618530000100e+02
1.141385205599999980e-01 8.713668206289999774e-03 1.844729788870000109e-01 -2.592421457679999763e-01 -1.363117410129999882e+02 7.403221347100000571e+01 1.287466144159999999e+02
1.760569609079999931e-01 6.997926792560000067e-03 1.849396958179999884e-01 -2.606653978519999915e-01 -1.358825616679999939e+02 7.396473124080000616e+01 1.290057272640000008e+02
1.094072356539999985e-01 1.078112055360000085e-02 1.838257502869999893e-01 -2.650608322940000150e-01 -1.366454962790000138e+02 7.471128258250000442e+01 1.287720122350000054e+02
3.375516695920000032e-01 6.151210035029999572e-03 1.837281003929999990e-01 -2.665901228779999910e-01 -1.354369305589999897e+02 7.426534631719999879e+01 1.289648009340000101e+02
1.080760242980000063e-01 9.976628147569999161e-03 1.851719879829999971e-01 -2.640503020609999973e-01 -1.363947429380000074e+02 7.441405054199999825e+01 1.290921516070000052e+02
1.100633269869999986e-01 1.167218204549999930e-02 1.824594651189999917e-01 -2.702573302119999910e-01 -1.362659817379999936e+02 7.529576513680000005e+01 1.288077084249999871e+02
1.499813916359999943e-01 9.165333793590000472e-03 1.832341840039999892e-01 -2.638542818549999835e-01 -1.365154758680000100e+02 7.421210300760000678e+01 1.288414109009999891e+02
2.028065358460000023e-01 1.330402019549999960e-02 1.881448587170000131e-01 -2.683956195259999955e-01 -1.363171659630000079e+02 7.446519425140000692e+01 1.282541563599999961e+02
1.721602452440000042e-01 1.010193661239999936e-02 1.853838802710000011e-01 -2.622738448640000164e-01 -1.359571661189999929e+02 7.415541495520000126e+01 1.288792475609999997e+02
2.407479776370000102e-01 7.908719577420000521e-03 1.855453748589999952e-01 -2.650584975379999819e-01 -1.361158567409999876e+02 7.396101718900000321e+01 1.291243141639999976e+02
2.578611288800000123e-01 5.799138019030000354e-03 1.842497675910000077e-01 -2.589486710950000270e-01 -1.363386831900000118e+02 7.406659833070000332e+01 1.295816464289999885e+02
3.642596415850000158e-01 1.060989213660000095e-03 1.865194617890000017e-01 -2.614626507480000139e-01 -1.353054494680000062e+02 7.405622554769999510e+01 1.293513271410000129e+02
1.480038733150000063e-01 8.987347776939999880e-03 1.822485169870000088e-01 -2.630884002130000066e-01 -1.361274478409999915e+02 7.413700313020000010e+01 1.288959152300000142e+02
1.707579970629999888e-01 1.006396361540000048e-02 1.826020984600000008e-01 -2.644508976609999951e-01 -1.364276523400000087e+02 7.455092899519999605e+01 1.286143916599999955e+02
1.384613554240000100e-01 7.018476144809999984e-03 1.787189709789999970e-01 -2.574585558410000252e-01 -1.364388501919999896e+02 7.480842255519999640e+01 1.297621134149999875e+02
1.214394018030000022e-01 7.017215096979999810e-03 1.832499722840000012e-01 -2.612409967889999796e-01 -1.360921266919999937e+02 7.454335148730000071e+01 1.289552766920000124e+02
1.337604345910000103e-01 5.228435631269999842e-03 1.856616132209999992e-01 -2.623595162089999988e-01 -1.358687182989999940e+02 7.407059849629999349e+01 1.290882117369999946e+02
1.145170791270000016e-01 3.938314764760000170e-03 1.813508370960000005e-01 -2.579128138139999971e-01 -1.359328068140000028e+02 7.450866764890000127e+01 1.293809559929999864e+02
1.267312514820000047e+01 7.470851844990000420e-03 1.865746603239999968e-01 -2.607109372149999937e-01 -1.361150160310000103e+02 7.384809898780000026e+01 1.292627259209999977e+02
1.165948169930000056e-01 1.121573543630000058e-02 1.861803616649999882e-01 -2.584973614230000050e-01 -1.370418691689999946e+02 7.412934636379999631e+01 1.289235046459999978e+02
1.186847940110000027e-01 7.750984327659999652e-03 1.830869223530000034e-01 -2.668971534199999773e-01 -1.360009216709999862e+02 7.506667748690000508e+01 1.290337086389999968e+02
1.931875374179999882e-01 1.008106867750000087e-02 1.854872300000000029e-01 -2.628511293870000043e-01 -1.367668541390000030e+02 7.418645977849999440e+01 1.290191827339999975e+02
2.225308631650000091e-01 7.348036494240000119e-03 1.844424901189999910e-01 -2.637234645239999731e-01 -1.362429463899999860e+02 7.453812972340000442e+01 1.285381931180000095e+02
2.758174852170000024e-01 5.523628908040000007e-03 1.789698605929999908e-01 -2.578943244890000153e-01 -1.362648231759999931e+02 7.458255205919999753e+01 1.294479908440000031e+02
1.726513951599999985e-01 4.818915533529999698e-03 1.845437877249999914e-01 -2.639244512830000167e-01 -1.356379896429999974e+02 7.445979682589999982e+01 1.290410444020000114e+02
1.311827502550000080e-01 1.021087131359999997e-02 1.841332617020000062e-01 -2.635266794739999918e-01 -1.360815392879999877e+02 7.431993147910000630e+01 1.291152270629999919e+02
1.084710450520000036e-01 9.213545139569999723e-03 1.870132610190000100e-01 -2.622450386799999866e-01 -1.360860508929999924e+02 7.423175279599999499e+01 1.285957849330000045e+02
9.200588088950000243e-01 8.772342414520000603e-03 1.843382261879999984e-01 -2.613205239540000169e-01 -1.364395959480000045e+02 7.453622482400000138e+01 1.289709435800000108e+02
1.226903848550000009e-01 1.006688120589999992e-02 1.835417986840000015e-01 -2.616472770550000160e-01 -1.368295202109999877e+02 7.428626610960000676e+01 1.287947228950000067e+02
1.229212431789999949e-01 8.041318613169999574e-03 1.845432619750000114e-01 -2.620109891829999760e-01 -1.365743207300000108e+02 7.442486571080000601e+01 1.288165365149999957e+02
1.460880994060000104e-01 1.282747044889999931e-02 1.816569392150000073e-01 -2.665088224550000162e-01 -1.366009559210000077e+02 7.514912524160000373e+01 1.290084068120000040e+02
1.499702462720000073e-01 9.895802977200000156e-03 1.846280371340000004e-01 -2.574833272200000023e-01 -1.369424198160000117e+02 7.400518028819999472e+01 1.288916186609999954e+02
1.025953309289999948e+00 4.999663324769999632e-03 1.840961453309999940e-01 -2.668077666170000084e-01 -1.356305535870000085e+02 7.461168301329999508e+01 1.291914126940000074e+02
1.601343622929999877e-01 9.927966936900000164e-03 1.836053692479999999e-01 -2.602859960180000098e-01 -1.364268869610000081e+02 7.442762177080000185e+01 1.289374388489999887e+02
1.795254720620000077e-01 1.051026003350000008e-02 1.795655191480000079e-01 -2.674201170830000085e-01 -1.365054742250000004e+02 7.530284927959999663e+01 1.289846645249999995e+02
3.092518517599999739e-01 6.816129810130000174e-03 1.813825602370000012e-01 -2.621908029239999882e-01 -1.362848636150000061e+02 7.508386529930000108e+01 1.295013358139999866e+02
1.315615976139999921e-01 7.513011983759999672e-03 1.859680740059999893e-01 -2.553843797559999795e-01 -1.365434594449999963e+02 7.375257876160000592e+01 1.291693737720000001e+02
3.750337210069999827e+01 3.071931991999999906e-03 1.826814887969999968e-01 -2.601849532739999860e-01 -1.357489421710000101e+02 7.446811252550000404e+01 1.296166301320000116e+02
5.324903775160000352e-01 3.951653229879999868e-03 1.854946443030000003e-01 -2.649163885290000131e-01 -1.352904415040000004e+02 7.436605714220000607e+01 1.294820478190000017e+02
1.539992399160000081e-01 1.153571645270000043e-02 1.828677695179999896e-01 -2.662597661339999866e-01 -1.363966175420000013e+02 7.439569640499999537e+01 1.288357339330000002e+02
1.379185925039999872e-01 1.028481281569999968e-02 1.846155223669999901e-01 -2.616797700619999945e-01 -1.366267221269999936e+02 7.416668944149999732e+01 1.290400434199999893e+02
1.348612780350000040e-01 6.967713771000000333e-03 1.851944631340000091e-01 -2.651372947519999856e-01 -1.357898552659999893e+02 7.460815933979999670e+01 1.292152079420000064e+02
1.244474599670000042e-01 7.062707900819999857e-03 1.856269022150000003e-01 -2.676001864249999973e-01 -1.356084186090000117e+02 7.413550206019999678e+01 1.289784815259999959e+02
1.532289189530000040e-01 7.434247685500000244e-03 1.851811079179999930e-01 -2.578032486219999919e-01 -1.365932052080000005e+02 7.368420398630000534e+01 1.289364024090000100e+02
1.110083448719999949e-01 2.895713973870000114e-03 1.868234726709999960e-01 -2.584875299480000055e-01 -1.356700037269999939e+02 7.381367378230000043e+01 1.294264789469999926e+02
4.276348730219999839e-01 5.223926417670000412e-03 1.886236513929999969e-01 -2.580174213010000273e-01 -1.359420838700000047e+02 7.338123757820000037e+01 1.288381356360000041e+02
1.886505165559999864e-01 6.682066174200000305e-03 1.840209530709999985e-01 -2.649365216480000229e-01 -1.361229990020000002e+02 7.443341679110000086e+01 1.293428712360000077e+02
1.416829390010000134e-01 7.770018941880000272e-03 1.860135621369999881e-01 -2.589345561090000136e-01 -1.362918227590000129e+02 7.365997976219999543e+01 1.290826103889999956e+02
1.126721137210000001e-01 8.543557587880000123e-03 1.881382300949999975e-01 -2.627009245949999960e-01 -1.362724523889999944e+02 7.396948927329999890e+01 1.288641786770000124e+02
1.370179076130000062e-01 9.351555469140000396e-03 1.875651506859999929e-01 -2.640135290119999811e-01 -1.363905402899999899e+02 7.390669791620000240e+01 1.289442952400000024e+02
2.492088475960000105e-01 6.538388793059999628e-03 1.826297119499999955e-01 -2.635457567269999801e-01 -1.363365614900000082e+02 7.453495611569999824e+01 1.291698541840000019e+02
4.363688777629999849e-01 9.883846223330000277e-03 1.797975883040000000e-01 -2.650346786280000089e-01 -1.362787560360000043e+02 7.501934763929999406e+01 1.291322186849999980e+02
4.049298965740000256e-01 7.295267145119999595e-03 1.854132697589999934e-01 -2.605054643049999896e-01 -1.366254109429999914e+02 7.404818900850000318e+01 1.290438019830000087e+02
3.414782889679999767e-01 6.232904397480000351e-03 1.834410185070000088e-01 -2.661124668379999947e-01 -1.360001261269999873e+02 7.459147770789999754e+01 1.291713569020000136e+02
1.915818665759999873e-01 1.309100074690000039e-02 1.857611013290000057e-01 -2.638131341969999766e-01 -1.366868202379999957e+02 7.404447072019999609e+01 1.283926441790000013e+02
1.279721572270000052e-01 8.031406512710000806e-03 1.807682976249999907e-01 -2.576422106210000118e-01 -1.367340052899999989e+02 7.432847257619999937e+01 1.295630770950000112e+02
1.830255729799999953e-01 9.539248967379999194e-03 1.847543761579999999e-01 -2.599293677660000079e-01 -1.361193285850000052e+02 7.423882297250000306e+01 1.291414494160000004e+02
2.910604727339999864e-01 4.353542372599999641e-03 1.824590151540000094e-01 -2.646858212150000056e-01 -1.359017708499999912e+02 7.500685615829999620e+01 1.292529653820000135e+02
1.501235042540000064e-01 9.218218022660000857e-03 1.882093527629999929e-01 -2.634210534120000058e-01 -1.360648530150000113e+02 7.398985671949999698e+01 1.288434977290000063e+02
3.817928930080000116e-01 7.539414984830000027e-03 1.828134113519999937e-01 -2.628003515319999872e-01 -1.363121057710000059e+02 7.456166316030000019e+01 1.290634232929999996e+02
2.191451019900000075e-01 7.171820029930000076e-03 1.808413450140000100e-01 -2.610447013689999873e-01 -1.365249826140000096e+02 7.477956840849999764e+01 1.294116043790000106e+02
5.039549477229999797e-01 1.420688865310000028e-02 1.823023178729999971e-01 -2.671870513290000027e-01 -1.365948937260000093e+02 7.477820442920000232e+01 1.285541164599999888e+02
1.249352621039999944e-01 6.383762259369999727e-03 1.842431532009999873e-01 -2.636619457489999818e-01 -1.359783475490000058e+02 7.399223045579999791e+01 1.290918275159999951e+02
1.522068752840000094e-01 1.191545643830000008e-02 1.852075778439999931e-01 -2.606247086660000156e-01 -1.372952970649999997e+02 7.411911851669999862e+01 1.286736249889999897e+02
5.103609125920000045e-01 9.723966830290000501e-03 1.828522032340000048e-01 -2.658750174889999984e-01 -1.359136980810000068e+02 7.470477638670000431e+01 1.292401578340000015e+02
2.659149620530000258e-01 6.381091284600000010e-03 1.851112227349999972e-01 -2.599853596089999885e-01 -1.362169673669999952e+02 7.430643404699999621e+01 1.289667606390000003e+02
4.145114407939999857e-01 2.423645560780000006e-03 1.871961529279999870e-01 -2.596973944090000264e-01 -1.355143704559999946e+02 7.358977109449999432e+01 1.292674866700000109e+02
2.240164602649999948e-01 5.961502600680000132e-03 1.838037589200000044e-01 -2.593209447109999788e-01 -1.364322017089999974e+02 7.424183258089999526e+01 1.290346477880000009e+02
2.696591907709999791e-01 1.188126629470000022e-02 1.887204490609999952e-01 -2.658534342459999977e-01 -1.363367375999999922e+02 7.393712591809999424e+01 1.283082172700000001e+02
1.429213232340000028e-01 1.247954278049999942e-02 1.852944080110000002e-01 -2.688527639359999943e-01 -1.365685426459999974e+02 7.490364593939999338e+01 1.287190969419999931e+02
1.368284678080000094e-01 8.963008733380000564e-03 1.831858791579999979e-01 -2.652180268300000088e-01 -1.362517386579999936e+02 7.519150084739999329e+01 1.293466165350000097e+02
1.712035098430000069e-01 6.066915086169999936e-03 1.796322364429999985e-01 -2.627245660429999852e-01 -1.360169619870000020e+02 7.461542507619999753e+01 1.295286080550000065e+02
1.069560729360000018e+00 3.870023645739999879e-03 1.807251093139999876e-01 -2.638626388010000268e-01 -1.355648667309999951e+02 7.483797805640000433e+01 1.294130542119999916e+02
6.212523763759999484e-01 6.335322004809999623e-03 1.831383323159999910e-01 -2.622208496330000194e-01 -1.363170848610000121e+02 7.447096617030000232e+01 1.292519802669999933e+02
1.224686612759999932e-01 1.016102558380000027e-02 1.842700742710000061e-01 -2.581868907109999833e-01 -1.365062832600000036e+02 7.398867325930000050e+01 1.289202177829999982e+02
1.616937921419999924e+00 1.259946905160000061e-02 1.837807248530000104e-01 -2.564266911699999985e-01 -1.375015601229999902e+02 7.423834125499999459e+01 1.288537961860000109e+02
2.219034763359999940e-01 4.848961636710000418e-03 1.825289922639999896e-01 -2.634078578699999840e-01 -1.354454095330000030e+02 7.422527309170000365e+01 1.293479142250000109e+02
1.542165188890000094e-01 5.923957140019999595e-03 1.824118603559999885e-01 -2.662691466020000175e-01 -1.360104934279999895e+02 7.477706996169999343e+01 1.290486340429999927e+02
1.166048420840000016e-01 7.883089634119999590e-04 1.849007619620000042e-01 -2.617031814849999916e-01 -1.353267511459999923e+02 7.445168132519999915e+01 1.294112075749999917e+02
3.390920234629999919e-01 7.008167190650000170e-03 1.850576819699999986e-01 -2.564206131980000247e-01 -1.365309070309999981e+02 7.374771154280000474e+01 1.292527488450000135e+02
1.208521333019999949e-01 4.410571290220000225e-04 1.834021915329999974e-01 -2.682913951140000197e-01 -1.349984358050000139e+02 7.472216331779999621e+01 1.294859567830000060e+02
2.294288079310000117e-01 8.694057888720000196e-03 1.865237840339999953e-01 -2.581707956079999922e-01 -1.368052458980000097e+02 7.397537255010000479e+01 1.291053238490000012e+02
1.002548443040000015e-01 4.115672473149999989e-03 1.842845284759999924e-01 -2.595690664190000163e-01 -1.360136555260000080e+02 7.413950088800000060e+01 1.295046992190000026e+02
3.749823002439999775e-01 1.090719247090000087e-02 1.817650365659999878e-01 -2.605205385250000116e-01 -1.366901624509999920e+02 7.439975907989999371e+01 1.290931784009999888e+02
1.077613155830000058e-01 1.119556044370000059e-02 1.836037559310000067e-01 -2.646744483110000101e-01 -1.361428340180000021e+02 7.487671160079999311e+01 1.288522743750000075e+02
1.517658807019999889e+00 7.717685091159999858e-03 1.861141961910000031e-01 -2.645217969470000097e-01 -1.363752681800000062e+02 7.420593208500000060e+01 1.286684893430000045e+02
2.030451293730000106e-01 9.279144194570000323e-03 1.837506358010000118e-01 -2.625537201570000145e-01 -1.361747067500000128e+02 7.428994806340000423e+01 1.289496353579999948e+02
1.694706563429999868e-01 8.812028099310000723e-03 1.835944043359999944e-01 -2.599268222689999908e-01 -1.366606422309999971e+02 7.435855499939999902e+01 1.288005587019999894e+02
1.008205098169999980e-01 9.533423520020000222e-03 1.860633940789999941e-01 -2.617168684539999957e-01 -1.364934529919999875e+02 7.416707275599999605e+01 1.287170576350000033e+02
3.907136125490000000e-01 1.224485388579999931e-02 1.807326930860000125e-01 -2.587267812979999748e-01 -1.371994271659999924e+02 7.477826805550000699e+01 1.289453156929999977e+02
2.944911653949999764e-01 1.156041714659999942e-02 1.842115072930000097e-01 -2.610265221040000139e-01 -1.366831912540000076e+02 7.413091077229999826e+01 1.288171481349999965e+02
3.000152509549999791e-01 8.289179659439999820e-03 1.884198850509999912e-01 -2.608831766040000111e-01 -1.360690748650000046e+02 7.369916683569999805e+01 1.288275505029999977e+02
3.434596272730000011e-01 1.012433603989999938e-02 1.838031907119999919e-01 -2.634966957730000003e-01 -1.363511398500000098e+02 7.496998803840000392e+01 1.288219933750000052e+02
3.154641104290000220e-01 6.131005427450000010e-03 1.849934757089999882e-01 -2.617504867980000038e-01 -1.364741061949999903e+02 7.414945868579999910e+01 1.290145619319999923e+02
1.059019002569999979e-01 6.097171981520000013e-03 1.852148525990000016e-01 -2.692915966619999768e-01 -1.355531700409999871e+02 7.445726008210000657e+01 1.292094589890000123e+02
1.057357069710000014e-01 3.522779752280000200e-03 1.838348658160000038e-01 -2.653245894540000038e-01 -1.357875782520000030e+02 7.437119933270000161e+01 1.293158919630000128e+02
1.045463051239999969e-01 7.332779730939999706e-03 1.834350667209999897e-01 -2.612692814940000274e-01 -1.360578945240000053e+02 7.443385480700000301e+01 1.291255240440000023e+02
1.897283698820000086e-01 1.141867211220000053e-02 1.870791053920000113e-01 -2.637589389289999864e-01 -1.365487325519999899e+02 7.425529407729999321e+01 1.288250934159999872e+02
1.299281752299999981e+00 7.451938552250000035e-03 1.870211998369999962e-01 -2.627776107800000038e-01 -1.359474337999999989e+02 7.452707532140000524e+01 1.289770986329999971e+02
2.494886546420000129e-01 8.076765553069999160e-03 1.855846938429999982e-01 -2.613172403810000155e-01 -1.363976884079999934e+02 7.447006702390000044e+01 1.289667776599999911e+02
1.332957905740000115e-01 1.040875137709999960e-02 1.816511452940000049e-01 -2.626141117729999808e-01 -1.364814550609999912e+02 7.455044581449999441e+01 1.290993601650000073e+02
8.041380354099999517e-01 1.250703938019999927e-02 1.821293460960000110e-01 -2.629957816799999848e-01 -1.371600811970000109e+02 7.470061279879999461e+01 1.289728413489999923e+02
3.147729205989999723e-01 1.110598096939999918e-02 1.853785420609999901e-01 -2.701290938859999824e-01 -1.362111440500000015e+02 7.470144224039999870e+01 1.285100101010000060e+02
1.545471746600000085e-01 8.564345020930000038e-03 1.773385289540000131e-01 -2.609509431870000173e-01 -1.365283650220000027e+02 7.549500341210000443e+01 1.294609928380000099e+02
2.688286273600000165e-01 1.039210961709999964e-02 1.885699990830000117e-01 -2.659315761880000073e-01 -1.363156839199999979e+02 7.427251481669999578e+01 1.284396410040000092e+02
1.166175081270000025e-01 1.004639293019999984e-02 1.823687190249999868e-01 -2.631334369119999739e-01 -1.367696911449999959e+02 7.511744425919999912e+01 1.292992356960000109e+02
1.117299754460000072e+00 4.724682598270000394e-03 1.816236864059999900e-01 -2.672345617929999806e-01 -1.357162006339999891e+02 7.490340353450000066e+01 1.290905596839999987e+02
2.796062341189999856e-01 7.341560911049999777e-03 1.829351059000000057e-01 -2.622619994720000181e-01 -1.364862850389999949e+02 7.423201097390000314e+01 1.292930812520000075e+02
1.627812527030000067e-01 1.037364011650000056e-02 1.815730032110000058e-01 -2.638211723050000179e-01 -1.365544775490000120e+02 7.451064523940000583e+01 1.286459490880000089e+02
1.901200011209999985e-01 5.115144376060000268e-03 1.811785017429999867e-01 -2.607495585219999912e-01 -1.359081947239999977e+02 7.471147252880000167e+01 1.295617504729999894e+02
1.402747704619999869e-01 7.889042879390000679e-03 1.787868801559999998e-01 -2.543121070859999944e-01 -1.367341427949999968e+02 7.475257435260000705e+01 1.293645124779999946e+02
1.354688291599999983e-01 5.010316965400000294e-03 1.817735826630000051e-01 -2.591316676770000216e-01 -1.362070630649999998e+02 7.421809501079999905e+01 1.292204038239999875e+02
1.181070927570000012e-01 4.301722359960000186e-03 1.832260054829999985e-01 -2.664169040270000233e-01 -1.353423102689999951e+02 7.478886799580000400e+01 1.292045567250000033e+02
6.258428192430000259e+00 8.857202278099999410e-03 1.859540962410000109e-01 -2.604464815079999829e-01 -1.362804633050000120e+02 7.433990108060000068e+01 1.286853075699999920e+02
3.279131791329999990e-01 1.034307503789999930e-02 1.876882543539999948e-01 -2.659958600530000217e-01 -1.364993918929999950e+02 7.428986817160000555e+01 1.286715407039999945e+02
2.386056598780000038e-01 8.488853773599999361e-03 1.856019087570000003e-01 -2.658348373189999836e-01 -1.361261265550000132e+02 7.478976992849999306e+01 1.290818812939999987e+02
1.647985324079999925e-01 5.438697416150000026e-03 1.851438239360000126e-01 -2.679204693489999900e-01 -1.357000007409999967e+02 7.466167796359999898e+01 1.292732622970000023e+02
1.313879324890000033e+00 7.247179542179999975e-03 1.848717680280000109e-01 -2.636358195669999960e-01 -1.361895009579999964e+02 7.440569493930000533e+01 1.291937220039999943e+02
1.471756089509999865e-01 8.055170119600000428e-03 1.872257962149999899e-01 -2.656348739850000196e-01 -1.364179383540000003e+02 7.441225557139999580e+01 1.288599000510000110e+02
7.436271494280000116e-01 6.104233826500000092e-03 1.788457425730000105e-01 -2.613004300999999807e-01 -1.358693199950000121e+02 7.524783714699999848e+01 1.297045612320000032e+02
1.281415511369999871e-01 1.326044971490000085e-02 1.783699976829999923e-01 -2.636683273470000199e-01 -1.368007059290000029e+02 7.554807511709999801e+01 1.289564779050000141e+02
1.202523143210000034e-01 1.003822236880000038e-02 1.864379803060000063e-01 -2.583735721609999869e-01 -1.368854401709999991e+02 7.388386014869999485e+01 1.285035049130000004e+02
5.048514530190000293e-01 7.977152996259999351e-03 1.855168486990000087e-01 -2.604808800460000073e-01 -1.365997186419999991e+02 7.408504244339999900e+01 1.292910994750000100e+02
2.880557677139999884e-01 7.012634517800000154e-03 1.855393583749999908e-01 -2.662363883230000061e-01 -1.361556364040000062e+02 7.414106753919999448e+01 1.292270410719999916e+02
1.392743839779999881e-01 9.639140410549999413e-03 1.808629386760000068e-01 -2.585603554470000121e-01 -1.367949256180000077e+02 7.462201735760000076e+01 1.293335079379999968e+02
1.593042658899999908e-01 4.072613589830000047e-03 1.847069993969999990e-01 -2.604187755469999921e-01 -1.363010595179999882e+02 7.427799258640000346e+01 1.291511341309999921e+02
1.216715378290000038e-01 1.045943782390000056e-02 1.838034378260000046e-01 -2.622649207280000061e-01 -1.359584638960000120e+02 7.467876639300000363e+01 1.289717890569999952e+02
1.920278840659999930e-01 8.526695799710000412e-03 1.841268041470000005e-01 -2.645342246579999723e-01 -1.365887825789999965e+02 7.462560658050000484e+01 1.291697764040000038e+02
4.197113858159999822e-01 1.075857285839999962e-02 1.843771637649999906e-01 -2.603353665700000041e-01 -1.366135899729999892e+02 7.443856125480000685e+01 1.286880285590000028e+02
1.926297340939999991e-01 5.291352123910000350e-03 1.854429259669999885e-01 -2.573386889209999806e-01 -1.361957765170000130e+02 7.391706581760000461e+01 1.289886588079999967e+02
2.627598596169999912e-01 7.572185877170000204e-03 1.887556288910000046e-01 -2.609558743220000143e-01 -1.361459307009999975e+02 7.390172938640000666e+01 1.289976419790000080e+02
3.981541298919999972e-01 1.149445779349999967e-02 1.824220984499999865e-01 -2.614016909560000212e-01 -1.368601231449999887e+02 7.429816102969999747e+01 1.291003316830000074e+02
1.492189507999999998e-01 4.550884762639999595e-03 1.834113308410000032e-01 -2.658412590509999784e-01 -1.360038471080000022e+02 7.438358727780000379e+01 1.292463205429999960e+02
1.179531522049999948e-01 9.926318939430000751e-03 1.855866875259999937e-01 -2.605079237829999728e-01 -1.365924123789999953e+02 7.421290777740000522e+01 1.284351058420000129e+02
2.382430510459999928e-01 1.140575583980000043e-02 1.791005228470000099e-01 -2.675341743090000057e-01 -1.364775839689999941e+02 7.530981400059999942e+01 1.288435512659999915e+02
1.161016443859999997e-01 7.301344546099999833e-03 1.828722604590000134e-01 -2.557077603719999925e-01 -1.364678725980000138e+02 7.402912310400000706e+01 1.293807077719999938e+02
1.133020362839999989e-01 1.008118709209999964e-02 1.857091860829999941e-01 -2.601465024810000193e-01 -1.362832058470000050e+02 7.418142947900000195e+01 1.290099981079999907e+02
1.973772343809999941e-01 9.541916644219999508e-03 1.885132331029999997e-01 -2.611803892740000022e-01 -1.362970327110000142e+02 7.374772013979999485e+01 1.288050774710000042e+02
1.189364538349999972e-01 8.184891350309999453e-03 1.846991319179999980e-01 -2.610971278420000097e-01 -1.362710038849999989e+02 7.485430455309999331e+01 1.292859604440000112e+02
1.071229410809999977e-01 4.142982360410000370e-03 1.857111951740000044e-01 -2.617202142980000201e-01 -1.357907626809999897e+02 7.399759058600000117e+01 1.291605698950000090e+02
2.368664081280000000e-01 6.353835860930000419e-03 1.844565742890000026e-01 -2.607884524279999727e-01 -1.362906535550000058e+02 7.430739682050000283e+01 1.291003762439999889e+02
1.063143657979999934e-01 1.154417117219999969e-02 1.828977461100000090e-01 -2.698324250820000048e-01 -1.360199549609999963e+02 7.475626532889999964e+01 1.288046815859999867e+02
8.172496580550000500e-01 7.007933473629999847e-03 1.844896624469999913e-01 -2.618148030369999990e-01 -1.359052350100000126e+02 7.427988022239999566e+01 1.290330803790000118e+02
1.046569017829999948e-01 4.330593976109999889e-03 1.857418032279999909e-01 -2.624795886499999842e-01 -1.358728659289999996e+02 7.436193138039999440e+01 1.289697057749999942e+02
2.321427128430000042e-01 8.175780103409999860e-03 1.761344516829999873e-01 -2.638679434899999787e-01 -1.361925457650000055e+02 7.554737254699999482e+01 1.296605225399999881e+02
2.289988329679999990e-01 3.621134760190000169e-03 1.848322414830000093e-01 -2.641953821749999931e-01 -1.353527394490000120e+02 7.408134736149999355e+01 1.291892461399999945e+02
1.696045135679999927e-01 1.090733658980000062e-02 1.829036956869999897e-01 -2.611984154179999851e-01 -1.370417395880000129e+02 7.432380387039999903e+01 1.288824728529999959e+02
1.263820534729999945e-01 5.637288935090000071e-03 1.846473241640000096e-01 -2.625682447370000228e-01 -1.361375324489999912e+02 7.479117507959999500e+01 1.292935369060000141e+02
1.186063858090000034e+00 8.943678826559999309e-03 1.825092599779999936e-01 -2.637680494910000228e-01 -1.366321456809999972e+02 7.433018236540000601e+01 1.291480759860000092e+02
