6.491035637049999973e-01 3.600585073749999754e-02 1.655122209250000087e-01 -2.881388563039999906e-01 -1.361413554609999892e+02 7.795331800110000131e+01 1.206735888299999999e+02
1.084863933979999945e-01 3.731233421800000255e-02 1.691408783349999945e-01 -2.865905415450000215e-01 -1.358178929940000046e+02 7.734117710380000688e+01 1.203415486269999946e+02
1.007333792790000015e-01 4.080279532690000294e-02 1.677344787510000046e-01 -2.951928350799999934e-01 -1.359701424280000026e+02 7.819154571219999639e+01 1.202032107050000036e+02
1.339510978869999924e-01 3.667942841030000234e-02 1.692759217819999884e-01 -2.883669041920000065e-01 -1.357893361989999903e+02 7.763179770360000020e+01 1.208479923719999931e+02
2.575263691499999896e-01 4.098195527250000220e-02 1.699469271790000069e-01 -2.866681351390000243e-01 -1.366867226150000079e+02 7.739121641609999358e+01 1.203337440629999975e+02
1.063949752240000018e-01 3.438219207869999683e-02 1.685966432079999966e-01 -2.902401761080000142e-01 -1.356601439430000084e+02 7.796904113879999443e+01 1.204020264020000042e+02
2.782829323170000202e-01 3.957961910550000101e-02 1.712667162719999914e-01 -2.861827802119999986e-01 -1.362549454939999976e+02 7.727545161620000158e+01 1.202613304479999954e+02
1.463534300160000134e-01 3.575497406670000156e-02 1.703252429909999921e-01 -2.928048365400000019e-01 -1.357412050780000072e+02 7.745444088390000559e+01 1.204514170000000064e+02
1.110914043640000015e-01 3.757126618790000011e-02 1.679896791849999904e-01 -2.882525191920000118e-01 -1.359619402650000097e+02 7.779743765599999961e+01 1.205802545600000002e+02
1.869746700490000080e-01 3.768527457740000058e-02 1.633906891280000051e-01 -2.865738145580000173e-01 -1.363356752189999952e+02 7.832059925609999596e+01 1.206705881879999964e+02
1.032876815669999948e-01 3.878976102009999705e-02 1.747814189269999985e-01 -2.889435019139999783e-01 -1.359413293220000014e+02 7.685160618570000679e+01 1.200816230399999966e+02
2.156451952729999955e-01 3.702040102410000116e-02 1.647374983890000089e-01 -2.922677574490000207e-01 -1.358935365549999972e+02 7.831965632710000591e+01 1.208670028239999965e+02
1.339033760480000113e-01 3.040459811069999921e-02 1.756449908490000100e-01 -2.901527443360000236e-01 -1.351396240320000004e+02 7.702996611790000259e+01 1.205238951750000069e+02
1.176073141450000026e-01 3.341165259570000323e-02 1.667488327019999994e-01 -2.906517292429999788e-01 -1.349565940580000074e+02 7.812752068739999345e+01 1.207745519000000058e+02
2.792876471560000184e-01 3.220234340429999759e-02 1.685143845629999970e-01 -2.864389975309999947e-01 -1.360042248510000036e+02 7.735596060739999302e+01 1.208461210859999966e+02
1.256865554190000067e-01 3.944865797370000066e-02 1.752913058849999983e-01 -2.946282190150000257e-01 -1.354810704109999904e+02 7.730865684740000177e+01 1.200223065349999985e+02
1.043065514229999935e-01 4.072108226570000239e-02 1.716056521619999942e-01 -2.892568756710000022e-01 -1.361512980109999944e+02 7.767085476649999976e+01 1.201329296490000047e+02
1.831032371990000129e-01 3.739976469669999831e-02 1.728049269270000021e-01 -2.894952350209999969e-01 -1.359554578460000016e+02 7.742154507520000095e+01 1.202219670159999936e+02
4.452116854589999728e-01 3.557485517589999841e-02 1.681829328449999938e-01 -2.893500839279999903e-01 -1.357650047840000127e+02 7.797702353030000211e+01 1.208015047859999953e+02
1.734199093899999877e-01 3.859195311199999784e-02 1.692088415069999963e-01 -2.892146335990000150e-01 -1.360985076030000016e+02 7.815098132800000030e+01 1.206115790860000061e+02
1.142520197779999941e-01 3.586363454230000192e-02 1.672509405990000031e-01 -2.909021674360000032e-01 -1.358386175070000093e+02 7.806229142710000701e+01 1.206457040749999976e+02
3.683635944499999981e-01 3.961007253789999849e-02 1.672144379199999864e-01 -2.884812104169999780e-01 -1.359344432709999921e+02 7.823897549960000219e+01 1.202835565949999932e+02
4.753340008570000053e-01 3.413041655849999995e-02 1.680340012060000110e-01 -2.876313700159999764e-01 -1.362340942460000122e+02 7.813522935390000157e+01 1.206358210009999965e+02
4.881242136569999834e-01 3.831951794539999873e-02 1.671902413849999935e-01 -2.839251084989999896e-01 -1.363405558510000048e+02 7.780075072350000198e+01 1.207377165329999968e+02
1.238277435320000036e-01 3.644458287479999947e-02 1.678939534299999925e-01 -2.906230662070000137e-01 -1.360460864389999927e+02 7.793819048589999454e+01 1.201483358939999988e+02
1.183623920689999970e-01 3.656429539929999945e-02 1.701872264909999877e-01 -2.913895395339999861e-01 -1.355778943439999864e+02 7.777150413500000070e+01 1.207685238060000046e+02
2.127989022050000012e-01 4.039371686169999920e-02 1.693573736179999900e-01 -2.887282634219999755e-01 -1.364603668899999889e+02 7.786563777320000668e+01 1.202039369999999963e+02
1.706432868470000030e-01 3.731442943820000024e-02 1.689371605589999881e-01 -2.875269000230000205e-01 -1.357908504989999869e+02 7.754498213070000645e+01 1.204908195600000056e+02
1.665834142050000022e-01 3.954244562889999703e-02 1.625796068860000110e-01 -2.912880253230000216e-01 -1.361958866349999937e+02 7.881422221229999536e+01 1.204927423809999993e+02
1.359421931439999953e-01 2.922038016279999983e-02 1.704212424950000138e-01 -2.789130743680000024e-01 -1.356454014109999946e+02 7.695316979019999337e+01 1.210412283640000055e+02
4.123223713499999943e-01 3.454174638899999705e-02 1.725291388090000044e-01 -2.896998638569999729e-01 -1.352406784430000073e+02 7.755393842840000218e+01 1.206160296030000012e+02
3.794303082470000255e-01 3.748725947139999737e-02 1.698557853050000066e-01 -2.869947210559999906e-01 -1.360740332949999924e+02 7.792201280039999745e+01 1.204367475450000029e+02
1.060130848899999978e-01 3.646812106669999887e-02 1.666923837829999977e-01 -2.896805285810000186e-01 -1.354664054540000109e+02 7.808412119829999654e+01 1.206623624639999974e+02
1.838807487540000118e-01 3.671217680299999897e-02 1.681496194459999871e-01 -2.896283124069999881e-01 -1.360342539430000102e+02 7.795100888739999334e+01 1.201748498590000054e+02
2.162753054850000134e-01 3.633941607410000330e-02 1.665131907179999982e-01 -2.887423124749999848e-01 -1.355960664140000063e+02 7.817251826970000650e+01 1.203721635889999959e+02
1.438126119500000022e-01 4.047079889010000292e-02 1.682683124109999873e-01 -2.893249747259999949e-01 -1.362762633920000042e+02 7.764827262820000442e+01 1.203637197660000027e+02
4.250829828820000267e-01 3.517293578340000004e-02 1.703259419029999888e-01 -2.893868516809999791e-01 -1.362060103260000119e+02 7.793180502420000266e+01 1.207424248039999952e+02
1.331982441500000058e-01 3.757148934110000199e-02 1.691809238420000083e-01 -2.908476253330000150e-01 -1.359111437269999954e+02 7.781532945489999520e+01 1.205711097420000044e+02
5.206958361269999891e-01 3.576929165079999889e-02 1.684997334009999959e-01 -2.841095339470000036e-01 -1.356848929779999935e+02 7.729813194759999817e+01 1.206000264949999945e+02
7.639065634399999638e-01 3.379918227180000317e-02 1.672946727319999938e-01 -2.880819747360000016e-01 -1.361070118730000047e+02 7.801385312930000282e+01 1.205306176779999987e+02
2.661083129049999774e-01 3.784166575370000174e-02 1.678709258899999945e-01 -2.848865165180000103e-01 -1.360417672359999983e+02 7.780162581269999578e+01 1.205988007459999949e+02
1.527258702610000130e-01 4.043955613019999812e-02 1.675127103840000076e-01 -2.829866612349999921e-01 -1.367993607749999967e+02 7.783111379759999693e+01 1.205713935179999936e+02
1.025717792029999936e-01 3.503019168540000283e-02 1.678335464740000060e-01 -2.938260905549999746e-01 -1.353813278730000036e+02 7.771680160020000017e+01 1.203833305419999959e+02
3.063094668479999783e-01 3.985373305179999714e-02 1.684998976940000059e-01 -2.915393961059999928e-01 -1.355991221060000100e+02 7.776923726850000662e+01 1.203448391769999972e+02
1.573785874330000112e-01 3.639002322809999773e-02 1.725319199850000040e-01 -2.890067603740000268e-01 -1.358505011240000044e+02 7.756585419660000014e+01 1.202705465760000010e+02
2.637099121820000169e-01 3.979214522019999811e-02 1.670879742140000124e-01 -2.922508301150000265e-01 -1.357944496400000105e+02 7.792368006549999393e+01 1.204837368959999964e+02
1.614659094919999871e-01 3.353481157279999958e-02 1.688828047519999875e-01 -2.931629240590000185e-01 -1.353692040880000036e+02 7.785502584169999807e+01 1.209979171899999955e+02
1.178822438610000051e-01 3.782025922229999976e-02 1.708334659859999938e-01 -2.855842312899999902e-01 -1.364320849119999934e+02 7.776690181659999723e+01 1.204442566400000061e+02
1.825753779440000002e-01 3.878096443210000271e-02 1.697071134990000008e-01 -2.896300354749999917e-01 -1.354734462170000029e+02 7.782537289120000423e+01 1.204845074109999956e+02
1.407096980879999903e-01 3.063921003910000107e-02 1.722001704280000101e-01 -2.836593591139999759e-01 -1.353105329260000076e+02 7.706800381019999691e+01 1.209844496190000029e+02
1.194403888070000030e-01 3.794291282670000237e-02 1.720694605399999966e-01 -2.871745391170000272e-01 -1.356063169949999860e+02 7.729601472929999773e+01 1.204576789759999969e+02
2.647561291030000041e-01 3.463210434829999684e-02 1.664490094549999910e-01 -2.886580606170000007e-01 -1.358658204950000083e+02 7.795717321050000237e+01 1.203149786830000068e+02
2.164266071239999978e-01 3.517741746340000142e-02 1.671566481679999938e-01 -2.890340582429999916e-01 -1.356419243299999948e+02 7.780133534789999317e+01 1.205431341639999943e+02
1.035383180039999990e-01 3.707558686669999715e-02 1.675385801790000018e-01 -2.858374118249999984e-01 -1.363249244570000087e+02 7.752704758330000345e+01 1.203460741859999956e+02
2.950913822160000088e-01 3.498395356500000331e-02 1.670660789850000050e-01 -2.859536396749999820e-01 -1.358639926179999975e+02 7.814555962119999322e+01 1.205027037560000025e+02
1.242977316320000025e-01 4.085028692539999923e-02 1.742030036309999974e-01 -2.925931219080000201e-01 -1.358886173829999962e+02 7.741802690059999748e+01 1.200930647039999997e+02
1.927194778309999912e-01 3.642636523790000053e-02 1.666454749169999916e-01 -2.901636303430000230e-01 -1.354213373320000073e+02 7.807512350189999495e+01 1.206358262680000024e+02
2.752672544929999798e+00 3.659653290539999909e-02 1.685515372389999877e-01 -2.869822741990000203e-01 -1.357944347549999975e+02 7.774268759219999936e+01 1.210703426409999963e+02
2.140389799119999936e-01 3.537679266839999920e-02 1.690780104700000119e-01 -2.890062943849999733e-01 -1.358106186949999881e+02 7.800511581189999788e+01 1.206390415219999994e+02
1.759467342749999885e-01 3.497731861569999823e-02 1.674379991620000008e-01 -2.847719760790000110e-01 -1.363535783830000128e+02 7.754964004270000544e+01 1.208782597910000050e+02
1.914899753000000038e-01 4.241422847759999948e-02 1.604818373240000096e-01 -2.907319123009999839e-01 -1.365402037739999912e+02 7.886931001050000134e+01 1.204677823969999935e+02
1.151072404349999939e-01 3.669357884160000249e-02 1.686871495850000013e-01 -2.882676024470000042e-01 -1.358964846469999941e+02 7.768069843899999682e+01 1.208206521179999982e+02
1.618968642230000088e-01 3.509166653209999653e-02 1.698374135079999958e-01 -2.896109860680000092e-01 -1.354951581839999903e+02 7.745616716829999859e+01 1.204960487750000055e+02
1.207370401289999950e-01 3.497619349429999941e-02 1.705171124880000000e-01 -2.874541995300000097e-01 -1.355363921379999965e+02 7.726736888860000363e+01 1.208297650680000004e+02
1.028833365390000032e-01 3.710932084940000292e-02 1.748165446599999895e-01 -2.888039228050000018e-01 -1.359280093799999918e+02 7.682202683490000084e+01 1.202313693990000019e+02
2.132947084010000105e-01 3.589730294610000289e-02 1.684966695829999972e-01 -2.932327730879999983e-01 -1.357642964890000030e+02 7.775142572020000387e+01 1.205709054710000032e+02
8.219454727999999655e-01 3.741221539970000093e-02 1.695877045309999998e-01 -2.850560889450000079e-01 -1.362907079050000050e+02 7.751660099890000311e+01 1.207253305290000043e+02
1.665231437739999876e-01 3.807912099440000087e-02 1.726209565179999961e-01 -2.887233009549999840e-01 -1.360193225529999950e+02 7.766250995059999696e+01 1.202178976480000046e+02
1.260870110969999902e-01 3.252142866800000059e-02 1.709745701650000060e-01 -2.901194334319999735e-01 -1.352691774029999863e+02 7.764352321609999308e+01 1.206373480919999963e+02
1.050895589120000029e-01 3.332818996579999665e-02 1.696666783859999972e-01 -2.893534005380000163e-01 -1.354811372629999937e+02 7.745255741329999921e+01 1.205636891550000058e+02
4.180736072440000006e-01 3.726787121689999899e-02 1.679433229460000065e-01 -2.912615180340000220e-01 -1.354840684979999992e+02 7.759649984739999695e+01 1.207970698729999981e+02
4.114928074509999756e-01 3.906228558799999806e-02 1.650061573530000048e-01 -2.895819942269999836e-01 -1.365022209509999982e+02 7.803024894009999457e+01 1.204033781419999940e+02
1.523666073870000026e-01 3.900435379620000031e-02 1.716930164029999983e-01 -2.932160361580000152e-01 -1.357523876390000055e+02 7.783695035050000399e+01 1.200824163439999950e+02
3.395379552719999805e-01 3.972553960380000027e-02 1.670708278609999986e-01 -2.901300156480000059e-01 -1.359394764269999882e+02 7.811509555770000190e+01 1.201321886009999957e+02
2.171453178989999899e-01 3.692642605450000004e-02 1.636922175540000135e-01 -2.883982484240000255e-01 -1.356488790440000116e+02 7.818462895310000249e+01 1.206220627430000008e+02
3.591813251159999831e-01 3.442737863430000295e-02 1.667876384579999871e-01 -2.851508904799999744e-01 -1.359851186500000040e+02 7.787316592800000592e+01 1.210220562020000017e+02
1.883025505819999890e-01 3.750398347620000072e-02 1.692818105080000080e-01 -2.917827924490000169e-01 -1.359496104160000129e+02 7.776164246880000519e+01 1.201540233629999932e+02
2.645670734969999827e-01 3.676258657800000190e-02 1.668749206829999998e-01 -2.861395630060000195e-01 -1.360792366450000088e+02 7.759871474179999495e+01 1.208343223570000049e+02
2.862011318250000103e-01 3.765961539090000032e-02 1.722657843710000136e-01 -2.866769433790000154e-01 -1.360428527159999987e+02 7.724304311699999914e+01 1.204685617669999971e+02
1.439772778700000033e-01 3.796482096630000164e-02 1.694297945109999870e-01 -2.838091032960000093e-01 -1.364666847489999952e+02 7.713459103869999467e+01 1.206059119469999956e+02
2.946654935219999993e-01 3.367899469360000064e-02 1.690013940539999981e-01 -2.839341707959999739e-01 -1.357376638439999965e+02 7.745682791039999415e+01 1.206652760989999962e+02
1.688815765470000008e+00 3.449816962950000288e-02 1.697418914849999905e-01 -2.892825113909999746e-01 -1.359232227159999979e+02 7.737821758610000700e+01 1.207015130930000026e+02
2.381800657139999944e-01 3.846512225339999980e-02 1.678374392979999907e-01 -2.908263835009999854e-01 -1.358527329259999874e+02 7.795976134919999367e+01 1.201923202619999955e+02
1.547778539770000017e-01 3.164581243379999825e-02 1.671920329250000115e-01 -2.878761451440000063e-01 -1.353795867919999978e+02 7.741815705860000207e+01 1.207474610569999953e+02
1.964444768220000026e-01 3.829546692529999657e-02 1.688009514180000004e-01 -2.855939543980000050e-01 -1.363850836169999923e+02 7.741193763690000651e+01 1.207543375009999949e+02
1.278132650069999932e-01 3.552764091309999761e-02 1.670614162669999958e-01 -2.885769144629999894e-01 -1.356337777480000000e+02 7.810440364539999791e+01 1.211125440550000008e+02
1.052588788780000062e-01 3.940278116559999683e-02 1.677977922359999985e-01 -2.896115605740000043e-01 -1.363250862829999903e+02 7.816180045970000378e+01 1.207689212490000017e+02
8.826678426359999552e-01 3.395648855479999756e-02 1.697007846970000067e-01 -2.854540023739999821e-01 -1.358582011119999891e+02 7.776039389819999315e+01 1.208877023689999959e+02
1.213897635380000034e-01 3.964490774610000129e-02 1.724359650079999862e-01 -2.868733504789999778e-01 -1.360890644030000090e+02 7.733076183049999486e+01 1.201857456380000002e+02
2.389225192449999924e-01 3.739339845399999862e-02 1.699839651870000135e-01 -2.915654002890000207e-01 -1.357621491939999885e+02 7.751662935800000298e+01 1.208235231590000041e+02
1.508210854200000006e-01 3.778328986570000242e-02 1.616346229929999934e-01 -2.848017642380000214e-01 -1.362455470319999904e+02 7.811402146449999861e+01 1.208966109819999986e+02
1.106601852090000060e-01 3.790835797799999712e-02 1.630084295210000034e-01 -2.850667946489999771e-01 -1.362652895109999918e+02 7.845582141139999521e+01 1.208065370099999996e+02
1.760003630470000080e-01 3.520702144800000322e-02 1.662107817039999991e-01 -2.916548887829999992e-01 -1.354711965230000033e+02 7.794708987500000319e+01 1.206467079690000048e+02
4.972156357740000199e-01 3.488390381349999736e-02 1.656813916890000071e-01 -2.915248663359999992e-01 -1.356138779089999957e+02 7.823020416360000695e+01 1.209352712160000038e+02
1.066434889750000059e-01 3.357179925940000087e-02 1.702445747480000049e-01 -2.902666758979999817e-01 -1.352404734399999882e+02 7.778067373689999897e+01 1.209400276180000020e+02
7.555623023169999453e-01 3.881068969800000046e-02 1.675585177620000088e-01 -2.907848103360000103e-01 -1.361571966379999878e+02 7.787756244960000629e+01 1.202621882600000021e+02
1.696238299820000073e+00 3.330204643410000082e-02 1.692288822480000066e-01 -2.847808754500000261e-01 -1.355939118580000127e+02 7.791697987009999338e+01 1.206490039520000010e+02
1.844370656440000034e-01 3.476331994939999698e-02 1.691135875960000090e-01 -2.893301886360000186e-01 -1.358941901830000063e+02 7.734476700410000660e+01 1.205130586260000030e+02
1.373805527660000025e-01 3.106809020420000025e-02 1.674040563370000068e-01 -2.913816574420000083e-01 -1.352241616789999910e+02 7.817615172620000408e+01 1.208061643900000064e+02
1.170164665160000061e-01 3.712580582939999790e-02 1.746630186910000104e-01 -2.883446302229999980e-01 -1.360796720540000138e+02 7.693946922240000674e+01 1.203468882730000047e+02
1.932814611889999978e-01 3.508797494700000019e-02 1.668487715120000048e-01 -2.902021270240000006e-01 -1.352455693169999904e+02 7.766273354800000561e+01 1.207436970170000023e+02
6.540075612879999944e+00 3.552392971059999821e-02 1.692050883220000135e-01 -2.955496439779999873e-01 -1.355298245760000100e+02 7.798830447090000462e+01 1.207394316569999972e+02
2.231006530300000124e-01 3.612108017329999921e-02 1.688842587480000046e-01 -2.851906633219999931e-01 -1.361834381159999907e+02 7.743097382089999314e+01 1.203194473549999941e+02
1.028527267170000065e-01 3.123840702070000003e-02 1.678819703760000004e-01 -2.858657220649999942e-01 -1.353307145180000077e+02 7.746463891800000567e+01 1.206736687819999929e+02
2.648630951859999860e-01 3.622462208340000017e-02 1.691552191759999879e-01 -2.861424821590000112e-01 -1.363136773020000021e+02 7.769912112960000172e+01 1.204644858439999950e+02
2.162401228289999866e-01 3.550860441630000058e-02 1.700930624900000021e-01 -2.895123591400000085e-01 -1.356209673859999896e+02 7.809244452410000292e+01 1.206276937469999950e+02
3.955574066890000129e+00 3.660292697570000087e-02 1.704584175420000014e-01 -2.852404069489999916e-01 -1.362131653970000116e+02 7.728783062910000012e+01 1.206519942479999941e+02
1.667327086429999938e-01 3.429343904689999972e-02 1.665313181139999876e-01 -2.897830599740000013e-01 -1.351519205849999992e+02 7.776956931760000202e+01 1.209567213990000027e+02
1.395054696789999882e-01 3.194756737949999703e-02 1.623551754199999975e-01 -2.869903752399999841e-01 -1.354786505179999949e+02 7.819428805469999588e+01 1.210478229819999996e+02
1.279427335530000098e-01 3.913828912250000291e-02 1.667207122709999934e-01 -2.901007532120000176e-01 -1.360850086590000103e+02 7.803904860830000700e+01 1.202564298220000012e+02
1.602470359269999867e-01 3.558687159300000236e-02 1.696572344589999948e-01 -2.830616939169999791e-01 -1.360059917670000118e+02 7.759637436379999542e+01 1.207040347620000063e+02
1.146152932700000016e-01 3.541573693879999929e-02 1.652963470840000115e-01 -2.896939312169999892e-01 -1.351783701710000116e+02 7.804796634870000105e+01 1.206959110319999979e+02
3.764029890939999956e-01 3.093304695530000106e-02 1.682577046050000025e-01 -2.848750132819999892e-01 -1.354860436030000130e+02 7.744363646520000088e+01 1.211192506219999956e+02
1.359339069290000090e-01 4.036835407049999686e-02 1.698523664109999887e-01 -2.898432223890000103e-01 -1.358666263309999920e+02 7.767598767190000331e+01 1.205221615829999990e+02
1.050036926359999984e-01 4.064376822679999918e-02 1.692578370710000057e-01 -2.921026605590000269e-01 -1.358773062989999971e+02 7.816855300550000152e+01 1.204973917140000026e+02
1.361528071379999871e-01 3.265237149820000156e-02 1.700060546000000117e-01 -2.904643587449999842e-01 -1.352294697760000020e+02 7.768992757430000040e+01 1.206825021960000015e+02
2.031693547919999898e-01 3.761045810779999748e-02 1.684724414900000133e-01 -2.910427614280000075e-01 -1.361358072909999919e+02 7.807469378189999532e+01 1.203263775850000030e+02
2.388626905200000039e-01 3.653757450459999695e-02 1.690742527169999954e-01 -2.893587229590000032e-01 -1.356134809719999907e+02 7.801177786179999885e+01 1.203446737310000003e+02
3.015558766299999971e-01 3.812744286989999676e-02 1.730005743349999903e-01 -2.939699474260000223e-01 -1.355256116879999979e+02 7.750928682810000225e+01 1.202948752650000017e+02
1.607777948880000085e-01 3.484558255589999959e-02 1.713500403069999900e-01 -2.924568548159999781e-01 -1.351920542809999972e+02 7.779780712730000403e+01 1.205882548040000017e+02
1.310086190480000135e-01 3.467992521299999992e-02 1.657677019359999893e-01 -2.941968124139999752e-01 -1.353934124989999930e+02 7.836192808340000227e+01 1.205794356349999958e+02
4.694506155040000239e-01 3.786837482460000265e-02 1.707936411119999887e-01 -2.861201126019999874e-01 -1.356914223320000019e+02 7.767999780280000266e+01 1.203458148450000067e+02
1.014573706650000046e-01 3.544814227700000125e-02 1.665909719739999961e-01 -2.880054541150000036e-01 -1.358324497099999917e+02 7.795734945259999904e+01 1.209941897789999956e+02
1.922044339129999890e-01 3.850604030939999700e-02 1.686395326169999875e-01 -2.900038042540000194e-01 -1.363397178479999923e+02 7.813158128999999974e+01 1.204668583189999964e+02
1.016661163099999987e-01 3.929326262990000262e-02 1.658511136559999988e-01 -2.853004202659999988e-01 -1.364986344639999913e+02 7.789455818320000446e+01 1.206842125640000063e+02
1.306213814249999883e-01 4.007470926059999994e-02 1.626999501539999893e-01 -2.896359822119999872e-01 -1.360844825949999972e+02 7.828532021380000572e+01 1.206325649380000016e+02
1.961837661030000068e-01 4.014091154910000292e-02 1.646877155950000060e-01 -2.869706151359999735e-01 -1.360850568829999929e+02 7.811333076069999493e+01 1.205945022009999974e+02
1.097220711759999967e-01 3.316049275050000217e-02 1.661170730129999940e-01 -2.858821905289999910e-01 -1.353258408410000015e+02 7.812244214720000457e+01 1.209990974730000062e+02
1.727331789379999982e-01 3.393931964449999755e-02 1.729858095469999912e-01 -2.925395952789999754e-01 -1.354529248880000125e+02 7.755808778749999988e+01 1.205618355480000048e+02
1.495766424040000098e-01 3.887516704570000148e-02 1.734115575769999973e-01 -2.854736185060000042e-01 -1.363171840439999869e+02 7.721343403859999910e+01 1.201233980220000035e+02
2.177345290669999989e-01 3.223087888839999693e-02 1.701091214290000042e-01 -2.822387016469999899e-01 -1.356627726229999951e+02 7.736012797370000271e+01 1.209055567690000004e+02
1.173368584610000043e-01 3.977625995009999998e-02 1.682731385020000137e-01 -2.860895562260000191e-01 -1.360571878490000017e+02 7.779435052309999321e+01 1.207222423649999996e+02
1.296446988330000050e-01 3.034398057810000146e-02 1.676467849019999956e-01 -2.929259619010000093e-01 -1.349824180520000141e+02 7.805174337130000595e+01 1.207366756830000014e+02
1.106194647329999947e-01 3.610795131309999656e-02 1.697714955790000091e-01 -2.857271278469999953e-01 -1.362109154160000060e+02 7.764278693139999632e+01 1.205358929460000041e+02
3.056375854169999795e-01 3.908071045139999838e-02 1.714484993700000071e-01 -2.863464413310000123e-01 -1.365793914969999889e+02 7.764048391880000111e+01 1.204911432920000038e+02
1.048047729870000000e-01 4.116285164050000056e-02 1.726339337480000125e-01 -2.890414650859999823e-01 -1.361035260540000138e+02 7.714745784039999421e+01 1.199606340539999962e+02
1.395308522469999868e-01 3.646094981080000297e-02 1.754226101320000009e-01 -2.843064942610000201e-01 -1.360870655070000055e+02 7.692651576459999774e+01 1.202991174940000008e+02
1.319918373410000068e-01 3.856982403570000106e-02 1.667174276770000130e-01 -2.822845962380000073e-01 -1.364306820900000048e+02 7.793498447289999831e+01 1.209246151899999973e+02
2.813068276790000044e-01 3.709676910279999934e-02 1.690904318710000076e-01 -2.895053387720000204e-01 -1.354146750230000009e+02 7.754098810189999824e+01 1.206789576940000046e+02
1.132536323340000095e+00 3.833011370319999722e-02 1.682391990640000057e-01 -2.859771598279999827e-01 -1.361922849560000088e+02 7.801588621380000177e+01 1.202535912069999995e+02
1.716783058459999955e-01 4.030179623170000031e-02 1.705177993800000014e-01 -2.903632901870000227e-01 -1.358724574930000131e+02 7.761585914169999967e+01 1.202551225670000008e+02
1.851188492670000074e-01 3.927565056050000281e-02 1.722601285569999863e-01 -2.839186869590000217e-01 -1.361664792569999918e+02 7.731832218930000522e+01 1.205460658150000057e+02
1.134532613719999999e-01 3.517710293959999679e-02 1.691643582640000032e-01 -2.864660285860000100e-01 -1.356589508769999952e+02 7.760880714770000566e+01 1.209700356339999985e+02
2.017126497229999871e-01 3.558881901839999751e-02 1.736155464670000037e-01 -2.897085193100000233e-01 -1.355757951639999987e+02 7.716237705300000016e+01 1.203206543000000011e+02
1.689089090130000137e-01 3.601250869509999702e-02 1.665168954919999944e-01 -2.921692081569999822e-01 -1.354292159860000027e+02 7.789714692229999571e+01 1.206294339060000027e+02
5.748880609580000467e-01 3.929402090269999703e-02 1.683236405330000018e-01 -2.874819616290000268e-01 -1.361703947649999975e+02 7.763404935139999452e+01 1.202577063180000039e+02
1.142213848649999974e-01 2.675248940670000089e-02 1.675268923809999921e-01 -2.885943398079999778e-01 -1.347560174680000102e+02 7.794474551909999605e+01 1.212581928430000033e+02
1.387263153799999926e-01 3.636405134290000146e-02 1.692043959250000007e-01 -2.889900819019999845e-01 -1.359053543050000030e+02 7.793152220460000024e+01 1.205486220110000062e+02
1.454167233520000102e-01 3.512776190119999697e-02 1.662401323619999982e-01 -2.881140775320000236e-01 -1.357090340919999960e+02 7.747922102120000432e+01 1.209060201169999971e+02
5.733139787859999892e-01 3.533049005760000028e-02 1.663292650840000053e-01 -2.839421245420000184e-01 -1.359556409490000135e+02 7.743097757859999319e+01 1.208880531989999980e+02
1.002571143910000045e-01 3.325278430840000049e-02 1.691888345679999905e-01 -2.865760563959999785e-01 -1.357151953300000002e+02 7.737896761529999878e+01 1.211773114749999962e+02
1.897135279000000119e-01 3.829442449309999885e-02 1.728406266849999984e-01 -2.864668956129999833e-01 -1.362836671039999885e+02 7.705500049379999439e+01 1.202207376979999935e+02
1.201478192390000033e-01 4.109326315299999949e-02 1.677691757710000064e-01 -2.890713652679999801e-01 -1.360058356639999886e+02 7.790833775400000150e+01 1.201902574079999937e+02
8.617128887449999608e-01 3.291974788689999709e-02 1.698641597660000002e-01 -2.880409580030000027e-01 -1.354484275849999904e+02 7.713638792320000448e+01 1.207069650509999974e+02
1.000413263680000053e-01 3.755872696839999969e-02 1.599036354189999898e-01 -2.898150984050000267e-01 -1.359210995599999876e+02 7.871246687369999506e+01 1.207407502239999957e+02
1.468274321030000051e-01 3.723918284169999704e-02 1.707162934299999990e-01 -2.885903476050000194e-01 -1.360542725150000081e+02 7.733474105739999516e+01 1.203522265430000004e+02
1.735394045360000026e-01 3.866554846640000292e-02 1.680944923290000059e-01 -2.903279533479999897e-01 -1.363859994960000108e+02 7.811807737920000250e+01 1.204775320229999949e+02
1.114732586629999939e-01 3.561305237699999987e-02 1.699024562070000077e-01 -2.910534457610000070e-01 -1.355609586360000094e+02 7.783152552999999330e+01 1.203710964290000049e+02
5.554378545579999882e-01 3.476057165440000346e-02 1.662274452289999871e-01 -2.878516469219999929e-01 -1.362194791489999943e+02 7.780468910929999993e+01 1.205534588759999934e+02
1.486889971110000042e-01 3.837922312010000336e-02 1.718191288910000114e-01 -2.912039477389999909e-01 -1.357477799979999986e+02 7.750298855020000133e+01 1.206519277929999987e+02
3.893717032649999799e-01 3.748928166599999751e-02 1.629646672560000065e-01 -2.882246057739999978e-01 -1.362312525870000002e+02 7.862401676330000555e+01 1.210590236110000006e+02
6.318300470630000554e-01 3.597492859600000259e-02 1.677304268420000133e-01 -2.864989010410000092e-01 -1.361203915750000135e+02 7.791401791129999310e+01 1.205496469600000040e+02
3.814271617810000015e-01 3.202579053529999720e-02 1.685927049050000015e-01 -2.834742246659999743e-01 -1.358459293740000078e+02 7.763274613490000320e+01 1.210985903429999979e+02
1.689988433300000092e-01 3.711706468470000325e-02 1.739065887500000074e-01 -2.882002830179999919e-01 -1.359807125090000000e+02 7.735054209829999650e+01 1.205344091070000019e+02
1.699584714269999908e-01 3.383955660319999670e-02 1.711363997900000045e-01 -2.902922194809999801e-01 -1.357841361629999994e+02 7.761632622070000309e+01 1.206551875349999960e+02
1.137724839820000028e-01 2.954221787080000064e-02 1.691870884040000134e-01 -2.831549410120000054e-01 -1.355814918460000058e+02 7.747262928860000386e+01 1.209006986309999974e+02
1.454302822770000003e-01 3.726099844720000276e-02 1.671005315530000035e-01 -2.876531105219999884e-01 -1.360970025109999995e+02 7.832145414199999323e+01 1.208578762140000009e+02
1.485484086989999897e-01 3.170664118750000232e-02 1.655383856550000088e-01 -2.852672012179999772e-01 -1.353381559130000085e+02 7.809304382349999685e+01 1.210838078069999995e+02
1.738739230449999895e-01 2.854660357110000088e-02 1.649042116860000018e-01 -2.882133920980000097e-01 -1.349118539410000039e+02 7.802872096439999439e+01 1.212312556279999995e+02
1.565108331989999990e-01 3.423736485829999981e-02 1.715436241609999968e-01 -2.861400079929999896e-01 -1.355718768149999960e+02 7.712293733180000288e+01 1.203585107029999932e+02
6.638488352570000028e-01 3.570099354830000293e-02 1.656008551389999972e-01 -2.916975406699999773e-01 -1.356923842539999896e+02 7.839081918009999583e+01 1.210476391480000018e+02
1.194093426380000017e-01 3.508541351459999735e-02 1.728668063500000129e-01 -2.879921768170000118e-01 -1.356684041839999963e+02 7.715740575510000099e+01 1.204174935529999999e+02
1.029392518260000000e-01 3.628894317550000054e-02 1.679211444560000099e-01 -2.872597473119999911e-01 -1.362237099740000019e+02 7.794300696889999358e+01 1.210359843229999939e+02
1.170545404690000041e-01 3.413932037109999873e-02 1.685389086930000058e-01 -2.840796651349999924e-01 -1.355755888649999861e+02 7.741865047000000288e+01 1.208551872970000005e+02
8.471389394580000065e-01 3.788594101559999983e-02 1.677762306739999931e-01 -2.877090913940000272e-01 -1.362895423509999944e+02 7.742342845219999958e+01 1.205359943649999934e+02
1.177573138979999962e-01 3.832892232280000339e-02 1.689659872400000040e-01 -2.897361605459999878e-01 -1.357039685080000027e+02 7.789167177539999898e+01 1.203281171019999931e+02
1.408907485860000086e-01 3.412702537929999946e-02 1.651101422869999946e-01 -2.916175614190000265e-01 -1.353723366590000126e+02 7.823683949809999660e+01 1.211791129469999930e+02
2.159787530529999888e-01 3.252581971739999800e-02 1.633566988350000082e-01 -2.863191086740000113e-01 -1.357159210490000021e+02 7.845651523700000496e+01 1.212156875799999938e+02
2.161930169500000165e+00 3.712393223100000222e-02 1.666983781580000101e-01 -2.919107581750000069e-01 -1.359051770709999971e+02 7.831903212979999296e+01 1.205862937670000008e+02
2.501506027770000196e-01 3.683483489609999662e-02 1.693422856800000098e-01 -2.898362762810000048e-01 -1.357044300359999909e+02 7.771362520579999966e+01 1.204813941110000002e+02
1.165607673780000020e-01 3.669032275180000163e-02 1.683318060179999909e-01 -2.868855225620000060e-01 -1.361426090120000083e+02 7.741856623350000177e+01 1.208121969780000029e+02
2.388939531510000103e-01 3.569393659410000086e-02 1.676708378579999936e-01 -2.840155450799999870e-01 -1.362539618719999908e+02 7.784376960480000207e+01 1.204249419140000015e+02
1.418227415880000120e-01 3.969689846329999688e-02 1.691739511679999919e-01 -2.874415574359999725e-01 -1.362992394730000001e+02 7.793801857600000460e+01 1.202192912320000033e+02
1.002373549429999983e-01 3.565911390970000205e-02 1.709083128330000090e-01 -2.885317539109999996e-01 -1.357388096290000021e+02 7.729218616439999323e+01 1.202235718710000043e+02
1.098056616930000035e-01 3.511414391349999831e-02 1.659447635799999876e-01 -2.825631879739999852e-01 -1.360353170150000039e+02 7.790033594330000710e+01 1.206822714449999978e+02
1.415815457329999971e-01 3.497183658619999747e-02 1.716546591689999957e-01 -2.881015437319999761e-01 -1.359249451350000015e+02 7.779304040979999968e+01 1.208345940960000036e+02
5.352873082179999686e-01 4.066835746749999925e-02 1.631031454830000060e-01 -2.906267219220000086e-01 -1.363095457560000057e+02 7.850423109829999646e+01 1.204576648790000064e+02
1.136707718470000017e-01 3.628899526050000102e-02 1.704706098619999943e-01 -2.841747930979999781e-01 -1.360548928910000086e+02 7.728798512139999843e+01 1.203636807519999934e+02
1.611893794320000128e-01 3.879279838150000159e-02 1.696027670989999903e-01 -2.876482845139999855e-01 -1.359894828989999951e+02 7.765523274320000269e+01 1.202320381269999956e+02
1.436909339349999870e-01 3.513603272080000062e-02 1.680927060400000117e-01 -2.900648769370000046e-01 -1.359019781549999948e+02 7.788771584129999326e+01 1.205168518100000057e+02
4.831368835589999744e-01 3.139846516199999715e-02 1.692488029260000026e-01 -2.891197167469999885e-01 -1.352855734309999889e+02 7.758568534430000341e+01 1.207568455800000038e+02
3.257643295120000171e-01 3.957478173330000043e-02 1.694941023509999867e-01 -2.859274132010000136e-01 -1.365497143810000011e+02 7.744042133989999854e+01 1.203016961969999983e+02
2.976891963330000057e-01 3.486759976440000075e-02 1.676923622979999973e-01 -2.888749868080000005e-01 -1.357480792849999887e+02 7.746460513709999418e+01 1.210331735750000064e+02
1.505801897219999907e-01 3.513344256209999933e-02 1.671235368629999940e-01 -2.842795764230000022e-01 -1.363025254089999976e+02 7.784620031869999934e+01 1.210349074909999985e+02
2.468846923030000029e-01 3.662825008210000149e-02 1.728995585560000048e-01 -2.843267158019999741e-01 -1.359549190209999949e+02 7.703657355609999513e+01 1.205198003990000046e+02
1.143532647559999949e-01 4.139387218309999866e-02 1.718565060020000035e-01 -2.883376590250000260e-01 -1.362569893440000044e+02 7.756221194040000455e+01 1.201333419289999966e+02
1.494722860219999949e-01 3.412056712520000062e-02 1.701259464150000067e-01 -2.886020274180000067e-01 -1.352331091329999992e+02 7.764633090780000657e+01 1.207006446959999977e+02
1.865336429879999869e-01 3.365766943500000247e-02 1.651456144629999956e-01 -2.896834991139999871e-01 -1.355439604999999972e+02 7.824550778779999405e+01 1.210163771040000000e+02
1.069108743509999959e-01 3.098728305610000053e-02 1.694715579680000084e-01 -2.865731643020000274e-01 -1.355210703639999963e+02 7.771926055839999492e+01 1.212298301959999947e+02
7.174562188180000355e+00 3.891113190360000196e-02 1.650909160150000055e-01 -2.851075221189999787e-01 -1.361991555790000064e+02 7.779732905160000200e+01 1.206370589739999986e+02
3.489476267519999730e-01 3.373632677039999778e-02 1.689823765609999862e-01 -2.919024417730000098e-01 -1.354100677540000106e+02 7.810759178220000365e+01 1.203803261430000049e+02
1.077517286659999962e-01 3.569595725869999930e-02 1.702793320319999915e-01 -2.864161027780000035e-01 -1.361542850490000092e+02 7.785562932380000234e+01 1.203555741149999960e+02
3.274924376930000158e-01 3.995677171639999692e-02 1.716393912560000012e-01 -2.862550089290000210e-01 -1.363556332800000064e+02 7.733529602749999299e+01 1.201305753500000009e+02
4.287867153170000223e-01 3.374722418130000207e-02 1.633764558599999916e-01 -2.847503069019999833e-01 -1.360489540309999938e+02 7.813226016880000202e+01 1.209323846199999934e+02
2.794144193299999968e-01 3.588064943560000108e-02 1.641329963940000025e-01 -2.925324575309999897e-01 -1.357179825219999998e+02 7.852394350219999808e+01 1.208816731739999994e+02
1.296540336650000014e-01 3.532271597109999661e-02 1.683961203859999922e-01 -2.939249680370000228e-01 -1.357870640779999860e+02 7.810659394110000164e+01 1.204042342420000011e+02
2.138936129039999967e-01 3.432313680940000250e-02 1.679722800940000038e-01 -2.867554949089999861e-01 -1.362064694739999879e+02 7.744113931009999874e+01 1.207456067220000051e+02
1.041202562060000031e-01 3.829164566709999939e-02 1.650876052949999950e-01 -2.870171414320000225e-01 -1.362257759119999889e+02 7.816347105479999868e+01 1.209271832750000044e+02
5.159919226939999604e-01 3.580568713429999744e-02 1.716915715769999906e-01 -2.892987150119999962e-01 -1.358854064580000056e+02 7.724951901090000206e+01 1.202237539550000065e+02
1.469805997159999988e-01 3.215371713210000287e-02 1.708943556839999933e-01 -2.853677450429999984e-01 -1.354816257249999865e+02 7.695918961079999576e+01 1.206706928130000023e+02
2.037219203629999920e-01 3.621276192060000204e-02 1.685053783119999926e-01 -2.922080523019999765e-01 -1.358620858269999871e+02 7.802636403340000015e+01 1.202262394929999942e+02
1.018135051120000051e-01 3.883607891569999804e-02 1.693270862369999907e-01 -2.886028268040000122e-01 -1.359860683649999942e+02 7.775241198850000046e+01 1.206365003490000021e+02
1.092536313559999972e-01 3.829020269809999683e-02 1.664615906520000022e-01 -2.911520183199999834e-01 -1.359159579169999859e+02 7.807363325400000065e+01 1.207789967810000036e+02
4.684003453300000230e-01 3.196886938989999816e-02 1.679914068589999920e-01 -2.867586931969999808e-01 -1.355852802569999938e+02 7.732961518659999456e+01 1.211465018930000070e+02
1.165871890190000038e-01 3.580344656159999833e-02 1.673271691540000050e-01 -2.931060415810000097e-01 -1.355661090750000142e+02 7.794533833820000268e+01 1.208764878220000014e+02
3.825058994039999827e-01 3.471698212999999728e-02 1.656996306519999962e-01 -2.907442462979999975e-01 -1.353562338920000059e+02 7.848432652930000586e+01 1.205533858339999966e+02
2.558440628670000105e+00 3.768159403299999738e-02 1.668320020930000036e-01 -2.911292624690000053e-01 -1.360652248400000133e+02 7.799043831150000017e+01 1.201460601149999974e+02
1.559652211299999980e-01 3.370515086619999684e-02 1.692955633419999939e-01 -2.883847714300000198e-01 -1.355610961079999868e+02 7.787517287949999911e+01 1.206764703620000034e+02
1.214943891549999933e-01 3.785801099290000277e-02 1.694212918230000031e-01 -2.860044762860000089e-01 -1.359679323979999879e+02 7.769274430170000301e+01 1.203267835089999949e+02
1.056918411459999985e-01 3.191755059069999872e-02 1.706564889939999885e-01 -2.896293476949999834e-01 -1.350585998050000001e+02 7.753786897519999854e+01 1.208280267380000055e+02
2.144868081380000013e-01 3.520775826119999785e-02 1.686661869730000096e-01 -2.855244472919999943e-01 -1.357920777690000023e+02 7.777121557920000328e+01 1.207116057839999996e+02
1.077213607240000010e-01 3.695429150360000220e-02 1.653859180439999910e-01 -2.815847951509999891e-01 -1.363763277770000002e+02 7.810762691460000440e+01 1.208412576860000058e+02
2.731974815479999985e-01 3.859225804449999825e-02 1.693113211180000133e-01 -2.871059551240000007e-01 -1.361484852000000103e+02 7.712656406169999457e+01 1.202848644959999973e+02
3.355258173539999689e+01 3.498582086189999663e-02 1.681714370809999914e-01 -2.894992135769999808e-01 -1.354635125259999882e+02 7.799023417729999608e+01 1.209041191019999957e+02
1.039875695300000041e-01 4.089807276130000280e-02 1.713000670529999936e-01 -2.803916557419999789e-01 -1.366938045729999942e+02 7.727009286960000622e+01 1.202716429350000027e+02
1.319583330540000099e-01 3.753429569890000261e-02 1.687181817879999934e-01 -2.890378364160000046e-01 -1.360709918649999963e+02 7.743150368199999889e+01 1.201835286879999956e+02
3.374489420630000236e-01 3.735935829419999993e-02 1.676817487850000010e-01 -2.894484350179999943e-01 -1.361605490780000025e+02 7.775409951800000385e+01 1.204770343470000000e+02
2.151716964229999918e-01 3.278962493839999992e-02 1.705453939780000039e-01 -2.847049835570000242e-01 -1.355785770829999990e+02 7.740753502559999788e+01 1.208873819349999934e+02
6.438453355100000053e-01 3.483132792029999814e-02 1.639354243670000100e-01 -2.875767619899999850e-01 -1.357006639319999977e+02 7.842890706849999560e+01 1.209686165880000033e+02
1.452477951529999867e-01 3.660249502909999897e-02 1.743628066610000138e-01 -2.849580051500000266e-01 -1.360425806279999961e+02 7.723371821470000498e+01 1.202710747969999971e+02
6.687448133679999573e-01 3.986206479209999931e-02 1.695353281089999886e-01 -2.887503605460000067e-01 -1.364039150979999988e+02 7.762872625480000011e+01 1.200872999959999987e+02
1.482900298740000011e-01 3.597568674519999871e-02 1.690579694029999969e-01 -2.917809353440000142e-01 -1.357540677590000087e+02 7.796404993849999698e+01 1.206797952959999947e+02
1.032097242830000011e-01 3.406134032000000117e-02 1.686653810290000000e-01 -2.840498413429999869e-01 -1.355608228190000091e+02 7.759036456740000176e+01 1.208440774559999937e+02
4.534624358350000106e-01 3.700534036050000253e-02 1.667734135920000138e-01 -2.866330133989999918e-01 -1.363308632570000043e+02 7.793240061749999370e+01 1.206508505719999960e+02
3.645224090679999862e-01 3.401469696219999728e-02 1.668717806439999896e-01 -2.873543098840000143e-01 -1.360463451500000076e+02 7.823183574380000493e+01 1.207218646110000009e+02
2.276231833609999866e-01 3.556179891340000010e-02 1.678432258020000067e-01 -2.891646509949999944e-01 -1.352012242080000135e+02 7.765896765499999788e+01 1.204317292209999977e+02
1.042629886090000041e-01 3.710199636079999919e-02 1.698776392369999999e-01 -2.931459023790000118e-01 -1.355843666910000138e+02 7.789201043120000634e+01 1.201854241120000069e+02
3.283385652620000039e-01 3.464463371579999673e-02 1.683623841119999964e-01 -2.872198239679999987e-01 -1.361710510469999917e+02 7.757974442949999627e+01 1.207524012610000028e+02
1.151816818699999967e-01 3.895649268700000084e-02 1.711743073720000119e-01 -2.904081232490000053e-01 -1.358412020490000032e+02 7.730541540720000171e+01 1.200955331370000039e+02
2.974000001800000126e-01 3.746803922380000096e-02 1.678897813939999872e-01 -2.885173336269999944e-01 -1.364529725380000116e+02 7.801338933540000653e+01 1.207669367980000033e+02
2.211825083869999875e-01 3.470412513909999774e-02 1.719636901899999903e-01 -2.874465881639999831e-01 -1.357946100659999900e+02 7.712815170090000549e+01 1.202148901209999963e+02
3.564249491450000029e-01 3.268955950260000326e-02 1.694213151789999983e-01 -2.881519458139999990e-01 -1.357451690299999996e+02 7.738733728210000606e+01 1.204158112930000044e+02
2.006809813650000107e-01 3.539071118639999791e-02 1.711926906540000015e-01 -2.878871706950000275e-01 -1.356762742470000092e+02 7.798467095460000564e+01 1.203770573780000035e+02
9.920936196190000000e-01 3.543596345299999950e-02 1.666833724279999929e-01 -2.871405962379999788e-01 -1.354039742909999973e+02 7.764041354660000138e+01 1.207922826979999940e+02
1.001294236590000025e-01 3.963772742300000068e-02 1.698329778309999871e-01 -2.934978630399999733e-01 -1.356803604799999903e+02 7.791449379259999830e+01 1.205492991659999973e+02
5.241870188949999676e-01 4.135771423609999747e-02 1.692311215639999977e-01 -2.850404055870000009e-01 -1.365186435610000046e+02 7.770248260249999817e+01 1.205007805049999945e+02
1.282454942600000092e-01 3.334130710179999957e-02 1.676796802059999925e-01 -2.898855246300000021e-01 -1.355596172360000082e+02 7.827450091190000592e+01 1.206507408770000040e+02
1.407279861200000093e-01 3.344335029469999720e-02 1.751333091060000013e-01 -2.875827362060000003e-01 -1.354820071089999942e+02 7.683073364400000571e+01 1.205685868989999960e+02
1.783518639849999976e-01 3.683318972369999805e-02 1.676222714599999997e-01 -2.934135909039999879e-01 -1.360170422539999890e+02 7.832390984449999394e+01 1.204075185359999978e+02
2.892744877569999873e-01 3.802692108740000215e-02 1.713575312229999870e-01 -2.919604919580000013e-01 -1.358389954870000054e+02 7.762188422890000083e+01 1.202696655170000071e+02
2.613730672619999917e-01 3.592107172640000151e-02 1.702595590140000004e-01 -2.892964512580000203e-01 -1.354794014629999879e+02 7.804444201350000299e+01 1.204455501609999999e+02
1.045440592580000050e-01 3.576919776970000076e-02 1.714061831850000051e-01 -2.926205704040000244e-01 -1.356801461830000051e+02 7.753975351510000280e+01 1.205117797879999983e+02
1.030732528420000016e-01 3.201317576689999972e-02 1.675382061950000112e-01 -2.865503554300000144e-01 -1.354998628980000035e+02 7.771060212790000321e+01 1.207749029969999981e+02
1.659518504789999904e-01 3.773112793609999932e-02 1.742423979380000043e-01 -2.879609992989999867e-01 -1.359493452119999972e+02 7.697196693649999588e+01 1.205165939350000031e+02
1.081521067169999989e-01 3.770859643079999685e-02 1.687734946280000092e-01 -2.887954493739999795e-01 -1.362700513549999926e+02 7.725315666010000371e+01 1.205790887149999975e+02
1.257501043910000116e-01 4.010862576739999963e-02 1.670146020000000120e-01 -2.863323951380000176e-01 -1.364026754950000111e+02 7.795318117850000306e+01 1.203470105429999961e+02
4.443877491429999993e-01 3.543293210000000165e-02 1.657525812990000014e-01 -2.851871616839999901e-01 -1.361451895520000051e+02 7.782415469420000420e+01 1.208562320019999987e+02
1.042736622730000007e-01 3.304445086669999948e-02 1.627649702210000049e-01 -2.847087045260000004e-01 -1.357580670129999874e+02 7.848337724399999615e+01 1.211061833920000055e+02
1.284804728879999913e-01 3.034502226740000072e-02 1.746593944269999865e-01 -2.846373989950000127e-01 -1.351461770950000130e+02 7.677224124020000318e+01 1.208034947080000023e+02
1.798887205849999948e-01 3.830654213399999758e-02 1.637205158970000130e-01 -2.852879751230000260e-01 -1.362461264510000092e+02 7.801827444299999570e+01 1.206735688969999956e+02
2.324600220470000034e-01 3.626048016300000010e-02 1.720255798349999976e-01 -2.972679970459999876e-01 -1.353310966889999918e+02 7.754336582739999528e+01 1.204257559990000033e+02
2.349324900260000015e-01 3.469676941679999960e-02 1.691084019019999940e-01 -2.911053086639999732e-01 -1.353984712619999868e+02 7.815667483609999522e+01 1.209505032339999957e+02
1.118808092729999953e-01 3.229695660339999830e-02 1.676681813450000003e-01 -2.872097589950000085e-01 -1.354838569709999945e+02 7.778234907709999391e+01 1.206255745899999994e+02
5.561079050660000078e+00 3.918944218920000083e-02 1.692935679500000012e-01 -2.887037050180000231e-01 -1.361933391089999930e+02 7.778614388469999597e+01 1.201266611970000042e+02
1.003109440089999943e-01 3.684313357809999856e-02 1.663146984599999934e-01 -2.874553202619999914e-01 -1.361486735199999885e+02 7.765030579970000701e+01 1.206072543349999933e+02
1.188298884139999956e-01 3.821813080699999754e-02 1.746863419019999975e-01 -2.853833585119999738e-01 -1.359570329230000141e+02 7.718094110769999361e+01 1.203497829559999985e+02
4.027407491650000226e-01 3.663395746249999835e-02 1.665965723349999983e-01 -2.891701356520000044e-01 -1.362198711190000040e+02 7.773833346230000529e+01 1.204215428490000050e+02
1.052512135460000053e-01 3.545663409040000075e-02 1.682180806269999995e-01 -2.871700788250000080e-01 -1.355450234029999876e+02 7.759922732799999778e+01 1.206869400469999931e+02
2.914303459379999905e-01 3.963188650160000270e-02 1.672480311329999914e-01 -2.903306656870000002e-01 -1.358819166240000129e+02 7.836550776250000183e+01 1.203216433869999946e+02
3.343930274329999786e-01 3.592677033169999756e-02 1.713096045970000092e-01 -2.879401050000000017e-01 -1.355807571770000095e+02 7.761493769199999804e+01 1.206121187250000020e+02
1.811771469500000065e-01 3.518358427650000037e-02 1.677133413000000128e-01 -2.864629975490000091e-01 -1.361094399620000104e+02 7.748432606670000666e+01 1.207096002440000007e+02
1.149476122290000041e-01 3.529486172770000124e-02 1.691267061110000025e-01 -2.861681590740000058e-01 -1.358858324699999969e+02 7.795740287169999760e+01 1.210183512349999972e+02
2.899876351200000091e+00 3.340071843569999976e-02 1.637261732689999916e-01 -2.858088798399999741e-01 -1.356509530840000082e+02 7.832770167859999333e+01 1.210161781129999952e+02
4.623380483930000229e-01 3.305781272819999922e-02 1.723444206049999927e-01 -2.866221501740000011e-01 -1.356453729669999859e+02 7.705476054199999680e+01 1.209393598099999991e+02
1.291430908270000122e-01 3.594088785570000166e-02 1.660554608750000050e-01 -2.870802873400000177e-01 -1.358807439949999889e+02 7.836976027490000263e+01 1.207434438730000039e+02
1.398050722489999897e-01 3.530045752529999831e-02 1.691038268700000013e-01 -2.877331656850000141e-01 -1.360909152380000080e+02 7.760561358969999901e+01 1.204263779059999990e+02
1.338290452170000089e+00 3.496965430010000320e-02 1.688764844529999920e-01 -2.843912835519999960e-01 -1.356324774740000123e+02 7.747605972990000112e+01 1.205760431310000058e+02
4.582029973260000055e-01 3.629222017250000043e-02 1.664582803349999862e-01 -2.907318755659999976e-01 -1.359522990659999948e+02 7.827456858540000439e+01 1.206249720109999970e+02
1.316014653889999997e-01 4.052054313930000123e-02 1.637281699589999973e-01 -2.923264769230000115e-01 -1.360359781180000027e+02 7.838554226440000150e+01 1.203742806589999930e+02
1.079428638219999959e-01 3.595292136440000202e-02 1.711327998849999921e-01 -2.894219200509999812e-01 -1.357762706020000110e+02 7.755853262530000336e+01 1.203423386230000034e+02
1.246952163349999976e-01 3.539103684560000046e-02 1.702412097809999914e-01 -2.865462335749999756e-01 -1.356855869810000002e+02 7.744772239460000662e+01 1.208045041489999960e+02
1.224203471290000039e-01 3.784551784069999786e-02 1.681673016259999931e-01 -2.895651310089999986e-01 -1.364834666360000028e+02 7.767313597320000440e+01 1.204299273729999982e+02
1.109182224879999984e-01 3.455369469680000249e-02 1.682812306819999881e-01 -2.938427746439999932e-01 -1.354488864129999968e+02 7.800921913400000562e+01 1.205365670740000041e+02
2.647099023949999741e-01 3.888389303180000284e-02 1.626801613559999971e-01 -2.854630773699999846e-01 -1.364836087150000026e+02 7.841132928369999888e+01 1.208548595219999982e+02
1.197523041250000003e-01 3.647965668199999734e-02 1.665951097489999921e-01 -2.876278979240000089e-01 -1.359093482350000102e+02 7.797978219930000421e+01 1.208284421420000001e+02
3.421205423850000038e-01 3.600614378679999755e-02 1.730788514330000027e-01 -2.906501290340000043e-01 -1.355363752929999919e+02 7.701799514820000070e+01 1.203043299889999957e+02
1.082942977069999979e-01 3.643688115790000293e-02 1.677395752090000136e-01 -2.915459524880000264e-01 -1.360951591170000086e+02 7.813008619000000010e+01 1.209157252370000037e+02
1.064511063849999939e-01 3.716083449899999780e-02 1.703248810399999869e-01 -2.864596860060000250e-01 -1.358798759489999952e+02 7.739347688850000395e+01 1.203069005450000049e+02
1.818229574409999938e-01 3.301777815450000070e-02 1.666033257410000079e-01 -2.850281799889999856e-01 -1.361131166160000134e+02 7.784404076410000073e+01 1.207905147499999998e+02
3.637127259010000113e-01 3.700347432279999654e-02 1.722122836689999881e-01 -2.854396018520000133e-01 -1.359464786650000008e+02 7.730316488729999946e+01 1.202071812380000040e+02
1.336854387020000035e-01 3.406340064979999915e-02 1.689054524939999913e-01 -2.851923242559999960e-01 -1.357017564120000088e+02 7.761239628090000053e+01 1.208438753070000047e+02
1.997040063799999932e-01 3.898363818879999748e-02 1.677111911799999966e-01 -2.925586366130000227e-01 -1.360241329250000035e+02 7.811564027580000413e+01 1.206272975690000067e+02
1.441233578780000135e-01 3.636558871360000278e-02 1.687999280440000138e-01 -2.905657950609999984e-01 -1.354991277919999959e+02 7.800903902749999475e+01 1.201529352200000034e+02
6.637826795569999883e-01 3.791981480909999841e-02 1.658579567440000013e-01 -2.868077209859999921e-01 -1.363052854439999919e+02 7.760354120579999915e+01 1.208458684050000045e+02
1.014139356939999931e-01 3.971977897279999753e-02 1.702744595729999977e-01 -2.880804516039999763e-01 -1.363508300139999960e+02 7.767169898749999390e+01 1.202484474400000067e+02
2.386155663260000059e-01 3.881423331409999955e-02 1.678313691939999908e-01 -2.809161904470000026e-01 -1.366539981999999895e+02 7.757716692869999520e+01 1.206088535530000030e+02
1.149044807009999974e-01 3.847669280479999732e-02 1.637273202510000081e-01 -2.890106822529999731e-01 -1.359496229810000045e+02 7.807446088400000406e+01 1.206405264889999955e+02
1.585511498040000078e-01 3.688167483609999797e-02 1.663004270519999883e-01 -2.919512862129999831e-01 -1.354423034639999912e+02 7.799140941570000507e+01 1.206419415670000035e+02
9.221538110860000304e-01 3.512985738709999833e-02 1.737282716209999911e-01 -2.891511736530000265e-01 -1.357446358759999896e+02 7.757184318279999502e+01 1.204938370720000052e+02
1.319864237149999953e-01 3.472940485349999828e-02 1.643373996780000124e-01 -2.850705203159999979e-01 -1.361131702920000066e+02 7.799520544760000007e+01 1.209493126309999980e+02
2.856320859640000265e-01 3.776090578409999760e-02 1.705402753960000017e-01 -2.851214539959999739e-01 -1.363469747530000120e+02 7.723225114599999586e+01 1.201664079739999949e+02
6.000730364799999883e-01 3.827237094199999884e-02 1.704584445740000009e-01 -2.891895436890000171e-01 -1.361874209769999879e+02 7.743646511139999689e+01 1.201207630520000009e+02
1.878736509989999970e-01 3.449514579380000279e-02 1.689215442239999920e-01 -2.849124102789999946e-01 -1.361520652629999972e+02 7.797480662089999726e+01 1.205965140170000041e+02
1.173217960159999990e-01 3.575440265270000278e-02 1.647289338129999947e-01 -2.891251944830000031e-01 -1.361304507950000016e+02 7.845242793239999912e+01 1.209398079289999970e+02
1.142550410209999950e-01 3.452054130470000315e-02 1.711328083089999896e-01 -2.848806859949999937e-01 -1.358436490679999906e+02 7.744608186589999832e+01 1.207713917319999979e+02
1.764830925460000033e-01 3.302550169199999774e-02 1.695307973050000083e-01 -2.852646150829999949e-01 -1.357882283980000011e+02 7.752241140489999793e+01 1.208473066210000013e+02
1.506455235430000095e-01 3.287147168719999762e-02 1.671702784709999945e-01 -2.853277743289999724e-01 -1.355695593929999916e+02 7.744578990329999613e+01 1.207299756310000021e+02
1.507853441410000050e-01 3.883473193050000077e-02 1.662942916909999902e-01 -2.903204957070000258e-01 -1.362455164749999881e+02 7.793348782459999313e+01 1.204876272580000034e+02
3.471018564180000099e-01 3.682298238099999954e-02 1.663691305449999935e-01 -2.833441241019999945e-01 -1.359483827089999863e+02 7.766721735410000349e+01 1.210597104659999985e+02
2.471684328679999987e-01 3.578776889690000323e-02 1.694369979819999872e-01 -2.884435596850000172e-01 -1.358580225469999903e+02 7.757607589629999723e+01 1.207653243609999976e+02
3.297261586110000198e-01 3.760087503670000303e-02 1.690930066640000118e-01 -2.888900703530000169e-01 -1.362564130789999979e+02 7.815880784850000396e+01 1.204896391919999985e+02
1.475824209659999942e-01 3.634971202870000001e-02 1.739650618009999927e-01 -2.903264107069999933e-01 -1.355144409709999991e+02 7.690397992299999430e+01 1.201808108519999934e+02
1.651536859190000095e-01 3.340113257740000285e-02 1.657830185499999942e-01 -2.931703853589999742e-01 -1.350727434140000014e+02 7.834785878949999471e+01 1.211002924910000047e+02
1.110221122560000051e-01 3.055282164100000045e-02 1.631906530370000052e-01 -2.912299659459999801e-01 -1.351069252100000142e+02 7.858904547630000081e+01 1.212685112650000008e+02
1.582594904169999928e-01 3.320437530929999659e-02 1.651527484860000061e-01 -2.839413830740000200e-01 -1.359957781809999915e+02 7.817563375619999988e+01 1.210383109130000037e+02
3.301826646039999757e-01 3.878396396440000199e-02 1.646719154110000138e-01 -2.873619757499999983e-01 -1.361849536899999862e+02 7.810217242180000596e+01 1.206407592390000048e+02
4.528232610730000274e-01 3.863345804630000102e-02 1.644080048500000113e-01 -2.902930604580000185e-01 -1.360487062400000013e+02 7.823202931570000374e+01 1.208513673270000055e+02
2.726179680549999929e-01 3.609301718579999846e-02 1.693658637709999915e-01 -2.849864573990000260e-01 -1.358207121830000119e+02 7.757374607120000576e+01 1.205861932960000047e+02
1.193395742249999947e-01 3.949689945470000185e-02 1.680501306680000084e-01 -2.864617354969999918e-01 -1.364153262359999985e+02 7.741549635900000226e+01 1.206484862110000051e+02
1.445918007219999968e+00 3.870990643999999703e-02 1.640912068489999986e-01 -2.927232188519999778e-01 -1.360199624720000031e+02 7.827345804339999802e+01 1.207830814790000034e+02
1.563383527399999917e-01 3.437650740929999726e-02 1.714505003809999872e-01 -2.824257057599999787e-01 -1.358758487439999953e+02 7.744468132970000340e+01 1.205448181339999962e+02
1.104601695130000005e-01 3.913484943529999677e-02 1.672153406209999915e-01 -2.891274581969999757e-01 -1.356888102169999968e+02 7.830362592950000078e+01 1.206053218370000053e+02
1.307687024480000126e-01 4.070988718929999944e-02 1.664957202440000006e-01 -2.850624105069999858e-01 -1.365442831699999999e+02 7.789670435399999349e+01 1.203725453330000050e+02
4.494181104550000194e-01 3.624698002340000225e-02 1.649320444980000022e-01 -2.901700672229999833e-01 -1.356442268549999994e+02 7.788237128549999966e+01 1.208594527639999967e+02
1.024034928789999965e-01 3.580740608809999947e-02 1.656510509390000108e-01 -2.861777422380000213e-01 -1.362795699940000134e+02 7.828888069479999956e+01 1.206916595120000011e+02
3.449456846699999746e-01 3.291898278810000134e-02 1.680025220409999964e-01 -2.866604839729999799e-01 -1.357988437680000118e+02 7.735060448749999296e+01 1.209341877840000024e+02
2.879111877330000069e-01 3.713662560619999942e-02 1.722480051430000103e-01 -2.825281258719999911e-01 -1.363147937079999963e+02 7.706465711810000130e+01 1.204357180169999992e+02
7.033566090680000160e-01 4.085137855829999720e-02 1.667038842059999915e-01 -2.891790017340000185e-01 -1.365353403919999948e+02 7.810655904649999570e+01 1.206343382090000063e+02
2.255706856899999946e-01 2.986224054729999869e-02 1.685722458589999917e-01 -2.953987974539999950e-01 -1.349191474890000109e+02 7.792595277649999730e+01 1.208043065690000049e+02
1.009917830649999931e-01 3.593056268860000263e-02 1.630670178910000045e-01 -2.867581914280000199e-01 -1.360634063120000121e+02 7.858056796019999979e+01 1.209266962530000029e+02
1.033373683110000024e-01 3.696868511310000271e-02 1.666441093369999960e-01 -2.898187578559999755e-01 -1.361222960499999886e+02 7.825940405539999745e+01 1.203081129229999959e+02
2.864353917479999789e-01 3.862327373910000305e-02 1.680063854109999921e-01 -2.842969157740000141e-01 -1.363542344829999990e+02 7.763256630460000451e+01 1.203108131479999940e+02
1.573163154470000047e-01 3.645604999109999800e-02 1.695864301499999949e-01 -2.859111317560000254e-01 -1.361477165210000067e+02 7.760849461509999969e+01 1.203486642860000018e+02
1.039013334100000047e-01 3.940121757650000278e-02 1.703292797679999970e-01 -2.885848653709999767e-01 -1.365919635280000080e+02 7.747668525810000517e+01 1.201949660089999981e+02
1.184192598879999947e+00 3.456154626190000023e-02 1.691898033289999936e-01 -2.880795861950000147e-01 -1.356170874999999967e+02 7.739688723860000152e+01 1.209788077500000014e+02
3.373152023520000209e-01 3.570597109359999882e-02 1.671879857699999916e-01 -2.911437804020000075e-01 -1.355432834110000044e+02 7.791025065670000060e+01 1.208533291090000006e+02
3.904617517039999930e-01 4.431629698640000142e-02 1.677588437260000009e-01 -2.856685322370000057e-01 -1.370221005850000040e+02 7.773676643739999292e+01 1.203055250729999983e+02
2.003183880930000105e-01 3.301597614429999800e-02 1.705747736259999869e-01 -2.832516859590000213e-01 -1.357092819579999912e+02 7.698944246409999437e+01 1.208922557599999976e+02
1.021426396019999988e-01 3.842515166640000229e-02 1.640382109819999989e-01 -2.877970728790000265e-01 -1.360451605659999927e+02 7.843545233509999548e+01 1.207848961140000057e+02
9.182391961410000247e-01 3.318128070370000154e-02 1.693037218170000135e-01 -2.891535431619999819e-01 -1.356722084310000014e+02 7.761513918490000208e+01 1.205758451180000037e+02
9.076996193840000116e-01 3.696817472830000312e-02 1.714059772840000051e-01 -2.940621920029999892e-01 -1.354538586959999975e+02 7.791452010839999787e+01 1.200886724690000023e+02
1.494617779970000004e+00 3.545761934580000246e-02 1.676337536910000037e-01 -2.860648205519999987e-01 -1.361596790810000073e+02 7.759448576180000146e+01 1.204835358459999952e+02
1.150449883550000024e-01 3.719832111529999819e-02 1.734257598729999905e-01 -2.880510497170000184e-01 -1.355003573520000089e+02 7.724438325100000213e+01 1.203053790999999961e+02
1.178682756440000007e-01 3.546080873949999934e-02 1.676072237150000033e-01 -2.890561580609999903e-01 -1.357364104099999906e+02 7.760628997569999399e+01 1.205464731929999971e+02
2.876403555689999725e-01 3.907005403839999835e-02 1.682539086479999946e-01 -2.905896138569999954e-01 -1.355508114229999990e+02 7.800545229639999434e+01 1.206670617200000066e+02
1.211916455920000052e-01 3.954288915720000075e-02 1.733704402579999970e-01 -2.858941074179999764e-01 -1.362997461539999904e+02 7.714977701009999578e+01 1.204571386939999940e+02
1.638093480610000041e-01 4.055099754790000149e-02 1.697132886690000120e-01 -2.921805606089999952e-01 -1.363146459259999972e+02 7.764983282229999872e+01 1.202957675189999946e+02
1.427697400269999917e-01 3.810159844799999862e-02 1.749824622460000034e-01 -2.940430658240000272e-01 -1.357181016080000120e+02 7.747885831259999634e+01 1.200480569000000060e+02
1.537442196490000079e-01 3.514789692180000230e-02 1.709614756139999914e-01 -2.891555329159999910e-01 -1.359346196740000039e+02 7.769906527429999699e+01 1.207796084809999968e+02
1.307649693569999938e-01 3.756943762809999976e-02 1.691288124770000123e-01 -2.920927091159999933e-01 -1.354697956260000069e+02 7.816320538870000689e+01 1.202805596409999964e+02
1.786698639869999938e-01 3.549334400580000243e-02 1.687046240979999945e-01 -2.899911843599999872e-01 -1.356338978429999997e+02 7.771082787439999606e+01 1.207907249959999945e+02
1.208798771919999959e-01 3.475469515130000242e-02 1.709868278020000021e-01 -2.891399565169999741e-01 -1.357613640049999901e+02 7.766472110339999801e+01 1.206164879909999996e+02
1.572905490500000059e-01 3.188072585630000177e-02 1.611094090859999939e-01 -2.891229747249999815e-01 -1.354701674220000029e+02 7.879664798539999992e+01 1.212857212549999986e+02
3.748384861290000036e-01 3.303481672439999989e-02 1.604200992049999996e-01 -2.886371967220000001e-01 -1.353190239470000051e+02 7.861840652319999379e+01 1.211433373560000035e+02
2.865335089030000004e-01 3.572625257079999755e-02 1.674116861040000070e-01 -2.876135219320000158e-01 -1.357139379600000098e+02 7.800036329309999417e+01 1.206850153449999965e+02
3.040712012010000076e-01 3.441537296700000054e-02 1.692020350120000127e-01 -2.847281039389999990e-01 -1.361457802070000014e+02 7.731054006850000349e+01 1.204273206520000059e+02
1.453137222979999921e-01 3.796575507489999973e-02 1.750667894390000034e-01 -2.869736246740000052e-01 -1.361128110319999962e+02 7.706889331479999328e+01 1.204272007210000055e+02
1.003691125659999933e-01 3.930038354140000245e-02 1.674983200990000087e-01 -2.868032911319999823e-01 -1.362147410809999997e+02 7.762840180359999920e+01 1.206949269779999980e+02
1.920379700239999987e-01 3.577946300039999694e-02 1.717176256259999867e-01 -2.885068538550000228e-01 -1.353351450940000120e+02 7.735170790089999571e+01 1.204006335849999942e+02
1.667957054070000056e-01 3.350827638940000186e-02 1.659583184550000035e-01 -2.884036071170000270e-01 -1.354475358800000038e+02 7.813549330530000248e+01 1.211716317930000031e+02
1.038149811079999985e-01 3.485929003720000113e-02 1.705270115639999917e-01 -2.940075141469999931e-01 -1.350817907240000011e+02 7.804216749939999431e+01 1.204934508070000021e+02
1.141385205599999980e-01 3.656349892570000260e-02 1.689714426430000138e-01 -2.847234341059999840e-01 -1.358826310460000002e+02 7.740829710040000577e+01 1.203594873509999985e+02
1.760569609079999931e-01 3.476395115340000230e-02 1.694533262500000081e-01 -2.861996046940000205e-01 -1.354928647419999947e+02 7.732884932989999527e+01 1.206176703430000003e+02
1.094072356539999985e-01 3.869563377359999667e-02 1.681945856219999869e-01 -2.905444242929999810e-01 -1.361846248980000098e+02 7.799876469740000573e+01 1.203617319260000045e+02
3.375516695920000032e-01 3.382840097950000346e-02 1.681900674210000113e-01 -2.921119536469999889e-01 -1.350725222320000114e+02 7.753634998900000141e+01 1.205417545779999955e+02
1.080760242980000063e-01 3.784144414119999800e-02 1.695985145349999945e-01 -2.896014811550000068e-01 -1.359492366110000034e+02 7.773202738370000020e+01 1.207007480989999948e+02
1.100633269869999986e-01 3.950829243460000223e-02 1.667176073609999976e-01 -2.957454881559999915e-01 -1.358003598409999881e+02 7.849856147980000287e+01 1.203748697989999954e+02
1.499813916359999943e-01 3.705616706860000165e-02 1.677040355789999881e-01 -2.893514136720000129e-01 -1.360818053950000035e+02 7.751004752100000417e+01 1.204237540360000054e+02
2.028065358460000023e-01 4.114774751800000241e-02 1.725645440980000112e-01 -2.937791984800000034e-01 -1.358247975239999903e+02 7.775095891210000332e+01 1.199027961280000056e+02
1.721602452440000042e-01 3.787678969339999813e-02 1.698605153290000114e-01 -2.877825023510000024e-01 -1.355067957720000038e+02 7.750008808610000699e+01 1.204966773640000071e+02
2.407479776370000102e-01 3.572097266219999984e-02 1.700652850050000109e-01 -2.906161009209999868e-01 -1.357141365989999997e+02 7.727346199679999472e+01 1.207311705850000010e+02
2.578611288800000123e-01 3.366051749500000023e-02 1.687407381050000099e-01 -2.846001115469999898e-01 -1.359672237970000026e+02 7.744715969409999445e+01 1.211865704970000053e+02
3.642596415850000158e-01 2.872099864340000100e-02 1.710135839549999925e-01 -2.870688090879999765e-01 -1.350323022419999859e+02 7.743063176280000448e+01 1.209722053509999995e+02
1.480038733150000063e-01 3.679914154109999863e-02 1.667338319860000029e-01 -2.885955740289999905e-01 -1.356966020570000069e+02 7.743319852630000355e+01 1.204673601890000043e+02
1.707579970629999888e-01 3.793515740660000080e-02 1.670042682960000135e-01 -2.899006304889999996e-01 -1.359781457329999910e+02 7.783278895680000176e+01 1.201882774270000027e+02
1.384613554240000100e-01 3.489718590520000246e-02 1.630620608480000122e-01 -2.831388794410000243e-01 -1.360345024990000127e+02 7.814722108070000672e+01 1.212909013099999953e+02
1.214394018030000022e-01 3.482589994609999740e-02 1.676481431809999922e-01 -2.867622181360000022e-01 -1.357000005339999973e+02 7.787850859300000650e+01 1.205422006160000024e+02
1.337604345910000103e-01 3.299559022830000216e-02 1.701549778130000135e-01 -2.879107063360000218e-01 -1.355180412960000069e+02 7.742274690649999513e+01 1.207011284550000028e+02
1.145170791270000016e-01 3.172014197579999667e-02 1.657529446619999958e-01 -2.835189052000000043e-01 -1.355933076610000114e+02 7.787268342250000330e+01 1.209434108049999992e+02
1.267312514820000047e+01 3.528353646139999883e-02 1.711103066780000070e-01 -2.863000505050000144e-01 -1.357171736800000019e+02 7.723062123020000058e+01 1.208970140739999977e+02
1.165948169930000056e-01 3.920982738570000237e-02 1.706562199020000004e-01 -2.840177057750000178e-01 -1.365636114229999976e+02 7.753153482490000670e+01 1.205642545519999942e+02
1.186847940110000027e-01 3.554016779290000011e-02 1.673863249289999910e-01 -2.924322176590000155e-01 -1.356036823679999941e+02 7.832351586859999770e+01 1.206031662009999934e+02
1.931875374179999882e-01 3.802160848879999888e-02 1.699582251329999905e-01 -2.883883397540000226e-01 -1.363167762120000077e+02 7.752437351310000224e+01 1.206363685179999976e+02
2.225308631650000091e-01 3.518721114860000332e-02 1.688435987459999954e-01 -2.891601188680000267e-01 -1.358487615409999876e+02 7.785700320669999996e+01 1.201338364409999997e+02
2.758174852170000024e-01 3.336991188630000077e-02 1.633594227709999902e-01 -2.835105415899999981e-01 -1.358912128480000092e+02 7.791988023919999762e+01 1.209776283439999958e+02
1.726513951599999985e-01 3.253987903490000028e-02 1.689611246290000091e-01 -2.894637106119999914e-01 -1.352975850980000132e+02 7.777730593699999417e+01 1.206328774650000071e+02
1.311827502550000080e-01 3.801097618759999991e-02 1.685795737369999991e-01 -2.890813483699999908e-01 -1.356295692610000003e+02 7.763202524259999393e+01 1.207121445030000046e+02
1.084710450520000036e-01 3.701675979240000303e-02 1.714723215769999864e-01 -2.876978956480000238e-01 -1.356550690850000080e+02 7.759657385120000583e+01 1.202331613239999939e+02
9.200588088950000243e-01 3.664835762279999853e-02 1.687368161499999963e-01 -2.868466594829999772e-01 -1.360117052349999938e+02 7.788149628710000627e+01 1.205749591269999996e+02
1.226903848550000009e-01 3.801989013439999870e-02 1.679929929439999969e-01 -2.871362562409999764e-01 -1.363748067699999922e+02 7.761685219000000302e+01 1.203894348750000063e+02
1.229212431789999949e-01 3.594653197349999968e-02 1.689652278040000011e-01 -2.875055385770000083e-01 -1.361623952330000122e+02 7.776508053880000659e+01 1.204205975520000038e+02
1.460880994060000104e-01 4.072906509730000318e-02 1.659408411180000043e-01 -2.920377784350000061e-01 -1.361039833209999870e+02 7.839056617539999650e+01 1.205718135409999974e+02
1.499702462720000073e-01 3.787199393880000264e-02 1.691293052600000013e-01 -2.829950671049999977e-01 -1.364865370629999859e+02 7.740650831620000361e+01 1.205115764530000035e+02
1.025953309289999948e+00 3.271876092490000332e-02 1.684871229010000138e-01 -2.923763990989999839e-01 -1.352882048449999957e+02 7.788434907740000313e+01 1.207719520139999929e+02
1.601343622929999877e-01 3.779883087509999795e-02 1.680255896989999997e-01 -2.858047260980000059e-01 -1.359738597649999861e+02 7.777750620720000541e+01 1.205363891700000067e+02
1.795254720620000077e-01 3.839691367849999704e-02 1.638213297789999912e-01 -2.929407179260000160e-01 -1.360522877020000010e+02 7.851180725070000221e+01 1.205144110389999952e+02
3.092518517599999739e-01 3.466458956579999973e-02 1.656737949250000064e-01 -2.878204767890000237e-01 -1.358959041409999884e+02 7.838282640250000100e+01 1.210578980020000017e+02
1.315615976139999921e-01 3.541243243839999749e-02 1.705162861589999967e-01 -2.809551776750000007e-01 -1.361335520149999923e+02 7.720013240100000473e+01 1.208078949930000050e+02
3.750337210069999827e+01 3.081839070170000125e-02 1.670937334990000023e-01 -2.858403217359999915e-01 -1.354327629740000134e+02 7.781610005769999816e+01 1.211900507170000054e+02
5.324903775160000352e-01 3.160325573299999774e-02 1.699315528710000078e-01 -2.905469057760000084e-01 -1.349677007230000072e+02 7.768061388110000109e+01 1.210839779370000002e+02
1.539992399160000081e-01 3.939804456700000262e-02 1.673039716459999993e-01 -2.917549106819999905e-01 -1.359242251180000096e+02 7.765598853150000025e+01 1.204128493300000002e+02
1.379185925039999872e-01 3.819600741930000154e-02 1.690899638410000017e-01 -2.872204862730000086e-01 -1.361693824790000065e+02 7.750941670929999816e+01 1.206495474580000007e+02
1.348612780350000040e-01 3.471536528570000335e-02 1.695824764330000067e-01 -2.907127465139999756e-01 -1.354082650169999908e+02 7.791577967540000316e+01 1.208140990320000014e+02
1.244474599670000042e-01 3.477329327909999684e-02 1.701148068259999979e-01 -2.931275198539999849e-01 -1.352287907749999931e+02 7.741361898949999443e+01 1.205820869829999964e+02
1.532289189530000040e-01 3.534422457030000214e-02 1.697476629709999962e-01 -2.833246824619999882e-01 -1.361879450440000028e+02 7.709039047929999811e+01 1.205603893830000004e+02
1.110083448719999949e-01 3.062637430600000099e-02 1.713625758919999909e-01 -2.841106807320000205e-01 -1.353575834240000120e+02 7.723139605660000484e+01 1.210619315080000007e+02
4.276348730219999839e-01 3.300556267629999735e-02 1.732488167020000136e-01 -2.835232993180000216e-01 -1.355849334700000099e+02 7.682275096959999416e+01 1.205038194490000052e+02
1.886505165559999864e-01 3.449842678509999760e-02 1.684458877049999914e-01 -2.905363449680000154e-01 -1.357460889909999935e+02 7.772906690119999951e+01 1.209252425720000019e+02
1.416829390010000134e-01 3.561792310919999899e-02 1.705858286339999863e-01 -2.844868731119999938e-01 -1.358836568790000001e+02 7.705959591350000437e+01 1.207166501549999964e+02
1.126721137210000001e-01 3.638649211159999952e-02 1.726504223460000043e-01 -2.882100964529999976e-01 -1.358571767079999972e+02 7.734016102120000369e+01 1.205149760200000060e+02
1.370179076130000062e-01 3.721710144410000226e-02 1.720927765839999901e-01 -2.895379210869999942e-01 -1.359609308649999946e+02 7.725228044770000224e+01 1.205853507239999942e+02
2.492088475960000105e-01 3.439844249949999822e-02 1.670338368729999967e-01 -2.891089790629999823e-01 -1.359583897740000111e+02 7.782971406629999933e+01 1.207401269939999935e+02
4.363688777629999849e-01 3.772502582730000165e-02 1.641078304409999966e-01 -2.905861852930000100e-01 -1.358331827650000037e+02 7.826206313970000394e+01 1.206671531410000000e+02
4.049298965740000256e-01 3.521255188599999725e-02 1.699091058559999978e-01 -2.860482410060000147e-01 -1.362284986219999894e+02 7.741925131899999712e+01 1.206632316719999949e+02
3.414782889679999767e-01 3.402503891429999733e-02 1.678359961969999870e-01 -2.916761863680000233e-01 -1.356324437929999931e+02 7.786447609050000551e+01 1.207445177440000066e+02
1.915818665759999873e-01 4.100950091979999740e-02 1.702626219810000063e-01 -2.892227822430000206e-01 -1.361831882570000118e+02 7.736823055380000369e+01 1.200176612159999934e+02
1.279721572270000052e-01 3.596855709059999795e-02 1.652077322469999998e-01 -2.832851192099999915e-01 -1.363116679830000066e+02 7.768619463849999818e+01 1.211238490549999938e+02
1.830255729799999953e-01 3.734806174509999743e-02 1.692113705359999942e-01 -2.854916270349999730e-01 -1.356749812060000124e+02 7.760706388479999873e+01 1.207569671809999932e+02
2.910604727339999864e-01 3.212915379760000051e-02 1.667680103530000124e-01 -2.902651486710000062e-01 -1.355675233679999963e+02 7.828889361289999727e+01 1.208138799710000058e+02
1.501235042540000064e-01 3.701744678649999953e-02 1.727184624920000133e-01 -2.889259439990000122e-01 -1.356382714499999906e+02 7.735020164780000584e+01 1.204945359889999992e+02
3.817928930080000116e-01 3.539206651170000162e-02 1.672108230079999980e-01 -2.883425969449999737e-01 -1.359105847140000094e+02 7.786814289110000686e+01 1.206412798850000030e+02
2.191451019900000075e-01 3.506840449109999841e-02 1.651936384949999892e-01 -2.866556438430000187e-01 -1.361255761319999920e+02 7.808932497370000192e+01 1.209643994270000036e+02
5.039549477229999797e-01 4.210480334589999929e-02 1.666624024380000124e-01 -2.926241595169999932e-01 -1.360751093019999871e+02 7.801734227119999332e+01 1.201289659830000005e+02
1.249352621039999944e-01 3.417119201169999815e-02 1.687560998239999999e-01 -2.892114888349999746e-01 -1.356072713080000085e+02 7.730961964559999444e+01 1.206837756430000042e+02
1.522068752840000094e-01 3.996005932749999850e-02 1.696897071350000064e-01 -2.860919173590000253e-01 -1.368049878809999882e+02 7.748121822439999562e+01 1.202970358919999967e+02
5.103609125920000045e-01 3.749107639020000243e-02 1.672245908599999942e-01 -2.914525509009999737e-01 -1.354755314440000120e+02 7.797069417900000587e+01 1.208126138660000066e+02
2.659149620530000258e-01 3.421668486769999934e-02 1.695537125799999878e-01 -2.855119964789999965e-01 -1.358377919469999995e+02 7.768241431830000465e+01 1.205815651820000056e+02
4.145114407939999857e-01 3.012356012389999851e-02 1.717824125599999863e-01 -2.852881229959999820e-01 -1.352132439300000044e+02 7.699537043380000512e+01 1.209045039810000048e+02
2.240164602649999948e-01 3.384165330600000243e-02 1.682599490560000022e-01 -2.848597312969999851e-01 -1.360571900239999934e+02 7.761224313409999809e+01 1.206325737970000063e+02
2.696591907709999791e-01 3.973132865429999938e-02 1.732437435549999960e-01 -2.912493049609999884e-01 -1.358655614889999868e+02 7.726535144070000172e+01 1.199665871699999968e+02
1.429213232340000028e-01 4.037597551140000018e-02 1.696278836909999865e-01 -2.943271426679999747e-01 -1.360877702049999982e+02 7.815433841899999834e+01 1.203269433889999931e+02
1.368284678080000094e-01 3.680063996309999863e-02 1.674574296939999873e-01 -2.908177745220000276e-01 -1.358261499429999901e+02 7.846951366259999361e+01 1.209221434269999946e+02
1.712035098430000069e-01 3.386205147759999839e-02 1.640217243859999896e-01 -2.883569860460000189e-01 -1.356421728729999927e+02 7.789064770170000429e+01 1.210587524099999968e+02
1.069560729360000018e+00 3.157741885660000219e-02 1.650693229840000109e-01 -2.894724385279999757e-01 -1.352366592799999978e+02 7.811245650329999535e+01 1.209519622600000019e+02
6.212523763759999484e-01 3.419164041119999997e-02 1.675528520610000127e-01 -2.878021617589999748e-01 -1.359407812919999969e+02 7.779157715799999551e+01 1.208335935759999984e+02
1.224686612759999932e-01 3.804753557999999980e-02 1.687761763060000031e-01 -2.837037857390000140e-01 -1.360466220030000102e+02 7.737594666930000642e+01 1.205341698409999935e+02
1.616937921419999924e+00 4.068433395149999993e-02 1.682338832059999956e-01 -2.819299329569999735e-01 -1.369899773070000037e+02 7.764186967550000418e+01 1.204673524349999951e+02
2.219034763359999940e-01 3.253022209439999923e-02 1.669959901520000067e-01 -2.890071494429999888e-01 -1.351013892619999979e+02 7.752516427919999842e+01 1.209138834980000041e+02
1.542165188890000094e-01 3.371873917930000297e-02 1.667702607800000125e-01 -2.918063311199999843e-01 -1.356476042200000052e+02 7.803628995649999922e+01 1.206081854720000024e+02
1.166048420840000016e-01 2.845324135439999957e-02 1.693160039809999962e-01 -2.873190702589999979e-01 -1.350586377369999980e+02 7.780577866710000023e+01 1.210081233559999987e+02
3.390920234629999919e-01 3.490610436779999909e-02 1.696093294630000026e-01 -2.820068114550000060e-01 -1.361316798759999926e+02 7.717168991590000360e+01 1.208760957100000013e+02
1.208521333019999949e-01 2.803965258570000063e-02 1.677732112629999883e-01 -2.939189134130000269e-01 -1.347414068079999936e+02 7.797060283720000484e+01 1.210521728060000015e+02
2.294288079310000117e-01 3.664492221250000015e-02 1.710300030199999877e-01 -2.837287631639999752e-01 -1.363766118679999977e+02 7.738929330390000416e+01 1.207486911879999951e+02
1.002548443040000015e-01 3.191407365969999715e-02 1.687611355159999993e-01 -2.852043723830000044e-01 -1.356763072669999985e+02 7.751559773469999470e+01 1.211052275020000053e+02
3.749823002439999775e-01 3.882984771519999712e-02 1.661933395259999890e-01 -2.860683397389999771e-01 -1.362168367600000067e+02 7.772535780130000660e+01 1.206666973399999989e+02
1.077613155830000058e-01 3.900640323279999655e-02 1.679385276739999988e-01 -2.901743271960000037e-01 -1.356739841460000093e+02 7.816589640559999452e+01 1.204405971569999991e+02
1.517658807019999889e+00 3.558336606819999942e-02 1.705825598219999906e-01 -2.899871843290000029e-01 -1.359766095660000076e+02 7.753266254989999595e+01 1.202844065710000052e+02
2.030451293730000106e-01 3.709998740369999798e-02 1.682020818909999993e-01 -2.880742666450000211e-01 -1.357380875000000060e+02 7.761147520439999425e+01 1.205431967380000060e+02
1.694706563429999868e-01 3.673297517330000039e-02 1.680281650150000083e-01 -2.854175822569999799e-01 -1.362289040029999967e+02 7.771439174910000247e+01 1.203990268409999942e+02
1.008205098169999980e-01 3.741905276779999845e-02 1.705360086090000060e-01 -2.871934180699999839e-01 -1.360527962019999961e+02 7.752788315150000642e+01 1.203439602410000049e+02
3.907136125490000000e-01 4.026861697539999702e-02 1.650820896790000103e-01 -2.842434837810000059e-01 -1.366950856999999928e+02 7.811637977719999526e+01 1.205103234550000053e+02
2.944911653949999764e-01 3.948051140139999943e-02 1.686928825460000114e-01 -2.865214601900000213e-01 -1.361999721340000065e+02 7.747670944450000263e+01 1.204252096710000046e+02
3.000152509549999791e-01 3.609087501600000136e-02 1.729843947480000088e-01 -2.863859425060000241e-01 -1.356566063699999916e+02 7.709828608070000655e+01 1.204875445910000025e+02
3.434596272730000011e-01 3.797967940710000184e-02 1.681169189950000031e-01 -2.889908859259999740e-01 -1.358996118070000136e+02 7.827800194959999658e+01 1.204137978429999976e+02
3.154641104290000220e-01 3.401996261779999947e-02 1.694706705490000020e-01 -2.872860378930000014e-01 -1.361029321530000118e+02 7.750107585860000370e+01 1.206222872280000047e+02
1.059019002569999979e-01 3.379851056449999919e-02 1.696397917470000016e-01 -2.948652293349999787e-01 -1.351939397300000110e+02 7.770822657390000643e+01 1.208045272960000034e+02
1.057357069710000014e-01 3.127679356339999744e-02 1.682731201269999921e-01 -2.909186088330000253e-01 -1.354710769739999989e+02 7.766210972359999687e+01 1.208942529520000022e+02
1.045463051239999969e-01 3.513381269199999934e-02 1.678554906489999887e-01 -2.868256402709999930e-01 -1.356596849169999928e+02 7.777039475499999810e+01 1.207156643670000022e+02
1.897283698820000086e-01 3.931236588149999989e-02 1.715358433820000084e-01 -2.892586426389999743e-01 -1.360784533130000113e+02 7.759578773110000327e+01 1.204640178629999951e+02
1.299281752299999981e+00 3.523062715050000182e-02 1.714204507039999992e-01 -2.883080345199999783e-01 -1.355535495599999933e+02 7.788643648839999400e+01 1.206095618949999988e+02
2.494886546420000129e-01 3.594584644050000111e-02 1.699952494849999995e-01 -2.868441539789999828e-01 -1.359858688829999949e+02 7.783134017400000459e+01 1.205857410250000044e+02
1.332957905740000115e-01 3.828998296919999822e-02 1.660518928770000069e-01 -2.881623113249999757e-01 -1.360214911319999942e+02 7.784535579449999432e+01 1.206655518059999963e+02
8.041380354099999517e-01 4.052293233789999727e-02 1.664994779929999946e-01 -2.885189952369999755e-01 -1.366602555370000118e+02 7.799439123000000507e+01 1.205487554479999943e+02
3.147729205989999723e-01 3.893218332980000196e-02 1.697549149769999877e-01 -2.955603728919999895e-01 -1.357587726790000033e+02 7.793842264449999391e+01 1.201147989709999990e+02
1.545471746600000085e-01 3.645852074719999752e-02 1.615480493800000028e-01 -2.865668826760000010e-01 -1.360981877160000124e+02 7.876764834109999924e+01 1.209661385339999953e+02
2.688286273600000165e-01 3.824073374399999947e-02 1.730247796559999940e-01 -2.913538188279999885e-01 -1.358719208299999934e+02 7.759998493429999655e+01 1.200922309270000028e+02
1.166175081270000025e-01 3.798734687819999706e-02 1.666535090529999985e-01 -2.887233117019999962e-01 -1.363172630690000062e+02 7.841239888329999985e+01 1.208726154750000035e+02
1.117299754460000072e+00 3.246163199000000332e-02 1.659583081719999964e-01 -2.927790315909999941e-01 -1.353764433009999948e+02 7.814296325930000364e+01 1.206378826279999998e+02
2.796062341189999856e-01 3.523022240809999678e-02 1.673989368740000094e-01 -2.878515998430000167e-01 -1.360880716519999964e+02 7.754817054180000468e+01 1.208743452279999957e+02
1.627812527030000067e-01 3.827003397900000103e-02 1.659836855830000013e-01 -2.892761627620000220e-01 -1.360971640159999936e+02 7.778900671249999732e+01 1.202084755759999979e+02
1.901200011209999985e-01 3.288979588950000088e-02 1.655437808449999881e-01 -2.863914889160000254e-01 -1.355497433509999894e+02 7.803097348330000216e+01 1.211157374440000041e+02
1.402747704619999869e-01 3.582595068169999730e-02 1.631364715239999874e-01 -2.799120385619999762e-01 -1.363066532969999969e+02 7.813766047709999896e+01 1.209005587799999972e+02
1.354688291599999983e-01 3.284608750629999796e-02 1.662365960930000108e-01 -2.847053482210000208e-01 -1.358475062720000039e+02 7.756854580590000126e+01 1.207885265270000019e+02
1.181070927570000012e-01 3.196318474109999946e-02 1.675811272780000083e-01 -2.919870449940000223e-01 -1.350124207019999858e+02 7.805732008699999369e+01 1.207732899620000069e+02
6.258428192430000259e+00 3.670053494069999700e-02 1.703896389550000057e-01 -2.859168612429999756e-01 -1.358514571469999908e+02 7.771690308850000406e+01 1.203140732500000070e+02
3.279131791329999990e-01 3.822925353659999831e-02 1.721404470329999936e-01 -2.914642207550000030e-01 -1.360550868670000000e+02 7.760746127269999306e+01 1.203117911460000045e+02
2.386056598780000038e-01 3.630212846429999723e-02 1.699535504209999937e-01 -2.913836964070000146e-01 -1.357144032219999872e+02 7.808989573009999674e+01 1.206883192089999994e+02
1.647985324079999925e-01 3.317122125099999930e-02 1.695250524030000039e-01 -2.935071890050000021e-01 -1.353510002769999971e+02 7.793045963800000209e+01 1.208673515849999944e+02
1.313879324890000033e+00 3.507571167819999863e-02 1.692992998819999872e-01 -2.892071820630000012e-01 -1.357983572999999922e+02 7.773088855529999819e+01 1.207950358490000013e+02
1.471756089509999865e-01 3.592913623889999741e-02 1.716526186660000119e-01 -2.911407975699999984e-01 -1.360159185669999999e+02 7.773326482730000464e+01 1.204895160129999994e+02
7.436271494280000116e-01 3.386885036770000135e-02 1.631046404879999967e-01 -2.869680207529999860e-01 -1.354905655100000104e+02 7.853355030710000051e+01 1.212257441050000040e+02
1.281415511369999871e-01 4.120132610260000133e-02 1.625718081159999995e-01 -2.891826906519999740e-01 -1.362860520549999990e+02 7.879108570949999546e+01 1.204810861309999979e+02
1.202523143210000034e-01 3.800270720320000212e-02 1.709634066179999967e-01 -2.838083682249999962e-01 -1.364301172810000082e+02 7.729313505330000567e+01 1.201470846469999998e+02
5.048514530190000293e-01 3.588768547869999881e-02 1.700050796510000073e-01 -2.860744634130000241e-01 -1.361885443810000140e+02 7.745643502689999593e+01 1.209129142590000043e+02
2.880557677139999884e-01 3.483506755150000272e-02 1.700242070509999925e-01 -2.918146187230000188e-01 -1.357740278370000055e+02 7.743697234569999921e+01 1.208303771390000065e+02
1.392743839779999881e-01 3.758558437759999815e-02 1.652437563570000045e-01 -2.841564043149999996e-01 -1.363427564510000138e+02 7.796593184840000390e+01 1.208964698540000029e+02
1.593042658899999908e-01 3.193004446239999794e-02 1.691560401820000059e-01 -2.859819769770000075e-01 -1.359662870680000140e+02 7.764743312310000078e+01 1.207541284210000043e+02
1.216715378290000038e-01 3.823367418220000036e-02 1.681749916770000075e-01 -2.877902763729999758e-01 -1.354991586239999890e+02 7.800311414339999772e+01 1.205681597180000040e+02
1.920278840659999930e-01 3.643397758170000000e-02 1.685118512759999909e-01 -2.900992828369999832e-01 -1.361695346729999869e+02 7.792612977710000166e+01 1.207589943039999980e+02
4.197113858159999822e-01 3.866596022870000260e-02 1.687943640479999952e-01 -2.858042724389999734e-01 -1.361447016870000084e+02 7.779634449530000495e+01 1.202986580479999930e+02
1.926297340939999991e-01 3.312444879709999790e-02 1.699607165370000117e-01 -2.828709807559999789e-01 -1.358329044699999884e+02 7.733466841790000501e+01 1.206124765450000069e+02
2.627598596169999912e-01 3.539112270980000058e-02 1.732784772179999933e-01 -2.864937851720000261e-01 -1.357480935730000056e+02 7.730325471640000501e+01 1.206604865860000046e+02
3.981541298919999972e-01 3.945079765139999917e-02 1.668718298330000016e-01 -2.869517552870000099e-01 -1.363769910020000111e+02 7.761809958169999391e+01 1.206822925489999960e+02
1.492189507999999998e-01 3.234712188729999688e-02 1.678483339959999932e-01 -2.914203500509999767e-01 -1.356680257520000055e+02 7.766181256720000192e+01 1.208189781070000066e+02
1.179531522049999948e-01 3.783114042220000334e-02 1.700488098400000092e-01 -2.859267028029999769e-01 -1.361408268989999897e+02 7.758381496490000018e+01 1.200606269820000023e+02
2.382430510459999928e-01 3.928492242420000141e-02 1.633556031739999970e-01 -2.930254044410000036e-01 -1.360073149810000075e+02 7.851173470679999866e+01 1.203691146980000042e+02
1.161016443859999997e-01 3.518552719660000133e-02 1.673676213349999942e-01 -2.813169942889999775e-01 -1.360594001569999989e+02 7.743896392950000518e+01 1.209741191250000014e+02
1.133020362839999989e-01 3.792246446190000037e-02 1.701771400690000047e-01 -2.856832061010000090e-01 -1.358289745049999908e+02 7.755776431770000556e+01 1.206384830370000003e+02
1.973772343809999941e-01 3.738770064980000141e-02 1.730683435020000105e-01 -2.866787278599999822e-01 -1.358602058150000005e+02 7.714147333939999385e+01 1.204674617560000058e+02
1.189364538349999972e-01 3.602773936840000107e-02 1.690319095199999955e-01 -2.866882070919999914e-01 -1.358558845219999967e+02 7.820671930720000375e+01 1.208940752519999933e+02
1.071229410809999977e-01 3.189624285460000014e-02 1.702184815020000019e-01 -2.872863600750000246e-01 -1.354594581640000115e+02 7.735961939249999375e+01 1.207740198900000053e+02
2.368664081280000000e-01 3.420459234960000067e-02 1.689007983799999946e-01 -2.863411614870000066e-01 -1.359125149150000027e+02 7.766459224269999595e+01 1.207038317340000049e+02
1.063143657979999934e-01 3.933019130979999861e-02 1.672651474179999986e-01 -2.953206386369999770e-01 -1.355567083910000008e+02 7.796999285239999722e+01 1.203781551799999932e+02
8.172496580550000500e-01 3.477865994869999700e-02 1.689409777539999935e-01 -2.873535561439999886e-01 -1.355165715640000030e+02 7.762327163220000159e+01 1.206356636099999946e+02
1.046569017829999948e-01 3.210036956440000255e-02 1.701756644990000122e-01 -2.880064780880000064e-01 -1.355391957710000099e+02 7.771352450999999917e+01 1.205814504549999953e+02
2.321427128430000042e-01 3.600238531819999893e-02 1.603387276079999979e-01 -2.895222806430000073e-01 -1.357746630620000019e+02 7.876785214260000600e+01 1.211445220819999946e+02
2.289988329679999990e-01 3.128606746060000332e-02 1.693270099760000036e-01 -2.897652473330000200e-01 -1.350349981010000135e+02 7.739938425779999420e+01 1.207835927990000044e+02
1.696045135679999927e-01 3.890197222470000160e-02 1.673473169699999930e-01 -2.867046390670000000e-01 -1.365694003080000130e+02 7.765255063719999384e+01 1.204707766679999992e+02
1.263820534729999945e-01 3.345859467960000250e-02 1.689948538319999971e-01 -2.881599325259999733e-01 -1.357784466040000098e+02 7.812715444570000045e+01 1.208922837110000046e+02
1.186063858090000034e+00 3.685881781170000093e-02 1.669557722689999912e-01 -2.893268829980000234e-01 -1.362023599649999994e+02 7.761965663899999868e+01 1.207205629930000015e+02
