4.991203641820000231e-02 1.574627732860000018e-01 -3.002618264879999832e-01 -1.357570237239999926e+02 7.939880169990000525e+01 1.163948687049999933e+02
5.118481203780000238e-02 1.611524257839999918e-01 -2.986808632269999930e-01 -1.354217403600000011e+02 7.881832502540000007e+01 1.160873884359999977e+02
5.468989929149999790e-02 1.596623008570000057e-01 -3.072686886579999999e-01 -1.355578439839999874e+02 7.960713720389999537e+01 1.159456482530000017e+02
5.054941344879999854e-02 1.612582080720000033e-01 -3.005089416089999910e-01 -1.354018015380000008e+02 7.910028617560000441e+01 1.165924762599999980e+02
5.494165242150000211e-02 1.619532980989999982e-01 -2.987581562120000256e-01 -1.362591654320000032e+02 7.886930211039999961e+01 1.160899618130000022e+02
4.824028380809999850e-02 1.605451541079999933e-01 -3.023360900779999971e-01 -1.352981909179999889e+02 7.942423433170000635e+01 1.161365380130000062e+02
5.349582143889999863e-02 1.632843111610000064e-01 -2.982657308350000203e-01 -1.358402275919999909e+02 7.876579021679999926e+01 1.160232984870000053e+02
4.962087217720000110e-02 1.623267374800000107e-01 -3.049064691410000028e-01 -1.353707738509999956e+02 7.890366361809999773e+01 1.161995095190000029e+02
5.145841662919999754e-02 1.599554740059999924e-01 -3.003668396479999836e-01 -1.355648918230000106e+02 7.925692126910000468e+01 1.163186872379999954e+02
5.161035819700000166e-02 1.553038221789999895e-01 -2.986959311910000192e-01 -1.359321088739999936e+02 7.976230999960000645e+01 1.163817252700000040e+02
5.267465472970000312e-02 1.668422515140000062e-01 -3.010090449919999855e-01 -1.355423281319999944e+02 7.834560306100000560e+01 1.158621910520000000e+02
5.090104194129999732e-02 1.566520835059999894e-01 -3.044102681970000113e-01 -1.355064806080000039e+02 7.973667298389999303e+01 1.165848776579999964e+02
4.421142778280000296e-02 1.676874477860000046e-01 -3.022632457609999990e-01 -1.348161759259999997e+02 7.852757881280000163e+01 1.162973336700000004e+02
4.719818885520000312e-02 1.586818632299999976e-01 -3.027851429689999985e-01 -1.346024173929999961e+02 7.956833405529999936e+01 1.164976894299999941e+02
4.609634089410000191e-02 1.605243038749999962e-01 -2.985803480870000137e-01 -1.356548683190000020e+02 7.883547211699999480e+01 1.165798593629999971e+02
5.328662858600000107e-02 1.673070998819999877e-01 -3.066878049099999726e-01 -1.350863948930000049e+02 7.877085431700000129e+01 1.158061268609999956e+02
5.462643132170000304e-02 1.635837554060000087e-01 -3.013267896740000062e-01 -1.357325128170000141e+02 7.914350423819999492e+01 1.158974967270000036e+02
5.128667524140000100e-02 1.648080944660000047e-01 -3.015743721079999773e-01 -1.355672403179999890e+02 7.890320391829999380e+01 1.159879616409999983e+02
4.944290302880000043e-02 1.601305601280000046e-01 -3.014869003039999940e-01 -1.353880508240000040e+02 7.943300062890000390e+01 1.165371089920000003e+02
5.249272738639999825e-02 1.611384205049999907e-01 -3.013325616870000112e-01 -1.356952035239999930e+02 7.961184421400000133e+01 1.163579148900000035e+02
4.973918087950000150e-02 1.591906617119999978e-01 -3.030226853649999885e-01 -1.354613661079999929e+02 7.950267016300000478e+01 1.163748585010000056e+02
5.349346917759999903e-02 1.591354573509999870e-01 -3.005650724310000022e-01 -1.355193793310000103e+02 7.969072280420000709e+01 1.160203918549999997e+02
4.804710810030000251e-02 1.599648992200000119e-01 -2.997512001589999753e-01 -1.358692974280000101e+02 7.960150499659999923e+01 1.163699410469999975e+02
5.224474616569999702e-02 1.591545507869999987e-01 -2.960554534100000024e-01 -1.359299638850000065e+02 7.928109128820000251e+01 1.164739851030000040e+02
5.034104535250000234e-02 1.598460744309999904e-01 -3.026929693939999777e-01 -1.356629286630000024e+02 7.938439943759999551e+01 1.158823310020000008e+02
5.041299564610000200e-02 1.621559023080000050e-01 -3.035236096730000166e-01 -1.351977349400000037e+02 7.922772936600000548e+01 1.165165426949999983e+02
5.433064484439999869e-02 1.613160245899999956e-01 -3.008047132500000220e-01 -1.360405085209999925e+02 7.932858705920000375e+01 1.159547646710000066e+02
5.118419665340000202e-02 1.609282176479999993e-01 -2.996323806739999984e-01 -1.353959573219999868e+02 7.901537532870000291e+01 1.162348026770000047e+02
5.345269439719999710e-02 1.544440272619999888e-01 -3.033918090489999830e-01 -1.357832239420000064e+02 8.022242660519999902e+01 1.162026397460000027e+02
4.307866147350000036e-02 1.624692661490000078e-01 -2.910749606649999932e-01 -1.353131796240000142e+02 7.849152256669999872e+01 1.167831958560000061e+02
4.835692111820000250e-02 1.645187763979999995e-01 -3.018190164960000144e-01 -1.348788049510000064e+02 7.903546818549999387e+01 1.163758409130000047e+02
5.138590458609999800e-02 1.618078271379999877e-01 -2.990949863990000068e-01 -1.356773819299999957e+02 7.940115906120000488e+01 1.161864520599999935e+02
5.030518465589999683e-02 1.586297125899999994e-01 -3.018026954540000140e-01 -1.350810383470000033e+02 7.952716444950000607e+01 1.163904095099999978e+02
5.060721376249999875e-02 1.601000446730000137e-01 -3.017010860520000226e-01 -1.356468051639999999e+02 7.940444787660000259e+01 1.159117006660000015e+02
5.018973285899999692e-02 1.584412387960000002e-01 -3.008347850179999838e-01 -1.352102364019999925e+02 7.962003162220000263e+01 1.160996829900000051e+02
5.438886881959999892e-02 1.602497167009999945e-01 -3.014174102550000178e-01 -1.358559683219999954e+02 7.910103673720000472e+01 1.161081177129999986e+02
4.908642470159999688e-02 1.622774434010000044e-01 -3.015182592610000101e-01 -1.358355726169999969e+02 7.940276806570000190e+01 1.164897687689999941e+02
5.145370058260000101e-02 1.611452975680000010e-01 -3.029612712909999783e-01 -1.355197249359999887e+02 7.926771230980000382e+01 1.163149142449999971e+02
4.962875488340000307e-02 1.605150198760000035e-01 -2.962260770390000020e-01 -1.352993259680000051e+02 7.878747930929999654e+01 1.163409455360000067e+02
4.770304317429999857e-02 1.592383722400000090e-01 -3.001907526909999846e-01 -1.357454832649999901e+02 7.947267881930000044e+01 1.162592937739999996e+02
5.173664517030000104e-02 1.598352485360000075e-01 -2.970028353449999936e-01 -1.356374754530000075e+02 7.928044279220000590e+01 1.163385030299999983e+02
5.441066197680000105e-02 1.594735960180000134e-01 -2.951002459150000035e-01 -1.363685186220000105e+02 7.931730228620000389e+01 1.163126938019999983e+02
4.885960212700000277e-02 1.598092608639999912e-01 -3.059199417769999929e-01 -1.350170870649999983e+02 7.914543789530000595e+01 1.161160921989999935e+02
5.370303418749999835e-02 1.604695199869999866e-01 -3.036298816649999899e-01 -1.351888208370000086e+02 7.921121447310000008e+01 1.160890281770000030e+02
5.026662732500000036e-02 1.645201810019999988e-01 -3.010907209540000240e-01 -1.354703053499999896e+02 7.905018773209999949e+01 1.160333777970000000e+02
5.366145430920000320e-02 1.590424423759999872e-01 -3.043550757960000186e-01 -1.353847465160000070e+02 7.935304052530000263e+01 1.162197682030000010e+02
4.736368024330000343e-02 1.608437997549999887e-01 -3.053198556839999966e-01 -1.350182630939999910e+02 7.929490856060000681e+01 1.167343516539999939e+02
5.175531350879999937e-02 1.628006354369999908e-01 -2.976856702769999918e-01 -1.360310581319999983e+02 7.926013725110000507e+01 1.162013768470000059e+02
5.261778550900000212e-02 1.616699724519999881e-01 -3.017351228230000237e-01 -1.350700338599999952e+02 7.928697467279999955e+01 1.162339023400000002e+02
4.446294346060000041e-02 1.642375589329999885e-01 -2.958160280789999819e-01 -1.349741415089999919e+02 7.858618814689999965e+01 1.167389580730000063e+02
5.179364846290000074e-02 1.640849364739999927e-01 -2.992776683910000068e-01 -1.352087230649999867e+02 7.878714097910000191e+01 1.162211423159999981e+02
4.851087756619999747e-02 1.583990230579999936e-01 -3.007445474379999983e-01 -1.354963989610000112e+02 7.940598101589999658e+01 1.160395510780000023e+02
4.903305928510000300e-02 1.591225327789999866e-01 -3.011441324370000006e-01 -1.352683256359999859e+02 7.925160142279999320e+01 1.162727062740000008e+02
5.099993696139999699e-02 1.595313812290000133e-01 -2.979277032300000072e-01 -1.359285572649999949e+02 7.899856889720000197e+01 1.160825031730000063e+02
4.886218436769999840e-02 1.589957325080000039e-01 -2.980596513509999879e-01 -1.354872008540000081e+02 7.961490296869999383e+01 1.162328071320000049e+02
5.472911948689999917e-02 1.662073279530000003e-01 -3.046597331559999788e-01 -1.354776213069999926e+02 7.888492125889999329e+01 1.158728734630000048e+02
5.025888074169999886e-02 1.585838811649999958e-01 -3.022830433350000012e-01 -1.350372661890000074e+02 7.951523356609999382e+01 1.163631953529999947e+02
5.046697082590000105e-02 1.605223098390000103e-01 -2.991468853770000158e-01 -1.354052022459999876e+02 7.921397749080000494e+01 1.168114173889999989e+02
4.924964528720000151e-02 1.610222937939999877e-01 -3.011267939780000180e-01 -1.354363095799999996e+02 7.947036014990000297e+01 1.163801069929999983e+02
4.890555326939999975e-02 1.594280816939999956e-01 -2.969165489310000017e-01 -1.359751174790000050e+02 7.902880111860000056e+01 1.166111727560000020e+02
5.635826080510000086e-02 1.523411673760000085e-01 -3.028327324719999880e-01 -1.360999016190000077e+02 8.026625650840000503e+01 1.161707539629999957e+02
5.057447841360000057e-02 1.606646085729999951e-01 -3.004066723209999901e-01 -1.355079860769999982e+02 7.914567826649999915e+01 1.165619278019999996e+02
4.893249352429999977e-02 1.618377657320000107e-01 -3.017170193509999820e-01 -1.351257772390000014e+02 7.892333310920000145e+01 1.162401900849999947e+02
4.882119393760000342e-02 1.625359220100000002e-01 -2.995946720359999871e-01 -1.351657614579999915e+02 7.875062547470000140e+01 1.165792555409999949e+02
5.099361005809999875e-02 1.668802624309999871e-01 -3.008846756310000203e-01 -1.355434259619999864e+02 7.831881285359999367e+01 1.160095176530000032e+02
4.976545453509999967e-02 1.604684855690000078e-01 -3.053460568690000154e-01 -1.353917176779999920e+02 7.918682546690000379e+01 1.163084323000000069e+02
5.133292382859999670e-02 1.615806896960000072e-01 -2.971858854800000227e-01 -1.358916741650000120e+02 7.900530367380000030e+01 1.164750692350000065e+02
5.197217999659999726e-02 1.645993142040000079e-01 -3.008020354929999973e-01 -1.356235713469999951e+02 7.914704435509999314e+01 1.159840999750000066e+02
4.634044998220000072e-02 1.629555580650000057e-01 -3.022401361859999858e-01 -1.349250089829999979e+02 7.911508966590000114e+01 1.163849184630000053e+02
4.716846319939999727e-02 1.616673417170000071e-01 -3.014662092100000024e-01 -1.351284831279999992e+02 7.892088704050000558e+01 1.163046444809999969e+02
5.110653284870000229e-02 1.599305886809999910e-01 -3.033978504290000267e-01 -1.350952694469999926e+02 7.903888023419999342e+01 1.165330204379999941e+02
5.300402065729999806e-02 1.569495098729999927e-01 -3.016773545340000195e-01 -1.360922215370000004e+02 7.946279349079999577e+01 1.161263295159999984e+02
5.286999971559999678e-02 1.636552869969999935e-01 -3.052806172629999870e-01 -1.353555033609999896e+02 7.928829210639999303e+01 1.158441350749999970e+02
5.360952651459999913e-02 1.590050757979999951e-01 -3.021983224229999876e-01 -1.355261967149999975e+02 7.955645455849999337e+01 1.158679953820000037e+02
5.078177010140000336e-02 1.556197317509999956e-01 -3.005154211159999922e-01 -1.352555906510000057e+02 7.961777083959999857e+01 1.163337247460000015e+02
4.831819250350000150e-02 1.587449372749999976e-01 -2.973099004850000004e-01 -1.356118353870000135e+02 7.934632268849999548e+01 1.167497610810000026e+02
5.139024755979999803e-02 1.612519424809999991e-01 -3.038537995700000272e-01 -1.355606289570000058e+02 7.920922775139999317e+01 1.158983312619999992e+02
5.066196028130000306e-02 1.588606873070000092e-01 -2.982795362760000124e-01 -1.356858792390000019e+02 7.906432735600000683e+01 1.165660165280000058e+02
5.155510341530000068e-02 1.642864464079999975e-01 -2.987812501650000119e-01 -1.356470297319999929e+02 7.873857494519999989e+01 1.162331047440000020e+02
5.190319266440000107e-02 1.614615094340000057e-01 -2.959266920809999757e-01 -1.360609036209999942e+02 7.862961326209999413e+01 1.163557451190000052e+02
4.754488307040000139e-02 1.610001362880000009e-01 -2.960574060580000166e-01 -1.353716533740000045e+02 7.895245646899999770e+01 1.164058750340000046e+02
4.838307143630000279e-02 1.617501210270000100e-01 -3.014095157369999778e-01 -1.355592212480000001e+02 7.884712208179999493e+01 1.164447063629999946e+02
5.234088947209999954e-02 1.597875031409999869e-01 -3.029009533800000042e-01 -1.354521887569999876e+02 7.940295574959999669e+01 1.159300371469999931e+02
4.547625428109999812e-02 1.591964940979999910e-01 -3.000068560799999950e-01 -1.350369090060000019e+02 7.888038730879999605e+01 1.164709399460000014e+02
5.222540981939999966e-02 1.608050886590000061e-01 -2.977264890990000135e-01 -1.359781298439999944e+02 7.889188409240000510e+01 1.165002328740000053e+02
4.938222621660000311e-02 1.589961908870000107e-01 -3.007452455969999994e-01 -1.352558439469999882e+02 7.955647585219999485e+01 1.168424504320000068e+02
5.332633415830000112e-02 1.597268707989999981e-01 -3.017451930510000047e-01 -1.359140966280000100e+02 7.961060264099999984e+01 1.165084389050000055e+02
4.783472800670000163e-02 1.616687634289999953e-01 -2.976001801850000072e-01 -1.354930586160000132e+02 7.925084432719999938e+01 1.166322884169999980e+02
5.354423632730000160e-02 1.644477983610000138e-01 -2.989489191670000046e-01 -1.356764161270000102e+02 7.882354735900000264e+01 1.159543358880000028e+02
5.126055646640000074e-02 1.619788674990000066e-01 -3.037050957460000200e-01 -1.353746083279999937e+02 7.896974271300000225e+01 1.165719155769999986e+02
5.169891321779999938e-02 1.535688081200000110e-01 -2.969464478159999921e-01 -1.358368315849999988e+02 7.955640600469999413e+01 1.165972269140000037e+02
5.182601292089999978e-02 1.549073596899999961e-01 -2.972027284729999996e-01 -1.358569950680000034e+02 7.990424844579999331e+01 1.165157374620000041e+02
4.904534330270000214e-02 1.581628034320000098e-01 -3.037751634170000048e-01 -1.351009219029999997e+02 7.937751604790000215e+01 1.163694376650000066e+02
4.873694165459999811e-02 1.576045669480000133e-01 -3.036744820789999966e-01 -1.352458502270000054e+02 7.965828605250000294e+01 1.166546836440000021e+02
4.738739567539999864e-02 1.622118098060000013e-01 -3.024181345020000022e-01 -1.348869960289999881e+02 7.924661197960000436e+01 1.166841440510000041e+02
5.271742144410000025e-02 1.595170780369999930e-01 -3.028664719270000028e-01 -1.357532119420000072e+02 7.931891957919999925e+01 1.159990470329999965e+02
4.715348798079999765e-02 1.611807447280000083e-01 -2.969024653239999978e-01 -1.352330401739999957e+02 7.940926842689999887e+01 1.163899052440000048e+02
4.864509579290000191e-02 1.611254615540000101e-01 -3.014377388700000271e-01 -1.355271313709999959e+02 7.880930808280000122e+01 1.162529917250000011e+02
4.488311888299999913e-02 1.593320159140000081e-01 -3.035183970759999794e-01 -1.348916110099999912e+02 7.961929980249999517e+01 1.165306013339999964e+02
5.102555873669999825e-02 1.667146163390000047e-01 -3.004371624789999862e-01 -1.356940133100000025e+02 7.843816065670000626e+01 1.161242753190000059e+02
4.890320511000000037e-02 1.588292767910000070e-01 -3.023325149830000114e-01 -1.348748099759999945e+02 7.910457653960000357e+01 1.164697225989999936e+02
4.936845356069999996e-02 1.611531760250000112e-01 -3.076803969420000007e-01 -1.351646879959999978e+02 7.941464503769999794e+01 1.164816663659999989e+02
5.003144559909999955e-02 1.608862177860000131e-01 -2.972786382889999746e-01 -1.357963270859999909e+02 7.891564113469999597e+01 1.160630751629999935e+02
4.506390534609999721e-02 1.598807170609999884e-01 -2.979891924070000031e-01 -1.349886839069999951e+02 7.894520517009999594e+01 1.164024004500000018e+02
5.014832718869999956e-02 1.611299780229999978e-01 -2.982453392839999884e-01 -1.359271461179999960e+02 7.917961111149999454e+01 1.162091819150000020e+02
4.936208148500000059e-02 1.620282590019999913e-01 -3.016319729799999960e-01 -1.352473704770000040e+02 7.956099509960000660e+01 1.163739319470000027e+02
5.051615718190000104e-02 1.624745369549999985e-01 -2.973629295099999847e-01 -1.358229076309999925e+02 7.878199286260000633e+01 1.164058293020000008e+02
4.809946317190000320e-02 1.585008298679999872e-01 -3.019351153100000018e-01 -1.347881831180000063e+02 7.921255450639999651e+01 1.166802237779999984e+02
4.578772698579999800e-02 1.542814348019999893e-01 -2.991503303160000238e-01 -1.351273276549999878e+02 7.963232893619999686e+01 1.167435956860000061e+02
5.303741326320000199e-02 1.586628161439999907e-01 -3.021816121550000012e-01 -1.356764604779999956e+02 7.947881186169999523e+01 1.159892435330000069e+02
4.947924323189999835e-02 1.616413062439999992e-01 -2.951892526450000109e-01 -1.356214631180000083e+02 7.909940430279999646e+01 1.164516548699999987e+02
4.922383588140000210e-02 1.572377553019999874e-01 -3.018190244339999939e-01 -1.348024132829999928e+02 7.948346457110000074e+01 1.164142662139999942e+02
4.477455132290000112e-02 1.602581587180000045e-01 -2.970442377909999765e-01 -1.351460560220000104e+02 7.893244946699999787e+01 1.168511210300000016e+02
5.424469570780000166e-02 1.618306143129999985e-01 -3.019523358530000201e-01 -1.354499447889999999e+02 7.913540539500000648e+01 1.162754033770000035e+02
5.452125103939999690e-02 1.611866111470000029e-01 -3.042090506880000267e-01 -1.354620266020000088e+02 7.961076274660000252e+01 1.162474992070000042e+02
4.646727181969999981e-02 1.619826951799999970e-01 -3.025893563820000187e-01 -1.348841849990000128e+02 7.915363681190000023e+01 1.164241432160000045e+02
5.151561266560000102e-02 1.604105776910000059e-01 -3.031311552320000158e-01 -1.357436003459999938e+02 7.952139538350000691e+01 1.160660173459999953e+02
5.038968821380000046e-02 1.610180402380000098e-01 -3.014491559110000218e-01 -1.352283277250000140e+02 7.947350062280000316e+01 1.160867987989999932e+02
5.197040483189999810e-02 1.649961946769999965e-01 -3.060566009749999816e-01 -1.351388654129999907e+02 7.896425036520000162e+01 1.160630489469999986e+02
4.865576340890000184e-02 1.633159792320000026e-01 -3.045727575759999972e-01 -1.348303445960000033e+02 7.925561060030000249e+01 1.163410384179999966e+02
4.851067387610000226e-02 1.576781479549999865e-01 -3.063100794129999804e-01 -1.350310335849999888e+02 7.977631960050000259e+01 1.163001254029999956e+02
5.172769158550000190e-02 1.627698813260000099e-01 -2.982114430130000104e-01 -1.352910269680000113e+02 7.916990900259999364e+01 1.161022602489999969e+02
4.932303804060000213e-02 1.585407356870000006e-01 -3.001615404210000171e-01 -1.354540949290000071e+02 7.941025004910000007e+01 1.167214012830000058e+02
5.243155703019999891e-02 1.605715195230000003e-01 -3.021067196009999956e-01 -1.359378328779999947e+02 7.958435764620000441e+01 1.162094253909999964e+02
5.323422700509999883e-02 1.578067135619999894e-01 -2.974248754639999825e-01 -1.360800435310000012e+02 7.935776433030000021e+01 1.164132645359999998e+02
5.397319341290000155e-02 1.546179328429999889e-01 -3.017541476880000184e-01 -1.356644375289999971e+02 7.970343763799999692e+01 1.163439138319999984e+02
5.403927111710000314e-02 1.566218721319999896e-01 -2.990855386499999824e-01 -1.356610589800000071e+02 7.955861709730000086e+01 1.163174199129999948e+02
4.698449493989999975e-02 1.580492807770000063e-01 -2.980385072069999808e-01 -1.349646012480000081e+02 7.958792733079999948e+01 1.167200257169999986e+02
4.777664906689999685e-02 1.649758230239999901e-01 -3.046532771500000125e-01 -1.351002768799999956e+02 7.902493304979999778e+01 1.163235022220000019e+02
5.279813545470000286e-02 1.654346380470000100e-01 -2.975431175869999723e-01 -1.359101216569999906e+02 7.872072332700000175e+01 1.158972300410000003e+02
4.608972026139999956e-02 1.621168148970000000e-01 -2.943867736810000246e-01 -1.353081748959999970e+02 7.887383565470000235e+01 1.166502512440000032e+02
5.367199359520000157e-02 1.602385417570000026e-01 -2.982187084099999774e-01 -1.356375955270000020e+02 7.926680667489999621e+01 1.164666785010000041e+02
4.413468671990000008e-02 1.595878492159999995e-01 -3.050556445009999784e-01 -1.346579989539999929e+02 7.948803626759999474e+01 1.164622375779999999e+02
5.002120889219999894e-02 1.617516810580000020e-01 -2.978374978719999788e-01 -1.358255884179999953e+02 7.912977664870000183e+01 1.162843886040000001e+02
5.303034106280000298e-02 1.634287312709999940e-01 -2.984529092100000058e-01 -1.361692950270000040e+02 7.913134317269999940e+01 1.162532160680000004e+02
5.506316181339999949e-02 1.646652400199999922e-01 -3.010941276419999979e-01 -1.356819188810000014e+02 7.862669776920000686e+01 1.157323059130000047e+02
5.036153123209999999e-02 1.674740222789999899e-01 -2.963944756279999759e-01 -1.357018727770000055e+02 7.845375413879999371e+01 1.160816224649999953e+02
5.250402513920000153e-02 1.586676136530000003e-01 -2.944339307280000040e-01 -1.360149793809999892e+02 7.942237837890000662e+01 1.166581921730000033e+02
5.092830487240000009e-02 1.610824413630000118e-01 -3.016299952340000257e-01 -1.350250194900000054e+02 7.900133862619999547e+01 1.164220327139999966e+02
5.224032774429999970e-02 1.601818712339999895e-01 -2.980582916019999806e-01 -1.357851689659999863e+02 7.948995576740000502e+01 1.159957996579999957e+02
5.417884653490000202e-02 1.625021646879999948e-01 -3.024452906389999973e-01 -1.354580887909999944e+02 7.907624438829999747e+01 1.160121410990000044e+02
5.318285694410000014e-02 1.642723288479999988e-01 -2.960311235359999738e-01 -1.357523470689999954e+02 7.882783182830000612e+01 1.163142350870000001e+02
4.903440908340000320e-02 1.611484003289999911e-01 -2.986205046809999875e-01 -1.352835232049999945e+02 7.908847739070000671e+01 1.167129478760000012e+02
4.943780080860000342e-02 1.656449918029999913e-01 -3.017978823679999811e-01 -1.352050589000000116e+02 7.864882918269999834e+01 1.160887473359999973e+02
4.984619528559999790e-02 1.584741064550000134e-01 -3.042878627400000258e-01 -1.350526086819999989e+02 7.932611634129999345e+01 1.163552306979999997e+02
5.320165090299999733e-02 1.603058574579999951e-01 -2.995635522549999763e-01 -1.357571095760000048e+02 7.909897049539999614e+01 1.160013121660000053e+02
4.052145549149999831e-02 1.594774477249999989e-01 -3.007771588340000246e-01 -1.344576224129999957e+02 7.940837326199999779e+01 1.169780832219999951e+02
5.024608324970000067e-02 1.611562224870000115e-01 -3.011014272620000098e-01 -1.355213224370000091e+02 7.939641501469999696e+01 1.162916928430000070e+02
4.899019505939999908e-02 1.582389242789999928e-01 -3.002609999929999884e-01 -1.353337836210000091e+02 7.892975484919999474e+01 1.166305635949999981e+02
4.921775541929999942e-02 1.583315495610000123e-01 -2.960873572280000032e-01 -1.355718525409999984e+02 7.890843923830000506e+01 1.166145000150000044e+02
4.711679183229999790e-02 1.611963018579999907e-01 -2.987515840180000048e-01 -1.353579196860000025e+02 7.886041279229999645e+01 1.169170559270000069e+02
5.221426487150000045e-02 1.648803396859999937e-01 -2.985460904739999921e-01 -1.358825260959999923e+02 7.855415448649999632e+01 1.159898684099999997e+02
5.498336093259999918e-02 1.597240775090000009e-01 -3.011459641740000248e-01 -1.355795294819999981e+02 7.935905373319999967e+01 1.159328725149999997e+02
4.675677626199999798e-02 1.618966722780000034e-01 -3.001685155739999833e-01 -1.350974229290000039e+02 7.861394103770000186e+01 1.164494186710000037e+02
5.144158369659999896e-02 1.517787109660000133e-01 -3.019432651649999744e-01 -1.355214762150000070e+02 8.011517011719999459e+01 1.164315463310000069e+02
5.113609041650000325e-02 1.627286064379999952e-01 -3.006821533799999835e-01 -1.356635295119999967e+02 7.881055768989999422e+01 1.161057792780000000e+02
5.259572850540000094e-02 1.600281403019999937e-01 -3.024317989520000083e-01 -1.359827950849999922e+02 7.956538907419999873e+01 1.162172182810000010e+02
4.946044286609999757e-02 1.618649183520000090e-01 -3.031467000120000033e-01 -1.351886977439999953e+02 7.928927740550000181e+01 1.161155381629999965e+02
4.867537318890000075e-02 1.581928504289999982e-01 -2.999624911529999993e-01 -1.358470302370000127e+02 7.925714126450000663e+01 1.162773836580000051e+02
5.224452838699999990e-02 1.638148433949999927e-01 -3.033267789560000205e-01 -1.353529905910000082e+02 7.896767022609999742e+01 1.164132902540000032e+02
5.140388210340000180e-02 1.548474137899999992e-01 -3.003862780179999969e-01 -1.358318652899999961e+02 8.005341547689999970e+01 1.167672463549999975e+02
4.987895397449999824e-02 1.596837707090000003e-01 -2.986099834209999804e-01 -1.357355567609999980e+02 7.938335679909999953e+01 1.162852828770000002e+02
4.590348577029999821e-02 1.605733505970000086e-01 -2.956415330080000015e-01 -1.354937366549999922e+02 7.913018212049999534e+01 1.168340702010000030e+02
5.100665264490000100e-02 1.659162909119999973e-01 -3.003117520899999948e-01 -1.355941381089999993e+02 7.884609381699999631e+01 1.163071354230000054e+02
4.771064149800000043e-02 1.631202050259999980e-01 -3.024148592920000156e-01 -1.354283608750000099e+02 7.908713612879999744e+01 1.164052882400000044e+02
4.339405769960000270e-02 1.611837430189999865e-01 -2.953020184069999887e-01 -1.352520479400000113e+02 7.897756178109999325e+01 1.166355306349999950e+02
5.116204581580000021e-02 1.590128268859999916e-01 -2.997955457600000040e-01 -1.357012581840000109e+02 7.977862389729999393e+01 1.165907940710000048e+02
4.553253825930000248e-02 1.574735413399999950e-01 -2.974319180769999793e-01 -1.349888171780000050e+02 7.955952741999999489e+01 1.167992932639999992e+02
4.233058118599999919e-02 1.568469039220000139e-01 -3.003927033480000008e-01 -1.345953662919999942e+02 7.947753672589999496e+01 1.169374845260000058e+02
4.808632241809999985e-02 1.635764503780000045e-01 -2.982326345399999856e-01 -1.352072079710000025e+02 7.862092313620000539e+01 1.161140980389999982e+02
4.956167633470000278e-02 1.575077098519999941e-01 -3.038586794459999796e-01 -1.353170432459999972e+02 7.981673555870000314e+01 1.167678608359999970e+02
4.894397397979999981e-02 1.648963637339999899e-01 -3.000912245010000090e-01 -1.352991560700000093e+02 7.865098382419999723e+01 1.161809480250000064e+02
5.020342756280000290e-02 1.598717178659999905e-01 -2.994206203309999759e-01 -1.358370211749999896e+02 7.940862009859999660e+01 1.167728432069999940e+02
4.798839926549999801e-02 1.605417722040000106e-01 -2.962222021959999840e-01 -1.352052077580000002e+02 7.890994521640000414e+01 1.165937123700000058e+02
5.180640461810000208e-02 1.597801860370000049e-01 -2.998188603759999737e-01 -1.358885830030000079e+02 7.888456571109999516e+01 1.162740810579999930e+02
5.218949600129999672e-02 1.609223131520000072e-01 -3.018249818579999966e-01 -1.353037463519999903e+02 7.934842062180000255e+01 1.160723483109999989e+02
4.795570170729999970e-02 1.570327985119999992e-01 -3.037919027229999958e-01 -1.350108857380000131e+02 7.966177179780000017e+01 1.168943908459999932e+02
4.638996764120000005e-02 1.552556658060000039e-01 -2.984966015459999955e-01 -1.353591436520000002e+02 7.990358341009999776e+01 1.169183036769999973e+02
5.100574800870000258e-02 1.586123463849999915e-01 -3.040251410600000037e-01 -1.355178580390000036e+02 7.974961356430000592e+01 1.163148764719999946e+02
5.069616506110000143e-02 1.613166447359999922e-01 -3.019407683990000257e-01 -1.353177971380000031e+02 7.917398737409999399e+01 1.162251891500000056e+02
5.059630676819999728e-02 1.603357734989999950e-01 -2.990236751279999883e-01 -1.357519938419999903e+02 7.888903152880000391e+01 1.165523183090000003e+02
4.961159235820000041e-02 1.596305420920000051e-01 -2.961138984889999937e-01 -1.358678838989999917e+02 7.932854427520000229e+01 1.161603973219999943e+02
5.361755544889999781e-02 1.611248152479999862e-01 -2.995195148359999782e-01 -1.358830853990000094e+02 7.940810860880000632e+01 1.159684897900000067e+02
4.952454260440000006e-02 1.629248208490000072e-01 -3.006103543170000059e-01 -1.353631073049999998e+02 7.877126058480000381e+01 1.159757710749999973e+02
4.900955250939999924e-02 1.578986786540000076e-01 -2.946872382960000203e-01 -1.356509588160000135e+02 7.938445136160000004e+01 1.164056156679999958e+02
4.885665736250000002e-02 1.636195656049999891e-01 -3.002428405490000229e-01 -1.355559557949999885e+02 7.927923657670000068e+01 1.165902490809999961e+02
5.458967972139999736e-02 1.549989479339999865e-01 -3.027271701950000060e-01 -1.358862521970000046e+02 7.991856737550000389e+01 1.161725026379999974e+02
5.018613612509999905e-02 1.624863598259999875e-01 -2.962678505410000218e-01 -1.356662735550000036e+02 7.878885933710000700e+01 1.161175600170000024e+02
5.268222612420000311e-02 1.615824368100000075e-01 -2.997276141920000025e-01 -1.355821550660000128e+02 7.912787040909999803e+01 1.159822923170000024e+02
4.901839717630000065e-02 1.600497100870000022e-01 -3.021724267579999901e-01 -1.355309832009999980e+02 7.933927519930000472e+01 1.162495883490000068e+02
4.521958167449999927e-02 1.612358673550000066e-01 -3.012520402839999889e-01 -1.349489882430000023e+02 7.905364209520000429e+01 1.164926989880000008e+02
5.352102007400000305e-02 1.614952684150000040e-01 -2.980139408579999816e-01 -1.361325263370000016e+02 7.892169929240000670e+01 1.160533413360000026e+02
4.873428586149999853e-02 1.596924227850000100e-01 -3.010353510389999765e-01 -1.353780978499999890e+02 7.892001663019999569e+01 1.167659779950000001e+02
4.905633246499999794e-02 1.590832252119999957e-01 -2.964400822209999897e-01 -1.359215884200000062e+02 7.932626766170000110e+01 1.167660306310000067e+02
5.051512000100000233e-02 1.649403772149999892e-01 -2.964364924199999751e-01 -1.355658115649999900e+02 7.855038031569999646e+01 1.162878693260000063e+02
5.530967426850000312e-02 1.638453981809999960e-01 -3.004077735049999753e-01 -1.358312018620000003e+02 7.904089981939999632e+01 1.159008934379999971e+02
4.793504686470000109e-02 1.621064271500000098e-01 -3.007290800799999886e-01 -1.348722936089999962e+02 7.912149292940000578e+01 1.164460140540000026e+02
4.750400254349999851e-02 1.570667754350000000e-01 -3.018411972069999782e-01 -1.351839377619999993e+02 7.968185765120000497e+01 1.167310865040000039e+02
4.483250893670000237e-02 1.614440228519999909e-01 -2.987539752480000144e-01 -1.351843005549999930e+02 7.920472148899999354e+01 1.169671654739999980e+02
5.282161742119999975e-02 1.570566217450000135e-01 -2.972268851020000158e-01 -1.357834115489999931e+02 7.925730202639999789e+01 1.163609269159999968e+02
4.756922657579999714e-02 1.609171143179999874e-01 -3.039962350520000189e-01 -1.350559494009999923e+02 7.955557355370000039e+01 1.161168157809999997e+02
4.960370062499999677e-02 1.622377777700000079e-01 -2.985081122289999778e-01 -1.357744554299999891e+02 7.934236001259999682e+01 1.161055386780000021e+02
5.388312978100000261e-02 1.636508051810000031e-01 -2.983247281390000172e-01 -1.359382022830000096e+02 7.882689587539999820e+01 1.158952790440000058e+02
4.764472904809999992e-02 1.553081006589999979e-01 -2.968989496980000142e-01 -1.356782535080000116e+02 7.958835289430000159e+01 1.166374124999999964e+02
4.974386529920000327e-02 1.560269030499999987e-01 -3.046762080400000072e-01 -1.353410964960000058e+02 7.993683018030000653e+01 1.165943996870000063e+02
4.919350579710000254e-02 1.603318403650000057e-01 -3.060211647609999974e-01 -1.354205483300000026e+02 7.953770112869999309e+01 1.161408043450000065e+02
4.823682384209999896e-02 1.599739089660000002e-01 -2.988865720580000107e-01 -1.358381018069999868e+02 7.891229786969999793e+01 1.164801413590000010e+02
5.220528594929999683e-02 1.570164789940000083e-01 -2.991660833720000134e-01 -1.358186764769999968e+02 7.961188774689999548e+01 1.166494879870000005e+02
4.968612463600000084e-02 1.637124737450000034e-01 -3.013775641790000237e-01 -1.355102156110000067e+02 7.872828531029999510e+01 1.159804937720000027e+02
4.599432934190000183e-02 1.629438130670000096e-01 -2.974919670819999862e-01 -1.351336392510000053e+02 7.845924921889999837e+01 1.164193945950000000e+02
5.009068934119999955e-02 1.604487599620000038e-01 -3.042860895560000056e-01 -1.354848748960000080e+02 7.946765136470000357e+01 1.159635678810000030e+02
5.272519907619999807e-02 1.612972077710000118e-01 -3.007233921949999944e-01 -1.355797711959999958e+02 7.921750638499999297e+01 1.163845325289999977e+02
5.217249779279999750e-02 1.584005402489999936e-01 -3.032861499519999837e-01 -1.355165853860000027e+02 7.950617341849999775e+01 1.165085898859999958e+02
4.582012365180000019e-02 1.600042849090000108e-01 -2.989305439850000190e-01 -1.352381068310000103e+02 7.880396440059999463e+01 1.168760844779999957e+02
4.965132504360000171e-02 1.592794721199999874e-01 -3.052502033730000175e-01 -1.351934133759999952e+02 7.937420600660000503e+01 1.166069429970000044e+02
4.854370466429999698e-02 1.575965820570000009e-01 -3.028548090179999930e-01 -1.349887162249999903e+02 7.991682962059999795e+01 1.162725205699999975e+02
5.157944955529999986e-02 1.587793181200000125e-01 -3.031987249190000178e-01 -1.356713556310000115e+02 7.942602147009999669e+01 1.158766291929999994e+02
4.755334741159999989e-02 1.612528302369999889e-01 -3.005090811719999810e-01 -1.352032829649999996e+02 7.934640886580000085e+01 1.164166218229999998e+02
5.174554249450000198e-02 1.613966321879999888e-01 -2.980934387609999736e-01 -1.355660470379999936e+02 7.917452878759999635e+01 1.160753812739999944e+02
4.571527859769999869e-02 1.626482023899999962e-01 -3.017694283530000243e-01 -1.347190335040000093e+02 7.901084457950000228e+01 1.165730512260000040e+02
4.907857055720000333e-02 1.606334826480000089e-01 -2.976523804180000177e-01 -1.354141964039999948e+02 7.925322370509999814e+01 1.164521597650000047e+02
5.088360253509999903e-02 1.573185401739999878e-01 -2.937250474140000178e-01 -1.359730238530000008e+02 7.959292475639999509e+01 1.165637502200000029e+02
5.249798536960000039e-02 1.613449717069999900e-01 -2.991905998439999825e-01 -1.357416783859999896e+02 7.860083752789999778e+01 1.160334976700000027e+02
4.882339824680000107e-02 1.601177429170000110e-01 -3.016464577840000105e-01 -1.350937178720000134e+02 7.944570231480000189e+01 1.166383089180000070e+02
5.485817443379999853e-02 1.633164125400000111e-01 -2.924759074889999866e-01 -1.362587597510000137e+02 7.879373533109999528e+01 1.160372520140000034e+02
5.143270020860000319e-02 1.607213932809999912e-01 -3.011117685629999818e-01 -1.356760675490000096e+02 7.889168030150000277e+01 1.159256602979999968e+02
5.126698820160000003e-02 1.596524414880000076e-01 -3.015520312209999942e-01 -1.357668532529999936e+02 7.920483828390000269e+01 1.162125691229999944e+02
4.663979633120000218e-02 1.625489108160000085e-01 -2.968513289310000247e-01 -1.352235466539999891e+02 7.890883548790000646e+01 1.166352880470000031e+02
4.869291568680000210e-02 1.558375501940000019e-01 -2.997293161469999911e-01 -1.353252221150000025e+02 7.986976849110000387e+01 1.166783070390000034e+02
5.049845576919999995e-02 1.663832793689999923e-01 -2.970427732150000000e-01 -1.356560888189999901e+02 7.875152771710000366e+01 1.160472340719999949e+02
5.379346947110000277e-02 1.615181317140000072e-01 -3.008148933929999935e-01 -1.359888505659999964e+02 7.909335061800000233e+01 1.158382683800000024e+02
4.984266819469999887e-02 1.610074019420000002e-01 -3.039055086110000192e-01 -1.353788232919999928e+02 7.941148698979999665e+01 1.164197961630000009e+02
4.790895083590000075e-02 1.606506297789999926e-01 -2.961912788230000038e-01 -1.351912367220000135e+02 7.908267290009999329e+01 1.165832024049999944e+02
5.093035783100000047e-02 1.587252572339999945e-01 -2.987541870720000214e-01 -1.359357519509999861e+02 7.939410529079999890e+01 1.163819677999999982e+02
4.791215264800000040e-02 1.587930945159999885e-01 -2.994825487119999741e-01 -1.356807895789999918e+02 7.969206330640000147e+01 1.164485389029999993e+02
4.937217604090000239e-02 1.598234647170000133e-01 -3.012635676930000006e-01 -1.348242277989999991e+02 7.911345736939999540e+01 1.161658431540000009e+02
5.095123336440000178e-02 1.618346866279999907e-01 -3.052202982719999791e-01 -1.352021244729999978e+02 7.933524493199999483e+01 1.159330835370000017e+02
4.855459578389999947e-02 1.603498704259999907e-01 -2.993517363339999737e-01 -1.358008770129999903e+02 7.905039269949999436e+01 1.164897011030000016e+02
5.283099265599999761e-02 1.631901776159999928e-01 -3.024739008330000201e-01 -1.354392169440000089e+02 7.877092589180000459e+01 1.158541209199999997e+02
5.140546810260000071e-02 1.598336034170000086e-01 -3.006506965640000084e-01 -1.360569312410000009e+02 7.947060432199999980e+01 1.165044550580000049e+02
4.857572166750000198e-02 1.639962881510000081e-01 -2.995246164450000026e-01 -1.354275283819999913e+02 7.862059949250000557e+01 1.159725511470000043e+02
4.655703761720000194e-02 1.614283325910000066e-01 -3.002495637259999794e-01 -1.353959301220000100e+02 7.886157618779999723e+01 1.161551338849999979e+02
4.924985437829999813e-02 1.631380833520000018e-01 -2.999815605999999746e-01 -1.353025552480000044e+02 7.946915169759999742e+01 1.161305670689999943e+02
4.926699131920000280e-02 1.586652250879999893e-01 -2.992760913509999732e-01 -1.350247068619999880e+02 7.909958560729999988e+01 1.165204391019999974e+02
5.349566178060000121e-02 1.617879589389999984e-01 -3.056096554270000265e-01 -1.352768594240000084e+02 7.935292206719999797e+01 1.163012210299999936e+02
5.529990738550000229e-02 1.612053675729999969e-01 -2.971473486469999870e-01 -1.360847189570000069e+02 7.918552246030000674e+01 1.162536372470000003e+02
4.718957474430000160e-02 1.595971414460000126e-01 -3.020065753289999932e-01 -1.352062498649999895e+02 7.972567253089999895e+01 1.163792567830000024e+02
4.728365578259999952e-02 1.671955238510000052e-01 -2.996978799030000085e-01 -1.351284095409999964e+02 7.833938486949999458e+01 1.163436378650000051e+02
5.072673295320000164e-02 1.595358930409999931e-01 -3.055099717099999945e-01 -1.356355623890000004e+02 7.975209877640000400e+01 1.161415063820000029e+02
5.190175278860000019e-02 1.633414431030000002e-01 -3.040440453400000131e-01 -1.354480198919999907e+02 7.907985238259999505e+01 1.160276083720000031e+02
4.975985154160000173e-02 1.621995722129999928e-01 -3.013975332100000126e-01 -1.351016393399999913e+02 7.951480464579999818e+01 1.161936533610000026e+02
4.962887316279999961e-02 1.633985945089999892e-01 -3.047287365849999929e-01 -1.353102434319999929e+02 7.899611271329999340e+01 1.162664807360000054e+02
4.585561828000000312e-02 1.595122140649999909e-01 -2.986840657170000135e-01 -1.351510900830000139e+02 7.918299970219999295e+01 1.165017717940000068e+02
5.161722426450000151e-02 1.662906860420000077e-01 -3.000708065730000040e-01 -1.355573756599999911e+02 7.847011779860000047e+01 1.162925243739999956e+02
5.162726530140000075e-02 1.607948611789999926e-01 -3.009098766969999783e-01 -1.358732607610000116e+02 7.871484649379999610e+01 1.163220511669999979e+02
5.403951054159999989e-02 1.589642325160000036e-01 -2.984227778810000231e-01 -1.359793860519999953e+02 7.941636747799999796e+01 1.160842036899999954e+02
4.933959410750000246e-02 1.577152576580000132e-01 -2.973289288220000159e-01 -1.357617757369999936e+02 7.929001543719999745e+01 1.165789473669999978e+02
4.691252247759999938e-02 1.546608440020000030e-01 -2.968748667980000144e-01 -1.353934301799999957e+02 7.993660727750000206e+01 1.168061169679999978e+02
4.415221460089999855e-02 1.667266821570000113e-01 -2.967763126929999773e-01 -1.348154316229999949e+02 7.829803404380000131e+01 1.165722303219999958e+02
5.222209003279999762e-02 1.556640792679999941e-01 -2.974105700449999889e-01 -1.358351863009999931e+02 7.946923738460000664e+01 1.163878961719999978e+02
5.008456501700000313e-02 1.640189328049999895e-01 -3.093676022180000262e-01 -1.349644846429999916e+02 7.897536509219999346e+01 1.161860847110000066e+02
4.852798144989999701e-02 1.610378430030000030e-01 -3.032574832180000013e-01 -1.350346540509999897e+02 7.960959898180000494e+01 1.166883478830000058e+02
4.613771452160000258e-02 1.596350468230000041e-01 -2.993282424709999834e-01 -1.351343419380000057e+02 7.925113617869999416e+01 1.163534620709999956e+02
5.309960098170000281e-02 1.612603002530000051e-01 -3.007721414339999955e-01 -1.357838924090000035e+02 7.925017420189999484e+01 1.158750543289999939e+02
5.074963439110000141e-02 1.582957999050000064e-01 -2.995718469529999872e-01 -1.357560121870000103e+02 7.910433554899999820e+01 1.163350563089999952e+02
5.210463514719999856e-02 1.667123473029999969e-01 -2.974763705780000267e-01 -1.355572601540000051e+02 7.869617196519999425e+01 1.161301233570000022e+02
5.054795698359999812e-02 1.585691387629999949e-01 -3.012676837300000132e-01 -1.358317223370000022e+02 7.918383216860000573e+01 1.161498908429999943e+02
4.930214373649999954e-02 1.602036474240000063e-01 -2.992953072010000048e-01 -1.351669258469999875e+02 7.906840238200000215e+01 1.164245819399999959e+02
5.351005200500000281e-02 1.591566736349999955e-01 -3.024183905069999789e-01 -1.354699663300000054e+02 7.980674776809999571e+01 1.160581794059999936e+02
4.977587851790000323e-02 1.632928127440000099e-01 -3.000586060159999846e-01 -1.352020683419999898e+02 7.909938027159999763e+01 1.163671984169999973e+02
4.908688545989999680e-02 1.597105876440000072e-01 -2.985903816050000104e-01 -1.357321823999999992e+02 7.895462973520000105e+01 1.164440849359999959e+02
4.917528892729999823e-02 1.610750242010000055e-01 -2.983275867419999949e-01 -1.355086408580000068e+02 7.943827527630000418e+01 1.167613543899999939e+02
4.725777471229999915e-02 1.556380709450000122e-01 -2.979661638180000072e-01 -1.352855917649999924e+02 7.977942915970000115e+01 1.167225881500000071e+02
4.691488267709999910e-02 1.643841262240000045e-01 -2.987743265760000044e-01 -1.352922880790000022e+02 7.855477558399999793e+01 1.166974796989999987e+02
4.982039641419999665e-02 1.579629130069999943e-01 -2.992106104030000102e-01 -1.354958523729999911e+02 7.982485775569999475e+01 1.164682251060000056e+02
4.920194944220000061e-02 1.610885940590000009e-01 -2.998319897669999845e-01 -1.357156928900000139e+02 7.907796746530000576e+01 1.161686497280000054e+02
4.882418734240000224e-02 1.608735126080000077e-01 -2.965054382580000203e-01 -1.352552297459999977e+02 7.896676959020000197e+01 1.163179400840000000e+02
5.017914904739999987e-02 1.583765091429999994e-01 -3.028500940519999740e-01 -1.355702455210000039e+02 7.971046019429999774e+01 1.163508576269999963e+02
5.441411328290000210e-02 1.556364420959999995e-01 -3.044185742400000172e-01 -1.356175593330000027e+02 7.979406496410000216e+01 1.160927325490000044e+02
4.982210507019999707e-02 1.631223017260000074e-01 -3.015127204990000198e-01 -1.353993261180000047e+02 7.903320277749999434e+01 1.160957441879999976e+02
4.925101431259999718e-02 1.622414114550000119e-01 -2.986841156930000185e-01 -1.353092620079999904e+02 7.893377299569999650e+01 1.165537374209999939e+02
5.178597859899999878e-02 1.601461635970000130e-01 -3.016640896969999819e-01 -1.360860264130000132e+02 7.912611436820000677e+01 1.161690173780000066e+02
4.839025565099999704e-02 1.602268910980000072e-01 -3.059524073600000116e-01 -1.350892587479999918e+02 7.944072160659999327e+01 1.162711949330000039e+02
5.282342717340000188e-02 1.545839015040000042e-01 -2.976039086280000134e-01 -1.360667682810000088e+02 7.985466332410000234e+01 1.165636499560000061e+02
5.036187648919999982e-02 1.585424783640000113e-01 -2.997671112999999998e-01 -1.355205641759999935e+02 7.943450700149999477e+01 1.165573008890000040e+02
4.985094022400000241e-02 1.651235317660000035e-01 -3.027376536399999929e-01 -1.351628911829999993e+02 7.849551677819999895e+01 1.160696066219999949e+02
5.033845538060000013e-02 1.596723993549999943e-01 -3.036942772990000039e-01 -1.357140595719999965e+02 7.956985197660000608e+01 1.166487774400000035e+02
5.103976286169999849e-02 1.623306450939999979e-01 -2.985468192019999911e-01 -1.354858979889999944e+02 7.887924212980000505e+01 1.160592678950000050e+02
4.692231693260000280e-02 1.585635581550000062e-01 -2.971633567670000087e-01 -1.357517933949999929e+02 7.931821302790000061e+01 1.165149526839999936e+02
5.088933372670000066e-02 1.642263812670000100e-01 -2.975171806499999905e-01 -1.355546943889999909e+02 7.880657890509999675e+01 1.159713200340000014e+02
4.792552272520000239e-02 1.608887432059999956e-01 -2.973337833999999957e-01 -1.353342913950000082e+02 7.909927559969999322e+01 1.165840526249999982e+02
5.287685305289999832e-02 1.596459020750000124e-01 -3.046776841600000174e-01 -1.356223801859999867e+02 7.954757019710000066e+01 1.163653520080000021e+02
5.020618057649999660e-02 1.607444641180000022e-01 -3.026364439990000266e-01 -1.351175543370000014e+02 7.946199195289999295e+01 1.158919338219999986e+02
5.184176944359999983e-02 1.578437860480000066e-01 -2.989485825000000041e-01 -1.359016646670000057e+02 7.905822988479999935e+01 1.165725795080000040e+02
5.364580812110000124e-02 1.622524218239999871e-01 -3.001617157229999888e-01 -1.359367453870000020e+02 7.914491701490000253e+01 1.160038917359999999e+02
5.277111405740000233e-02 1.598173744749999958e-01 -2.930336295650000089e-01 -1.362349187760000007e+02 7.907961007989999302e+01 1.163497046819999952e+02
5.236210559809999915e-02 1.556663284139999937e-01 -3.011298583729999923e-01 -1.355433036350000009e+02 7.950322305890000507e+01 1.163550017430000025e+02
5.071626012730000299e-02 1.582480308160000015e-01 -3.040712239410000017e-01 -1.350572323769999912e+02 7.941954479380000009e+01 1.163679805940000023e+02
4.899629660740000003e-02 1.657156092759999866e-01 -3.012582756980000109e-01 -1.353772769429999983e+02 7.906252570179999850e+01 1.162620630899999981e+02
4.863306328309999899e-02 1.562829262819999954e-01 -2.972212798269999734e-01 -1.357347532649999948e+02 7.945410542550000343e+01 1.166619277559999972e+02
5.168724300819999701e-02 1.625620685680000121e-01 -2.971944072520000257e-01 -1.359456069720000073e+02 7.872664410660000556e+01 1.159222559840000031e+02
5.218244832490000207e-02 1.624606781790000065e-01 -3.012576505030000185e-01 -1.357882103119999897e+02 7.890605177099999423e+01 1.158742121039999944e+02
4.840309052589999994e-02 1.608676989449999983e-01 -2.970286215769999960e-01 -1.357799008089999973e+02 7.946291246939999553e+01 1.163376129549999973e+02
4.965964256009999800e-02 1.566289678480000114e-01 -3.012750922269999965e-01 -1.357495445309999980e+02 7.988764253239999391e+01 1.166555420889999937e+02
4.839703784990000146e-02 1.631323300879999882e-01 -2.970154966519999995e-01 -1.354736758139999893e+02 7.894840707039999472e+01 1.165259415609999962e+02
4.689700037740000133e-02 1.615230558719999987e-01 -2.974065395339999807e-01 -1.354309842680000031e+02 7.901410899169999880e+01 1.165893797979999960e+02
4.672053041379999744e-02 1.591711467299999905e-01 -2.974569276740000046e-01 -1.352106905120000135e+02 7.892214076770000020e+01 1.164576492300000012e+02
5.275040801369999810e-02 1.582473869709999925e-01 -3.024248424439999750e-01 -1.358396195820000116e+02 7.936948124190000442e+01 1.162175104009999984e+02
5.070875152950000270e-02 1.583470936699999942e-01 -2.955070314589999803e-01 -1.355501026139999965e+02 7.914740110629999492e+01 1.167885876170000046e+02
4.966523771030000034e-02 1.614248995030000133e-01 -3.005771405089999737e-01 -1.354792340859999911e+02 7.904634033940000393e+01 1.165095755220000058e+02
5.151822152010000072e-02 1.610216693800000098e-01 -3.009954356599999770e-01 -1.358610002739999914e+02 7.962192140610000024e+01 1.162339438260000009e+02
5.019212159219999664e-02 1.660210783540000123e-01 -3.024016237839999843e-01 -1.351382265580000137e+02 7.838788247829999989e+01 1.159521347780000013e+02
4.719962352820000068e-02 1.576945471979999958e-01 -3.053368338749999911e-01 -1.347204851040000051e+02 7.976894115279999653e+01 1.168188069640000037e+02
4.435590541449999785e-02 1.550775627000000045e-01 -3.034126673959999798e-01 -1.347748252460000060e+02 8.000842590659999587e+01 1.169680657290000028e+02
4.709671312130000315e-02 1.570791433369999879e-01 -2.961014389359999943e-01 -1.356302520680000043e+02 7.964763518540000575e+01 1.167537920919999976e+02
5.269320694199999822e-02 1.566073063099999996e-01 -2.994815200839999747e-01 -1.357736707580000086e+02 7.954586056450000342e+01 1.163613271210000022e+02
5.252905109299999681e-02 1.563311019899999987e-01 -3.024340105119999733e-01 -1.356436064090000002e+02 7.965713377570000375e+01 1.165700526509999975e+02
4.996630994259999847e-02 1.613530003110000000e-01 -2.971018774840000209e-01 -1.354342291879999891e+02 7.906263769059999902e+01 1.163327698570000024e+02
5.342940612819999796e-02 1.600544600390000072e-01 -2.985832483699999984e-01 -1.359984184589999927e+02 7.888466577890000053e+01 1.163912270050000046e+02
5.260270922529999837e-02 1.560108935299999999e-01 -3.048570882750000210e-01 -1.356182798220000052e+02 7.968310585170000593e+01 1.165004710289999963e+02
4.825618384710000236e-02 1.634493046849999909e-01 -2.945374692500000169e-01 -1.355030842829999926e+02 7.896326190179999571e+01 1.163010318089999942e+02
5.299338721909999800e-02 1.591299411550000098e-01 -3.012441786739999960e-01 -1.352790532369999994e+02 7.975176875040000368e+01 1.163411619059999964e+02
5.465487208079999881e-02 1.584508869590000035e-01 -2.971553074220000257e-01 -1.361133087309999894e+02 7.936407977129999836e+01 1.161078175859999959e+02
5.010233986260000105e-02 1.568906585690000022e-01 -3.023118252970000142e-01 -1.352608976310000060e+02 7.931259344350000617e+01 1.165771147509999963e+02
4.972769393220000111e-02 1.575665817909999988e-01 -2.983026480129999936e-01 -1.358940742380000017e+02 7.974744553380000411e+01 1.164139967610000070e+02
4.679163303870000068e-02 1.600132856800000059e-01 -2.988107277029999898e-01 -1.354430648739999867e+02 7.882427612390000604e+01 1.166660551800000007e+02
5.105991214439999787e-02 1.642856011280000028e-01 -2.946291724239999965e-01 -1.359176188550000006e+02 7.858469150560000571e+01 1.162010747289999983e+02
5.479570625059999867e-02 1.586388584610000096e-01 -3.012986599099999885e-01 -1.361102742420000027e+02 7.955023439539999686e+01 1.163702787400000034e+02
4.364683247719999826e-02 1.605266571900000050e-01 -3.075356795399999954e-01 -1.346022403380000014e+02 7.935367513959999997e+01 1.165356740720000062e+02
4.982863237739999784e-02 1.549536524650000080e-01 -2.989062691400000138e-01 -1.356757877910000047e+02 8.002055769129999874e+01 1.166329879270000021e+02
5.087259572100000238e-02 1.585635738199999978e-01 -3.019047159050000095e-01 -1.357322431309999899e+02 7.970125278689999959e+01 1.160367220640000028e+02
5.254980775430000139e-02 1.599877860529999862e-01 -2.963838839290000027e-01 -1.359420147909999912e+02 7.911542745639999907e+01 1.160525612400000028e+02
5.036266681970000270e-02 1.615702559520000026e-01 -2.980023042839999858e-01 -1.357590493190000132e+02 7.909295247839999377e+01 1.160963777040000053e+02
5.335209658790000115e-02 1.623273098849999929e-01 -3.006606306299999809e-01 -1.361815054040000064e+02 7.894772676229999320e+01 1.159499599600000010e+02
4.841500195440000265e-02 1.611959542149999924e-01 -3.002348715590000272e-01 -1.352503067129999863e+02 7.886864141559999553e+01 1.167203136250000028e+02
4.955141315870000007e-02 1.591433406649999938e-01 -3.032854981449999987e-01 -1.351681500319999998e+02 7.934905563840000298e+01 1.165818709800000050e+02
5.830863739839999699e-02 1.597303557189999890e-01 -2.977552423029999895e-01 -1.365625108620000105e+02 7.920452244409999309e+01 1.160544393859999985e+02
4.687929485359999815e-02 1.626205934349999882e-01 -2.953985917670000072e-01 -1.353496603090000008e+02 7.849932582430000139e+01 1.166411584150000067e+02
5.232028079349999861e-02 1.559398298670000016e-01 -2.999311246729999825e-01 -1.356374657060000004e+02 7.987297672690000638e+01 1.165010183809999944e+02
4.704114604120000070e-02 1.612878105520000049e-01 -3.012674808299999896e-01 -1.353203669030000071e+02 7.908229725709999514e+01 1.163145621460000001e+02
5.080425710690000124e-02 1.633605702179999897e-01 -3.061271723360000085e-01 -1.350757130949999976e+02 7.936121169339999426e+01 1.158454781119999950e+02
4.936588927910000313e-02 1.596196425510000017e-01 -2.981690925150000115e-01 -1.357790410739999913e+02 7.906645644450000532e+01 1.162181108300000005e+02
5.103870932289999995e-02 1.654463978300000082e-01 -3.001389494289999904e-01 -1.351124858560000064e+02 7.873839983770000117e+01 1.160753581599999933e+02
4.932596520210000279e-02 1.595929073060000092e-01 -3.011667394459999758e-01 -1.353599742320000132e+02 7.905957624420000229e+01 1.162792879619999979e+02
5.291467672559999752e-02 1.601991191780000046e-01 -3.027129193359999748e-01 -1.351452357930000119e+02 7.945197786849999488e+01 1.164082848630000058e+02
5.346379677100000088e-02 1.654002144130000129e-01 -2.979977552210000269e-01 -1.358875319450000063e+02 7.865347637680000048e+01 1.162315870780000040e+02
5.447327643890000071e-02 1.616950000959999911e-01 -3.042664653330000024e-01 -1.359005791520000059e+02 7.909450722120000421e+01 1.160485638199999983e+02
5.196434917090000244e-02 1.669806894870000114e-01 -3.061050998889999764e-01 -1.353334311410000055e+02 7.894403151209999692e+01 1.158279126200000064e+02
4.903365477589999993e-02 1.629365295449999862e-01 -3.012909561830000027e-01 -1.355648179590000098e+02 7.917501412880000089e+01 1.165309051370000049e+02
5.140662056490000187e-02 1.610580257149999972e-01 -3.041766132070000128e-01 -1.350808731939999916e+02 7.960780827850000207e+01 1.160239725640000046e+02
4.934810486389999695e-02 1.606794574419999899e-01 -3.021269749270000249e-01 -1.352595589869999912e+02 7.916752185260000374e+01 1.165278806550000041e+02
4.862293630529999910e-02 1.629653665630000081e-01 -3.012586823360000055e-01 -1.353954753120000021e+02 7.914129475960000093e+01 1.163673892409999979e+02
4.572013321230000010e-02 1.529750963660000129e-01 -3.013068576619999939e-01 -1.351214288490000115e+02 8.021483853540000553e+01 1.169743567149999990e+02
4.685816231619999855e-02 1.523041074910000126e-01 -3.008063741690000237e-01 -1.349586669450000045e+02 8.003455862660000264e+01 1.168295393799999999e+02
4.958888820690000171e-02 1.593566619160000086e-01 -2.997382969349999815e-01 -1.353329308819999994e+02 7.946094173119999482e+01 1.164179453670000015e+02
4.832271425709999679e-02 1.612159692179999937e-01 -2.968271036319999889e-01 -1.357743730530000050e+02 7.880192975200000660e+01 1.161702619779999992e+02
5.186843602579999796e-02 1.671046505450000108e-01 -2.990746034399999753e-01 -1.357180735489999961e+02 7.857690323440000668e+01 1.162088078339999981e+02
5.321247120489999705e-02 1.594811492690000054e-01 -2.989293496350000079e-01 -1.357997479219999946e+02 7.909219268510000234e+01 1.164338099200000016e+02
4.960358472620000209e-02 1.637278120229999911e-01 -3.006038278620000170e-01 -1.349592739800000061e+02 7.883539901849999865e+01 1.161577560230000046e+02
4.734477589839999889e-02 1.578900859769999943e-01 -3.005774602169999921e-01 -1.350878776360000018e+02 7.958414642559999663e+01 1.168911940039999990e+02
4.865825036009999854e-02 1.624686963739999934e-01 -3.061134755470000246e-01 -1.347215081600000133e+02 7.948588150220000159e+01 1.162418708360000039e+02
5.044285388690000066e-02 1.609755571210000069e-01 -2.968155759950000250e-01 -1.354908505989999981e+02 7.889600896420000709e+01 1.161044573549999939e+02
4.860447770739999979e-02 1.614658022490000067e-01 -2.983181173489999893e-01 -1.351213955990000102e+02 7.881257957649999923e+01 1.163618328270000006e+02
5.260522835700000288e-02 1.601404707740000100e-01 -3.026364545099999859e-01 -1.357817331009999862e+02 7.944554547100000264e+01 1.161019912499999975e+02
4.762671786830000031e-02 1.601835493600000104e-01 -3.042220108690000258e-01 -1.347173740439999960e+02 7.897810844810000219e+01 1.162738970430000052e+02
5.172734678500000294e-02 1.615708937600000006e-01 -3.017285776390000174e-01 -1.355536698310000077e+02 7.919410992459999932e+01 1.164479716630000041e+02
5.337861101489999732e-02 1.586144413549999965e-01 -3.078384902960000225e-01 -1.353991861840000013e+02 7.990612302750000140e+01 1.161094107159999993e+02
5.095587619440000021e-02 1.596996419130000122e-01 -3.014495507730000079e-01 -1.356906409979999921e+02 7.896177623110000354e+01 1.161590592590000028e+02
5.501993622910000131e-02 1.645356474970000038e-01 -3.058258477770000039e-01 -1.354116805220000117e+02 7.920172237830000483e+01 1.156734308399999946e+02
5.171730240760000208e-02 1.618559644900000039e-01 -2.998888961910000095e-01 -1.351083025769999892e+02 7.897456378549999556e+01 1.162466945820000035e+02
4.958394865170000221e-02 1.620846265620000115e-01 -3.027462508579999989e-01 -1.353402555890000087e+02 7.873492264889999603e+01 1.164770760119999977e+02
4.754992717940000058e-02 1.607407666619999898e-01 -2.967765548819999988e-01 -1.356021577230000048e+02 7.893696254949999513e+01 1.169254052640000054e+02
4.251734319859999667e-02 1.630152659330000031e-01 -2.992236339389999777e-01 -1.347170649560000015e+02 7.892273378870000045e+01 1.167158220259999979e+02
5.065950978150000200e-02 1.587373796119999902e-01 -3.006978894169999861e-01 -1.353063541680000128e+02 7.888302029899999468e+01 1.161972018059999954e+02
5.182388880359999755e-02 1.589672899869999934e-01 -3.019745180069999813e-01 -1.355798819329999958e+02 7.927620922469999698e+01 1.159207198330000068e+02
4.879253971719999666e-02 1.549917665439999870e-01 -2.953241751919999936e-01 -1.356505780360000131e+02 7.961059635840000226e+01 1.169955935459999949e+02
4.868752655070000129e-02 1.596051810889999867e-01 -2.988724267010000046e-01 -1.353267439420000073e+02 7.934683857219999936e+01 1.162754675160000062e+02
4.683970064489999946e-02 1.621580760649999897e-01 -3.000377697489999829e-01 -1.351662834530000055e+02 7.890271251609999581e+01 1.164454144900000045e+02
4.557203148109999907e-02 1.577099455940000061e-01 -2.956693781740000193e-01 -1.352414796580000029e+02 7.935227488450000521e+01 1.166607151759999965e+02
4.914682028100000183e-02 1.631323375779999973e-01 -2.984476741379999964e-01 -1.353423211109999897e+02 7.872405861880000089e+01 1.166514649570000017e+02
5.315759692859999691e-02 1.626470978569999892e-01 -2.961314886359999732e-01 -1.361481733349999956e+02 7.903131374839999523e+01 1.163228450040000013e+02
4.939197201289999978e-02 1.592997197649999863e-01 -3.045484109459999922e-01 -1.352323506029999862e+02 7.975670382330000052e+01 1.163329767249999946e+02
5.194494298900000084e-02 1.619513544470000121e-01 -3.005090354789999862e-01 -1.359178315220000002e+02 7.899572976119999623e+01 1.163869133660000017e+02
4.906407080669999976e-02 1.608031506179999903e-01 -3.012288553770000044e-01 -1.354764381779999951e+02 7.932009178040000563e+01 1.158731656169999980e+02
4.725138262899999941e-02 1.553123558010000016e-01 -2.956637903400000100e-01 -1.355221418389999997e+02 7.938412132979999569e+01 1.166819057870000051e+02
4.636172998160000003e-02 1.609288294700000066e-01 -3.015833165480000244e-01 -1.349516281479999975e+02 7.924057934859999364e+01 1.163683377560000025e+02
5.186401706910000187e-02 1.605623623899999908e-01 -3.012093309880000125e-01 -1.352306898440000111e+02 7.909032637919999331e+01 1.164541090369999949e+02
5.087292124159999845e-02 1.634573408810000017e-01 -2.997777802209999898e-01 -1.352658553489999917e+02 7.908231819110000060e+01 1.159911086550000050e+02
5.054098915019999971e-02 1.606932911579999901e-01 -2.989606732949999790e-01 -1.356218024929999899e+02 7.935482977680000261e+01 1.163172231890000035e+02
5.194898098009999993e-02 1.599769179370000016e-01 -2.992311380070000193e-01 -1.359719057309999926e+02 7.908267730910000637e+01 1.161292699279999994e+02
4.985497732110000246e-02 1.609336981220000073e-01 -2.996037701629999939e-01 -1.357802732629999980e+02 7.923701259739999614e+01 1.161629264190000015e+02
5.462955106890000218e-02 1.578478710929999973e-01 -3.041507664429999869e-01 -1.356849059509999904e+02 7.981342349269999659e+01 1.163030608819999969e+02
5.181237763419999781e-02 1.611330282139999959e-01 -2.951029128539999768e-01 -1.360801909639999963e+02 7.890475151770000650e+01 1.162593332600000053e+02
4.653967485350000294e-02 1.604449644369999872e-01 -3.045100488210000234e-01 -1.349433280810000042e+02 7.932710418630000504e+01 1.165047498670000010e+02
5.168694192070000248e-02 1.599926353239999877e-01 -2.979146848929999924e-01 -1.355713033620000090e+02 7.925164691710000398e+01 1.162767004279999981e+02
5.229317568570000102e-02 1.557167760600000062e-01 -3.050470037019999969e-01 -1.356535054139999943e+02 7.991887179799999785e+01 1.162297257889999997e+02
4.854631938139999936e-02 1.575802207120000076e-01 -2.999827163339999769e-01 -1.355239459180000097e+02 7.983203401389999954e+01 1.167779691070000041e+02
4.931782560910000224e-02 1.625399361519999919e-01 -2.930936340829999875e-01 -1.357480846219999933e+02 7.872122921449999922e+01 1.165601578010000026e+02
4.465452784320000229e-02 1.590568300200000118e-01 -2.980163177860000179e-01 -1.350944729329999916e+02 7.929055802019999533e+01 1.169132069900000062e+02
4.539185956080000334e-02 1.619091738950000081e-01 -3.027128908930000195e-01 -1.346316091539999888e+02 7.914376269379999940e+01 1.168240214439999960e+02
5.328076705970000160e-02 1.592855847390000079e-01 -3.038519399040000013e-01 -1.355170381979999945e+02 7.908988174249999759e+01 1.161493575359999966e+02
5.210405418780000159e-02 1.610845509939999864e-01 -2.993423237439999940e-01 -1.357660557730000050e+02 7.898172531470000024e+01 1.163960644349999995e+02
4.854756378899999919e-02 1.615362653970000006e-01 -3.028511395480000257e-01 -1.350441008909999994e+02 7.937440997330000414e+01 1.165550745639999946e+02
4.858726300979999968e-02 1.621206055249999889e-01 -3.052423902599999961e-01 -1.348677310470000066e+02 7.886044411909999496e+01 1.163276173809999960e+02
4.925534539499999698e-02 1.617835279050000019e-01 -2.954375629139999737e-01 -1.358061044039999956e+02 7.859281302060000485e+01 1.163083909650000010e+02
4.445493308660000004e-02 1.633836260609999869e-01 -2.962749939780000008e-01 -1.350214594660000103e+02 7.874224733849999325e+01 1.168112865030000052e+02
4.685627884879999677e-02 1.653110271680000021e-01 -2.956313195210000244e-01 -1.352278581029999884e+02 7.834607804409999687e+01 1.162684250279999958e+02
4.836525070469999826e-02 1.604190986700000099e-01 -3.026857089630000108e-01 -1.353830858869999929e+02 7.918116244780000557e+01 1.166588048699999973e+02
4.949791461929999720e-02 1.626249680550000132e-01 -2.966160131100000208e-01 -1.355021616690000030e+02 7.855998557670000082e+01 1.164701878470000054e+02
5.026372954919999803e-02 1.646614730829999984e-01 -3.003191215980000051e-01 -1.354759047610000096e+02 7.882998753030000216e+01 1.162789355040000032e+02
5.110462187970000320e-02 1.641134412059999936e-01 -3.016539767640000202e-01 -1.355736533799999961e+02 7.873008640950000370e+01 1.163467629320000043e+02
4.828687792090000097e-02 1.589968437110000077e-01 -3.012390931460000032e-01 -1.355928686309999875e+02 7.927946961799999315e+01 1.164675193740000054e+02
5.159901536460000104e-02 1.560280064079999918e-01 -3.027081303979999860e-01 -1.354365577279999968e+02 7.968438753809999753e+01 1.163825420130000055e+02
4.912809854439999929e-02 1.619121667910000117e-01 -2.981715972219999844e-01 -1.358526233130000094e+02 7.890618182949999948e+01 1.164109366560000041e+02
4.788049422099999869e-02 1.597959096219999930e-01 -3.038068702230000140e-01 -1.352745344429999932e+02 7.930607889840000269e+01 1.164745097320000013e+02
5.491790231390000082e-02 1.622720612080000013e-01 -3.012805043430000218e-01 -1.357602627079999991e+02 7.883322381140000346e+01 1.157748701459999978e+02
4.989183954729999732e-02 1.571840469970000043e-01 -2.954541317070000228e-01 -1.359199538459999985e+02 7.916051014559999999e+01 1.168440208199999972e+02
5.120584316239999711e-02 1.611953626360000114e-01 -2.976245141700000207e-01 -1.352771182969999870e+02 7.909078891170000247e+01 1.165040109619999953e+02
4.597873747319999871e-02 1.586843384899999931e-01 -3.024025341609999917e-01 -1.352238054800000100e+02 7.973347395460000087e+01 1.165356494250000026e+02
5.087205154950000252e-02 1.647287353970000034e-01 -3.010329205710000067e-01 -1.352525994869999977e+02 7.883533172289999413e+01 1.162595913539999941e+02
4.927502318390000052e-02 1.591696255729999898e-01 -3.004627881899999964e-01 -1.355336317819999863e+02 7.932301989069999593e+01 1.163722622859999944e+02
4.897331706000000034e-02 1.571298429740000113e-01 -2.988082236160000127e-01 -1.357473616009999944e+02 7.954283537909999779e+01 1.166826102920000068e+02
5.600180534489999917e-02 1.586076205239999870e-01 -3.046921956279999844e-01 -1.356461391820000131e+02 7.944024161490000324e+01 1.158671005470000068e+02
4.802393957690000159e-02 1.607716547420000031e-01 -3.013363600030000145e-01 -1.352463437250000027e+02 7.877244027979999430e+01 1.164209286210000016e+02
5.393225228330000148e-02 1.616867135360000041e-01 -2.981780505009999915e-01 -1.363848507600000062e+02 7.896227646699999525e+01 1.160503506139999956e+02
5.132875497259999781e-02 1.591738883080000000e-01 -3.035902739369999992e-01 -1.350845957759999862e+02 7.940702172650000534e+01 1.165448555319999997e+02
4.809270837630000295e-02 1.615297464409999884e-01 -2.976268383649999794e-01 -1.354701778010000055e+02 7.917138914209999712e+01 1.163257451099999997e+02
4.393767845620000223e-02 1.638278509470000033e-01 -2.974364042040000267e-01 -1.348836397869999928e+02 7.850189524619999304e+01 1.166553236050000066e+02
4.774016939830000306e-02 1.602433431349999937e-01 -2.969793660100000232e-01 -1.356902436309999871e+02 7.909728429529999971e+01 1.163686512489999956e+02
5.360814622650000166e-02 1.652634568870000042e-01 -3.033026118000000104e-01 -1.354606879570000046e+02 7.873632785649999732e+01 1.157389513250000022e+02
5.427530626520000318e-02 1.615586857440000079e-01 -3.064161921890000140e-01 -1.356791353069999957e+02 7.958605713699999740e+01 1.160791786970000032e+02
5.067445067370000139e-02 1.593554294239999947e-01 -3.029667172259999930e-01 -1.354401549680000016e+02 7.991108260270000585e+01 1.166543050100000016e+02
4.771818397359999658e-02 1.559790835519999919e-01 -3.005187019419999772e-01 -1.352770251130000077e+02 7.932833367739999630e+01 1.167674464790000002e+02
4.539328401789999995e-02 1.570039349469999901e-01 -3.016233959519999952e-01 -1.348949838640000110e+02 7.955200145310000437e+01 1.166632066039999955e+02
4.807829441230000028e-02 1.595191240490000106e-01 -2.999420605729999911e-01 -1.355753861089999930e+02 7.925344392419999906e+01 1.165649055730000043e+02
5.194287741479999831e-02 1.607833728249999927e-01 -2.958138269460000025e-01 -1.356395797710000011e+02 7.886756945999999857e+01 1.162799837740000015e+02
5.467478271179999905e-02 1.602135741429999982e-01 -2.940331479789999869e-01 -1.365559762329999955e+02 7.913862190929999940e+01 1.162135883579999955e+02
4.633189006550000183e-02 1.589899842190000134e-01 -3.011548791820000126e-01 -1.347529895469999985e+02 7.897825141369999358e+01 1.166378291289999964e+02
4.757584948060000068e-02 1.587129674530000090e-01 -3.039227462449999861e-01 -1.352915859599999919e+02 7.947067432750000648e+01 1.163320262010000050e+02
4.225238369260000265e-02 1.612798732450000105e-01 -2.994769905319999981e-01 -1.347452638190000016e+02 7.928679471350000085e+01 1.167408218030000029e+02
4.881158286290000065e-02 1.616364752370000046e-01 -2.941519034619999862e-01 -1.357516740739999932e+02 7.868153193669999723e+01 1.166222145849999947e+02
4.180679135850000339e-02 1.597227726300000095e-01 -3.060808009750000114e-01 -1.344379452930000127e+02 7.940344394260000627e+01 1.167762995479999972e+02
5.057478584089999951e-02 1.630350974720000123e-01 -2.958613946049999943e-01 -1.359844136650000053e+02 7.889569300709999311e+01 1.165062753060000063e+02
4.577459462879999996e-02 1.607542350449999990e-01 -2.973723558779999832e-01 -1.353279595619999895e+02 7.900436466950000636e+01 1.168410365259999963e+02
5.274228363590000024e-02 1.581663857549999996e-01 -2.981910659640000238e-01 -1.358040816660000019e+02 7.918617951509999386e+01 1.163969643220000023e+02
5.286359159649999667e-02 1.598673023540000127e-01 -3.022743808650000252e-01 -1.352677091829999938e+02 7.961281355239999868e+01 1.161799899060000030e+02
4.947323471049999699e-02 1.625750258650000002e-01 -3.020718311639999931e-01 -1.356033938909999961e+02 7.900124106369999311e+01 1.160335810779999974e+02
5.096446234649999740e-02 1.601867496359999921e-01 -3.001848424029999740e-01 -1.353452650760000040e+02 7.907390006709999852e+01 1.162823471509999962e+02
5.064766616630000245e-02 1.600015039809999928e-01 -2.975134438170000117e-01 -1.358355602910000073e+02 7.919171080489999781e+01 1.161380966419999936e+02
5.131560654370000141e-02 1.625281974730000134e-01 -2.992843884590000170e-01 -1.356578137299999867e+02 7.901047070699999608e+01 1.160973984390000027e+02
5.422911515579999925e-02 1.570149288159999879e-01 -2.963499967250000089e-01 -1.362654307169999868e+02 7.958053578210000012e+01 1.162364005320000047e+02
5.339102842559999978e-02 1.606907698779999893e-01 -2.986203364619999800e-01 -1.357838814860000127e+02 7.894957765670000072e+01 1.161716718790000016e+02
4.994763630880000305e-02 1.650194879480000043e-01 -2.984923276340000209e-01 -1.352757071629999928e+02 7.860130845410000688e+01 1.162541775730000069e+02
5.186032371640000166e-02 1.600337692990000116e-01 -3.010882165650000108e-01 -1.355002270980000105e+02 7.973362030609999351e+01 1.161529802569999958e+02
4.792333047289999703e-02 1.614658187590000127e-01 -2.994049293480000040e-01 -1.357400181069999974e+02 7.897949208149999833e+01 1.163647400379999937e+02
4.760945137840000285e-02 1.616161202960000043e-01 -3.070026651810000007e-01 -1.348435102560000018e+02 7.914250981360000026e+01 1.165466985300000005e+02
4.511699352299999854e-02 1.602532474109999994e-01 -3.030646396180000091e-01 -1.351368913739999869e+02 7.911321542689999831e+01 1.166240610419999939e+02
4.899117509889999722e-02 1.598235499719999897e-01 -2.989536778490000102e-01 -1.352838214370000003e+02 7.923940696799999728e+01 1.164507109780000036e+02
5.321089287369999699e-02 1.635215615080000129e-01 -3.013622793340000050e-01 -1.356716645589999928e+02 7.906968479559999707e+01 1.162256616189999932e+02
4.907733695020000120e-02 1.633759492079999986e-01 -3.004262504740000117e-01 -1.351822845000000086e+02 7.936988749110000185e+01 1.163640333069999997e+02
4.983624857599999736e-02 1.619564119870000041e-01 -2.989596016170000259e-01 -1.356039727920000075e+02 7.931354512939999779e+01 1.163339779049999976e+02
5.218283178949999906e-02 1.580133872380000137e-01 -3.002847874790000038e-01 -1.356167588909999893e+02 7.929271817059999705e+01 1.163936026469999945e+02
5.448012322029999882e-02 1.584457659060000134e-01 -3.006298243759999989e-01 -1.362366295960000002e+02 7.944098558410000521e+01 1.162830995829999949e+02
5.279860797060000055e-02 1.617080815620000056e-01 -3.076276566760000053e-01 -1.353646690060000140e+02 7.936521170380000001e+01 1.158656326029999946e+02
5.035982556670000332e-02 1.534159437110000079e-01 -2.987185399660000074e-01 -1.357042596660000129e+02 8.019964625330000274e+01 1.166640374029999947e+02
5.211886922589999832e-02 1.650102874509999928e-01 -3.034197880760000077e-01 -1.354797553790000109e+02 7.907061721620000583e+01 1.158606313530000023e+02
5.191063750629999751e-02 1.585570029160000005e-01 -3.008671191739999973e-01 -1.359162686829999984e+02 7.985996317810000278e+01 1.166034570850000023e+02
4.629160361709999671e-02 1.578905824240000033e-01 -3.048981905200000009e-01 -1.350319854379999924e+02 7.956828127740000411e+01 1.163561317260000010e+02
4.913139301020000294e-02 1.593902239130000065e-01 -2.999956980510000148e-01 -1.357121685879999973e+02 7.900765319890000171e+01 1.166066344590000057e+02
5.217071060549999945e-02 1.579513147419999985e-01 -3.013518449179999892e-01 -1.356943114849999859e+02 7.922955549190000113e+01 1.159358636660000030e+02
4.673684663299999820e-02 1.574856783499999913e-01 -2.985594998530000099e-01 -1.351913516829999935e+02 7.948999522280000463e+01 1.168323721830000039e+02
4.974846525970000322e-02 1.550660657469999926e-01 -2.920575094289999951e-01 -1.359089517390000026e+02 7.962131147670000075e+01 1.166065584619999953e+02
4.672351141299999761e-02 1.582250039299999966e-01 -2.968401979110000255e-01 -1.354871124180000095e+02 7.904268160510000030e+01 1.165105928140000060e+02
4.575618954579999814e-02 1.595214094450000120e-01 -3.041205169719999879e-01 -1.346730924480000056e+02 7.949732609570000363e+01 1.164998827120000016e+02
5.057675768349999962e-02 1.623621172290000136e-01 -2.980047591939999907e-01 -1.354611828719999949e+02 7.920652641140000583e+01 1.160666975339999993e+02
5.212609147729999753e-02 1.641254655059999901e-01 -3.035523556110000243e-01 -1.356622213500000100e+02 7.907255171369999402e+01 1.160748329700000028e+02
5.016490288759999777e-02 1.618897195429999936e-01 -3.035094639250000004e-01 -1.353362907499999892e+02 7.954495627449999517e+01 1.164343103260000021e+02
4.699843440470000133e-02 1.614782378490000059e-01 -3.056509591850000152e-01 -1.350041248889999963e+02 7.937242631809999693e+01 1.166073191459999947e+02
4.894750540900000280e-02 1.612715958569999886e-01 -3.013436613250000118e-01 -1.354278884189999985e+02 7.919691866540000547e+01 1.165365849439999977e+02
4.982298665769999829e-02 1.636246779499999915e-01 -3.032467766849999968e-01 -1.356423719979999873e+02 7.920004432940000072e+01 1.162456462039999963e+02
4.770933617439999941e-02 1.549960643989999887e-01 -2.991465411199999980e-01 -1.351223221269999897e+02 7.997410093000000586e+01 1.169288350509999930e+02
5.511986767399999765e-02 1.544380000970000111e-01 -3.012854167260000104e-01 -1.358551746040000126e+02 8.021015931109999997e+01 1.161934960239999981e+02
5.193738674719999837e-02 1.629784451949999879e-01 -2.958795258549999918e-01 -1.360254156990000070e+02 7.879746596350000232e+01 1.159060434539999989e+02
4.979880095820000269e-02 1.620043450970000132e-01 -2.982234247660000004e-01 -1.358061497879999990e+02 7.894310917750000556e+01 1.166620844710000000e+02
4.870468796440000081e-02 1.620272127409999874e-01 -3.039548359270000111e-01 -1.354103156809999859e+02 7.889121192689999873e+01 1.165748131470000004e+02
5.151134223730000072e-02 1.571918076330000025e-01 -2.963022803709999820e-01 -1.359378394109999988e+02 7.943363358839999933e+01 1.166194139570000061e+02
4.582029567100000256e-02 1.611357876629999908e-01 -2.981141344189999765e-01 -1.356194254590000128e+02 7.913396475819999409e+01 1.164916100540000059e+02
5.207316384820000199e-02 1.601195714420000082e-01 -2.999034824219999895e-01 -1.350958707810000021e+02 7.946592839010000375e+01 1.163088606249999941e+02
5.034303615650000119e-02 1.604648228080000072e-01 -3.022318500749999748e-01 -1.357857847420000041e+02 7.937957311850000508e+01 1.164968489190000014e+02
5.257115893460000133e-02 1.607592697230000034e-01 -2.978902182170000135e-01 -1.357347911470000099e+02 7.927474375190000444e+01 1.160448070139999999e+02
4.700030439570000024e-02 1.619712942290000013e-01 -2.949890926700000082e-01 -1.354710152920000041e+02 7.884306816909999327e+01 1.163578499049999948e+02
4.925760124300000015e-02 1.652925397399999941e-01 -2.986178987979999921e-01 -1.353740877909999938e+02 7.880764914460000625e+01 1.164276803839999985e+02
5.337939919970000058e-02 1.588559552280000009e-01 -2.990763213679999977e-01 -1.359604056690000107e+02 7.907709487179999996e+01 1.164175393339999971e+02
4.620698834090000012e-02 1.598288219250000031e-01 -3.035585933089999799e-01 -1.353247796690000087e+02 7.910648813400000279e+01 1.165475240539999930e+02
5.173638441739999982e-02 1.620350629940000009e-01 -2.979886437729999948e-01 -1.357394724140000051e+02 7.907020579839999641e+01 1.158129423820000028e+02
5.317616693490000157e-02 1.552512484859999986e-01 -3.051167629370000189e-01 -1.356005624020000084e+02 7.991501401019999662e+01 1.160834253099999955e+02
4.908333903269999909e-02 1.593678782000000071e-01 -2.934713874429999980e-01 -1.356737557529999947e+02 7.893942412609999337e+01 1.167065204929999993e+02
5.179576339949999719e-02 1.621659438339999870e-01 -2.978043032670000256e-01 -1.354267626619999874e+02 7.904617890510000677e+01 1.163918430669999964e+02
5.126468398749999683e-02 1.650991648350000063e-01 -2.987831556689999890e-01 -1.354679162109999879e+02 7.864164899239999329e+01 1.162363494850000052e+02
4.990475646640000346e-02 1.609549538910000077e-01 -2.988349172149999955e-01 -1.354721749459999955e+02 7.968324333309999474e+01 1.166371654879999937e+02
4.573482157759999750e-02 1.622277853280000015e-01 -2.994208419380000041e-01 -1.351163517859999956e+02 7.884441728749999356e+01 1.165172165040000039e+02
4.808829188629999696e-02 1.608791289279999925e-01 -2.984682640990000135e-01 -1.355456826690000014e+02 7.914442999160000625e+01 1.164436868429999947e+02
5.317565819540000238e-02 1.592157439369999983e-01 -3.074141234559999991e-01 -1.351568636169999991e+02 7.938341799280000544e+01 1.161153927080000017e+02
4.862165758930000331e-02 1.609238601830000059e-01 -2.994737130949999826e-01 -1.351461985889999937e+02 7.909705236400000672e+01 1.163763522210000048e+02
4.594706010440000044e-02 1.621490274359999872e-01 -3.001212435569999837e-01 -1.351953776400000038e+02 7.919351409610000303e+01 1.163243291809999960e+02
4.987098814540000258e-02 1.522078652059999926e-01 -3.016917600219999884e-01 -1.353888399260000028e+02 8.017587620599999809e+01 1.168351493010000013e+02
4.508164385809999841e-02 1.613333120969999979e-01 -3.019003131119999961e-01 -1.347003372449999858e+02 7.886399296669999615e+01 1.165197346009999961e+02
5.285050440059999716e-02 1.593276778480000044e-01 -2.988077008619999808e-01 -1.361575003780000088e+02 7.911634014370000045e+01 1.162081932100000046e+02
4.732910926080000080e-02 1.609263775910000083e-01 -3.003062095510000140e-01 -1.354221751290000100e+02 7.959763215069999376e+01 1.166303349890000050e+02
5.077093337139999829e-02 1.589404117630000002e-01 -3.014551312829999996e-01 -1.358125544499999933e+02 7.906643103250000593e+01 1.164512613570000070e+02
