6.491035637049999973e-01 -6.720569106599999509e-01 1.701998756439999927e-01 5.893346134389999547e-01 7.550173205650000385e-01 -3.791632759059999813e+01 -4.391237905109999673e+01
1.084863933979999945e-01 -6.775494527300000014e-01 1.689225563869999891e-01 5.902818976949999463e-01 2.741812252570000052e-02 -3.734904296999999929e+01 -4.368383570660000004e+01
1.007333792790000015e-01 -6.774255686179999625e-01 1.618937849179999944e-01 5.842501465789999848e-01 4.874044240559999991e-02 -3.821549839280000072e+01 -4.447886768570000271e+01
1.339510978869999924e-01 -6.843587709249999707e-01 1.710955445679999964e-01 6.012945025470000093e-01 -1.540412900360000004e+00 -3.768160523030000064e+01 -4.108191524059999722e+01
2.575263691499999896e-01 -6.785848907029999877e-01 1.654444331219999953e-01 5.898337804400000106e-01 -2.131933263989999883e-01 -3.804126050179999652e+01 -4.369865763970000216e+01
1.063949752240000018e-01 -6.866667691029999521e-01 1.617279557899999887e-01 5.859396106049999942e-01 -9.178079342630000026e-01 -3.819393313700000192e+01 -4.389456032319999679e+01
2.782829323170000202e-01 -6.767681505779999940e-01 1.702646503309999948e-01 5.928738238130000227e-01 7.586480308710000231e-02 -3.788219489829999986e+01 -4.288544668240000135e+01
1.463534300160000134e-01 -6.831732923669999735e-01 1.604030541620000139e-01 5.838873887819999720e-01 -4.395097064719999946e-01 -3.851713025240000121e+01 -4.424906307260000204e+01
1.110914043640000015e-01 -6.794332978710000415e-01 1.680217024379999924e-01 5.970710801430000325e-01 -3.736992850709999758e-01 -3.804813199010000346e+01 -4.204265604300000092e+01
1.869746700490000080e-01 -6.794238927529999694e-01 1.662950266819999967e-01 5.894387260179999588e-01 -3.133182738699999970e-01 -3.786104551359999704e+01 -4.365852407410000069e+01
1.032876815669999948e-01 -6.787715981220000527e-01 1.694002341370000053e-01 5.879901101540000452e-01 -1.782143681130000101e-01 -3.707673303840000045e+01 -4.416478584570000265e+01
2.156451952729999955e-01 -6.833914945489999448e-01 1.600605369260000022e-01 5.872733088479999974e-01 -5.456950625990000248e-01 -3.901088758649999733e+01 -4.337975305209999988e+01
1.339033760480000113e-01 -6.789855408760000488e-01 1.726355020429999887e-01 5.991839827210000413e-01 -6.622545729130000502e-01 -3.712588549489999679e+01 -4.214785225720000028e+01
1.176073141450000026e-01 -6.754499752399999446e-01 1.673133347119999947e-01 5.907489695209999780e-01 6.444372155930000456e-01 -3.884980756870000107e+01 -4.299060998569999725e+01
2.792876471560000184e-01 -6.707643853010000212e-01 1.707032095659999915e-01 5.938819424379999656e-01 4.438366311649999951e-01 -3.766173363139999708e+01 -4.317449523559999847e+01
1.256865554190000067e-01 -6.747875410850000533e-01 1.664616461469999864e-01 5.870429000810000186e-01 8.325587968200000022e-01 -3.778531877040000353e+01 -4.427917135890000111e+01
1.043065514229999935e-01 -6.841307867270000065e-01 1.661591685559999920e-01 5.967112563449999962e-01 -1.227393600300000109e+00 -3.891993940319999723e+01 -4.147293662060000230e+01
1.831032371990000129e-01 -6.857480117830000443e-01 1.644398423160000067e-01 5.896242693819999658e-01 -1.118923006019999944e+00 -3.847323255589999746e+01 -4.303508340399999810e+01
4.452116854589999728e-01 -6.826496711180000121e-01 1.649980095659999979e-01 5.899548686829999555e-01 -5.147956876710000351e-01 -3.858071819450000106e+01 -4.301577306309999926e+01
1.734199093899999877e-01 -6.777682924450000312e-01 1.689701482350000061e-01 5.922709464140000213e-01 -1.462477544920000039e-01 -3.781392190030000222e+01 -4.325447923859999833e+01
1.142520197779999941e-01 -6.835590706470000555e-01 1.687439080179999884e-01 5.921095706310000040e-01 -8.842513720600000404e-01 -3.797264996220000199e+01 -4.297184758289999706e+01
3.683635944499999981e-01 -6.783586034049999824e-01 1.705373346640000065e-01 5.952594582279999713e-01 -3.007668450930000015e-01 -3.760459303409999876e+01 -4.264730576800000250e+01
4.753340008570000053e-01 -6.814385301700000008e-01 1.677269618270000040e-01 5.895117461890000410e-01 -7.391723343430000037e-01 -3.783282345370000144e+01 -4.344034049540000098e+01
4.881242136569999834e-01 -6.794776732609999481e-01 1.712197160839999954e-01 5.899987540350000170e-01 8.129067624359999356e-02 -3.766103835980000270e+01 -4.345999272870000141e+01
1.238277435320000036e-01 -6.806302151649999965e-01 1.639966317830000020e-01 5.821080133999999573e-01 -1.445754750799999877e-01 -3.783203407980000321e+01 -4.506664786209999818e+01
1.183623920689999970e-01 -6.796720855429999597e-01 1.695578949310000139e-01 5.933598902209999970e-01 -2.877195529989999834e-01 -3.774886147360000166e+01 -4.265269680010000286e+01
2.127989022050000012e-01 -6.795512809079999883e-01 1.681484636670000088e-01 5.954587347959999777e-01 -5.423846458390000347e-01 -3.810596738710000153e+01 -4.253182623250000205e+01
1.706432868470000030e-01 -6.861643371090000443e-01 1.661193836560000137e-01 5.900699990400000150e-01 -1.077996207520000027e+00 -3.803998228110000213e+01 -4.308456913890000095e+01
1.665834142050000022e-01 -6.780174598899999516e-01 1.637736730269999941e-01 5.869438620369999970e-01 -1.181492038220000040e-01 -3.812039680969999722e+01 -4.407655423109999759e+01
1.359421931439999953e-01 -6.813552977150000300e-01 1.737487225419999948e-01 5.968493328630000150e-01 -1.018667798240000089e+00 -3.688423791139999963e+01 -4.240174743299999705e+01
4.123223713499999943e-01 -6.692474872720000079e-01 1.606363441289999916e-01 5.723421191169999478e-01 2.098555593129999952e+00 -3.832970892139999819e+01 -4.715874919219999839e+01
3.794303082470000255e-01 -6.767052509940000293e-01 1.665430048540000041e-01 5.908992003440000085e-01 4.028008381780000258e-02 -3.856966426280000348e+01 -4.320639104739999681e+01
1.060130848899999978e-01 -6.811420128449999778e-01 1.661659300120000016e-01 5.867139799739999884e-01 -3.199218705649999883e-01 -3.821737764960000305e+01 -4.387388100430000293e+01
1.838807487540000118e-01 -6.758608852849999904e-01 1.686581614390000039e-01 5.921467367299999562e-01 -1.651045312019999989e-01 -3.767788460570000098e+01 -4.335408166389999707e+01
2.162753054850000134e-01 -6.796827265820000186e-01 1.687501855649999882e-01 5.915215284560000342e-01 -2.611629323049999840e-01 -3.783968942370000121e+01 -4.299359250900000262e+01
1.438126119500000022e-01 -6.759379260150000235e-01 1.688996023640000066e-01 5.898800347779999953e-01 -2.460506686700000140e-02 -3.769935369329999730e+01 -4.358424880159999759e+01
4.250829828820000267e-01 -6.839098954169999800e-01 1.646801876860000124e-01 5.911347115949999731e-01 -9.524272437749999876e-01 -3.789995517780000256e+01 -4.314787890169999685e+01
1.331982441500000058e-01 -6.825255335559999859e-01 1.706057008100000105e-01 5.931460322489999770e-01 -4.414562149719999939e-01 -3.793800428059999774e+01 -4.275952334800000187e+01
5.206958361269999891e-01 -6.811621952440000127e-01 1.679868859699999994e-01 5.945098230719999544e-01 -6.500803251829999629e-01 -3.794088599180000188e+01 -4.261523264640000264e+01
7.639065634399999638e-01 -6.744989379519999995e-01 1.613608639199999861e-01 5.803794206190000526e-01 5.904193254070000396e-01 -3.810437378599999647e+01 -4.546225412079999728e+01
2.661083129049999774e-01 -6.772946324669999463e-01 1.705389928759999951e-01 5.901841197049999543e-01 3.080495124409999841e-01 -3.759965966869999932e+01 -4.348052185760000299e+01
1.527258702610000130e-01 -6.792097878349999673e-01 1.641074879290000121e-01 5.829060703309999480e-01 -8.797329471480000440e-02 -3.800166793180000013e+01 -4.483135485159999689e+01
1.025717792029999936e-01 -6.847661427979999660e-01 1.631092654759999927e-01 5.805297264580000505e-01 -5.431086848330000105e-01 -3.784395990440000190e+01 -4.515132361890000112e+01
3.063094668479999783e-01 -6.754573134419999958e-01 1.698676049189999926e-01 5.986251804350000150e-01 -1.221495849669999995e-01 -3.771959879439999952e+01 -4.193252462630000110e+01
1.573785874330000112e-01 -6.800545276730000088e-01 1.658220390579999981e-01 5.939583666190000333e-01 -8.554390561300000417e-01 -3.800141676169999982e+01 -4.270458795759999759e+01
2.637099121820000169e-01 -6.812463504729999730e-01 1.660924620660000073e-01 5.892919587010000404e-01 -3.043119958700000183e-01 -3.854092489069999772e+01 -4.318449717669999899e+01
1.614659094919999871e-01 -6.809043379139999574e-01 1.677565095759999958e-01 5.964944087689999508e-01 -9.912121975740000313e-01 -3.768131854680000004e+01 -4.234509425400000282e+01
1.178822438610000051e-01 -6.760513945149999593e-01 1.717116278860000012e-01 5.998413889100000507e-01 -1.227289150830000036e-01 -3.773304866889999687e+01 -4.193685436580000214e+01
1.825753779440000002e-01 -6.838493599060000427e-01 1.650273514210000014e-01 5.843534857290000328e-01 -4.051147892459999733e-01 -3.830642686840000266e+01 -4.418240034490000312e+01
1.407096980879999903e-01 -6.793687876939999981e-01 1.654114623550000107e-01 5.907889090079999628e-01 -6.256254021810000454e-01 -3.823555170929999747e+01 -4.330747763130000294e+01
1.194403888070000030e-01 -6.712197301510000047e-01 1.624497232269999925e-01 5.805205689260000135e-01 1.374587902010000029e+00 -3.858701255679999775e+01 -4.547786926159999865e+01
2.647561291030000041e-01 -6.793842346709999536e-01 1.610124838870000130e-01 5.853578365989999810e-01 -2.775955598679999969e-01 -3.870962290020000296e+01 -4.416542865030000087e+01
2.164266071239999978e-01 -6.753746342530000391e-01 1.692993595850000033e-01 5.900088471440000371e-01 3.370759764730000274e-01 -3.757559578600000094e+01 -4.352673158080000348e+01
1.035383180039999990e-01 -6.750208235539999491e-01 1.676903711090000082e-01 5.905922542999999525e-01 2.063565366210000085e-01 -3.770343702129999741e+01 -4.356877811239999687e+01
2.950913822160000088e-01 -6.789910297460000077e-01 1.641580257870000059e-01 5.843084458920000390e-01 1.203721280689999951e-01 -3.786702641640000166e+01 -4.447115992580000210e+01
1.242977316320000025e-01 -6.760831101469999549e-01 1.685220439690000016e-01 5.853707313470000173e-01 3.554601692079999986e-01 -3.776950631590000285e+01 -4.439084941969999676e+01
1.927194778309999912e-01 -6.865648331779999891e-01 1.651086915290000123e-01 5.942614572200000111e-01 -1.432922521280000083e+00 -3.878168190110000069e+01 -4.198057269440000283e+01
2.752672544929999798e+00 -6.756470428270000550e-01 1.688413385089999885e-01 5.929744883019999468e-01 -1.773846324470000069e-01 -3.766619267160000106e+01 -4.320231765719999828e+01
2.140389799119999936e-01 -6.780762817680000554e-01 1.655477836650000034e-01 5.878954358229999677e-01 -1.313361075820000112e-01 -3.794175137730000102e+01 -4.419773210070000147e+01
1.759467342749999885e-01 -6.785464794679999523e-01 1.692632891549999963e-01 5.913257054880000085e-01 -1.261975815180000071e-01 -3.796886126470000278e+01 -4.324137638090000024e+01
1.914899753000000038e-01 -6.779488766710000114e-01 1.653722034020000120e-01 5.845123447329999555e-01 4.010543301769999847e-01 -3.769383521449999819e+01 -4.476103592719999824e+01
1.151072404349999939e-01 -6.831723277779999659e-01 1.720590502419999945e-01 5.959000167800000414e-01 -1.361622586740000029e+00 -3.661826039990000226e+01 -4.266180379520000088e+01
1.618968642230000088e-01 -6.787409253230000106e-01 1.659886005929999964e-01 5.898350826270000180e-01 -1.990202691919999989e-01 -3.792891887550000263e+01 -4.370000916480000086e+01
1.207370401289999950e-01 -6.758813538560000111e-01 1.657469753349999908e-01 5.908911447310000176e-01 1.374920745690000057e-01 -3.814631951310000346e+01 -4.334642271319999907e+01
1.028833365390000032e-01 -6.757183300310000140e-01 1.632221476540000049e-01 5.872577255449999978e-01 2.914774033140000165e-01 -3.829255907950000193e+01 -4.417416873580000214e+01
2.132947084010000105e-01 -6.822483606310000281e-01 1.609687768049999912e-01 5.877043572789999448e-01 -2.860626851990000219e-01 -3.894990731149999874e+01 -4.339904314180000000e+01
8.219454727999999655e-01 -6.791364206440000384e-01 1.700702475760000054e-01 5.988899167100000254e-01 -4.707288687100000257e-01 -3.772907508769999652e+01 -4.185688435899999860e+01
1.665231437739999876e-01 -6.808839555079999606e-01 1.630398840750000022e-01 5.837083606449999795e-01 -7.700761285090000630e-02 -3.819029175659999709e+01 -4.462861571789999715e+01
1.260870110969999902e-01 -6.837663292100000234e-01 1.657082556739999935e-01 5.887734365629999633e-01 -6.708016682380000262e-01 -3.856885855539999852e+01 -4.319337750199999704e+01
1.050895589120000029e-01 -6.745315377639999888e-01 1.687619209959999866e-01 5.922602125000000495e-01 4.078424831169999987e-01 -3.825694168799999773e+01 -4.307208967919999765e+01
4.180736072440000006e-01 -6.743284543259999708e-01 1.668424289669999949e-01 5.907767723119999870e-01 4.802292503310000016e-01 -3.806418406059999882e+01 -4.341820730319999910e+01
4.114928074509999756e-01 -6.771710029849999923e-01 1.662433177750000102e-01 5.950200379340000456e-01 -4.080946126059999957e-01 -3.781279780450000061e+01 -4.286457390620000041e+01
1.523666073870000026e-01 -6.821722350990000461e-01 1.689989452650000057e-01 5.928818388019999608e-01 -6.831849460609999980e-01 -3.724496227779999913e+01 -4.299033844920000291e+01
3.395379552719999805e-01 -6.835817844399999510e-01 1.688792340099999900e-01 5.961480239469999498e-01 -1.097890716860000060e+00 -3.834384814029999689e+01 -4.179000565919999843e+01
2.171453178989999899e-01 -6.813013531849999582e-01 1.678946263799999949e-01 5.920623679090000202e-01 -8.010862786000000346e-01 -3.776406379329999652e+01 -4.292501864759999819e+01
3.591813251159999831e-01 -6.743070225249999661e-01 1.686803651630000012e-01 5.899505984990000007e-01 5.062688714420000152e-02 -3.722395284150000094e+01 -4.392148929159999682e+01
1.883025505819999890e-01 -6.759312120049999484e-01 1.672535073180000109e-01 5.855276681740000377e-01 4.398680083979999988e-01 -3.760969603609999723e+01 -4.471456480860000227e+01
2.645670734969999827e-01 -6.811605772180000518e-01 1.683683041629999988e-01 5.948717864510000286e-01 -5.966835363469999987e-01 -3.796724613399999981e+01 -4.229018027349999898e+01
2.862011318250000103e-01 -6.778271657490000379e-01 1.648917671089999981e-01 5.860663711089999506e-01 4.387904247849999662e-02 -3.766250754749999885e+01 -4.451349031659999866e+01
1.439772778700000033e-01 -6.814576741610000044e-01 1.615337109999999965e-01 5.852123810110000379e-01 -2.056660154880000091e-01 -3.864130456230000021e+01 -4.410176806869999666e+01
2.946654935219999993e-01 -6.809236067220000299e-01 1.604936532990000053e-01 5.809288134019999772e-01 7.042251163259999336e-02 -3.808757363979999866e+01 -4.513369425249999978e+01
1.688815765470000008e+00 -6.739207485070000114e-01 1.635445208759999935e-01 5.810085342040000045e-01 8.599442306260000057e-01 -3.813060514509999877e+01 -4.531867133080000087e+01
2.381800657139999944e-01 -6.777099492920000134e-01 1.665652644500000001e-01 5.915778885810000221e-01 1.553004010890000064e-01 -3.797754971220000186e+01 -4.327106930429999920e+01
1.547778539770000017e-01 -6.803157659070000474e-01 1.680349226429999898e-01 5.933524956229999647e-01 -6.376366161709999814e-01 -3.783143700109999941e+01 -4.271535155880000190e+01
1.964444768220000026e-01 -6.698666754480000485e-01 1.667999727620000094e-01 5.884368793249999952e-01 1.089987396199999958e+00 -3.769345645319999960e+01 -4.418201364560000144e+01
1.278132650069999932e-01 -6.815077823239999999e-01 1.626804439650000045e-01 5.846790354809999757e-01 -2.137051668030000018e-01 -3.803512039870000194e+01 -4.450947334659999655e+01
1.052588788780000062e-01 -6.764147672010000223e-01 1.691678572970000127e-01 5.915891360760000550e-01 -7.947186350790000353e-02 -3.764653700640000267e+01 -4.363771870339999737e+01
8.826678426359999552e-01 -6.848547778510000184e-01 1.691304565029999873e-01 5.938684422400000162e-01 -1.110999128090000010e+00 -3.767527573219999937e+01 -4.278558282129999668e+01
1.213897635380000034e-01 -6.768930750949999631e-01 1.665936224350000050e-01 5.852328272950000354e-01 4.211301797259999757e-01 -3.810619315009999752e+01 -4.449669483240000289e+01
2.389225192449999924e-01 -6.835683479690000119e-01 1.610345500510000083e-01 5.847059226449999869e-01 -5.810961776709999693e-01 -3.871359763929999787e+01 -4.399260427029999931e+01
1.508210854200000006e-01 -6.806136960590000173e-01 1.664723250919999953e-01 5.959645337429999579e-01 -6.656713769740000286e-01 -3.803863842580000210e+01 -4.249010497740000147e+01
1.106601852090000060e-01 -6.753570885299999826e-01 1.657340440779999924e-01 5.853031031759999836e-01 1.972327467949999968e-01 -3.696174095100000301e+01 -4.504071933050000354e+01
1.760003630470000080e-01 -6.781061846699999451e-01 1.688521053689999996e-01 5.856206404120000153e-01 -1.175708019510000035e-01 -3.708377419979999701e+01 -4.471130104440000252e+01
4.972156357740000199e-01 -6.748078855800000442e-01 1.700517984809999938e-01 5.960792402040000493e-01 -3.506133555700000071e-02 -3.748824193280000117e+01 -4.266907842679999874e+01
1.066434889750000059e-01 -6.759114433649999754e-01 1.724633647559999927e-01 5.974270463349999893e-01 -1.571024205759999903e-01 -3.730487535139999977e+01 -4.252814928189999932e+01
7.555623023169999453e-01 -6.751249924059999907e-01 1.689136392820000110e-01 5.935065259980000230e-01 1.424745536979999949e-01 -3.814051964629999958e+01 -4.305455745060000083e+01
1.696238299820000073e+00 -6.820501139350000352e-01 1.680159062920000002e-01 5.940187170999999822e-01 -7.530969068399999689e-01 -3.770242272400000161e+01 -4.260358977180000295e+01
1.844370656440000034e-01 -6.742915567539999877e-01 1.668941247859999921e-01 5.829168784079999943e-01 7.287728675400000355e-01 -3.814788073740000129e+01 -4.487148957569999652e+01
1.373805527660000025e-01 -6.769036138399999736e-01 1.660889125370000052e-01 5.910330397519999446e-01 2.172627803109999922e-01 -3.792555337000000293e+01 -4.333604388029999654e+01
1.170164665160000061e-01 -6.719348310470000252e-01 1.739590729319999973e-01 5.961732212870000103e-01 5.958874598700000247e-01 -3.755660077419999965e+01 -4.261941850920000263e+01
1.932814611889999978e-01 -6.834453472120000095e-01 1.618329632609999957e-01 5.876708311210000479e-01 -3.912407207709999724e-01 -3.886848289190000116e+01 -4.342120841580000246e+01
6.540075612879999944e+00 -6.726153356849999820e-01 1.669242237249999872e-01 5.926435752199999962e-01 2.569848364689999998e-01 -3.768372287380000074e+01 -4.340731070519999690e+01
2.231006530300000124e-01 -6.797497950559999724e-01 1.733434264079999898e-01 6.035661977509999554e-01 -7.678716992009999576e-01 -3.769821104289999880e+01 -4.094976351119999691e+01
1.028527267170000065e-01 -6.780529093099999516e-01 1.632104217389999945e-01 5.827502778850000009e-01 3.383637455419999940e-01 -3.811721931360000326e+01 -4.469699134809999919e+01
2.648630951859999860e-01 -6.692798605280000368e-01 1.659571367209999870e-01 5.843189429420000414e-01 1.316302559069999933e+00 -3.789456723779999692e+01 -4.488112708460000277e+01
2.162401228289999866e-01 -6.802090003259999573e-01 1.658257901869999995e-01 5.855782226929999723e-01 4.612830935989999798e-02 -3.803537487919999904e+01 -4.415504333209999999e+01
3.955574066890000129e+00 -6.789087221249999748e-01 1.698280671590000068e-01 5.919736754269999679e-01 -2.636246789100000210e-01 -3.814026678439999785e+01 -4.304302295109999932e+01
1.667327086429999938e-01 -6.798626250579999919e-01 1.619885726170000040e-01 5.835327547219999467e-01 1.166458457559999967e-01 -3.833230831689999718e+01 -4.461632952560000120e+01
1.395054696789999882e-01 -6.714447731370000172e-01 1.677614971830000135e-01 5.924338302110000454e-01 3.989754525540000207e-01 -3.763364006850000010e+01 -4.358360503760000171e+01
1.279427335530000098e-01 -6.684864417560000271e-01 1.709348351409999966e-01 5.892401013620000017e-01 1.079142171380000015e+00 -3.690676462799999769e+01 -4.444988571510000241e+01
1.602470359269999867e-01 -6.814164460380000010e-01 1.682296591899999916e-01 5.927443350190000348e-01 -7.310904666459999701e-01 -3.762883468660000119e+01 -4.288750385360000195e+01
1.146152932700000016e-01 -6.777710998139999665e-01 1.630179868109999930e-01 5.799874456860000249e-01 4.113816059150000037e-01 -3.827715922000000148e+01 -4.540238053379999883e+01
3.764029890939999956e-01 -6.718474275250000405e-01 1.687500297479999911e-01 5.918379504230000254e-01 2.521203854660000188e-01 -3.750474999789999941e+01 -4.359801267360000310e+01
1.359339069290000090e-01 -6.704462133009999603e-01 1.658186389640000091e-01 5.841511854330000419e-01 1.269674438620000068e+00 -3.786675959949999992e+01 -4.511055962310000211e+01
1.050036926359999984e-01 -6.828984074230000090e-01 1.644267227869999903e-01 5.916691862790000034e-01 -1.007721769210000007e+00 -3.819706514739999648e+01 -4.308463475330000136e+01
1.361528071379999871e-01 -6.844055124910000121e-01 1.690222071170000007e-01 5.964534399649999985e-01 -1.403420891859999964e+00 -3.800353144790000215e+01 -4.210729461639999727e+01
2.031693547919999898e-01 -6.737638126070000233e-01 1.689922674369999933e-01 5.930996879969999691e-01 4.115902307570000196e-01 -3.811130087549999956e+01 -4.302419089770000227e+01
2.388626905200000039e-01 -6.824842537049999880e-01 1.702555178519999934e-01 5.949310519089999749e-01 -7.399319738640000033e-01 -3.778421488120000049e+01 -4.235498979049999946e+01
3.015558766299999971e-01 -6.781323091490000232e-01 1.681306172519999864e-01 5.907047581690000326e-01 -2.380981243120000035e-01 -3.808309307860000104e+01 -4.323447144579999701e+01
1.607777948880000085e-01 -6.822663644230000379e-01 1.675522969019999919e-01 5.974457103210000231e-01 -9.664452707620000416e-01 -3.853011892229999802e+01 -4.165772065440000205e+01
1.310086190480000135e-01 -6.771278224590000505e-01 1.697497061880000047e-01 5.961684549600000382e-01 -2.534842863830000237e-01 -3.828469292839999838e+01 -4.225003893689999757e+01
4.694506155040000239e-01 -6.754478423359999706e-01 1.746535324900000130e-01 6.011269714429999800e-01 -2.535385302350000036e-01 -3.728665928379999883e+01 -4.160713187489999854e+01
1.014573706650000046e-01 -6.790702553130000263e-01 1.628286888680000044e-01 5.835612029729999595e-01 -1.632836930279999987e-01 -3.854552981060000150e+01 -4.443886768149999966e+01
1.922044339129999890e-01 -6.765237156929999607e-01 1.685174329709999974e-01 5.903592231240000210e-01 4.967521546570000113e-02 -3.754427850879999795e+01 -4.382360026650000151e+01
1.016661163099999987e-01 -6.846125383790000463e-01 1.698119375509999918e-01 5.937581775389999539e-01 -9.579892294730000257e-01 -3.778903876889999935e+01 -4.258253104359999952e+01
1.306213814249999883e-01 -6.816818523830000531e-01 1.652000192170000048e-01 5.848654243990000223e-01 -4.014277775130000170e-01 -3.754945998320000200e+01 -4.458744327929999685e+01
1.961837661030000068e-01 -6.789704990099999504e-01 1.686001739540000099e-01 5.929483628570000331e-01 -6.942238322460000388e-01 -3.701844065520000271e+01 -4.334150180379999995e+01
1.097220711759999967e-01 -6.796235688920000406e-01 1.659600623960000021e-01 5.873090340400000109e-01 -5.519709954520000128e-01 -3.743048966660000332e+01 -4.423311530579999840e+01
1.727331789379999982e-01 -6.711670134920000308e-01 1.685780197420000126e-01 5.860374026119999913e-01 7.530373686019999901e-01 -3.762344638140000086e+01 -4.475779294960000243e+01
1.495766424040000098e-01 -6.793354916810000477e-01 1.699846567290000110e-01 5.963527926910000554e-01 -2.662095809569999805e-01 -3.838748452179999759e+01 -4.202725273600000122e+01
2.177345290669999989e-01 -6.845349241279999886e-01 1.606428740180000092e-01 5.819485741359999853e-01 -4.353970628080000016e-01 -3.882013687020000248e+01 -4.436970896049999880e+01
1.173368584610000043e-01 -6.726359858510000400e-01 1.626836821169999892e-01 5.783355256079999451e-01 1.201011427879999927e+00 -3.831836884959999878e+01 -4.590668849680000108e+01
1.296446988330000050e-01 -6.817636982110000243e-01 1.636677647900000032e-01 5.853149507599999524e-01 -5.891407661319999489e-01 -3.805134738230000124e+01 -4.440766811630000177e+01
1.106194647329999947e-01 -6.703643003779999887e-01 1.741985030809999890e-01 5.983511548490000331e-01 7.034185594190000002e-01 -3.757008476379999706e+01 -4.221085942140000213e+01
3.056375854169999795e-01 -6.798601520079999849e-01 1.649758940159999909e-01 5.847087035800000443e-01 9.278548316279999764e-02 -3.816843124599999726e+01 -4.433814942680000115e+01
1.048047729870000000e-01 -6.865374135070000383e-01 1.642778022699999951e-01 5.860070046559999746e-01 -8.032369937740000410e-01 -3.834275501740000180e+01 -4.383660185749999982e+01
1.395308522469999868e-01 -6.848318410250000543e-01 1.603919038149999865e-01 5.876229198950000399e-01 -9.283074666949999720e-01 -3.874155077519999679e+01 -4.333508061399999889e+01
1.319918373410000068e-01 -6.822777408650000375e-01 1.597293568610000103e-01 5.797436646279999772e-01 6.213654939950000178e-02 -3.911421611819999811e+01 -4.482485878560000003e+01
2.813068276790000044e-01 -6.808866396029999990e-01 1.638855264769999986e-01 5.799281853619999705e-01 -1.240991781409999939e-01 -3.775523215060000126e+01 -4.559045146590000286e+01
1.132536323340000095e+00 -6.766908595270000326e-01 1.645666562080000117e-01 5.909155728399999585e-01 -2.194711903150000087e-01 -3.809293194939999694e+01 -4.351082172219999933e+01
1.716783058459999955e-01 -6.811137945499999846e-01 1.659891909589999992e-01 5.844250680689999644e-01 -2.859084870299999914e-01 -3.803416251369999657e+01 -4.425107574260000121e+01
1.851188492670000074e-01 -6.830309644209999753e-01 1.644065100569999938e-01 5.917011375109999527e-01 -9.757956060529999753e-01 -3.831914632259999820e+01 -4.288283338570000325e+01
1.134532613719999999e-01 -6.829192130250000270e-01 1.596112159080000092e-01 5.803139550220000054e-01 -3.364451391480000053e-01 -3.872136147999999878e+01 -4.501648806699999739e+01
2.017126497229999871e-01 -6.761641403889999680e-01 1.649738912760000120e-01 5.864432597149999982e-01 2.372420407349999927e-01 -3.806426087069999653e+01 -4.442471789950000272e+01
1.689089090130000137e-01 -6.791768558899999864e-01 1.640388564630000101e-01 5.898367673209999884e-01 -8.302197669999999974e-02 -3.873328891599999935e+01 -4.315181230710000193e+01
5.748880609580000467e-01 -6.754937697030000132e-01 1.694052659620000068e-01 5.967609890909999493e-01 -2.128403839799999919e-01 -3.755496557309999872e+01 -4.251824841119999832e+01
1.142213848649999974e-01 -6.817805909990000135e-01 1.639995019820000011e-01 5.870795142060000193e-01 -4.980606340500000062e-01 -3.802490616749999930e+01 -4.386083282740000300e+01
1.387263153799999926e-01 -6.652700855099999977e-01 1.730054826899999898e-01 5.917721430390000537e-01 1.703129103810000045e+00 -3.758268531950000124e+01 -4.383702886279999689e+01
1.454167233520000102e-01 -6.796334511739999806e-01 1.682060335040000132e-01 5.910017718860000047e-01 -2.694380664609999920e-01 -3.800707906939999958e+01 -4.323701190519999926e+01
5.733139787859999892e-01 -6.740073476490000548e-01 1.657109556659999983e-01 5.896317685630000360e-01 3.599602832250000106e-01 -3.750215571489999888e+01 -4.404740006939999830e+01
1.002571143910000045e-01 -6.744788899200000465e-01 1.630396966890000077e-01 5.819891578889999639e-01 6.298813376630000294e-01 -3.764262995250000188e+01 -4.542661111849999855e+01
1.897135279000000119e-01 -6.748083987049999788e-01 1.653332748369999994e-01 5.875460567420000002e-01 5.748739697339999566e-01 -3.794052084869999675e+01 -4.437392421149999677e+01
1.201478192390000033e-01 -6.832288144970000143e-01 1.603971309509999998e-01 5.841136659900000305e-01 -2.957241393230000126e-01 -3.869442458879999691e+01 -4.410278533969999870e+01
8.617128887449999608e-01 -6.825285796869999810e-01 1.650643118750000082e-01 5.896977802459999474e-01 -9.440681238829999877e-01 -3.795020008790000077e+01 -4.336110063510000145e+01
1.000413263680000053e-01 -6.728297822340000289e-01 1.642198331040000125e-01 5.881884630350000531e-01 7.624781189960000427e-01 -3.812846724300000290e+01 -4.403686614139999733e+01
1.468274321030000051e-01 -6.748018174450000073e-01 1.725715142860000106e-01 5.944653283190000082e-01 -1.934351432870000109e-01 -3.654849667300000249e+01 -4.330667686689999840e+01
1.735394045360000026e-01 -6.806139977430000210e-01 1.636906997020000087e-01 5.889633494939999769e-01 -2.445373528379999883e-01 -3.829201065689999695e+01 -4.348403585580000197e+01
1.114732586629999939e-01 -6.846263889620000098e-01 1.699431409380000035e-01 5.945482892640000516e-01 -9.893214412280000314e-01 -3.768624220209999720e+01 -4.247883126970000234e+01
5.554378545579999882e-01 -6.780888680050000117e-01 1.688820202999999909e-01 5.937219216839999536e-01 -2.234338771940000135e-01 -3.811276127770000244e+01 -4.264898090509999662e+01
1.486889971110000042e-01 -6.770351326750000398e-01 1.686940660800000102e-01 5.895449782380000059e-01 2.996662160390000107e-01 -3.743932639810000040e+01 -4.371710317510000010e+01
3.893717032649999799e-01 -6.824053221689999615e-01 1.655465315509999924e-01 5.943875313980000463e-01 -8.601156000240000044e-01 -3.838553131879999825e+01 -4.253503863609999769e+01
6.318300470630000554e-01 -6.794642161509999445e-01 1.724012720750000005e-01 5.928243425900000529e-01 -4.966612531919999962e-01 -3.690928755299999864e+01 -4.347999567869999993e+01
3.814271617810000015e-01 -6.784411478509999593e-01 1.673282680550000068e-01 5.865631491089999816e-01 9.989671435999999960e-02 -3.781541591220000242e+01 -4.412686721090000219e+01
1.689988433300000092e-01 -6.736260908340000464e-01 1.659522869279999868e-01 5.822060100720000131e-01 1.019655847879999966e+00 -3.792483421979999747e+01 -4.532021257739999953e+01
1.699584714269999908e-01 -6.833348529770000290e-01 1.642268307320000065e-01 5.884467560830000110e-01 -5.097882221489999921e-01 -3.873090209530000294e+01 -4.338625096930000069e+01
1.137724839820000028e-01 -6.789212368429999866e-01 1.690932651710000123e-01 5.934325500889999772e-01 -1.694477119100000137e-02 -3.814817645589999984e+01 -4.274123008790000000e+01
1.454302822770000003e-01 -6.702599447699999491e-01 1.659815087300000047e-01 5.806671519660000502e-01 1.628247036579999918e+00 -3.803367030969999973e+01 -4.552064620019999808e+01
1.485484086989999897e-01 -6.806106860530000136e-01 1.698063136959999941e-01 5.899974467580000326e-01 -4.401076724269999962e-01 -3.765935218759999970e+01 -4.362975798050000265e+01
1.738739230449999895e-01 -6.694780140089999776e-01 1.690200792210000136e-01 5.854518161870000403e-01 1.092754555319999987e+00 -3.748781381780000288e+01 -4.499191378110000272e+01
1.565108331989999990e-01 -6.649002178749999770e-01 1.720082269730000002e-01 5.912181884149999567e-01 1.599183819490000102e+00 -3.725753417530000178e+01 -4.410622819569999820e+01
6.638488352570000028e-01 -6.750013709009999863e-01 1.619087719110000045e-01 5.833436318579999780e-01 6.524231102899999968e-01 -3.855726055800000296e+01 -4.458978341139999912e+01
1.194093426380000017e-01 -6.776207548010000359e-01 1.732817132679999872e-01 5.985010468550000517e-01 -4.488464704819999929e-01 -3.725567186800000030e+01 -4.234059374230000117e+01
1.029392518260000000e-01 -6.781422273389999811e-01 1.631901165990000124e-01 5.871778738049999724e-01 1.686129028660000029e-01 -3.866765822949999887e+01 -4.375921157340000178e+01
1.170545404690000041e-01 -6.803876767550000038e-01 1.682328428160000111e-01 5.897195350809999459e-01 -2.340879969019999951e-01 -3.770427253310000282e+01 -4.377262228099999675e+01
8.471389394580000065e-01 -6.732274429179999631e-01 1.630464223330000129e-01 5.814585576840000103e-01 7.844037780839999696e-01 -3.804388965180000071e+01 -4.541143681159999801e+01
1.177573138979999962e-01 -6.802076771210000539e-01 1.643972785770000111e-01 5.881773631369999755e-01 -2.308685046770000138e-01 -3.779627352309999822e+01 -4.388568943859999649e+01
1.408907485860000086e-01 -6.799191638999999565e-01 1.666373905490000085e-01 5.912571301469999874e-01 -5.625094509739999582e-01 -3.806836535579999747e+01 -4.313594989460000306e+01
2.159787530529999888e-01 -6.735733597840000142e-01 1.726993609309999955e-01 5.981126101179999877e-01 3.331980088539999996e-02 -3.721136739429999807e+01 -4.262079787100000061e+01
2.161930169500000165e+00 -6.720445256289999669e-01 1.724443887019999899e-01 5.891861733650000099e-01 6.998848338140000180e-01 -3.700503156380000291e+01 -4.437778234830000201e+01
2.501506027770000196e-01 -6.804157196169999811e-01 1.722274050719999894e-01 5.974853622429999733e-01 -7.126097212780000412e-01 -3.748299160999999913e+01 -4.216261268040000232e+01
1.165607673780000020e-01 -6.787381154670000249e-01 1.666432253469999902e-01 5.918152378190000285e-01 -3.093914691899999903e-01 -3.805917779690000202e+01 -4.312550889869999793e+01
2.388939531510000103e-01 -6.788375105920000374e-01 1.641886672100000000e-01 5.871394695980000078e-01 -2.107711850120000049e-02 -3.788241855729999941e+01 -4.421576154550000126e+01
1.418227415880000120e-01 -6.780637455050000373e-01 1.657328853900000010e-01 5.817379292140000269e-01 3.922753846409999801e-01 -3.789028235810000211e+01 -4.496359272149999953e+01
1.002373549429999983e-01 -6.842969254580000271e-01 1.658037122930000051e-01 5.874255461870000472e-01 -7.752239981690000059e-01 -3.809766401630000132e+01 -4.361417154170000288e+01
1.098056616930000035e-01 -6.775160980619999718e-01 1.638881736929999888e-01 5.879967206489999931e-01 1.443958788939999904e-01 -3.837234315509999760e+01 -4.363087994779999690e+01
1.415815457329999971e-01 -6.751285655709999833e-01 1.654237717270000130e-01 5.794184560339999956e-01 6.709075679089999689e-01 -3.763538873819999964e+01 -4.571041009180000003e+01
5.352873082179999686e-01 -6.808913006900000342e-01 1.683576919349999979e-01 5.901550936410000503e-01 -2.056540381510000015e-01 -3.827400344859999848e+01 -4.334779133239999993e+01
1.136707718470000017e-01 -6.821835690169999467e-01 1.708074193570000010e-01 5.949718020930000462e-01 -1.071053650669999913e+00 -3.701344122279999738e+01 -4.272889936760000040e+01
1.611893794320000128e-01 -6.782747237409999519e-01 1.611384511810000086e-01 5.804486630790000046e-01 3.649121872819999779e-01 -3.843511501950000309e+01 -4.509608586849999767e+01
1.436909339349999870e-01 -6.812353383439999632e-01 1.638178290910000112e-01 5.869997304649999803e-01 -4.482944426930000059e-01 -3.825373937039999817e+01 -4.381243646210000264e+01
4.831368835589999744e-01 -6.779028401019999706e-01 1.695089035990000048e-01 5.931193541960000370e-01 -5.072103813019999963e-02 -3.775724723660000137e+01 -4.292936807830000134e+01
3.257643295120000171e-01 -6.718806802369999831e-01 1.684675004769999873e-01 5.909174411500000001e-01 8.091056951470000369e-01 -3.798650912099999744e+01 -4.354846817330000164e+01
2.976891963330000057e-01 -6.838961652570000327e-01 1.622230805809999898e-01 5.842090997459999935e-01 -4.564795035070000062e-01 -3.816535777680000052e+01 -4.424262855930000171e+01
1.505801897219999907e-01 -6.755675998810000138e-01 1.662983471710000050e-01 5.914744772369999737e-01 1.947377555389999959e-01 -3.768134148010000217e+01 -4.366067020090000028e+01
2.468846923030000029e-01 -6.783029790960000138e-01 1.667513994439999980e-01 5.844113643530000068e-01 2.959528040320000275e-01 -3.764458038949999974e+01 -4.484094884310000140e+01
1.143532647559999949e-01 -6.795537014639999596e-01 1.593594388909999882e-01 5.805885397840000461e-01 2.174067573490000016e-01 -3.880034382249999680e+01 -4.501553276119999936e+01
1.494722860219999949e-01 -6.865384073610000248e-01 1.628736203760000056e-01 5.878135330649999490e-01 -1.160031900109999903e+00 -3.855326164150000068e+01 -4.334922027300000025e+01
1.865336429879999869e-01 -6.741955210179999547e-01 1.663715587479999980e-01 5.892721322339999901e-01 3.395325197490000058e-01 -3.824214318759999998e+01 -4.374837893069999950e+01
1.069108743509999959e-01 -6.735190931110000001e-01 1.720722886440000099e-01 5.939793857330000204e-01 2.802199442739999879e-01 -3.727114877190000186e+01 -4.327534928960000116e+01
7.174562188180000355e+00 -6.733825308230000362e-01 1.688254532510000128e-01 5.882833291400000331e-01 8.251731629720000516e-01 -3.795879982280000320e+01 -4.420815439849999962e+01
3.489476267519999730e-01 -6.784591342800000424e-01 1.638102751249999878e-01 5.837972660129999714e-01 -1.514311246970000135e-01 -3.751873147050000057e+01 -4.491661646419999698e+01
1.077517286659999962e-01 -6.761277492039999837e-01 1.723790054000000072e-01 5.956018636290000279e-01 2.954941468520000045e-02 -3.787018177379999884e+01 -4.233027788929999957e+01
3.274924376930000158e-01 -6.803851953759999516e-01 1.670147487080000104e-01 5.856678570240000381e-01 2.016432495960000099e-02 -3.820454330070000282e+01 -4.399195307459999782e+01
4.287867153170000223e-01 -6.845743347720000260e-01 1.609279730210000092e-01 5.837994945629999544e-01 -5.973295945659999884e-01 -3.856004967869999689e+01 -4.413559074759999845e+01
2.794144193299999968e-01 -6.733586547080000484e-01 1.692738874930000137e-01 5.851805903019999811e-01 7.507813570870000008e-01 -3.704734143000000302e+01 -4.494711013460000260e+01
1.296540336650000014e-01 -6.770923026780000242e-01 1.745394565060000014e-01 5.998583527140000093e-01 -4.594105834910000019e-01 -3.701302071239999947e+01 -4.207299952769999862e+01
2.138936129039999967e-01 -6.799557454760000175e-01 1.734913757769999954e-01 6.000755087939999566e-01 -5.571859720049999742e-01 -3.762031937220000088e+01 -4.144541579269999687e+01
1.041202562060000031e-01 -6.771434912339999723e-01 1.660532475269999864e-01 5.875055090919999445e-01 4.269144527050000026e-01 -3.772306829840000120e+01 -4.413555350099999686e+01
5.159919226939999604e-01 -6.801316994239999802e-01 1.682180279190000072e-01 5.890363238139999513e-01 -4.334035897810000204e-01 -3.733169766270000167e+01 -4.401270295430000346e+01
1.469805997159999988e-01 -6.794092193999999862e-01 1.644863017050000042e-01 5.896062746789999531e-01 -2.761230336629999851e-02 -3.841367307160000166e+01 -4.323754591880000220e+01
2.037219203629999920e-01 -6.720451244339999963e-01 1.618792678659999873e-01 5.827350002410000007e-01 1.136720516360000044e+00 -3.838559220169999975e+01 -4.498296791340000311e+01
1.018135051120000051e-01 -6.799533523820000536e-01 1.710922599059999938e-01 5.962234112909999828e-01 -4.658307950460000013e-01 -3.779286194539999855e+01 -4.209898523999999753e+01
1.092536313559999972e-01 -6.820187604249999813e-01 1.653044956939999921e-01 5.901729161419999592e-01 -6.841417761210000226e-01 -3.807533689480000305e+01 -4.344787962579999885e+01
4.684003453300000230e-01 -6.805655199900000341e-01 1.694674475340000042e-01 5.961368566900000499e-01 -7.954453669659999893e-01 -3.749237762660000328e+01 -4.258804885020000341e+01
1.165871890190000038e-01 -6.719246715700000205e-01 1.659078403839999993e-01 5.877623715509999736e-01 9.307641600010000404e-01 -3.774571543820000130e+01 -4.444539943560000239e+01
3.825058994039999827e-01 -6.776365274250000237e-01 1.708976513059999869e-01 5.996865392850000420e-01 -4.665709345519999940e-01 -3.755286390460000234e+01 -4.198083087460000229e+01
2.558440628670000105e+00 -6.741330578699999965e-01 1.729480404310000108e-01 5.945449551739999672e-01 5.329758334459999691e-02 -3.745113119900000243e+01 -4.287040998980000239e+01
1.559652211299999980e-01 -6.802275417880000452e-01 1.694590446439999953e-01 5.944048482399999500e-01 -5.129856498339999682e-01 -3.759177974760000041e+01 -4.252860704129999903e+01
1.214943891549999933e-01 -6.756345524760000165e-01 1.687021784349999887e-01 5.898613046889999989e-01 3.194674821940000076e-01 -3.803589007189999904e+01 -4.358744704419999749e+01
1.056918411459999985e-01 -6.795593566890000270e-01 1.634603640160000038e-01 5.838131546089999624e-01 -1.257811830120000030e-01 -3.829036065009999845e+01 -4.441727760909999745e+01
2.144868081380000013e-01 -6.722087582660000171e-01 1.676565403489999884e-01 5.914580771220000477e-01 6.390693784600000038e-01 -3.824536864640000289e+01 -4.342248258109999881e+01
1.077213607240000010e-01 -6.764028909250000554e-01 1.655706780420000135e-01 5.844008527680000231e-01 3.330633251449999777e-01 -3.804119713259999713e+01 -4.464142059939999996e+01
2.731974815479999985e-01 -6.783137375269999714e-01 1.654065377670000114e-01 5.787136163360000474e-01 2.771878062450000013e-01 -3.755101696650000065e+01 -4.587546199169999994e+01
3.355258173539999689e+01 -6.802624053770000012e-01 1.610549780820000054e-01 5.855114226819999601e-01 -2.076324724349999928e-01 -3.813461554860000291e+01 -4.418396772060000188e+01
1.039875695300000041e-01 -6.758280064489999850e-01 1.689556614790000133e-01 5.924076440309999914e-01 -7.438616101560000318e-03 -3.785205443030000083e+01 -4.333502368610000133e+01
1.319583330540000099e-01 -6.852496109769999899e-01 1.572619614759999951e-01 5.733327143740000187e-01 -3.615345799970000051e-01 -3.863127421880000156e+01 -4.616022221749999943e+01
3.374489420630000236e-01 -6.795799947109999462e-01 1.645827100820000111e-01 5.897103620460000251e-01 -2.208972610590000107e-01 -3.798422063350000144e+01 -4.340041634659999659e+01
2.151716964229999918e-01 -6.802603804000000309e-01 1.674252526570000066e-01 5.919943501290000354e-01 -3.655168882989999757e-01 -3.770603221489999868e+01 -4.312883222100000324e+01
6.438453355100000053e-01 -6.739491267620000281e-01 1.640843241399999874e-01 5.828591839979999634e-01 8.512869695329999820e-01 -3.831436831199999915e+01 -4.500500637279999694e+01
1.452477951529999867e-01 -6.741890492650000066e-01 1.713524695660000041e-01 5.901888663940000335e-01 2.342182129750000064e-01 -3.717517437189999896e+01 -4.399760731290000138e+01
6.687448133679999573e-01 -6.820919078570000238e-01 1.617699655890000032e-01 5.812301239170000189e-01 -3.741994124089999957e-02 -3.894689619839999750e+01 -4.457026066440000278e+01
1.482900298740000011e-01 -6.847659375110000113e-01 1.647981611709999905e-01 5.894442208260000093e-01 -8.340439857589999617e-01 -3.809829335519999916e+01 -4.319112715290000182e+01
1.032097242830000011e-01 -6.797429612149999967e-01 1.704256225150000137e-01 5.966869637149999628e-01 -5.021660103110000550e-01 -3.785600604959999771e+01 -4.226474493269999755e+01
4.534624358350000106e-01 -6.735345171450000112e-01 1.639591115959999901e-01 5.815863609200000450e-01 7.466165223070000412e-01 -3.808474832990000181e+01 -4.534395695260000281e+01
3.645224090679999862e-01 -6.799303692799999466e-01 1.674838560430000067e-01 5.874217513499999654e-01 -1.170094358399999951e-01 -3.761262683220000014e+01 -4.404989897770000340e+01
2.276231833609999866e-01 -6.772170462259999857e-01 1.711885877830000013e-01 5.894692180210000521e-01 2.489243774559999900e-01 -3.755846567399999714e+01 -4.372386089710000334e+01
1.042629886090000041e-01 -6.728611271400000149e-01 1.656204401870000065e-01 5.894651279810000366e-01 2.956964160200000191e-01 -3.795779133970000174e+01 -4.377970642590000239e+01
3.283385652620000039e-01 -6.798936926449999918e-01 1.697575480109999868e-01 5.967141174879999621e-01 -6.344834368099999677e-01 -3.807554567230000231e+01 -4.193796061270000308e+01
1.151816818699999967e-01 -6.779494930070000258e-01 1.669007919349999869e-01 5.884836379390000483e-01 2.654871675189999780e-01 -3.778040045409999692e+01 -4.390644447310000231e+01
2.974000001800000126e-01 -6.814569509350000276e-01 1.632055836230000001e-01 5.909162331259999457e-01 -6.173394421810000088e-01 -3.842328712709999650e+01 -4.296140443710000056e+01
2.211825083869999875e-01 -6.830335436709999986e-01 1.691335982130000026e-01 5.918959294700000262e-01 -6.080604237510000010e-01 -3.765225853759999808e+01 -4.316011138759999710e+01
3.564249491450000029e-01 -6.773499374670000073e-01 1.630369427620000089e-01 5.857562025570000053e-01 3.848387742250000132e-01 -3.854951430959999925e+01 -4.396421043149999974e+01
2.006809813650000107e-01 -6.745136299359999477e-01 1.666340395850000045e-01 5.885312029920000132e-01 7.175533107060000360e-01 -3.800674291579999675e+01 -4.373279520039999824e+01
9.920936196190000000e-01 -6.789676463349999525e-01 1.682191407560000018e-01 5.878492971250000032e-01 -5.412692345790000303e-02 -3.837806285469999779e+01 -4.358566942769999741e+01
1.001294236590000025e-01 -6.726585189579999957e-01 1.651147295529999948e-01 5.868312791619999524e-01 4.494553511500000154e-01 -3.773109102850000340e+01 -4.450213410979999651e+01
5.241870188949999676e-01 -6.827390445159999821e-01 1.686288554560000097e-01 5.985681056699999614e-01 -1.245133315249999928e+00 -3.806274856099999937e+01 -4.176582292500000193e+01
1.282454942600000092e-01 -6.855091127200000356e-01 1.620957111019999952e-01 5.832267574630000118e-01 -8.509495279030000470e-01 -3.818462637070000198e+01 -4.452860929229999698e+01
1.407279861200000093e-01 -6.754382918379999712e-01 1.725019758520000002e-01 5.932704549039999886e-01 2.161986588010000043e-01 -3.768199411279999822e+01 -4.299027550139999931e+01
1.783518639849999976e-01 -6.772499756319999564e-01 1.621101378719999875e-01 5.862453264039999556e-01 4.247124183870000236e-01 -3.898236525090000271e+01 -4.391831927460000173e+01
2.892744877569999873e-01 -6.821996093400000127e-01 1.739679988410000044e-01 5.998466697650000068e-01 -8.920187092700000431e-01 -3.749336945579999991e+01 -4.147592845530000005e+01
2.613730672619999917e-01 -6.824671517770000140e-01 1.672465121649999997e-01 5.948438533309999832e-01 -7.963739163799999909e-01 -3.829311376630000296e+01 -4.221924713739999646e+01
1.045440592580000050e-01 -6.780733266559999528e-01 1.686336344259999898e-01 5.906086198090000350e-01 -2.074334234959999967e-01 -3.825765363810000252e+01 -4.322016382030000159e+01
1.030732528420000016e-01 -6.802840941700000199e-01 1.685024527250000015e-01 5.967710522729999800e-01 -4.797630050910000055e-01 -3.821024554059999900e+01 -4.203364745620000065e+01
1.659518504789999904e-01 -6.714211323330000480e-01 1.676593552860000114e-01 5.864557525010000161e-01 9.669461411290000141e-01 -3.778147869979999740e+01 -4.446574549550000199e+01
1.081521067169999989e-01 -6.826182527030000280e-01 1.608938944559999973e-01 5.872950396020000241e-01 -4.014838962289999924e-01 -3.887443793580000317e+01 -4.365712916300000046e+01
1.257501043910000116e-01 -6.806888626160000344e-01 1.638390207490000028e-01 5.903816654260000130e-01 -3.126671617999999819e-01 -3.790104923860000241e+01 -4.347892487280000040e+01
4.443877491429999993e-01 -6.830012664589999449e-01 1.652538200010000013e-01 5.855917042549999563e-01 -6.250198139520000140e-01 -3.780727954219999987e+01 -4.415440595519999789e+01
1.042736622730000007e-01 -6.765665931759999863e-01 1.667367471239999954e-01 5.851480650260000305e-01 3.416857746879999880e-01 -3.744719704829999785e+01 -4.474443141190000262e+01
1.284804728879999913e-01 -6.715877957839999635e-01 1.712725389089999883e-01 5.857304115339999617e-01 8.178886920750000344e-01 -3.699622644240000113e+01 -4.499468703149999982e+01
1.798887205849999948e-01 -6.717264587689999455e-01 1.613260537800000061e-01 5.811809384720000304e-01 1.345189393549999890e+00 -3.897558547389999717e+01 -4.513300985579999747e+01
2.324600220470000034e-01 -6.776544455709999637e-01 1.657170566320000094e-01 5.848573271870000090e-01 -4.713142399669999899e-02 -3.725354380680000332e+01 -4.481461884240000160e+01
2.349324900260000015e-01 -6.804012717309999569e-01 1.709750835780000089e-01 6.039171158399999628e-01 -8.912261400530000488e-01 -3.819623633420000175e+01 -4.055638815209999848e+01
1.118808092729999953e-01 -6.771900361949999558e-01 1.715004893560000132e-01 5.959572059640000363e-01 -2.518264490570000236e-01 -3.788969376440000048e+01 -4.257810554059999930e+01
5.561079050660000078e+00 -6.719011852470000434e-01 1.682199978280000119e-01 5.873532425570000548e-01 8.660763872869999824e-01 -3.781395361130000055e+01 -4.419399850580000333e+01
1.003109440089999943e-01 -6.831273336700000032e-01 1.657560010319999999e-01 5.893982158480000066e-01 -6.900400607250000151e-01 -3.809389107559999843e+01 -4.326353567419999990e+01
1.188298884139999956e-01 -6.779769744939999621e-01 1.661144287469999981e-01 5.881329413739999623e-01 -3.240242235929999878e-03 -3.753278227660000255e+01 -4.402803516779999882e+01
4.027407491650000226e-01 -6.829754207620000184e-01 1.603771083609999981e-01 5.819379003379999693e-01 -3.331397442660000152e-01 -3.905620007899999990e+01 -4.447577576049999948e+01
1.052512135460000053e-01 -6.788368903910000363e-01 1.678458921519999925e-01 5.913906862240000395e-01 -1.151230355130000022e-01 -3.751787358829999874e+01 -4.328628760000000142e+01
2.914303459379999905e-01 -6.747122288479999730e-01 1.649512758359999998e-01 5.866669747660000489e-01 3.141882720360000270e-01 -3.796557640609999851e+01 -4.432617503800000236e+01
3.343930274329999786e-01 -6.819572044199999628e-01 1.695796827080000013e-01 5.932167106969999937e-01 -9.578305684760000105e-01 -3.776872341389999832e+01 -4.276462519679999730e+01
1.811771469500000065e-01 -6.781660727780000064e-01 1.651161958519999917e-01 5.880303203919999833e-01 -5.842411476570000262e-02 -3.844079250059999708e+01 -4.376214817320000350e+01
1.149476122290000041e-01 -6.769610034890000128e-01 1.653148943859999997e-01 5.864906220800000236e-01 3.366905811640000246e-01 -3.775979755990000086e+01 -4.433249327469999912e+01
2.899876351200000091e+00 -6.784001782480000298e-01 1.674233201410000038e-01 5.870580970530000497e-01 4.555807378980000072e-02 -3.800460230150000029e+01 -4.422598588110000151e+01
4.623380483930000229e-01 -6.719512044240000259e-01 1.705038313460000010e-01 5.870305352679999755e-01 6.904332497799999802e-01 -3.716144386620000262e+01 -4.466885414880000127e+01
1.291430908270000122e-01 -6.759821786509999653e-01 1.632385708090000054e-01 5.863385681270000260e-01 5.771702541959999877e-01 -3.849112503759999981e+01 -4.427937886480000174e+01
1.398050722489999897e-01 -6.772718933610000214e-01 1.701306326350000009e-01 5.884139524610000338e-01 -1.228119719919999915e-02 -3.755826479659999961e+01 -4.398423509010000032e+01
1.338290452170000089e+00 -6.783799828940000332e-01 1.665049094899999915e-01 5.882682348069999678e-01 1.641684045290000005e-01 -3.798024485519999871e+01 -4.371477969000000030e+01
4.582029973260000055e-01 -6.743874682210000415e-01 1.628780465319999982e-01 5.811277845850000290e-01 6.370905971210000240e-01 -3.816213014710000095e+01 -4.525803180150000316e+01
1.316014653889999997e-01 -6.792295376829999842e-01 1.718045011709999903e-01 5.953936680450000463e-01 -4.223804122059999777e-01 -3.746457177159999929e+01 -4.260990900560000227e+01
1.079428638219999959e-01 -6.809378670460000116e-01 1.704991577530000080e-01 5.972413656439999885e-01 -1.076765586879999903e+00 -3.714207099170000248e+01 -4.227740003400000290e+01
1.246952163349999976e-01 -6.793143527810000526e-01 1.662049333650000016e-01 5.904722632950000216e-01 -1.445324692949999934e-01 -3.832874089580000287e+01 -4.315175493419999952e+01
1.224203471290000039e-01 -6.767920354340000166e-01 1.636929762040000014e-01 5.858592980560000107e-01 2.196550251159999911e-01 -3.827167118389999700e+01 -4.438075265260000180e+01
1.109182224879999984e-01 -6.829207672320000144e-01 1.673998247900000125e-01 5.925867524979999690e-01 -5.740727166579999707e-01 -3.771007623940000286e+01 -4.288955912830000017e+01
2.647099023949999741e-01 -6.769058698990000345e-01 1.724710052969999907e-01 5.997569529720000459e-01 -2.662359596259999961e-01 -3.768738557580000048e+01 -4.169033911809999893e+01
1.197523041250000003e-01 -6.798913362670000460e-01 1.685524591160000030e-01 5.868332280920000033e-01 -3.500989486309999954e-01 -3.699004561459999962e+01 -4.450856458039999808e+01
3.421205423850000038e-01 -6.775742199249999986e-01 1.678871058799999982e-01 5.891073894039999814e-01 -8.355436808079999556e-02 -3.759985460970000304e+01 -4.392936808359999645e+01
1.082942977069999979e-01 -6.786749310280000280e-01 1.632271083110000132e-01 5.913357151150000490e-01 -1.324246428949999999e-01 -3.865011710259999944e+01 -4.294563719540000335e+01
1.064511063849999939e-01 -6.817022492900000064e-01 1.718569676729999884e-01 5.980274819340000159e-01 -7.292791561829999880e-01 -3.752578582169999777e+01 -4.214530736580000081e+01
1.818229574409999938e-01 -6.785491082319999867e-01 1.619675094119999992e-01 5.842127741070000102e-01 1.199853228210000060e-02 -3.842242439369999829e+01 -4.435764197990000213e+01
3.637127259010000113e-01 -6.749888381119999448e-01 1.680874726920000006e-01 5.850390865150000286e-01 7.715359514220000436e-01 -3.755241941199999900e+01 -4.468344424880000076e+01
1.336854387020000035e-01 -6.799002183110000042e-01 1.613489019919999989e-01 5.819493850939999602e-01 7.367002331020000572e-02 -3.871218968510000025e+01 -4.458017560719999750e+01
1.997040063799999932e-01 -6.748609073889999532e-01 1.650453996659999867e-01 5.840021939939999962e-01 5.925558954590000038e-01 -3.805123165730000068e+01 -4.483349091689999710e+01
1.441233578780000135e-01 -6.831777535080000296e-01 1.703684268260000079e-01 5.985077365830000495e-01 -1.149770132160000013e+00 -3.763944471730000174e+01 -4.190425706999999989e+01
6.637826795569999883e-01 -6.772413696839999497e-01 1.688045128979999976e-01 5.921675933760000010e-01 -2.069923085639999993e-01 -3.804383294880000221e+01 -4.289595507370000149e+01
1.014139356939999931e-01 -6.794403004529999679e-01 1.650990281930000136e-01 5.877974446579999901e-01 -2.101340924429999923e-01 -3.744591789209999888e+01 -4.423231731700000324e+01
2.386155663260000059e-01 -6.850096648329999649e-01 1.645578518520000033e-01 5.884613028640000021e-01 -8.373248697920000483e-01 -3.822431098389999704e+01 -4.340012876330000324e+01
1.149044807009999974e-01 -6.816422632240000112e-01 1.612501354829999900e-01 5.762797470610000472e-01 7.043714533990000359e-02 -3.792471591249999818e+01 -4.602259209900000059e+01
1.585511498040000078e-01 -6.773454082450000024e-01 1.679766171669999919e-01 5.914168816189999678e-01 -3.427883321890000112e-01 -3.716515555090000333e+01 -4.361104440230000279e+01
9.221538110860000304e-01 -6.762440406099999857e-01 1.692994643930000043e-01 5.964118859700000552e-01 -3.736764387150000033e-01 -3.754883820639999925e+01 -4.258834818049999882e+01
1.319864237149999953e-01 -6.813772478959999601e-01 1.675629760610000130e-01 5.901905038839999618e-01 -2.764845461950000138e-01 -3.861127509029999771e+01 -4.304395644710000113e+01
2.856320859640000265e-01 -6.751190634100000532e-01 1.681652995750000101e-01 5.855991729839999937e-01 4.989642906449999749e-01 -3.719139581419999985e+01 -4.480621277769999722e+01
6.000730364799999883e-01 -6.808589108749999452e-01 1.609305064369999927e-01 5.817950282460000455e-01 6.751106610319999868e-02 -3.839253685340000288e+01 -4.464422023160000208e+01
1.878736509989999970e-01 -6.824194327120000070e-01 1.643675284159999972e-01 5.897782381580000122e-01 -4.989187783790000053e-01 -3.823941136820000253e+01 -4.317047374919999925e+01
1.173217960159999990e-01 -6.784826196540000298e-01 1.678463099749999965e-01 5.840746219169999920e-01 3.448166368760000045e-01 -3.797495011409999677e+01 -4.452036629570000059e+01
1.142550410209999950e-01 -6.786394985949999459e-01 1.729165120770000119e-01 5.938415872240000448e-01 -2.591437386159999856e-01 -3.714032743679999982e+01 -4.313452808099999913e+01
1.764830925460000033e-01 -6.773692617109999814e-01 1.636949017219999913e-01 5.831708525830000545e-01 4.279593783160000053e-01 -3.841312203649999901e+01 -4.476733280109999669e+01
1.506455235430000095e-01 -6.749002266539999573e-01 1.655053988159999878e-01 5.843940825660000060e-01 7.390658993969999591e-01 -3.808767595439999809e+01 -4.471014334739999896e+01
1.507853441410000050e-01 -6.711912861900000138e-01 1.649100488870000047e-01 5.837184107889999973e-01 1.046213492139999923e+00 -3.774935909220000241e+01 -4.503889795370000115e+01
3.471018564180000099e-01 -6.817852129910000336e-01 1.684246139520000074e-01 5.940738050760000499e-01 -7.423192529550000085e-01 -3.746444073530000196e+01 -4.279127849660000038e+01
2.471684328679999987e-01 -6.761057737250000255e-01 1.630779494169999899e-01 5.815505037160000334e-01 2.864817395070000106e-01 -3.769961823679999924e+01 -4.555630049100000178e+01
3.297261586110000198e-01 -6.782003673680000455e-01 1.659906985060000117e-01 5.899933298309999463e-01 -4.155154362999999990e-02 -3.802645325670000176e+01 -4.360848744729999993e+01
1.475824209659999942e-01 -6.833525767610000301e-01 1.696473403190000007e-01 5.914945897610000003e-01 -6.938010197039999882e-01 -3.790358129490000039e+01 -4.300011675340000039e+01
1.651536859190000095e-01 -6.790122623559999848e-01 1.620414035759999982e-01 5.898897606109999581e-01 -1.370997852270000039e-01 -3.884588064649999950e+01 -4.309798347649999783e+01
1.110221122560000051e-01 -6.725410784159999711e-01 1.743313797459999925e-01 6.006122633129999944e-01 4.554061998790000232e-02 -3.728912973010000087e+01 -4.207713158659999664e+01
1.582594904169999928e-01 -6.684948121939999766e-01 1.766985599560000064e-01 5.982405919419999663e-01 7.895407682349999678e-01 -3.682515280319999817e+01 -4.277775646829999801e+01
3.301826646039999757e-01 -6.740975945470000230e-01 1.693097627119999893e-01 5.839051371479999641e-01 7.700446591859999579e-01 -3.734982508529999734e+01 -4.510311900600000001e+01
4.528232610730000274e-01 -6.795419830450000198e-01 1.675469505480000065e-01 5.885704775000000222e-01 -4.065475400319999988e-01 -3.731817469349999783e+01 -4.399652798160000344e+01
2.726179680549999929e-01 -6.800097728680000175e-01 1.701211905270000047e-01 5.950276789749999740e-01 -7.360655668919999783e-01 -3.716349944520000292e+01 -4.293342691579999837e+01
1.193395742249999947e-01 -6.771232325839999788e-01 1.632447233360000138e-01 5.825555607429999672e-01 2.656575193590000050e-01 -3.823246174829999688e+01 -4.488592856399999675e+01
1.445918007219999968e+00 -6.824723826020000494e-01 1.628317349370000111e-01 5.859748903749999460e-01 -4.641485163490000065e-01 -3.788467567429999860e+01 -4.426609687810000082e+01
1.563383527399999917e-01 -6.803985833200000277e-01 1.716034713429999969e-01 5.996830089310000167e-01 -9.461920848360000358e-01 -3.705320969390000130e+01 -4.202689083660000335e+01
1.104601695130000005e-01 -6.765308252070000306e-01 1.619700947280000025e-01 5.777751264410000420e-01 7.223167095489999578e-01 -3.860638475110000201e+01 -4.566193753999999672e+01
1.307687024480000126e-01 -6.802126727620000368e-01 1.684242805170000079e-01 5.912930960519999779e-01 -7.592258449309999824e-01 -3.780413194479999817e+01 -4.333488104610000136e+01
4.494181104550000194e-01 -6.831024329429999931e-01 1.639492053740000121e-01 5.832991383510000016e-01 -5.722975620870000002e-01 -3.774722659849999928e+01 -4.463258539920000345e+01
1.024034928789999965e-01 -6.750931981659999970e-01 1.686647932489999946e-01 5.938393588670000112e-01 -6.360916595030000065e-02 -3.728572728719999674e+01 -4.327496103640000058e+01
3.449456846699999746e-01 -6.786358827820000439e-01 1.700986511819999880e-01 5.873945607310000483e-01 6.576895745260000203e-02 -3.741441460659999763e+01 -4.412401822159999654e+01
2.879111877330000069e-01 -6.737019316810000102e-01 1.656583770950000034e-01 5.871928770240000262e-01 7.673503732180000370e-01 -3.775294223160000229e+01 -4.439117449409999949e+01
7.033566090680000160e-01 -6.809968935779999732e-01 1.589222712849999997e-01 5.776216962389999487e-01 2.682422299409999988e-01 -3.865937934619999794e+01 -4.550326607000000223e+01
2.255706856899999946e-01 -6.859438176840000345e-01 1.680028629339999913e-01 5.927448290200000303e-01 -1.255679474389999939e+00 -3.753787358449999800e+01 -4.295919039900000058e+01
1.009917830649999931e-01 -6.714102816820000097e-01 1.756434987040000062e-01 6.028984846360000427e-01 5.031549554290000170e-01 -3.754548977390000175e+01 -4.128402356050000321e+01
1.033373683110000024e-01 -6.765902818129999607e-01 1.717867443730000110e-01 5.893057194020000500e-01 2.251429370700000140e-02 -3.700804096209999727e+01 -4.410644696519999997e+01
2.864353917479999789e-01 -6.801757232149999721e-01 1.709366845239999877e-01 5.929067617579999450e-01 -4.049888478870000141e-01 -3.755538521249999917e+01 -4.285657681349999848e+01
1.573163154470000047e-01 -6.806767713810000231e-01 1.627667675649999979e-01 5.812457981280000352e-01 -7.080418976600000303e-02 -3.802970859300000228e+01 -4.493960626009999970e+01
1.039013334100000047e-01 -6.792876550390000157e-01 1.643536617730000093e-01 5.842514893089999495e-01 1.148545454299999963e-01 -3.820513620389999687e+01 -4.434931724540000175e+01
1.184192598879999947e+00 -6.859510061569999984e-01 1.644441611540000125e-01 5.895450652889999699e-01 -8.479992014520000287e-01 -3.814245831889999749e+01 -4.315464664900000002e+01
3.373152023520000209e-01 -6.754402815290000417e-01 1.651767928650000050e-01 5.893860736410000412e-01 2.885593292570000079e-01 -3.798768464540000167e+01 -4.393274769679999991e+01
3.904617517039999930e-01 -6.763711464320000255e-01 1.692650562420000004e-01 5.956333070679999953e-01 -2.067034996630000010e-01 -3.762913710849999660e+01 -4.278078935879999989e+01
2.003183880930000105e-01 -6.895850289189999760e-01 1.618569240259999931e-01 5.845970193889999944e-01 -1.494062714420000049e+00 -3.789493628700000016e+01 -4.417732452130000098e+01
1.021426396019999988e-01 -6.734805234480000236e-01 1.607158773290000009e-01 5.797297702939999686e-01 1.027603795759999938e+00 -3.834261262639999757e+01 -4.565994580480000309e+01
9.182391961410000247e-01 -6.790086364749999825e-01 1.698201610610000079e-01 5.901299654710000508e-01 -4.683364730999999836e-01 -3.721380944879999930e+01 -4.380605445070000314e+01
9.076996193840000116e-01 -6.754390655640000185e-01 1.682803716509999881e-01 5.910301682999999917e-01 4.324513925899999833e-01 -3.796443860960000194e+01 -4.333740141340000207e+01
1.494617779970000004e+00 -6.805367265720000391e-01 1.708177394710000130e-01 5.974459348339999920e-01 -7.395742136339999995e-01 -3.826282534970000171e+01 -4.161195054499999912e+01
1.150449883550000024e-01 -6.772503521689999806e-01 1.655053959149999920e-01 5.852680606579999667e-01 3.516071608990000152e-01 -3.781225065739999991e+01 -4.440401204310000338e+01
1.178682756440000007e-01 -6.792872783460000008e-01 1.619095304869999918e-01 5.863667953860000059e-01 -2.051510935159999993e-01 -3.889037173730000063e+01 -4.382121396360000176e+01
2.876403555689999725e-01 -6.756843161329999514e-01 1.665565508559999908e-01 5.905276530730000362e-01 1.644814750770000056e-01 -3.775837945979999688e+01 -4.356475162270000112e+01
1.211916455920000052e-01 -6.798387297150000341e-01 1.672303832410000080e-01 5.935925005969999724e-01 -8.139487883829999992e-01 -3.792998049700000252e+01 -4.295034516820000192e+01
1.638093480610000041e-01 -6.851278514030000322e-01 1.600621362509999923e-01 5.837670670850000354e-01 -6.393744987420000303e-01 -3.878661783889999981e+01 -4.423044655399999669e+01
1.427697400269999917e-01 -6.860958682240000384e-01 1.667056897670000093e-01 5.962595069489999844e-01 -1.338873577480000021e+00 -3.799659662829999718e+01 -4.198825034709999926e+01
1.537442196490000079e-01 -6.852674487409999848e-01 1.685754555940000010e-01 5.966677576029999486e-01 -1.170669627949999958e+00 -3.872249649989999654e+01 -4.143395357219999653e+01
1.307649693569999938e-01 -6.803439291280000134e-01 1.681190135249999995e-01 5.918797119880000457e-01 -2.073047014119999976e-01 -3.816286374069999709e+01 -4.307689290679999772e+01
1.786698639869999938e-01 -6.792594578489999924e-01 1.701251660610000049e-01 5.952814645909999536e-01 -6.585062268489999537e-01 -3.803681202989999832e+01 -4.231709227959999708e+01
1.208798771919999959e-01 -6.770333735369999939e-01 1.676547918680000027e-01 5.929568650609999825e-01 -9.929009200549999969e-02 -3.789502322119999889e+01 -4.314294714350000248e+01
1.572905490500000059e-01 -6.787024439679999466e-01 1.676837335230000059e-01 5.910098927260000190e-01 -1.538566132520000074e-02 -3.823734655770000046e+01 -4.319065706460000342e+01
3.748384861290000036e-01 -6.698522973710000494e-01 1.763494738860000022e-01 5.952246634529999580e-01 6.758983535070000048e-01 -3.654681049540000259e+01 -4.343431141210000135e+01
2.865335089030000004e-01 -6.679052150190000203e-01 1.733728376170000085e-01 5.931164614360000531e-01 8.148111088299999638e-01 -3.661408317939999790e+01 -4.388625198649999959e+01
3.040712012010000076e-01 -6.763465432140000066e-01 1.678379727089999995e-01 5.884267818409999462e-01 8.645474909610000036e-02 -3.779223765790000300e+01 -4.395334146489999938e+01
1.453137222979999921e-01 -6.765628971270000180e-01 1.633463635680000026e-01 5.822998535340000448e-01 6.733837001289999513e-01 -3.811265308469999979e+01 -4.486787808689999935e+01
1.003691125659999933e-01 -6.845863730919999890e-01 1.613989744529999992e-01 5.854195371649999480e-01 -5.330534559559999552e-01 -3.897578980929999659e+01 -4.382055584289999928e+01
1.920379700239999987e-01 -6.814818855309999757e-01 1.640170266190000004e-01 5.867287684759999733e-01 -5.041696191160000007e-01 -3.782861987540000115e+01 -4.420405728720000127e+01
1.667957054070000056e-01 -6.762884409620000259e-01 1.633896499359999976e-01 5.877002607329999684e-01 1.081405926239999982e-01 -3.857248917119999732e+01 -4.377861726759999783e+01
1.038149811079999985e-01 -6.730365867030000393e-01 1.704400855269999904e-01 5.916288416029999997e-01 3.843872234890000072e-01 -3.745576431010000107e+01 -4.378215477749999707e+01
1.141385205599999980e-01 -6.766786320709999858e-01 1.723076619299999945e-01 5.987819705400000414e-01 -3.474148043140000142e-01 -3.808762889999999857e+01 -4.172239503349999978e+01
1.760569609079999931e-01 -6.768886216020000290e-01 1.619382284230000135e-01 5.811344315219999501e-01 3.227585334920000104e-01 -3.820507701900000086e+01 -4.507128379070000079e+01
1.094072356539999985e-01 -6.739238746219999854e-01 1.628638895739999981e-01 5.841799258830000507e-01 5.768993638099999544e-01 -3.820840395329999950e+01 -4.471869024739999787e+01
3.375516695920000032e-01 -6.830400095630000390e-01 1.687616242670000044e-01 5.940462219619999651e-01 -8.471988632150000420e-01 -3.778240163899999970e+01 -4.257029709249999883e+01
1.080760242980000063e-01 -6.720789762540000378e-01 1.678297786329999985e-01 5.953650024969999732e-01 3.447886100159999745e-01 -3.787027528099999785e+01 -4.272479261649999671e+01
1.100633269869999986e-01 -6.814181361359999967e-01 1.664798022840000002e-01 5.923286203219999546e-01 -6.113752173209999752e-01 -3.803869616770000306e+01 -4.307114926429999713e+01
1.499813916359999943e-01 -6.827343441919999645e-01 1.741120618039999901e-01 6.033234819360000500e-01 -1.426032027199999996e+00 -3.743526046739999913e+01 -4.084853981229999675e+01
2.028065358460000023e-01 -6.788695671159999945e-01 1.658714477790000086e-01 5.911722000839999547e-01 -1.825661718759999941e-01 -3.773979950439999698e+01 -4.331768833819999998e+01
1.721602452440000042e-01 -6.858334323920000086e-01 1.674900287249999897e-01 5.960380367390000211e-01 -1.492787352209999918e+00 -3.852991600429999863e+01 -4.161912974949999722e+01
2.407479776370000102e-01 -6.775803831469999761e-01 1.625078411130000122e-01 5.868032586120000005e-01 -2.140053924620000103e-01 -3.833165748769999936e+01 -4.410586246239999753e+01
2.578611288800000123e-01 -6.779435356149999814e-01 1.653723355339999923e-01 5.936171317499999711e-01 -1.335692581350000074e-01 -3.806839960639999987e+01 -4.294014586509999987e+01
3.642596415850000158e-01 -6.757571880389999786e-01 1.647064355570000138e-01 5.843787392549999460e-01 6.077590104729999609e-01 -3.790647922739999842e+01 -4.495886512140000235e+01
1.480038733150000063e-01 -6.693950129550000350e-01 1.678075351799999948e-01 5.873471760099999717e-01 1.384044079609999978e+00 -3.826462631620000110e+01 -4.426872380110000194e+01
1.707579970629999888e-01 -6.752776987649999896e-01 1.644908120590000133e-01 5.888642958819999551e-01 1.143879501160000034e-01 -3.768757320529999788e+01 -4.391471509330000345e+01
1.384613554240000100e-01 -6.793373002829999896e-01 1.673570623450000017e-01 5.918203900030000186e-01 -3.909007650699999892e-01 -3.768509277609999941e+01 -4.307459658399999824e+01
1.214394018030000022e-01 -6.735318285410000216e-01 1.671595217350000107e-01 5.835104298790000366e-01 6.346738937239999601e-01 -3.708335777850000170e+01 -4.551322939819999647e+01
1.337604345910000103e-01 -6.750793997890000009e-01 1.671289409529999881e-01 5.863648127080000050e-01 4.014944361239999870e-01 -3.786008290200000204e+01 -4.426570771789999981e+01
1.145170791270000016e-01 -6.742708915730000196e-01 1.659834300049999878e-01 5.884239692360000440e-01 6.085184337889999462e-01 -3.816018740949999710e+01 -4.389268483680000088e+01
1.267312514820000047e+01 -6.699702613260000161e-01 1.672470618770000028e-01 5.816837341060000499e-01 1.299630961819999930e+00 -3.752897840100000337e+01 -4.557289920849999731e+01
1.165948169930000056e-01 -6.772033133689999707e-01 1.623987353430000058e-01 5.854338596789999682e-01 2.306567076190000065e-01 -3.840204443550000235e+01 -4.447615049680000254e+01
1.186847940110000027e-01 -6.847007546419999757e-01 1.619767768589999990e-01 5.816026013589999932e-01 -4.631064602580000078e-01 -3.834473342630000303e+01 -4.478607586700000098e+01
1.931875374179999882e-01 -6.781404907950000505e-01 1.731067764399999986e-01 5.980604316569999579e-01 -4.365050297979999883e-01 -3.758048839970000188e+01 -4.205645444940000033e+01
2.225308631650000091e-01 -6.829295190130000304e-01 1.649101636009999983e-01 5.901212912729999482e-01 -5.509426601669999979e-01 -3.808096020140000348e+01 -4.339209150260000314e+01
2.758174852170000024e-01 -6.776054118959999872e-01 1.685522815059999902e-01 5.900999166150000530e-01 9.530138093760000262e-02 -3.798046017570000288e+01 -4.322997308680000117e+01
1.726513951599999985e-01 -6.710555412690000221e-01 1.667616690900000087e-01 5.825247791619999616e-01 1.082053119680000064e+00 -3.714396560729999663e+01 -4.556888566439999977e+01
1.311827502550000080e-01 -6.729866972960000249e-01 1.690590384539999991e-01 5.913336275880000104e-01 5.642649092429999902e-01 -3.798058376160000194e+01 -4.338831020220000312e+01
1.084710450520000036e-01 -6.785569019179999994e-01 1.648061315159999873e-01 5.906117127200000150e-01 -4.271745253059999747e-01 -3.798582883320000292e+01 -4.356487625540000153e+01
9.200588088950000243e-01 -6.789993003299999996e-01 1.640245156600000087e-01 5.863122283880000118e-01 -1.408992897620000018e-01 -3.856401796570000329e+01 -4.385463680320000179e+01
1.226903848550000009e-01 -6.791759970320000450e-01 1.664451490780000098e-01 5.868444315799999922e-01 -8.390637945470000303e-02 -3.801882686759999785e+01 -4.403298636089999718e+01
1.229212431789999949e-01 -6.810287382590000105e-01 1.651197077869999974e-01 5.870881369199999478e-01 -2.447300544090000030e-01 -3.787806387010000009e+01 -4.392316226380000188e+01
1.460880994060000104e-01 -6.794620461779999898e-01 1.670151473979999968e-01 5.880299706770000245e-01 1.126400803399999970e-02 -3.797595940179999729e+01 -4.371790878969999739e+01
1.499702462720000073e-01 -6.838400857490000151e-01 1.706202496539999947e-01 5.975684097629999636e-01 -1.376763479040000071e+00 -3.743336606220000107e+01 -4.212455264300000124e+01
1.025953309289999948e+00 -6.810619919320000104e-01 1.615572808699999863e-01 5.796144663400000230e-01 1.072956221050000020e-01 -3.812109782019999926e+01 -4.531063478130000277e+01
1.601343622929999877e-01 -6.741174773060000236e-01 1.716257067879999876e-01 5.975289823199999573e-01 2.233828276589999995e-01 -3.774360625519999957e+01 -4.230343029219999806e+01
1.795254720620000077e-01 -6.789769231300000207e-01 1.644068992540000107e-01 5.842184362069999803e-01 -1.223935090970000028e-01 -3.801898688520000036e+01 -4.454985169529999922e+01
3.092518517599999739e-01 -6.804799628150000057e-01 1.734136331879999882e-01 5.996352566220000124e-01 -9.109136642799999795e-01 -3.701458856699999700e+01 -4.186410225609999713e+01
1.315615976139999921e-01 -6.767284307840000235e-01 1.717685734780000084e-01 5.911787938010000243e-01 5.297488400520000001e-02 -3.736641018750000143e+01 -4.368970385410000290e+01
3.750337210069999827e+01 -6.774085518739999534e-01 1.599684059860000118e-01 5.758054768289999625e-01 6.957780211120000446e-01 -3.837399589089999807e+01 -4.619127603780000157e+01
5.324903775160000352e-01 -6.703846033010000260e-01 1.686325527460000029e-01 5.867213203490000417e-01 1.117510229260000099e+00 -3.765160865930000256e+01 -4.469561882610000225e+01
1.539992399160000081e-01 -6.716781810640000128e-01 1.693104401770000045e-01 5.941134510590000417e-01 5.765103717389999938e-01 -3.805783821730000227e+01 -4.311503403529999900e+01
1.379185925039999872e-01 -6.807809901360000193e-01 1.663202590669999870e-01 5.953800242479999616e-01 -8.220445484380000112e-01 -3.769834763749999951e+01 -4.252510443869999790e+01
1.348612780350000040e-01 -6.810324619930000489e-01 1.636534973350000088e-01 5.872294937549999982e-01 -3.475165311580000194e-01 -3.808159609289999992e+01 -4.402109751319999731e+01
1.244474599670000042e-01 -6.767981985750000096e-01 1.695913612249999869e-01 5.943930083539999965e-01 -1.237172474319999937e-01 -3.803038930249999794e+01 -4.280952105739999780e+01
1.532289189530000040e-01 -6.755318210130000223e-01 1.675070402509999945e-01 5.972284717960000267e-01 -7.991874282510000316e-02 -3.810047489779999808e+01 -4.221587405009999827e+01
1.110083448719999949e-01 -6.772695643599999649e-01 1.609391263599999899e-01 5.797358198430000442e-01 6.146157727540000337e-01 -3.818762189550000130e+01 -4.543439145979999694e+01
4.276348730219999839e-01 -6.713850841409999548e-01 1.639037282299999898e-01 5.819632781300000390e-01 1.302498099949999988e+00 -3.840726007819999666e+01 -4.527880819290000147e+01
1.886505165559999864e-01 -6.742667126160000191e-01 1.593515422350000044e-01 5.785146988589999761e-01 1.037610430269999995e+00 -3.886534674039999970e+01 -4.550011870950000059e+01
1.416829390010000134e-01 -6.771518206180000554e-01 1.691993467490000014e-01 5.948341209909999705e-01 -2.821086345719999930e-02 -3.774886773920000138e+01 -4.284719993790000103e+01
1.126721137210000001e-01 -6.770551458510000176e-01 1.603979786799999974e-01 5.815160519930000493e-01 4.081047264900000138e-01 -3.835844181459999902e+01 -4.515479366360000313e+01
1.370179076130000062e-01 -6.806486687049999595e-01 1.639882566879999892e-01 5.883187885099999681e-01 -1.982991555949999984e-01 -3.859257868590000129e+01 -4.354523704420000030e+01
2.492088475960000105e-01 -6.817444579220000023e-01 1.639415444890000018e-01 5.911942785049999483e-01 -4.546233380570000038e-01 -3.843134256049999919e+01 -4.309537186320000046e+01
4.363688777629999849e-01 -6.765090693580000369e-01 1.692847097319999938e-01 5.920554596720000173e-01 2.020630807569999965e-01 -3.754260881919999804e+01 -4.334716889629999770e+01
4.049298965740000256e-01 -6.776645563930000504e-01 1.705399112759999891e-01 5.947661190859999669e-01 -4.665585821939999822e-01 -3.716919465200000161e+01 -4.295405133610000092e+01
3.414782889679999767e-01 -6.791211974459999690e-01 1.645600255449999882e-01 5.856365090249999739e-01 2.465674013780000118e-01 -3.812198391849999979e+01 -4.427478878899999870e+01
1.915818665759999873e-01 -6.762323215569999713e-01 1.707968805410000068e-01 5.965961143050000359e-01 1.528052775799999992e-02 -3.764436730540000298e+01 -4.245862731940000145e+01
1.279721572270000052e-01 -6.840755603139999641e-01 1.620107685709999967e-01 5.889820700050000246e-01 -8.959771492420000039e-01 -3.833941962570000328e+01 -4.326722659579999686e+01
1.830255729799999953e-01 -6.769240496339999913e-01 1.644279517970000104e-01 5.826424076989999978e-01 3.618078811109999848e-01 -3.740283005930000115e+01 -4.540848666290000324e+01
2.910604727339999864e-01 -6.774842712390000132e-01 1.627298730470000121e-01 5.834940387229999859e-01 -2.128854150780000107e-02 -3.822793925589999731e+01 -4.482027331140000115e+01
1.501235042540000064e-01 -6.741877242410000415e-01 1.738872347519999917e-01 5.947837426380000458e-01 3.979381729190000216e-01 -3.744896039860000059e+01 -4.285766605359999915e+01
3.817928930080000116e-01 -6.801467397989999775e-01 1.636138267380000122e-01 5.892090845980000324e-01 -3.264992513400000185e-01 -3.864719968160000008e+01 -4.340686794239999813e+01
2.191451019900000075e-01 -6.768366966559999920e-01 1.682005956050000028e-01 5.900523510109999537e-01 1.092907994289999962e-01 -3.766546089100000216e+01 -4.364640527219999910e+01
5.039549477229999797e-01 -6.768158214620000335e-01 1.694625771250000135e-01 5.887516921169999584e-01 2.016717790560000056e-01 -3.728891860979999962e+01 -4.413850783499999864e+01
1.249352621039999944e-01 -6.835609646470000023e-01 1.673483882550000079e-01 5.961477729840000128e-01 -1.361892240129999987e+00 -3.767055054939999792e+01 -4.215369153580000017e+01
1.522068752840000094e-01 -6.745832219039999966e-01 1.656664583169999982e-01 5.908246970599999592e-01 3.997397912299999745e-01 -3.790376157570000260e+01 -4.355721641849999770e+01
5.103609125920000045e-01 -6.863902697660000385e-01 1.629264056280000095e-01 5.850421658590000407e-01 -7.308309114809999896e-01 -3.811017108240000084e+01 -4.401273493320000085e+01
2.659149620530000258e-01 -6.777069934080000024e-01 1.685335612789999882e-01 5.958744088720000498e-01 -5.580525274730000485e-01 -3.769427415549999694e+01 -4.270656190999999779e+01
4.145114407939999857e-01 -6.762382952469999653e-01 1.657179445289999886e-01 5.841587725869999970e-01 5.162627088960000110e-01 -3.815614893450000267e+01 -4.456148989470000288e+01
2.240164602649999948e-01 -6.701061359709999943e-01 1.631448996859999889e-01 5.831840841340000248e-01 1.435041553850000096e+00 -3.847578744730000011e+01 -4.500163837880000273e+01
2.696591907709999791e-01 -6.758363803100000400e-01 1.657298840929999906e-01 5.835498822710000200e-01 6.798926809509999725e-01 -3.790534896510000351e+01 -4.478640214690000221e+01
1.429213232340000028e-01 -6.838459202109999913e-01 1.634241241889999863e-01 5.914361304209999615e-01 -9.144329357939999792e-01 -3.872538999230000201e+01 -4.258280996300000254e+01
1.368284678080000094e-01 -6.865078717560000321e-01 1.713497062190000031e-01 6.003286271179999467e-01 -1.656144003459999903e+00 -3.788041969580000057e+01 -4.115920405229999801e+01
1.712035098430000069e-01 -6.806852683790000080e-01 1.726163014050000055e-01 5.964319908020000449e-01 -7.414472156139999548e-01 -3.758904930669999800e+01 -4.247238016339999689e+01
1.069560729360000018e+00 -6.720957319820000109e-01 1.690989083689999894e-01 5.914068573230000236e-01 5.350268862020000071e-01 -3.712449946089999742e+01 -4.392224180169999670e+01
6.212523763759999484e-01 -6.695608288180000534e-01 1.718482773199999925e-01 5.929075524250000395e-01 8.483251684389999658e-01 -3.729257558159999775e+01 -4.353101436210000230e+01
1.224686612759999932e-01 -6.763897308740000058e-01 1.684402799660000005e-01 5.897634336749999484e-01 3.052327438929999803e-01 -3.765830084489999763e+01 -4.378790207410000335e+01
1.616937921419999924e+00 -6.788285333300000390e-01 1.608600053320000112e-01 5.798355677169999556e-01 7.114184036819999613e-02 -3.813260506489999813e+01 -4.539441681169999754e+01
2.219034763359999940e-01 -6.859980760710000514e-01 1.615135379360000123e-01 5.782975623430000045e-01 -5.470531958250000049e-01 -3.795795388709999685e+01 -4.545009778469999873e+01
1.542165188890000094e-01 -6.693580548819999532e-01 1.669559024639999945e-01 5.906232790069999572e-01 8.712083218559999453e-01 -3.770193232199999755e+01 -4.391390432600000082e+01
1.166048420840000016e-01 -6.755188569940000498e-01 1.721914272979999938e-01 5.967698246329999900e-01 1.033915461010000009e-01 -3.747092906790000200e+01 -4.240274059170000243e+01
3.390920234629999919e-01 -6.689401275780000322e-01 1.706585537900000005e-01 5.885871572749999947e-01 1.382449736819999941e+00 -3.795029237010000145e+01 -4.412122019510000115e+01
1.208521333019999949e-01 -6.767170488849999499e-01 1.611191870510000068e-01 5.780530108520000043e-01 6.807386307960000549e-01 -3.817662731429999923e+01 -4.593849036259999963e+01
2.294288079310000117e-01 -6.680795655410000089e-01 1.758112883490000056e-01 6.010627959890000316e-01 1.007931338559999945e+00 -3.744415551190000002e+01 -4.188558780030000150e+01
1.002548443040000015e-01 -6.815829425860000512e-01 1.622608216649999990e-01 5.815814343299999800e-01 5.836566499399999802e-02 -3.836903650659999698e+01 -4.496031314510000243e+01
3.749823002439999775e-01 -6.730011896959999795e-01 1.661612269380000062e-01 5.850480888660000156e-01 9.495166442160000164e-01 -3.791593319849999943e+01 -4.482217795489999901e+01
1.077613155830000058e-01 -6.798541162290000495e-01 1.644316016780000000e-01 5.855149921290000448e-01 -3.008100002540000095e-01 -3.763362773000000061e+01 -4.451488156399999951e+01
1.517658807019999889e+00 -6.803447112349999548e-01 1.681932288180000012e-01 5.926342351669999786e-01 -7.769212214489999990e-01 -3.790081590079999785e+01 -4.297290919430000145e+01
2.030451293730000106e-01 -6.799013545090000221e-01 1.671881183120000058e-01 5.917694361580000395e-01 -1.328227669239999964e-01 -3.815642246769999701e+01 -4.288072651280000258e+01
1.694706563429999868e-01 -6.773796067109999486e-01 1.648475277379999882e-01 5.883173506690000387e-01 -1.072887170690000058e-01 -3.795164594930000135e+01 -4.390755128440000021e+01
1.008205098169999980e-01 -6.789677288169999603e-01 1.649726546960000040e-01 5.837844837100000239e-01 1.320008802260000114e-01 -3.795703403489999772e+01 -4.454419743620000105e+01
3.907136125490000000e-01 -6.804491704439999955e-01 1.635986002719999888e-01 5.862818540519999511e-01 -1.836537304239999890e-01 -3.836208611490000209e+01 -4.394243758420000034e+01
2.944911653949999764e-01 -6.828170217860000113e-01 1.654251145049999983e-01 5.828876781370000426e-01 -4.903912290049999845e-01 -3.747006114860000281e+01 -4.485314940319999977e+01
3.000152509549999791e-01 -6.817965845600000296e-01 1.623377966660000116e-01 5.851332110570000022e-01 -4.131402311399999805e-01 -3.812002198159999722e+01 -4.426182222789999798e+01
3.434596272730000011e-01 -6.783479116830000155e-01 1.608796387570000097e-01 5.840375438770000205e-01 1.225368167830000049e-01 -3.880094773620000126e+01 -4.437084121070000009e+01
3.154641104290000220e-01 -6.808951189130000303e-01 1.692443040180000025e-01 5.910005296029999800e-01 -5.931107169460000383e-01 -3.789739004869999661e+01 -4.318307198939999836e+01
1.059019002569999979e-01 -6.778138719340000007e-01 1.666367634099999995e-01 5.880784864879999851e-01 3.680258227639999768e-01 -3.796946185590000056e+01 -4.384025929930000132e+01
1.057357069710000014e-01 -6.758511448699999757e-01 1.714050751940000006e-01 6.016900432539999954e-01 -2.078057303939999934e-01 -3.786365360189999762e+01 -4.145032024849999885e+01
1.045463051239999969e-01 -6.730900180900000196e-01 1.706993164439999933e-01 5.952741739689999534e-01 6.159483207849999475e-01 -3.767634660950000125e+01 -4.281783745530000118e+01
1.897283698820000086e-01 -6.752272570909999549e-01 1.662741973659999928e-01 5.866520929080000224e-01 3.218443005689999858e-01 -3.787946893010000338e+01 -4.431791000690000004e+01
1.299281752299999981e+00 -6.843479149450000243e-01 1.647182584740000122e-01 5.907311621980000371e-01 -9.069054910170000205e-01 -3.839667956670000137e+01 -4.306130517329999918e+01
2.494886546420000129e-01 -6.784578707759999494e-01 1.677776789019999881e-01 5.891458263150000096e-01 -7.746415828479999433e-02 -3.840323163520000094e+01 -4.349424953599999810e+01
1.332957905740000115e-01 -6.794797710669999713e-01 1.665198244120000004e-01 5.868773178739999929e-01 -2.554700370989999858e-02 -3.818726228919999954e+01 -4.395174679649999661e+01
8.041380354099999517e-01 -6.791113707729999893e-01 1.665992617810000131e-01 5.895645285110000522e-01 -3.756315255279999987e-01 -3.752058757700000058e+01 -4.379250309679999731e+01
3.147729205989999723e-01 -6.855781434740000346e-01 1.674606863570000104e-01 5.913012036470000066e-01 -1.074600752740000109e+00 -3.750523399210000264e+01 -4.319551278019999785e+01
1.545471746600000085e-01 -6.829200093359999446e-01 1.708849900430000068e-01 6.008709916419999741e-01 -1.209391097619999966e+00 -3.796336577080000296e+01 -4.102655645850000354e+01
2.688286273600000165e-01 -6.762322096289999918e-01 1.724375335130000075e-01 5.894402664990000540e-01 -2.456882550829999831e-02 -3.678017811189999975e+01 -4.419625271940000033e+01
1.166175081270000025e-01 -6.839154544869999741e-01 1.670018308150000019e-01 5.927262195400000433e-01 -8.676262960830000148e-01 -3.855805291739999774e+01 -4.235827889830000004e+01
1.117299754460000072e+00 -6.829291153900000078e-01 1.711941831279999993e-01 5.928330375410000297e-01 -7.919198701740000068e-01 -3.747966823019999794e+01 -4.308791320649999790e+01
2.796062341189999856e-01 -6.729196760350000250e-01 1.738876140629999900e-01 5.985317513119999822e-01 3.330966958509999909e-01 -3.731689366349999659e+01 -4.217443051149999889e+01
1.627812527030000067e-01 -6.772951830219999803e-01 1.666117453600000076e-01 5.897450829699999453e-01 1.657230744919999943e-01 -3.761779608450000012e+01 -4.384376374869999893e+01
1.901200011209999985e-01 -6.792044631470000038e-01 1.668513198799999875e-01 5.907005715499999976e-01 -3.458805714479999960e-01 -3.752407989940000022e+01 -4.335026838699999985e+01
1.402747704619999869e-01 -6.719581880289999809e-01 1.691187808759999911e-01 5.878341188440000531e-01 7.135900393959999644e-01 -3.742146074920000132e+01 -4.450807110739999928e+01
1.354688291599999983e-01 -6.744140673930000274e-01 1.644761020069999968e-01 5.762974142929999655e-01 8.021030735020000524e-01 -3.727420008229999837e+01 -4.660478200440000052e+01
1.181070927570000012e-01 -6.723054026000000460e-01 1.659331871520000057e-01 5.834885122820000491e-01 1.022220454219999963e+00 -3.753592479400000315e+01 -4.511684059910000144e+01
6.258428192430000259e+00 -6.712552219099999773e-01 1.724188311219999881e-01 5.966171275939999852e-01 4.972564396379999807e-01 -3.765818432559999707e+01 -4.257705124449999801e+01
3.279131791329999990e-01 -6.787543977359999925e-01 1.641377860859999926e-01 5.836299655629999528e-01 4.920456789859999763e-02 -3.841097923369999734e+01 -4.441646532600000086e+01
2.386056598780000038e-01 -6.846800404939999973e-01 1.673715722290000096e-01 5.943492574959999830e-01 -9.622745933740000090e-01 -3.834825534000000147e+01 -4.221875471989999795e+01
1.647985324079999925e-01 -6.807726919319999626e-01 1.708372989689999899e-01 5.959248905530000195e-01 -6.374044595410000014e-01 -3.800309551280000164e+01 -4.231887118800000280e+01
1.313879324890000033e+00 -6.765400695929999486e-01 1.728494397779999914e-01 6.000839806400000143e-01 -1.414615090000000130e-01 -3.779412098350000093e+01 -4.173897435029999770e+01
1.471756089509999865e-01 -6.779879159999999683e-01 1.679754354459999932e-01 5.918260469020000247e-01 -4.121739369699999739e-02 -3.796154117990000287e+01 -4.327168669230000120e+01
7.436271494280000116e-01 -6.829470227510000546e-01 1.696241795969999910e-01 5.947784526939999816e-01 -6.190101345770000485e-01 -3.817703566720000197e+01 -4.226540645469999902e+01
1.281415511369999871e-01 -6.717397033369999493e-01 1.719076695310000069e-01 5.899990083139999841e-01 4.789556973219999958e-01 -3.704117829110000315e+01 -4.427826245010000150e+01
1.202523143210000034e-01 -6.821252210910000446e-01 1.711724696230000065e-01 5.924693201039999968e-01 -1.076722330429999985e+00 -3.701028034010000312e+01 -4.321134514589999753e+01
5.048514530190000293e-01 -6.819221196289999565e-01 1.606696343610000133e-01 5.794074299329999844e-01 4.258976733050000296e-02 -3.847097980419999885e+01 -4.502636531259999941e+01
2.880557677139999884e-01 -6.798153465220000413e-01 1.642848535280000133e-01 5.862312762060000182e-01 4.748524735160000038e-02 -3.813204095540000083e+01 -4.429395936440000270e+01
1.392743839779999881e-01 -6.786336495010000247e-01 1.680387452890000077e-01 5.966578220599999538e-01 -2.061855796119999862e-01 -3.795038001040000353e+01 -4.236848721430000353e+01
1.593042658899999908e-01 -6.790427945779999863e-01 1.657940503739999960e-01 5.835413663399999784e-01 -2.377307674380000138e-02 -3.743861693979999927e+01 -4.503608138810000128e+01
1.216715378290000038e-01 -6.755479922279999938e-01 1.681186819259999909e-01 5.863166551299999751e-01 7.858953210479999729e-01 -3.791437903919999997e+01 -4.425317656619999696e+01
1.920278840659999930e-01 -6.778964157979999738e-01 1.658387372189999986e-01 5.878314276610000499e-01 -3.677995063000000231e-01 -3.804630301689999783e+01 -4.397231348289999886e+01
4.197113858159999822e-01 -6.813648077659999469e-01 1.696293789699999943e-01 5.943876203379999668e-01 -4.997255838729999788e-01 -3.773775514359999761e+01 -4.272147396569999955e+01
1.926297340939999991e-01 -6.810758491899999711e-01 1.640489593159999981e-01 5.837668435680000156e-01 -2.820837770760000196e-01 -3.817171795379999821e+01 -4.438975828080000241e+01
2.627598596169999912e-01 -6.740260340489999669e-01 1.625203477780000072e-01 5.788834554749999750e-01 1.033980631839999997e+00 -3.831171414899999661e+01 -4.562581801839999684e+01
3.981541298919999972e-01 -6.793852055969999970e-01 1.632975492229999936e-01 5.853591663530000044e-01 7.800650102780000428e-02 -3.874331121050000348e+01 -4.414825929380000247e+01
1.492189507999999998e-01 -6.819497241819999500e-01 1.643810148750000089e-01 5.873449003030000171e-01 -5.333328924500000401e-01 -3.767006835000000109e+01 -4.410902630489999865e+01
1.179531522049999948e-01 -6.747921103670000420e-01 1.707033870340000092e-01 5.962799203990000185e-01 3.773526075110000266e-01 -3.758296588169999808e+01 -4.257965247060000280e+01
2.382430510459999928e-01 -6.803728398139999856e-01 1.629712761830000023e-01 5.830538209219999768e-01 -6.239556474199999675e-02 -3.837658464220000099e+01 -4.436156199399999878e+01
1.161016443859999997e-01 -6.801874703979999826e-01 1.725556298400000022e-01 5.989584106530000396e-01 -9.570553201529999887e-01 -3.702128205249999837e+01 -4.195728205889999884e+01
1.133020362839999989e-01 -6.752978555649999937e-01 1.619576269359999932e-01 5.773230231089999664e-01 7.312580773719999927e-01 -3.785863282769999927e+01 -4.623802713279999921e+01
1.973772343809999941e-01 -6.794041328119999612e-01 1.621245454839999878e-01 5.836291113079999926e-01 -1.864143561590000109e-01 -3.840841198879999752e+01 -4.461357696230000158e+01
1.189364538349999972e-01 -6.806866671269999891e-01 1.608287130890000138e-01 5.848112602130000059e-01 -1.489142592949999899e-01 -3.879903749820000058e+01 -4.414917067199999678e+01
1.071229410809999977e-01 -6.793117675450000004e-01 1.686592483749999871e-01 5.878320222820000440e-01 -1.724412236260000064e-01 -3.802290381280000275e+01 -4.397784158080000338e+01
2.368664081280000000e-01 -6.729067883220000157e-01 1.658805565679999927e-01 5.874116919190000008e-01 8.729946318660000149e-01 -3.816163537330000111e+01 -4.414341636479999664e+01
1.063143657979999934e-01 -6.764388967300000166e-01 1.664571289120000130e-01 5.862791631439999707e-01 4.378840341169999983e-01 -3.797263168730000160e+01 -4.427279594849999711e+01
8.172496580550000500e-01 -6.798744857680000253e-01 1.697426605419999901e-01 6.012402440030000239e-01 -1.065356031279999893e+00 -3.767672533519999689e+01 -4.136852589389999935e+01
1.046569017829999948e-01 -6.747131608209999687e-01 1.654765837530000061e-01 5.870470183199999470e-01 3.805081349689999892e-01 -3.807186821030000345e+01 -4.417720780770000033e+01
2.321427128430000042e-01 -6.745600997730000215e-01 1.686348645899999887e-01 5.888074248519999943e-01 6.599203549969999694e-01 -3.814038094659999700e+01 -4.368486611069999981e+01
2.289988329679999990e-01 -6.737493279580000216e-01 1.738715947589999922e-01 5.954902294299999621e-01 -4.156907714710000173e-02 -3.652796982760000333e+01 -4.331746433619999692e+01
1.696045135679999927e-01 -6.700326874219999507e-01 1.672176734220000016e-01 5.915339115800000158e-01 9.180408270369999624e-01 -3.803730339530000037e+01 -4.352252822410000022e+01
1.263820534729999945e-01 -6.825631898570000411e-01 1.650878595059999954e-01 5.867837413630000443e-01 -4.148273561149999900e-01 -3.773996265110000081e+01 -4.400964341049999717e+01
1.186063858090000034e+00 -6.775096655569999848e-01 1.710608877439999953e-01 5.909753708699999608e-01 1.469010964409999953e-01 -3.786673306229999980e+01 -4.343469889459999678e+01
