6.491035637049999973e-01 8.351270290400000240e-01 -1.046445019290000028e-01 2.285429746950000049e-02 3.983918136489999995e+01 2.539864400560000135e+01 1.356505774709999912e+02
1.084863933979999945e-01 8.326745073339999470e-01 -1.053737584699999952e-01 2.045105728859999972e-02 4.134511581110000122e+01 2.518250561709999857e+01 1.360909461969999938e+02
1.007333792790000015e-01 8.283884159090000310e-01 -9.548443046339999407e-02 3.127354884939999996e-02 3.994409786159999953e+01 2.660756272040000070e+01 1.358229233129999898e+02
1.339510978869999924e-01 8.290976443469999513e-01 -1.081934160960000002e-01 -1.137869180230000055e-02 4.600001372220000206e+01 2.542365137179999834e+01 1.374093003940000131e+02
2.575263691499999896e-01 8.306093591219999572e-01 -1.006453798329999955e-01 1.854603965340000105e-02 4.161454330059999762e+01 2.607720740490000111e+01 1.364590474389999883e+02
1.063949752240000018e-01 8.261850760479999556e-01 -9.742735704480000314e-02 2.351177485279999993e-02 4.269673009800000330e+01 2.688998207230000048e+01 1.366387467739999977e+02
2.782829323170000202e-01 8.337160037180000316e-01 -1.052037231059999994e-01 1.209735725949999917e-02 4.183788645279999940e+01 2.547634990890000140e+01 1.362342172989999938e+02
1.463534300160000134e-01 8.274383477240000451e-01 -9.427286756849999338e-02 2.865098524299999894e-02 4.138602731120000300e+01 2.715483618200000038e+01 1.361563212629999953e+02
1.110914043640000015e-01 8.327571924259999925e-01 -1.027003336359999935e-01 4.174661828189999736e-04 4.340247349530000065e+01 2.575454800289999824e+01 1.368056254200000126e+02
1.869746700490000080e-01 8.306410254589999820e-01 -1.019198457500000016e-01 1.956830497289999832e-02 4.180079074049999832e+01 2.592217933219999892e+01 1.363750273040000138e+02
1.032876815669999948e-01 8.312168191140000273e-01 -1.069080410099999962e-01 2.619693326620000165e-02 4.124276219219999717e+01 2.505550677089999922e+01 1.359742594919999874e+02
2.156451952729999955e-01 8.273527690780000388e-01 -9.308602327510000218e-02 1.841726956679999930e-02 4.217592333340000010e+01 2.755763054359999842e+01 1.366076598639999986e+02
1.339033760480000113e-01 8.329734100890000548e-01 -1.103169139020000050e-01 -9.003928977389999682e-04 4.395170956860000189e+01 2.459837603449999932e+01 1.369378816919999906e+02
1.176073141450000026e-01 8.347480572740000326e-01 -9.906656852780000577e-02 1.451400171930000010e-02 4.082251482070000037e+01 2.643495993730000038e+01 1.359207327379999981e+02
2.792876471560000184e-01 8.347479185249999656e-01 -1.054353288640000053e-01 1.321348580930000079e-02 4.062467786730000086e+01 2.504702007610000081e+01 1.361039490880000074e+02
1.256865554190000067e-01 8.348322855590000202e-01 -1.007283309099999968e-01 2.819618897300000052e-02 3.965183506740000041e+01 2.556682660230000081e+01 1.354417666619999920e+02
1.043065514229999935e-01 8.278846734539999641e-01 -1.003802944370000005e-01 -4.984134458000000212e-03 4.486885033330000283e+01 2.696334582020000070e+01 1.372665006709999886e+02
1.831032371990000129e-01 8.266075658520000147e-01 -9.986126320990000582e-02 1.360115108029999985e-02 4.355870487749999853e+01 2.687652198489999833e+01 1.369262845670000104e+02
4.452116854589999728e-01 8.295793021089999941e-01 -9.913801709309999488e-02 1.399821487269999921e-02 4.268434891399999742e+01 2.673851232299999836e+01 1.365820833539999910e+02
1.734199093899999877e-01 8.323420074599999774e-01 -1.047443434090000042e-01 1.385824445300000082e-02 4.199109357879999749e+01 2.556057822109999833e+01 1.364268983169999956e+02
1.142520197779999941e-01 8.294274881369999575e-01 -1.052774890230000066e-01 1.091470752369999922e-02 4.356761472680000224e+01 2.596897275559999940e+01 1.368328187319999927e+02
3.683635944499999981e-01 8.332006252589999606e-01 -1.067442524209999966e-01 6.989754100670000046e-03 4.285076568310000056e+01 2.521643565970000012e+01 1.366074962460000108e+02
4.753340008570000053e-01 8.289088294380000388e-01 -1.039430324349999990e-01 1.815963530429999875e-02 4.251496183020000075e+01 2.594847635720000056e+01 1.365261460110000087e+02
4.881242136569999834e-01 8.337388167079999857e-01 -1.073402481610000042e-01 1.911791533009999863e-02 4.178182579250000117e+01 2.534911341449999966e+01 1.359695009470000002e+02
1.238277435320000036e-01 8.281367755859999624e-01 -9.970407400849999602e-02 3.680638373479999670e-02 4.029355319839999794e+01 2.628834849480000102e+01 1.356842920409999920e+02
1.183623920689999970e-01 8.328867732219999986e-01 -1.051101731959999952e-01 1.012201340830000060e-02 4.273024178099999659e+01 2.549335889869999860e+01 1.364346791479999865e+02
2.127989022050000012e-01 8.311812244970000485e-01 -1.034698409779999939e-01 4.171009534230000343e-03 4.321742149779999664e+01 2.587583860149999992e+01 1.369150781220000113e+02
1.706432868470000030e-01 8.276364468160000154e-01 -1.024870457409999963e-01 1.416484191880000056e-02 4.369365647029999877e+01 2.635906138240000018e+01 1.368475341019999973e+02
1.665834142050000022e-01 8.287936302880000161e-01 -9.816045520909999489e-02 2.511958121090000079e-02 4.073789993449999969e+01 2.639658249820000080e+01 1.362168666540000004e+02
1.359421931439999953e-01 8.310985170010000145e-01 -1.124984371590000004e-01 4.182357821719999598e-03 4.420335255439999855e+01 2.449685678040000170e+01 1.369204425590000085e+02
4.123223713499999943e-01 8.331430291069999994e-01 -9.222200262019999983e-02 6.269220446800000124e-02 3.484074950309999963e+01 2.652473440900000057e+01 1.331974979800000085e+02
3.794303082470000255e-01 8.315438937150000376e-01 -9.977886153590000140e-02 1.449942969450000035e-02 4.139550379840000005e+01 2.638337652370000086e+01 1.363653095219999898e+02
1.060130848899999978e-01 8.300429507819999664e-01 -1.010757976570000050e-01 2.364991880160000060e-02 4.168101519230000207e+01 2.640701229380000115e+01 1.361697378480000111e+02
1.838807487540000118e-01 8.315859011949999768e-01 -1.044424978029999951e-01 1.519568117300000056e-02 4.156737817159999793e+01 2.544606197059999886e+01 1.364103369169999951e+02
2.162753054850000134e-01 8.323454817330000477e-01 -1.041564192020000001e-01 1.415962274280000051e-02 4.234386118500000151e+01 2.568090756639999839e+01 1.363138930480000113e+02
1.438126119500000022e-01 8.316930622860000399e-01 -1.043126834800000013e-01 2.026131115710000027e-02 4.106725895940000015e+01 2.551878765709999897e+01 1.360888630130000081e+02
4.250829828820000267e-01 8.279730004080000372e-01 -1.008846894540000039e-01 1.325505216440000036e-02 4.329887394339999673e+01 2.621953095459999972e+01 1.369250965619999931e+02
1.331982441500000058e-01 8.323645389670000228e-01 -1.067288369450000024e-01 9.291660760009999576e-03 4.334478198629999923e+01 2.567677097070000158e+01 1.365701949079999906e+02
5.206958361269999891e-01 8.307457900379999760e-01 -1.037775418580000053e-01 6.345157079250000366e-03 4.337739488559999756e+01 2.581562898760000024e+01 1.368772255529999882e+02
7.639065634399999638e-01 8.296505539120000439e-01 -9.500376784649999795e-02 4.215890694470000172e-02 3.831447678050000150e+01 2.645914266309999974e+01 1.351470505700000047e+02
2.661083129049999774e-01 8.343705576009999847e-01 -1.061061250299999981e-01 1.978208031670000006e-02 4.121323809009999906e+01 2.525645780900000048e+01 1.358483520800000122e+02
1.527258702610000130e-01 8.283252403690000154e-01 -9.905908645680000513e-02 3.470057698379999667e-02 4.017712274750000034e+01 2.639006554239999858e+01 1.357088425940000036e+02
1.025717792029999936e-01 8.264414311479999498e-01 -9.944565490529999607e-02 3.853378582989999690e-02 4.105005483120000065e+01 2.654307554940000102e+01 1.358203662470000097e+02
3.063094668479999783e-01 8.344058864790000474e-01 -1.046696493629999947e-01 -6.486155964779999773e-04 4.283348734679999836e+01 2.518031386810000072e+01 1.366408665220000103e+02
1.573785874330000112e-01 8.287639779959999897e-01 -1.012506009740000018e-01 7.460882129970000318e-03 4.312976407400000056e+01 2.606354127810000065e+01 1.370150323000000014e+02
2.637099121820000169e-01 8.306719332980000425e-01 -1.000385201280000053e-01 1.630778240060000092e-02 4.222056080899999841e+01 2.658996969689999901e+01 1.363643899250000118e+02
1.614659094919999871e-01 8.295679032849999635e-01 -1.042407762110000025e-01 2.224137367189999923e-03 4.390884892089999880e+01 2.561240401130000066e+01 1.371580441099999916e+02
1.178822438610000051e-01 8.351482620400000334e-01 -1.071983191140000041e-01 -3.333649859129999941e-03 4.324074266729999749e+01 2.502219830270000145e+01 1.367293026030000078e+02
1.825753779440000002e-01 8.289570709060000153e-01 -1.000803792330000053e-01 2.806824975740000033e-02 4.172336975289999828e+01 2.669411241590000117e+01 1.360388384899999892e+02
1.407096980879999903e-01 8.287752942320000260e-01 -1.003700840670000011e-01 1.459431570950000048e-02 4.226425125210000289e+01 2.634001721539999963e+01 1.367382753910000019e+02
1.194403888070000030e-01 8.330273396599999769e-01 -9.412357336069999969e-02 4.198459714749999683e-02 3.731833542839999751e+01 2.658666943729999943e+01 1.347358491770000057e+02
2.647561291030000041e-01 8.273641836289999940e-01 -9.375758839179999804e-02 2.638873790649999898e-02 4.087811537999999700e+01 2.713789145619999843e+01 1.363240742700000112e+02
2.164266071239999978e-01 8.339027535819999448e-01 -1.044096162439999975e-01 2.077043769359999958e-02 4.076070137920000036e+01 2.528601281419999935e+01 1.358197467269999947e+02
1.035383180039999990e-01 8.327859137559999736e-01 -1.025835431639999934e-01 1.925454203769999886e-02 4.082281818399999906e+01 2.549141386639999851e+01 1.360686455430000024e+02
2.950913822160000088e-01 8.299858499259999967e-01 -9.884096174459999773e-02 3.197677048909999820e-02 4.025070410789999897e+01 2.617204991090000021e+01 1.356548402859999953e+02
1.242977316320000025e-01 8.322526044800000466e-01 -1.035553820849999945e-01 3.094326371040000134e-02 3.997683839799999816e+01 2.566755648079999830e+01 1.354597212440000078e+02
1.927194778309999912e-01 8.262157886559999831e-01 -1.002788911490000018e-01 5.970055244030000353e-04 4.489648964389999719e+01 2.706062388020000142e+01 1.373418225439999958e+02
2.752672544929999798e+00 8.318352872390000208e-01 -1.046483158440000005e-01 1.326951789270000050e-02 4.171399849230000001e+01 2.538854279330000097e+01 1.364811221459999899e+02
2.140389799119999936e-01 8.297304938680000186e-01 -1.010469276860000015e-01 2.404932082850000027e-02 4.099233300139999869e+01 2.605808604210000112e+01 1.362797249770000008e+02
1.759467342749999885e-01 8.324140074220000018e-01 -1.045681347719999987e-01 1.503256360340000063e-02 4.199240777480000020e+01 2.573648600390000141e+01 1.363069900730000086e+02
1.914899753000000038e-01 8.317879777809999986e-01 -1.005847786619999962e-01 3.315800462409999871e-02 3.994364228450000098e+01 2.582559035939999958e+01 1.355338092400000107e+02
1.151072404349999939e-01 8.288809575419999742e-01 -1.116079992459999976e-01 6.560299536669999577e-03 4.444911117750000074e+01 2.450262374809999955e+01 1.371319611940000129e+02
1.618968642230000088e-01 8.308793335380000311e-01 -1.014919039509999954e-01 1.893092877590000014e-02 4.163418425489999919e+01 2.594390910690000140e+01 1.364075541850000093e+02
1.207370401289999950e-01 8.319365408029999465e-01 -9.950923848289999762e-02 1.652838329949999838e-02 4.106560281309999993e+01 2.601041237040000098e+01 1.362634243349999963e+02
1.028833365390000032e-01 8.306788305619999813e-01 -9.664941355789999355e-02 2.506311459199999855e-02 4.010455577609999978e+01 2.639277702000000048e+01 1.360445924299999945e+02
2.132947084010000105e-01 8.289955837529999760e-01 -9.377351194380000032e-02 1.835931278530000127e-02 4.190755723529999699e+01 2.734206444610000020e+01 1.364767655290000050e+02
8.219454727999999655e-01 8.332841023949999482e-01 -1.057319731670000040e-01 -2.646854769309999952e-03 4.380051056810000176e+01 2.528898902359999923e+01 1.368696400000000040e+02
1.665231437739999876e-01 8.285916555860000088e-01 -9.744283739020000168e-02 3.193787616080000225e-02 4.057449358270000062e+01 2.664433739280000069e+01 1.358345012300000008e+02
1.260870110969999902e-01 8.287175473150000249e-01 -1.003474583030000006e-01 1.631445776379999990e-02 4.279673561860000319e+01 2.678238593529999889e+01 1.365535580540000069e+02
1.050895589120000029e-01 8.343203069169999875e-01 -1.021791528780000013e-01 1.340477818709999956e-02 4.106413987340000205e+01 2.581418566949999871e+01 1.361220926050000060e+02
4.180736072440000006e-01 8.337502500850000331e-01 -1.002699734919999947e-01 1.792562235039999938e-02 4.055008979069999953e+01 2.577962965549999907e+01 1.359816642769999930e+02
4.114928074509999756e-01 8.311836575900000135e-01 -1.016555786499999947e-01 7.286965328160000324e-03 4.248583090439999665e+01 2.567250427540000146e+01 1.368787782279999874e+02
1.523666073870000026e-01 8.309010889950000367e-01 -1.063463735360000023e-01 1.234072958759999984e-02 4.321137089759999839e+01 2.521317798100000118e+01 1.366523111449999988e+02
3.395379552719999805e-01 8.293466322929999857e-01 -1.042595188179999965e-01 -9.669086445099999956e-04 4.459106255310000222e+01 2.622669276530000104e+01 1.370706710800000110e+02
2.171453178989999899e-01 8.294469439889999851e-01 -1.040355224500000009e-01 1.227112843650000028e-02 4.302389634699999732e+01 2.579445366739999912e+01 1.367058165740000106e+02
3.591813251159999831e-01 8.319188054470000315e-01 -1.050453327730000025e-01 2.269226219180000073e-02 4.063047961179999845e+01 2.505617011500000046e+01 1.360418817229999888e+02
1.883025505819999890e-01 8.323658354590000030e-01 -1.027975162079999977e-01 3.181842680679999869e-02 3.981204357400000049e+01 2.555684918400000072e+01 1.355481860030000121e+02
2.645670734969999827e-01 8.313599615619999827e-01 -1.036671325599999999e-01 4.970438854569999600e-03 4.345853368390000071e+01 2.580373401219999963e+01 1.367635889780000014e+02
2.862011318250000103e-01 8.300407357439999467e-01 -1.004807292490000059e-01 2.936092381789999831e-02 4.040021813820000318e+01 2.587016592169999996e+01 1.359144395669999881e+02
1.439772778700000033e-01 8.290865109399999655e-01 -9.445106623910000387e-02 2.619229333729999887e-02 4.115222327669999913e+01 2.706921345510000165e+01 1.362074056790000043e+02
2.946654935219999993e-01 8.281440530060000249e-01 -9.483842090220000187e-02 3.864632722349999744e-02 3.986866424130000297e+01 2.671788271149999971e+01 1.355655689550000034e+02
1.688815765470000008e+00 8.313282809490000203e-01 -9.690983814199999324e-02 4.106483128070000099e-02 3.819229110850000097e+01 2.627530076920000113e+01 1.349763541119999957e+02
2.381800657139999944e-01 8.329852158799999629e-01 -1.010941742759999956e-01 1.511568391100000068e-02 4.153478931029999899e+01 2.579518444560000034e+01 1.362912970870000038e+02
1.547778539770000017e-01 8.304415872220000105e-01 -1.037669361099999993e-01 9.445088200039999243e-03 4.298963475640000098e+01 2.574630100179999914e+01 1.367222459070000014e+02
1.964444768220000026e-01 8.352973670240000370e-01 -1.003281435630000024e-01 2.687979141650000126e-02 3.880177177280000222e+01 2.532363436620000030e+01 1.353966995240000131e+02
1.278132650069999932e-01 8.291459906320000073e-01 -9.762652962260000289e-02 2.980121721590000064e-02 4.101407725920000047e+01 2.654898590190000007e+01 1.359740371869999933e+02
1.052588788780000062e-01 8.319854169589999682e-01 -1.054028310000000024e-01 1.691468323580000085e-02 4.149732740790000207e+01 2.539468888489999898e+01 1.363722223489999976e+02
8.826678426359999552e-01 8.290317494369999762e-01 -1.066741431510000032e-01 7.360836950800000306e-03 4.424978485329999955e+01 2.567525372240000081e+01 1.370779233579999925e+02
1.213897635380000034e-01 8.319916610819999558e-01 -1.009602012139999977e-01 3.018421791249999847e-02 4.000037479950000119e+01 2.608025609659999944e+01 1.355987536510000098e+02
2.389225192449999924e-01 8.268976907030000101e-01 -9.491966851220000334e-02 2.564321055690000142e-02 4.174744792300000285e+01 2.731332385210000169e+01 1.363677122039999858e+02
1.508210854200000006e-01 8.305474543459999692e-01 -1.019340844679999941e-01 2.903643709890000105e-03 4.350463622870000080e+01 2.594822938709999960e+01 1.370725431630000060e+02
1.106601852090000060e-01 8.307176604649999518e-01 -1.026019056139999969e-01 3.471375390360000035e-02 3.964100013299999858e+01 2.512508424509999827e+01 1.356470055910000099e+02
1.760003630470000080e-01 8.303675228139999476e-01 -1.064066641640000060e-01 3.209055488910000226e-02 4.059109798299999738e+01 2.514109249219999853e+01 1.357625292639999941e+02
4.972156357740000199e-01 8.338880072979999447e-01 -1.057944263869999985e-01 6.908812523750000253e-03 4.209772423399999752e+01 2.500239481930000096e+01 1.365230519950000030e+02
1.066434889750000059e-01 8.345063983339999769e-01 -1.092632026569999998e-01 4.120088904300000382e-03 4.272470293800000007e+01 2.467578779120000121e+01 1.366034802570000011e+02
7.555623023169999453e-01 8.332788263570000131e-01 -1.032950998469999992e-01 1.081488976090000040e-02 4.155991550870000140e+01 2.570865235650000002e+01 1.364268630640000026e+02
1.696238299820000073e+00 8.305143475199999736e-01 -1.042676957689999961e-01 7.776359356060000110e-03 4.350123599559999832e+01 2.565474061380000137e+01 1.368206032010000115e+02
1.844370656440000034e-01 8.324411804150000371e-01 -1.007427436960000033e-01 3.625817318220000279e-02 3.891298732869999810e+01 2.605810849650000094e+01 1.351251776679999921e+02
1.373805527660000025e-01 8.329123254110000207e-01 -1.003682595550000056e-01 1.676856515399999942e-02 4.121322167649999813e+01 2.577668778529999827e+01 1.361814630609999881e+02
1.170164665160000061e-01 8.375302320769999476e-01 -1.090873173600000051e-01 7.762320596469999764e-03 4.133807651779999759e+01 2.465268897440000018e+01 1.359964942910000048e+02
1.932814611889999978e-01 8.288602022150000082e-01 -9.526373683680000592e-02 1.831625113739999977e-02 4.221127160479999674e+01 2.725597029669999927e+01 1.365081773720000058e+02
6.540075612879999944e+00 8.329593757600000092e-01 -1.015174221849999975e-01 1.546103743470000035e-02 4.069585538030000293e+01 2.539676001710000008e+01 1.362751714759999970e+02
2.231006530300000124e-01 8.337973524559999516e-01 -1.094962055829999947e-01 -1.433643801190000004e-02 4.517006251219999768e+01 2.496893456209999940e+01 1.370395876629999918e+02
1.028527267170000065e-01 8.302872238680000239e-01 -9.693802605319999655e-02 3.513143086610000243e-02 3.966151602770000295e+01 2.642651386500000044e+01 1.354305733019999991e+02
2.648630951859999860e-01 8.348824402200000216e-01 -9.887157755849999841e-02 3.603692962789999815e-02 3.778176701459999975e+01 2.563186597920000054e+01 1.348966710630000136e+02
2.162401228289999866e-01 8.306726792849999930e-01 -1.006488125990000065e-01 2.778435446169999837e-02 4.088024302569999691e+01 2.622347975799999986e+01 1.358159602800000130e+02
3.955574066890000129e+00 8.321695413999999902e-01 -1.049739485989999999e-01 1.250178769309999958e-02 4.236371416560000114e+01 2.586757744290000005e+01 1.364401910939999993e+02
1.667327086429999938e-01 8.290202711249999856e-01 -9.567033932759999582e-02 3.215153560990000048e-02 4.021388266689999824e+01 2.675142981120000130e+01 1.357632836800000007e+02
1.395054696789999882e-01 8.333517210059999680e-01 -1.025112331329999932e-01 1.677072853550000062e-02 4.034174398980000120e+01 2.527248379939999978e+01 1.361727419960000134e+02
1.279427335530000098e-01 8.365040997870000217e-01 -1.069447298350000020e-01 2.853011103390000122e-02 3.877222674600000119e+01 2.432703784279999937e+01 1.352718603099999939e+02
1.602470359269999867e-01 8.301442974499999572e-01 -1.046850352779999938e-01 1.130667366719999983e-02 4.311253364009999700e+01 2.561093439349999912e+01 1.367128643450000141e+02
1.146152932700000016e-01 8.295936274570000490e-01 -9.699697395850000181e-02 4.132314721630000326e-02 3.906676588109999670e+01 2.663758525280000100e+01 1.352200977459999933e+02
3.764029890939999956e-01 8.328634486739999732e-01 -1.040205236920000026e-01 1.816711917360000136e-02 4.044515538830000168e+01 2.516543879840000031e+01 1.361171341250000069e+02
1.359339069290000090e-01 8.347156317730000108e-01 -9.937208901940000616e-02 3.650469874739999815e-02 3.796676846660000137e+01 2.563293360240000140e+01 1.349966967839999938e+02
1.050036926359999984e-01 8.273237123069999699e-01 -1.001583027819999971e-01 1.124014632429999952e-02 4.328404706690000125e+01 2.648196993110000008e+01 1.370691912489999993e+02
1.361528071379999871e-01 8.278535322869999824e-01 -1.059373813120000063e-01 -5.172487488980000289e-04 4.492160047189999972e+01 2.596452788970000114e+01 1.373482603100000006e+02
2.031693547919999898e-01 8.345530176800000088e-01 -1.026909881579999989e-01 1.222324393960000019e-02 4.107396266679999997e+01 2.562996285639999883e+01 1.361728747429999942e+02
2.388626905200000039e-01 8.314107820530000081e-01 -1.066276505620000065e-01 5.044572715139999941e-03 4.387398627169999799e+01 2.557006242350000136e+01 1.367936914960000081e+02
3.015558766299999971e-01 8.313657393479999547e-01 -1.029250576399999978e-01 1.585717227760000125e-02 4.187227991929999860e+01 2.594758119950000008e+01 1.363380879899999911e+02
1.607777948880000085e-01 8.297592604219999890e-01 -1.022019183200000014e-01 -4.067489232560000424e-03 4.447380538050000354e+01 2.639438591200000062e+01 1.371491537109999967e+02
1.310086190480000135e-01 8.329880613050000271e-01 -1.040618952779999995e-01 2.465303740999999927e-03 4.285248048639999752e+01 2.582439282349999843e+01 1.366884274870000127e+02
4.694506155040000239e-01 8.356654280749999941e-01 -1.110598164480000039e-01 -5.040730907660000322e-03 4.355050650009999913e+01 2.441763707539999828e+01 1.366374702909999996e+02
1.014573706650000046e-01 8.274507584760000256e-01 -9.606711036979999341e-02 3.099526457490000067e-02 4.035949058900000352e+01 2.698524058139999937e+01 1.358745340250000027e+02
1.922044339129999890e-01 8.322446923670000496e-01 -1.046607866389999975e-01 2.019195302819999996e-02 4.114691956629999936e+01 2.535832325850000046e+01 1.361867719770000065e+02
1.016661163099999987e-01 8.300463629800000076e-01 -1.067488875829999961e-01 7.113046324310000335e-03 4.415333406229999724e+01 2.571087529700000118e+01 1.368962786360000052e+02
1.306213814249999883e-01 8.289161657429999774e-01 -1.018651152240000052e-01 3.066174531489999910e-02 4.128873155489999647e+01 2.594659890410000003e+01 1.360279326559999902e+02
1.961837661030000068e-01 8.301667057439999775e-01 -1.063678916550000048e-01 1.424895360139999921e-02 4.258077055999999772e+01 2.499157968609999969e+01 1.367227308470000082e+02
1.097220711759999967e-01 8.287100714449999739e-01 -1.028165498509999998e-01 2.594695685610000011e-02 4.149795188329999718e+01 2.571264365620000092e+01 1.363066870870000002e+02
1.727331789379999982e-01 8.332044646099999730e-01 -1.036061377990000060e-01 3.230470098060000267e-02 3.885485365560000304e+01 2.533118831020000172e+01 1.353422493699999904e+02
1.495766424040000098e-01 8.333963718739999527e-01 -1.042264854169999977e-01 8.603479198939999704e-04 4.332824864159999834e+01 2.593169606049999842e+01 1.366627398109999945e+02
2.177345290669999989e-01 8.267196467520000480e-01 -9.425756403979999865e-02 3.140544196179999997e-02 4.129403382480000317e+01 2.751685666839999911e+01 1.360030942639999978e+02
1.173368584610000043e-01 8.316961664669999532e-01 -9.539336963550000548e-02 4.735061197490000179e-02 3.723390686679999817e+01 2.647835883000000123e+01 1.345338667370000110e+02
1.296446988330000050e-01 8.276127452149999453e-01 -9.933486594960000415e-02 2.766108823880000095e-02 4.153117329469999675e+01 2.653780581699999885e+01 1.363162487239999905e+02
1.106194647329999947e-01 8.386044722059999845e-01 -1.087472918260000004e-01 3.050077796470000192e-03 4.142653696669999874e+01 2.452113538080000055e+01 1.360407620359999896e+02
3.056375854169999795e-01 8.301047902729999928e-01 -9.933882267299999624e-02 2.969960264309999889e-02 4.057849700839999940e+01 2.641913474389999905e+01 1.357573615930000130e+02
1.048047729870000000e-01 8.272960279879999490e-01 -9.998859759679999681e-02 2.295390607779999870e-02 4.274835439150000127e+01 2.682627006470000097e+01 1.365146899259999884e+02
1.395308522469999868e-01 8.257967588489999455e-01 -9.449533954699999849e-02 1.772455899269999996e-02 4.273490130249999908e+01 2.740308650440000093e+01 1.368135628279999878e+02
1.319918373410000068e-01 8.275082806250000367e-01 -9.212669744120000059e-02 3.672296806579999906e-02 4.007852089099999660e+01 2.775638783639999829e+01 1.355815986519999967e+02
2.813068276790000044e-01 8.275053958839999613e-01 -1.000482725070000051e-01 4.215604889960000018e-02 3.989908134160000230e+01 2.628344445789999995e+01 1.354929953440000077e+02
1.132536323340000095e+00 8.299637770579999518e-01 -9.918786873309999585e-02 1.633792893759999920e-02 4.140854762320000049e+01 2.611573674159999925e+01 1.365761790720000022e+02
1.716783058459999955e-01 8.294583173889999994e-01 -1.012162305960000036e-01 2.955902813759999845e-02 4.116740440339999907e+01 2.634335982229999829e+01 1.358483866919999912e+02
1.851188492670000074e-01 8.275600722739999693e-01 -9.962175282459999337e-02 1.041505552259999919e-02 4.332805986240000351e+01 2.659451619180000037e+01 1.370065538119999928e+02
1.134532613719999999e-01 8.258862588090000179e-01 -9.341109675229999909e-02 3.657341463170000334e-02 4.050679504920000085e+01 2.749617248570000072e+01 1.358924717550000025e+02
2.017126497229999871e-01 8.307068938710000516e-01 -9.938031275450000257e-02 2.772941825350000097e-02 4.010808852299999927e+01 2.613425975190000017e+01 1.359125103599999989e+02
1.689089090130000137e-01 8.308070314369999654e-01 -9.678343252679999509e-02 1.525780684999999970e-02 4.170054467410000143e+01 2.679477231870000153e+01 1.364038843769999971e+02
5.748880609580000467e-01 8.331794991950000062e-01 -1.051406090049999964e-01 4.626828925979999639e-03 4.247237963029999719e+01 2.512807812839999855e+01 1.366923316509999893e+02
1.142213848649999974e-01 8.289153565950000413e-01 -9.925400825579999697e-02 2.326614846379999879e-02 4.185347961069999911e+01 2.639233842770000038e+01 1.363622627299999976e+02
1.387263153799999926e-01 8.403965589840000083e-01 -1.068240746049999995e-01 2.156745982930000083e-02 3.848530312030000289e+01 2.451071948550000101e+01 1.351219266950000133e+02
1.454167233520000102e-01 8.317868010040000426e-01 -1.034929040349999996e-01 1.517716803049999966e-02 4.222122596210000012e+01 2.587903409720000170e+01 1.363852169390000029e+02
5.733139787859999892e-01 8.325732550159999912e-01 -1.008365066849999936e-01 2.312816293530000136e-02 4.019185243590000312e+01 2.539544614729999950e+01 1.360081738810000047e+02
1.002571143910000045e-01 8.309298908129999495e-01 -9.787295605229999473e-02 4.049896978910000334e-02 3.856688257399999742e+01 2.588512250109999968e+01 1.352092764250000130e+02
1.897135279000000119e-01 8.329527708089999871e-01 -9.962559797650000215e-02 2.652981334529999971e-02 3.985827773159999765e+01 2.583371497039999909e+01 1.358043006219999995e+02
1.201478192390000033e-01 8.282859850870000207e-01 -9.365312952019999582e-02 2.751460377059999907e-02 4.138398249139999763e+01 2.725784655809999890e+01 1.361223504349999871e+02
8.617128887449999608e-01 8.273634504450000371e-01 -1.009984765960000030e-01 1.674719301429999918e-02 4.278737506560000270e+01 2.627873663040000096e+01 1.367693294359999925e+02
1.000413263680000053e-01 8.335664451500000016e-01 -9.711509278249999544e-02 2.469110076760000147e-02 3.949906270470000180e+01 2.598157183889999899e+01 1.357297147170000073e+02
1.468274321030000051e-01 8.333523826740000251e-01 -1.109053765089999949e-01 1.425657476909999999e-02 4.182754929840000102e+01 2.409899862279999994e+01 1.363548927360000107e+02
1.735394045360000026e-01 8.303919528300000019e-01 -9.784403808260000446e-02 1.851004571870000157e-02 4.185127255860000162e+01 2.649160294360000023e+01 1.364118012909999891e+02
1.114732586629999939e-01 8.301644743470000254e-01 -1.070841432499999996e-01 5.606288936689999940e-03 4.431498855329999742e+01 2.558892303649999889e+01 1.369529585530000020e+02
5.554378545579999882e-01 8.325875354470000378e-01 -1.035485662600000023e-01 8.559726677249999277e-03 4.248247001659999711e+01 2.580470311439999875e+01 1.365288528350000092e+02
1.486889971110000042e-01 8.337362604500000440e-01 -1.044056537479999963e-01 2.209299113650000160e-02 4.093219860300000335e+01 2.523859403599999851e+01 1.358517953950000106e+02
3.893717032649999799e-01 8.290348135520000383e-01 -1.006740095760000064e-01 4.382316471989999851e-03 4.369693639180000133e+01 2.644948924230000031e+01 1.371165140569999892e+02
6.318300470630000554e-01 8.320325704719999660e-01 -1.110516958420000033e-01 1.522308421600000045e-02 4.265556147390000064e+01 2.460107031080000084e+01 1.365206557310000051e+02
3.814271617810000015e-01 8.312978313969999755e-01 -1.026182357020000019e-01 2.702874709799999928e-02 4.073466179060000059e+01 2.584712195859999895e+01 1.357993455429999869e+02
1.689988433300000092e-01 8.332013635360000503e-01 -1.001485430340000038e-01 3.959127277729999894e-02 3.833449863570000105e+01 2.585247175559999988e+01 1.349553986310000084e+02
1.699584714269999908e-01 8.289660368040000504e-01 -9.845714029909999332e-02 1.702776058189999983e-02 4.249684630899999860e+01 2.697539086000000097e+01 1.365648166029999970e+02
1.137724839820000028e-01 8.337313759450000195e-01 -1.036875607400000038e-01 9.247022616700000669e-03 4.243179447509999846e+01 2.579533229979999831e+01 1.364258778290000009e+02
1.454302822770000003e-01 8.352038384919999725e-01 -9.874498619020000145e-02 4.411731218800000326e-02 3.704830857559999657e+01 2.578670479279999839e+01 1.343176487190000046e+02
1.485484086989999897e-01 8.311064500379999886e-01 -1.066375717840000042e-01 1.856879355210000124e-02 4.232317186710000101e+01 2.555516477549999976e+01 1.363812641480000138e+02
1.738739230449999895e-01 8.348070365449999919e-01 -1.039814435769999962e-01 3.494285805050000027e-02 3.823696829429999866e+01 2.509079191280000032e+01 1.350621698939999931e+02
1.565108331989999990e-01 8.394311570410000201e-01 -1.065010782759999997e-01 2.417728054439999968e-02 3.826991633210000288e+01 2.432979881280000001e+01 1.351385858120000023e+02
6.638488352570000028e-01 8.312432263810000110e-01 -9.400572402640000602e-02 3.327351751000000302e-02 3.905139768139999745e+01 2.674464949440000083e+01 1.354171457779999912e+02
1.194093426380000017e-01 8.337568031750000053e-01 -1.106881814840000033e-01 9.827255684909999827e-04 4.347410978250000113e+01 2.462573638359999961e+01 1.368023359119999895e+02
1.029392518260000000e-01 8.303160211310000038e-01 -9.586009808980000546e-02 2.250412699280000123e-02 4.070986652229999692e+01 2.681292706520000024e+01 1.361210636950000037e+02
1.170545404690000041e-01 8.317269461370000450e-01 -1.046962264269999943e-01 1.957229926130000033e-02 4.201270599600000111e+01 2.564921800329999968e+01 1.363284820940000088e+02
8.471389394580000065e-01 8.307739317779999633e-01 -9.673562326069999606e-02 4.071702428139999802e-02 3.815803368710000143e+01 2.621225269760000032e+01 1.351143061489999866e+02
1.177573138979999962e-01 8.304726246789999600e-01 -1.000201121910000018e-01 2.263988306109999959e-02 4.155196121870000070e+01 2.601644285080000074e+01 1.362950501109999948e+02
1.408907485860000086e-01 8.298433042849999719e-01 -1.018420930639999944e-01 1.386948641949999929e-02 4.245182862040000060e+01 2.609042116799999889e+01 1.366309391329999983e+02
2.159787530529999888e-01 8.352798131469999499e-01 -1.094231248860000061e-01 3.929798794209999821e-03 4.227409295540000045e+01 2.447851534140000140e+01 1.365620880539999860e+02
2.161930169500000165e+00 8.354911027639999599e-01 -1.094573405559999962e-01 2.696795891720000019e-02 3.975985197300000351e+01 2.444507077140000106e+01 1.355063868119999881e+02
2.501506027770000196e-01 8.323131251740000236e-01 -1.092885371309999937e-01 1.028095014220000098e-03 4.398271272360000239e+01 2.503939634520000013e+01 1.368704714609999940e+02
1.165607673780000020e-01 8.312015358030000467e-01 -1.015351184759999970e-01 1.335102629709999933e-02 4.217592817060000243e+01 2.597204276640000131e+01 1.365501840949999917e+02
2.388939531510000103e-01 8.299345778869999801e-01 -9.941701304710000298e-02 2.565956362650000100e-02 4.083123647600000083e+01 2.611167705520000126e+01 1.361482689649999998e+02
1.418227415880000120e-01 8.309878941570000288e-01 -1.004108452960000009e-01 3.839039224359999669e-02 3.952391128059999659e+01 2.608424749699999978e+01 1.351878297389999943e+02
1.002373549429999983e-01 8.280380132960000195e-01 -1.016021485520000045e-01 2.110390782569999957e-02 4.262452360849999877e+01 2.642979943559999967e+01 1.364775095109999938e+02
1.098056616930000035e-01 8.307404332800000235e-01 -9.701910628029999928e-02 2.173640988300000118e-02 4.075353481610000017e+01 2.646809697309999976e+01 1.360950220969999975e+02
1.415815457329999971e-01 8.307559403959999811e-01 -1.005927292969999998e-01 4.606039781920000242e-02 3.826033006899999833e+01 2.583265890439999879e+01 1.347650485860000060e+02
5.352873082179999686e-01 8.319862254000000013e-01 -1.033035647000000029e-01 1.592018445879999841e-02 4.228686685480000307e+01 2.614704555619999837e+01 1.363454678720000004e+02
1.136707718470000017e-01 8.297808067619999450e-01 -1.091765253460000029e-01 7.868413541099999325e-03 4.391993093429999817e+01 2.490340287540000119e+01 1.369643592529999978e+02
1.611893794320000128e-01 8.291179324340000045e-01 -9.425424892049999448e-02 3.927290747070000254e-02 3.921394396360000201e+01 2.689888910939999889e+01 1.353304247689999897e+02
1.436909339349999870e-01 8.289358494099999808e-01 -9.847944731490000658e-02 2.270942782519999939e-02 4.174217107039999775e+01 2.659485907110000014e+01 1.363637061299999971e+02
4.831368835589999744e-01 8.333792808900000182e-01 -1.050567122269999987e-01 1.174587572200000082e-02 4.214029395450000237e+01 2.542927331499999966e+01 1.363651394199999913e+02
3.257643295120000171e-01 8.355084960830000407e-01 -1.020647527859999959e-01 1.896001619119999995e-02 3.999896221659999895e+01 2.549065258630000130e+01 1.357747579720000033e+02
2.976891963330000057e-01 8.282177759259999883e-01 -9.707119466659999696e-02 2.887705442430000061e-02 4.160483671419999752e+01 2.676469800759999984e+01 1.360942533939999919e+02
1.505801897219999907e-01 8.327074126439999446e-01 -1.014695728429999971e-01 1.758329608139999958e-02 4.101323919560000064e+01 2.551206427059999982e+01 1.362849179339999921e+02
2.468846923030000029e-01 8.315518767339999950e-01 -1.025737162149999993e-01 3.343572916260000027e-02 4.010943033659999912e+01 2.572739758510000030e+01 1.355614088789999983e+02
1.143532647559999949e-01 8.279558328710000525e-01 -9.197859003449999904e-02 3.720352366900000346e-02 3.953463672779999882e+01 2.738211545340000086e+01 1.355856413660000044e+02
1.494722860219999949e-01 8.254757184969999662e-01 -9.824690451030000660e-02 1.731289145229999993e-02 4.331741286270000302e+01 2.713547282929999938e+01 1.368945098250000001e+02
1.865336429879999869e-01 8.321913179990000353e-01 -9.984773992020000433e-02 2.083547813479999858e-02 4.033590634139999764e+01 2.604944515040000041e+01 1.360254244559999961e+02
1.069108743509999959e-01 8.350667534419999871e-01 -1.084667521079999974e-01 1.366782345760000038e-02 4.127263650550000307e+01 2.467071791160000060e+01 1.361514579230000095e+02
7.174562188180000355e+00 8.351336401769999807e-01 -1.032441035229999943e-01 2.524768349469999965e-02 3.975034106199999684e+01 2.553797342349999866e+01 1.355985417040000129e+02
3.489476267519999730e-01 8.282936325769999497e-01 -9.983157565240000086e-02 3.466026535999999769e-02 4.016338633899999877e+01 2.593381201969999950e+01 1.358021397299999933e+02
1.077517286659999962e-01 8.347931449330000531e-01 -1.073486435710000048e-01 5.769849129290000218e-03 4.239623166309999647e+01 2.523559627670000083e+01 1.363237695550000126e+02
3.274924376930000158e-01 8.309293149919999566e-01 -1.015594437600000066e-01 2.657654394219999966e-02 4.105801825740000055e+01 2.630780662409999948e+01 1.358062919680000107e+02
4.287867153170000223e-01 8.267388153529999784e-01 -9.517640670120000590e-02 2.794531325049999862e-02 4.175276050640000136e+01 2.724057900660000087e+01 1.362519257250000067e+02
2.794144193299999968e-01 8.339875829920000427e-01 -1.057274712349999951e-01 3.565139381799999757e-02 3.906042244009999820e+01 2.482415257690000132e+01 1.351434295079999970e+02
1.296540336650000014e-01 8.344179710019999918e-01 -1.122577952269999957e-01 -1.331295471279999969e-03 4.366973891579999645e+01 2.427676153099999823e+01 1.367701013520000117e+02
2.138936129039999967e-01 8.341768683850000476e-01 -1.096701537819999989e-01 -5.693913038649999966e-03 4.439387586630000015e+01 2.495948252250000010e+01 1.367702295269999979e+02
1.041202562060000031e-01 8.329302806230000078e-01 -1.008890062090000012e-01 2.618554693790000124e-02 4.038776416780000034e+01 2.568764598730000159e+01 1.357634293510000134e+02
5.159919226939999604e-01 8.304666871479999823e-01 -1.055988797199999968e-01 2.241289034570000116e-02 4.190872266400000257e+01 2.538504459059999974e+01 1.363437473950000083e+02
1.469805997159999988e-01 8.313398454149999450e-01 -9.776669353030000009e-02 1.689157305689999861e-02 4.161909775699999869e+01 2.647447358359999825e+01 1.362908399590000101e+02
2.037219203629999920e-01 8.326772036489999973e-01 -9.375998949260000437e-02 3.695032966350000198e-02 3.797980900489999811e+01 2.645263099019999942e+01 1.350767782199999942e+02
1.018135051120000051e-01 8.329301488670000087e-01 -1.067643797660000060e-01 2.876810112300000073e-03 4.350394926770000126e+01 2.539134072199999892e+01 1.366482711010000060e+02
1.092536313559999972e-01 8.287385497020000047e-01 -1.010065614759999980e-01 1.594129560829999834e-02 4.262102277769999858e+01 2.627958322739999986e+01 1.367362894720000099e+02
4.684003453300000230e-01 8.308224087250000167e-01 -1.066048584459999976e-01 4.348188350250000236e-03 4.367194930590000013e+01 2.528879365890000130e+01 1.370131138410000062e+02
1.165871890190000038e-01 8.342248791549999876e-01 -9.999988072960000474e-02 2.806251192310000100e-02 3.908313049750000090e+01 2.548256700649999829e+01 1.355375521880000065e+02
3.825058994039999827e-01 8.334341768990000121e-01 -1.071163798800000011e-01 -3.130276607659999988e-03 4.366897995170000257e+01 2.502315089040000018e+01 1.369314522020000027e+02
2.558440628670000105e+00 8.343583568129999684e-01 -1.090277018749999938e-01 1.081573664859999950e-02 4.173848057659999711e+01 2.482400809399999986e+01 1.362364317400000004e+02
1.559652211299999980e-01 8.319230874980000356e-01 -1.055589073699999964e-01 7.906721885159999352e-03 4.312705730070000243e+01 2.538581966059999928e+01 1.366258082559999991e+02
1.214943891549999933e-01 8.332832119099999879e-01 -1.030111671650000005e-01 1.966628550070000092e-02 4.080886529560000042e+01 2.574215107939999925e+01 1.359627137360000120e+02
1.056918411459999985e-01 8.280685813689999675e-01 -9.730496585419999567e-02 3.123017511649999953e-02 4.044482062640000208e+01 2.671816138770000038e+01 1.358103241119999893e+02
2.144868081380000013e-01 8.344250140129999549e-01 -1.007424894689999961e-01 1.655582051609999841e-02 4.026018764829999697e+01 2.580078356330000133e+01 1.359881424440000046e+02
1.077213607240000010e-01 8.309507861160000397e-01 -9.991429430390000310e-02 3.233723269379999710e-02 3.975689277859999748e+01 2.612853456390000062e+01 1.355701579779999975e+02
2.731974815479999985e-01 8.292608033339999851e-01 -1.015060764919999969e-01 4.672089235480000186e-02 3.899460539439999707e+01 2.591571949340000103e+01 1.349815133609999975e+02
3.355258173539999689e+01 8.284987160140000473e-01 -9.520455944380000479e-02 2.750801499400000114e-02 4.089076739779999770e+01 2.662043998589999916e+01 1.361325714580000010e+02
1.039875695300000041e-01 8.323841966530000080e-01 -1.043076102689999979e-01 1.421787133880000019e-02 4.152508396599999685e+01 2.553724598160000170e+01 1.363889223379999862e+02
1.319583330540000099e-01 8.230706534859999479e-01 -9.149219673939999742e-02 5.192454407239999875e-02 3.951147139070000236e+01 2.783924969959999984e+01 1.351888945729999989e+02
3.374489420630000236e-01 8.308953298129999610e-01 -9.929810902560000374e-02 1.820593744049999949e-02 4.177553419630000064e+01 2.610244248449999915e+01 1.363567929449999951e+02
2.151716964229999918e-01 8.316889272999999916e-01 -1.033316955230000056e-01 1.371085038000000034e-02 4.250809689689999971e+01 2.563629107590000089e+01 1.365140304180000044e+02
6.438453355100000053e-01 8.320202837610000124e-01 -9.720698036989999791e-02 3.619244201809999895e-02 3.861757495650000038e+01 2.633904721740000099e+01 1.352335669889999963e+02
1.452477951529999867e-01 8.335118527339999694e-01 -1.082573745030000062e-01 2.268694347560000144e-02 4.064037501239999983e+01 2.478353235319999825e+01 1.359074984899999947e+02
6.687448133679999573e-01 8.280407358639999549e-01 -9.455332560000000164e-02 3.388834818360000195e-02 4.045301655360000126e+01 2.745933029740000109e+01 1.356691956200000106e+02
1.482900298740000011e-01 8.282577794480000533e-01 -1.003741518370000058e-01 1.608584183779999954e-02 4.309845906980000052e+01 2.644462564009999994e+01 1.366804632340000012e+02
1.032097242830000011e-01 8.324935925659999736e-01 -1.063144025120000002e-01 1.994184504309999984e-03 4.353424306819999856e+01 2.546702040839999981e+01 1.368201192960000014e+02
4.534624358350000106e-01 8.309759558760000386e-01 -9.777632305550000569e-02 4.006027690809999681e-02 3.832625881479999919e+01 2.621094473240000156e+01 1.351278030549999869e+02
3.645224090679999862e-01 8.310848699899999747e-01 -1.036959133530000049e-01 2.520526961189999832e-02 4.131435591870000223e+01 2.568850690080000021e+01 1.360084015619999889e+02
2.276231833609999866e-01 8.338842299519999557e-01 -1.072358317429999985e-01 2.175826452500000119e-02 4.111467936559999714e+01 2.521118758769999957e+01 1.358321520009999972e+02
1.042629886090000041e-01 8.317208471929999902e-01 -9.934621377919999885e-02 2.170090691759999843e-02 4.008038158819999808e+01 2.582643501500000127e+01 1.360247257219999995e+02
3.283385652620000039e-01 8.316955615859999984e-01 -1.048186365419999933e-01 4.553245659619999824e-04 4.369319536199999732e+01 2.575249360420000144e+01 1.368293970160000015e+02
1.151816818699999967e-01 8.326301245280000041e-01 -1.020153454630000067e-01 2.322285029630000164e-02 4.086710232080000083e+01 2.570606367210000087e+01 1.359400530769999875e+02
2.974000001800000126e-01 8.287068519219999985e-01 -9.731837838300000376e-02 1.262555017909999973e-02 4.260544013140000175e+01 2.668767134619999837e+01 1.367590970859999970e+02
2.211825083869999875e-01 8.309705115809999931e-01 -1.060348352019999940e-01 1.321193099089999941e-02 4.319072396189999807e+01 2.559343188149999904e+01 1.366251228280000021e+02
3.564249491450000029e-01 8.309856470750000002e-01 -9.549754527379999969e-02 2.658054885250000013e-02 4.011877508860000319e+01 2.670442347510000047e+01 1.357721029790000102e+02
2.006809813650000107e-01 8.345840410050000546e-01 -1.000217052649999966e-01 2.341997153549999974e-02 4.002062996930000338e+01 2.575167065200000138e+01 1.356225445420000142e+02
9.920936196190000000e-01 8.312149926180000259e-01 -1.023224338189999971e-01 2.116150962350000012e-02 4.136643775289999780e+01 2.630194175700000159e+01 1.360452163239999948e+02
1.001294236590000025e-01 8.317092629400000270e-01 -9.956228255320000164e-02 2.930651189610000013e-02 3.937973763850000353e+01 2.569133641049999994e+01 1.357071062619999964e+02
5.241870188949999676e-01 8.289665628779999684e-01 -1.048629644129999983e-01 -5.104629303810000011e-03 4.491355766699999919e+01 2.592338691699999842e+01 1.373617172010000047e+02
1.282454942600000092e-01 8.254493780670000280e-01 -9.796581223439999875e-02 3.043493281090000127e-02 4.192211609299999964e+01 2.691530714350000153e+01 1.363602028990000008e+02
1.407279861200000093e-01 8.348543829779999648e-01 -1.080138517809999948e-01 1.271616836199999934e-02 4.162841672359999734e+01 2.508675227359999838e+01 1.360936701969999945e+02
1.783518639849999976e-01 8.308765058489999689e-01 -9.388781952050000157e-02 2.415134938269999920e-02 4.019929485379999790e+01 2.710587708639999960e+01 1.359532795350000072e+02
2.892744877569999873e-01 8.327750369690000154e-01 -1.110767197090000019e-01 -5.665687300549999798e-03 4.498523583320000085e+01 2.491724418049999912e+01 1.369285591530000090e+02
2.613730672619999917e-01 8.301334044489999675e-01 -1.022491308610000010e-01 3.288258716500000022e-03 4.383918821719999670e+01 2.623467876100000140e+01 1.369469272089999947e+02
1.045440592580000050e-01 8.314290434119999684e-01 -1.030678151470000026e-01 1.543667570879999999e-02 4.186306013989999997e+01 2.607741409610000005e+01 1.363305218040000000e+02
1.030732528420000016e-01 8.322271512159999940e-01 -1.032131514290000052e-01 1.573419900220000053e-04 4.361705284559999996e+01 2.591371702200000016e+01 1.368532181589999936e+02
1.659518504789999904e-01 8.343114796570000324e-01 -1.016179226210000008e-01 3.067770518800000054e-02 3.882367885989999934e+01 2.546602070000000140e+01 1.352515183929999978e+02
1.081521067169999989e-01 8.282587660960000209e-01 -9.433339065479999508e-02 1.966131176949999920e-02 4.193988741340000104e+01 2.731340266140000139e+01 1.365661117539999907e+02
1.257501043910000116e-01 8.306198108940000546e-01 -9.906934078479999461e-02 1.691781071550000140e-02 4.210239686860000319e+01 2.608183339200000006e+01 1.365502311550000059e+02
4.443877491429999993e-01 8.281729181679999829e-01 -1.014249260739999992e-01 2.710388187980000002e-02 4.187680495939999759e+01 2.622413375049999829e+01 1.362255655280000042e+02
1.042736622730000007e-01 8.318171061660000198e-01 -1.025826289259999941e-01 3.289167047230000251e-02 3.987568750780000215e+01 2.549200547859999944e+01 1.355399699829999918e+02
1.284804728879999913e-01 8.344583192869999833e-01 -1.080829775589999958e-01 3.524733185850000006e-02 3.886536941779999665e+01 2.459282241860000084e+01 1.351162305779999997e+02
1.798887205849999948e-01 8.328267753510000260e-01 -9.197340399650000275e-02 3.864177240009999958e-02 3.757674850739999783e+01 2.700136038240000147e+01 1.349067429689999926e+02
2.324600220470000034e-01 8.296301998830000191e-01 -1.023026574700000024e-01 3.348940991979999782e-02 4.019336690899999809e+01 2.550300707839999959e+01 1.357493642869999917e+02
2.349324900260000015e-01 8.326247867070000197e-01 -1.057260350939999982e-01 -1.780716664289999987e-02 4.544196636209999696e+01 2.562992820599999888e+01 1.371227881400000115e+02
1.118808092729999953e-01 8.334313420719999810e-01 -1.072899139120000039e-01 4.780470825379999796e-03 4.281870425860000040e+01 2.535686167929999968e+01 1.366584431290000055e+02
5.561079050660000078e+00 8.343570593100000377e-01 -1.022272675609999931e-01 2.803142474080000043e-02 3.920211616499999963e+01 2.546405807940000088e+01 1.353693678340000019e+02
1.003109440089999943e-01 8.289435552680000097e-01 -1.011540964070000020e-01 1.686523906030000172e-02 4.273154645910000227e+01 2.632714561319999902e+01 1.365625032689999898e+02
1.188298884139999956e-01 8.310718419110000310e-01 -1.019905649360000055e-01 2.465669200199999828e-02 4.091947672060000230e+01 2.560530159229999825e+01 1.360479130950000126e+02
4.027407491650000226e-01 8.266413626380000323e-01 -9.343857997420000616e-02 3.130791951809999696e-02 4.094490973730000150e+01 2.769454978699999970e+01 1.360140027760000123e+02
1.052512135460000053e-01 8.325178647850000058e-01 -1.038753518339999987e-01 1.649751526469999882e-02 4.191213908120000298e+01 2.539547563809999886e+01 1.362699190419999979e+02
2.914303459379999905e-01 8.310952555730000135e-01 -9.906634651189999419e-02 2.787350176170000013e-02 3.983278947670000036e+01 2.599593828029999898e+01 1.358127766020000138e+02
3.343930274329999786e-01 8.293973590519999606e-01 -1.062859941499999933e-01 9.245486095969999985e-03 4.355422800419999874e+01 2.570039613939999867e+01 1.368552055629999984e+02
1.811771469500000065e-01 8.299667146779999838e-01 -9.883277333180000290e-02 2.120908771449999883e-02 4.108382116730000178e+01 2.651804553390000052e+01 1.362654302789999861e+02
1.149476122290000041e-01 8.318373848279999594e-01 -1.001139327209999985e-01 2.838975394310000108e-02 4.018782291160000142e+01 2.582500515010000086e+01 1.357477011320000031e+02
2.899876351200000091e+00 8.309201163989999861e-01 -1.027355414890000068e-01 2.560288787859999957e-02 4.087034561640000163e+01 2.600462566990000113e+01 1.359992044669999984e+02
4.623380483930000229e-01 8.341698434659999828e-01 -1.068851748920000011e-01 3.131332628959999920e-02 3.927158135490000035e+01 2.478892245810000006e+01 1.353540873729999987e+02
1.291430908270000122e-01 8.320123660529999965e-01 -9.608652431839999342e-02 2.667173095289999962e-02 3.984005726219999843e+01 2.652909537429999887e+01 1.358118274400000018e+02
1.398050722489999897e-01 8.318271011110000002e-01 -1.064709074680000034e-01 2.406266131859999963e-02 4.104255653669999759e+01 2.538032441189999844e+01 1.359479965289999939e+02
1.338290452170000089e+00 8.320058966710000004e-01 -1.010429409020000002e-01 2.241273648480000130e-02 4.100505818020000248e+01 2.594898922519999829e+01 1.359733167390000119e+02
4.582029973260000055e-01 8.304925511680000261e-01 -9.641618512699999533e-02 4.023882926169999874e-02 3.848240627189999685e+01 2.638646457260000133e+01 1.351466561899999874e+02
1.316014653889999997e-01 8.330194486049999902e-01 -1.086198603980000066e-01 6.780108215919999730e-03 4.314681530659999709e+01 2.504701861770000093e+01 1.366227615360000129e+02
1.079428638219999959e-01 8.301268928520000312e-01 -1.082461963999999943e-01 2.290334553249999839e-03 4.414661171659999894e+01 2.495077484369999965e+01 1.370861719369999889e+02
1.246952163349999976e-01 8.315782304840000361e-01 -1.001232556050000028e-01 1.517797917659999968e-02 4.193935259140000227e+01 2.627866426059999938e+01 1.363650155409999911e+02
1.224203471290000039e-01 8.300782169879999950e-01 -9.747569407209999426e-02 2.797452303299999971e-02 4.009223528159999717e+01 2.644378998819999893e+01 1.359196265410000137e+02
1.109182224879999984e-01 8.310654669949999462e-01 -1.035942759159999976e-01 1.122352490240000056e-02 4.322006982970000166e+01 2.571257283890000167e+01 1.366646282830000132e+02
2.647099023949999741e-01 8.349036429789999936e-01 -1.079698690909999953e-01 -3.820571802340000031e-03 4.354183481870000350e+01 2.499143441860000081e+01 1.366780870110000023e+02
1.197523041250000003e-01 8.300741784499999776e-01 -1.066258718699999997e-01 2.886159157699999880e-02 4.131099985910000072e+01 2.511242520400000089e+01 1.360398576890000015e+02
3.421205423850000038e-01 8.312074576450000363e-01 -1.040461090759999957e-01 2.232796905829999984e-02 4.117936105319999740e+01 2.554315674169999895e+01 1.361655694590000110e+02
1.082942977069999979e-01 8.308249785500000373e-01 -9.596842921409999561e-02 1.221248903879999965e-02 4.188571855299999669e+01 2.673046111249999868e+01 1.365562124239999946e+02
1.064511063849999939e-01 8.325070376550000040e-01 -1.090819510830000061e-01 -5.888761458889999953e-04 4.431500432189999827e+01 2.509362216219999908e+01 1.369657551779999949e+02
1.818229574409999938e-01 8.282076706459999826e-01 -9.515159120270000326e-02 3.017980669769999846e-02 4.019732782549999683e+01 2.683121111939999892e+01 1.358500645130000066e+02
3.637127259010000113e-01 8.341760492780000424e-01 -1.033299734859999958e-01 3.354463340549999895e-02 3.937624767650000024e+01 2.537031239790000114e+01 1.351949031290000107e+02
1.336854387020000035e-01 8.282030206920000248e-01 -9.406111942259999525e-02 3.390133757629999744e-02 4.002616325270000175e+01 2.719270616129999851e+01 1.356459626319999927e+02
1.997040063799999932e-01 8.319206775349999861e-01 -9.908926733299999734e-02 3.403892508419999879e-02 3.922610689830000297e+01 2.607985198260000104e+01 1.354106123290000028e+02
1.441233578780000135e-01 8.301567560029999848e-01 -1.075517041360000009e-01 -3.266328990589999984e-03 4.491838437629999703e+01 2.540352071850000115e+01 1.372391965250000112e+02
6.637826795569999883e-01 8.319293282909999698e-01 -1.034576758389999934e-01 1.264077408689999980e-02 4.199445583069999799e+01 2.579100404160000082e+01 1.363825868510000134e+02
1.014139356939999931e-01 8.301053806770000154e-01 -1.016775171279999945e-01 2.548529436339999968e-02 4.121181287769999813e+01 2.566723500319999829e+01 1.362218886210000051e+02
2.386155663260000059e-01 8.277997249730000284e-01 -1.000780348869999975e-01 1.797297249140000081e-02 4.295702620489999646e+01 2.660871328809999881e+01 1.366568664330000047e+02
1.149044807009999974e-01 8.269695583270000316e-01 -9.641874996440000234e-02 4.958306657009999702e-02 3.915619797530000312e+01 2.669629329720000044e+01 1.350079820189999964e+02
1.585511498040000078e-01 8.310071396599999494e-01 -1.050807347080000009e-01 1.824130848039999878e-02 4.173467608549999852e+01 2.510685277609999844e+01 1.364274007029999893e+02
9.221538110860000304e-01 8.323959404780000293e-01 -1.053270866380000004e-01 5.108061808220000152e-03 4.265657120750000075e+01 2.518849390940000177e+01 1.367734714919999988e+02
1.319864237149999953e-01 8.313697653249999542e-01 -1.016577078539999957e-01 1.401336594779999979e-02 4.246811131430000330e+01 2.651633099480000055e+01 1.363967901030000007e+02
2.856320859640000265e-01 8.329946793019999962e-01 -1.045189663770000055e-01 3.340930809659999751e-02 3.962176047100000176e+01 2.509460253980000033e+01 1.354091885310000123e+02
6.000730364799999883e-01 8.284230949749999962e-01 -9.418764105179999735e-02 3.519548035029999855e-02 4.009908707710000186e+01 2.695262348800000041e+01 1.355861090079999940e+02
1.878736509989999970e-01 8.296426913659999958e-01 -9.897788790150000016e-02 1.585292020499999913e-02 4.251307779319999725e+01 2.646700622050000007e+01 1.365424015700000098e+02
1.173217960159999990e-01 8.319729751050000122e-01 -1.027198274329999966e-01 3.253857562359999817e-02 4.017365950869999836e+01 2.597125082870000057e+01 1.354159121689999949e+02
1.142550410209999950e-01 8.335644286600000230e-01 -1.107074578960000055e-01 1.232256508569999978e-02 4.260445231620000328e+01 2.468182340930000152e+01 1.364169138320000059e+02
1.764830925460000033e-01 8.306435835859999894e-01 -9.716407063760000573e-02 3.364481861790000194e-02 3.961637424490000114e+01 2.660243971890000125e+01 1.355303491470000097e+02
1.506455235430000095e-01 8.329408776800000247e-01 -9.932004947250000493e-02 3.308210266819999745e-02 3.923515756559999801e+01 2.603417951409999986e+01 1.353433180479999862e+02
1.507853441410000050e-01 8.333588890719999531e-01 -9.858772155349999899e-02 3.726837325349999924e-02 3.810316060470000110e+01 2.567333870470000079e+01 1.350353006690000086e+02
3.471018564180000099e-01 8.306190715929999691e-01 -1.053827541320000033e-01 8.844277330910000137e-03 4.341651011150000272e+01 2.540767304299999907e+01 1.368300422709999964e+02
2.471684328679999987e-01 8.291848242470000185e-01 -9.840384804679999653e-02 4.059335142670000146e-02 3.901500491350000033e+01 2.606216399339999867e+01 1.354315859579999994e+02
3.297261586110000198e-01 8.312496735259999880e-01 -1.008955807840000024e-01 1.841987420159999986e-02 4.142461829869999690e+01 2.598989230080000112e+01 1.363361164780000081e+02
1.475824209659999942e-01 8.305132227000000533e-01 -1.060362460159999937e-01 1.273617234869999990e-02 4.331389746610000202e+01 2.583291842190000054e+01 1.366020675979999908e+02
1.651536859190000095e-01 8.299995446079999617e-01 -9.431295264599999506e-02 1.469148011589999948e-02 4.165298196610000048e+01 2.704160910090000058e+01 1.365003497650000099e+02
1.110221122560000051e-01 8.362783463870000489e-01 -1.106625564389999983e-01 -2.166082605439999947e-03 4.265897111599999647e+01 2.434257710010000153e+01 1.365806045740000059e+02
1.582594904169999928e-01 8.393901085639999815e-01 -1.134937278409999944e-01 7.342024084639999816e-03 4.096982412820000263e+01 2.363080198309999957e+01 1.359283432070000117e+02
3.301826646039999757e-01 8.336787867830000032e-01 -1.053968448600000052e-01 3.736553457599999656e-02 3.899155767900000313e+01 2.513351296289999937e+01 1.350631294290000142e+02
4.528232610730000274e-01 8.302408176000000140e-01 -1.046120600960000063e-01 2.358242814929999848e-02 4.166911760440000023e+01 2.542636867259999889e+01 1.362584942350000006e+02
2.726179680549999929e-01 8.309104317119999639e-01 -1.079614361339999995e-01 8.517802549700000461e-03 4.327416996040000186e+01 2.497330421830000091e+01 1.368802116759999876e+02
1.193395742249999947e-01 8.294975087350000553e-01 -9.706221051320000626e-02 3.556023514360000248e-02 3.951213861640000147e+01 2.653055289879999989e+01 1.355250017289999960e+02
1.445918007219999968e+00 8.287262981970000553e-01 -9.852918087999999741e-02 2.657539037520000036e-02 4.165649919549999680e+01 2.638918457420000152e+01 1.363099872159999961e+02
1.563383527399999917e-01 8.316403665589999772e-01 -1.095559091189999973e-01 -2.589706371449999878e-03 4.444542165930000266e+01 2.466939827590000078e+01 1.371388320339999893e+02
1.104601695130000005e-01 8.298092068279999678e-01 -9.454574334479999564e-02 4.539867512350000134e-02 3.824595195770000089e+01 2.700027791449999981e+01 1.348986053650000088e+02
1.307687024480000126e-01 8.291597771569999553e-01 -1.049112853390000016e-01 1.471148775240000046e-02 4.265412577290000229e+01 2.579756820389999916e+01 1.367065633429999991e+02
4.494181104550000194e-01 8.273921143110000154e-01 -1.001521451070000041e-01 3.279688060069999717e-02 4.133866523799999726e+01 2.631050981530000143e+01 1.360061327200000107e+02
1.024034928789999965e-01 8.327108821240000180e-01 -1.051143986839999933e-01 1.311745766409999972e-02 4.161425993849999827e+01 2.499379780290000141e+01 1.364773738099999889e+02
3.449456846699999746e-01 8.323280350080000112e-01 -1.067543852010000016e-01 2.655639538369999886e-02 4.102692727339999834e+01 2.527803689159999934e+01 1.357752655349999884e+02
2.879111877330000069e-01 8.339290032030000077e-01 -9.994128290680000248e-02 2.846844943580000009e-02 3.945743938790000271e+01 2.558376364729999963e+01 1.355430494480000050e+02
7.033566090680000160e-01 8.276282407859999468e-01 -9.192716086119999408e-02 4.407985676619999987e-02 3.917783889790000273e+01 2.738729004700000047e+01 1.352101992089999953e+02
2.255706856899999946e-01 8.278713141669999942e-01 -1.058469221220000034e-01 9.984662528260000031e-03 4.425608317009999837e+01 2.571358389939999967e+01 1.371057902580000132e+02
1.009917830649999931e-01 8.396783930579999611e-01 -1.101845013280000063e-01 -8.320554408009999889e-03 4.272656592650000107e+01 2.431226123340000100e+01 1.362452687360000141e+02
1.033373683110000024e-01 8.327111683640000539e-01 -1.095219775889999941e-01 2.442215639209999872e-02 4.104402829770000238e+01 2.471069922030000043e+01 1.359250763439999901e+02
2.864353917479999789e-01 8.324910689319999779e-01 -1.074082151029999987e-01 1.180154214840000056e-02 4.283448346189999967e+01 2.529249302779999908e+01 1.364321764770000129e+02
1.573163154470000047e-01 8.280197668919999643e-01 -9.742261354940000284e-02 3.780053004299999825e-02 4.008358452560000273e+01 2.656600925000000046e+01 1.355364108120000139e+02
1.039013334100000047e-01 8.297906186400000328e-01 -9.833152883590000337e-02 3.069911545820000129e-02 4.035517849210000207e+01 2.648849308510000000e+01 1.356922634629999891e+02
1.184192598879999947e+00 8.283760276760000485e-01 -1.000955470819999971e-01 1.536252988630000017e-02 4.334143215249999770e+01 2.651731602719999970e+01 1.367293726759999970e+02
3.373152023520000209e-01 8.320031329379999896e-01 -9.944419893179999581e-02 2.143552983179999871e-02 4.051174805630000009e+01 2.590904588589999946e+01 1.361358512630000064e+02
3.904617517039999930e-01 8.329452129290000340e-01 -1.052067803029999998e-01 6.972946990019999840e-03 4.241083383739999846e+01 2.524457522339999826e+01 1.366766514519999873e+02
2.003183880930000105e-01 8.229272914109999615e-01 -9.920704059290000321e-02 2.621305159850000066e-02 4.329679760669999666e+01 2.683349800650000105e+01 1.368864900940000098e+02
1.021426396019999988e-01 8.308416893869999820e-01 -9.326793464879999662e-02 4.373931711379999698e-02 3.765927961439999905e+01 2.662390394790000059e+01 1.349107943829999954e+02
9.182391961410000247e-01 8.307322696979999588e-01 -1.074649326499999974e-01 2.042620364109999989e-02 4.198949970799999676e+01 2.513649191009999839e+01 1.363637862930000040e+02
9.076996193840000116e-01 8.343285001429999737e-01 -1.023060671140000044e-01 1.718638620359999938e-02 4.090443001269999712e+01 2.563164623609999992e+01 1.359687602710000078e+02
1.494617779970000004e+00 8.316811645320000279e-01 -1.056697211699999944e-01 -2.542471973669999802e-03 4.412304729200000253e+01 2.586536123180000146e+01 1.368490453830000035e+02
1.150449883550000024e-01 8.316776088699999736e-01 -1.000872521680000043e-01 3.076368943020000093e-02 4.003111800159999945e+01 2.591044997450000054e+01 1.355738937920000069e+02
1.178682756440000007e-01 8.281990059399999549e-01 -9.449747808309999497e-02 2.280136276420000052e-02 4.107278048330000075e+01 2.721814395399999853e+01 1.363664945790000047e+02
2.876403555689999725e-01 8.323504900239999671e-01 -1.013007307480000008e-01 1.901938004310000166e-02 4.091153445869999672e+01 2.561915350749999831e+01 1.361444817779999994e+02
1.211916455920000052e-01 8.290763830799999790e-01 -1.032595800649999951e-01 8.972886786879999757e-03 4.302566853079999731e+01 2.589821145040000161e+01 1.369801363379999941e+02
1.638093480610000041e-01 8.260792239119999492e-01 -9.428376927890000370e-02 2.721509170400000094e-02 4.185076607540000282e+01 2.750632253379999881e+01 1.364155822339999986e+02
1.427697400269999917e-01 8.280246284250000199e-01 -1.031536737070000015e-01 -5.957156196620000139e-04 4.505246198409999892e+01 2.614072075960000063e+01 1.373273033259999920e+02
1.537442196490000079e-01 8.290963871519999584e-01 -1.034215070449999996e-01 -4.451611564329999680e-03 4.510877071459999854e+01 2.661793369129999931e+01 1.371214787490000049e+02
1.307649693569999938e-01 8.324471310919999700e-01 -1.031286421050000013e-01 1.248330034750000025e-02 4.249445573530000075e+01 2.596833192340000096e+01 1.364793109940000022e+02
1.786698639869999938e-01 8.310097539530000299e-01 -1.055542744819999990e-01 4.288375281969999953e-03 4.331581224159999977e+01 2.573986373239999992e+01 1.368004921289999913e+02
1.208798771919999959e-01 8.322303375820000459e-01 -1.028971401190000023e-01 1.226353341170000055e-02 4.189543975830000022e+01 2.564294704479999965e+01 1.365252456329999973e+02
1.572905490500000059e-01 8.323414924290000183e-01 -1.019444302989999940e-01 1.475104880320000054e-02 4.183960301700000173e+01 2.605204110929999928e+01 1.363134461680000129e+02
3.748384861290000036e-01 8.379979180440000341e-01 -1.142812374729999941e-01 1.513073207880000041e-02 4.063943046429999839e+01 2.354415460190000076e+01 1.358137272120000034e+02
2.865335089030000004e-01 8.369060064179999481e-01 -1.104479488150000022e-01 2.053844911450000005e-02 3.964405262769999894e+01 2.383014037339999902e+01 1.356722900629999913e+02
3.040712012010000076e-01 8.314518811340000370e-01 -1.030927065310000001e-01 2.359255637460000096e-02 4.072546372549999916e+01 2.569512393309999965e+01 1.359980976729999895e+02
1.453137222979999921e-01 8.319097276500000415e-01 -9.679036526339999946e-02 3.699657569860000106e-02 3.911980424429999914e+01 2.630813582140000051e+01 1.351887906439999938e+02
1.003691125659999933e-01 8.273845483170000348e-01 -9.514275140800000641e-02 2.279579181849999969e-02 4.208039217700000023e+01 2.750355000520000104e+01 1.364611960809999971e+02
1.920379700239999987e-01 8.286867225770000456e-01 -1.000315147409999994e-01 2.528844983710000147e-02 4.168640704610000114e+01 2.622966313010000050e+01 1.363767022520000012e+02
1.667957054070000056e-01 8.298758715970000477e-01 -9.617846516149999858e-02 2.223476782619999981e-02 4.049491919809999985e+01 2.668084994979999891e+01 1.361669551619999936e+02
1.038149811079999985e-01 8.341273087030000033e-01 -1.063970919620000066e-01 1.893054960070000153e-02 4.058904094590000255e+01 2.499602459789999997e+01 1.360353970520000075e+02
1.141385205599999980e-01 8.338455656059999832e-01 -1.070784596560000052e-01 -3.150451081259999890e-03 4.342935153469999676e+01 2.541639042179999919e+01 1.367058878869999887e+02
1.760569609079999931e-01 8.291315250899999878e-01 -9.545841112019999575e-02 3.889504974010000310e-02 3.911794311170000071e+01 2.661532599710000113e+01 1.353493975449999880e+02
1.094072356539999985e-01 8.311631756349999733e-01 -9.602642439130000540e-02 3.314232018220000103e-02 3.903042883279999842e+01 2.633871707699999831e+01 1.355059806980000019e+02
3.375516695920000032e-01 8.303599875520000229e-01 -1.052268208480000022e-01 7.033547269010000276e-03 4.380573434840000147e+01 2.571672594320000016e+01 1.368699819290000050e+02
1.080760242980000063e-01 8.345330460809999851e-01 -1.015074935300000064e-01 8.264317287119999841e-03 4.116789823839999940e+01 2.540064649279999998e+01 1.363445405379999897e+02
1.100633269869999986e-01 8.299619956799999532e-01 -1.021247568410000028e-01 1.128089689799999934e-02 4.291441308859999992e+01 2.605937952469999885e+01 1.368032900370000107e+02
1.499813916359999943e-01 8.307699187960000398e-01 -1.116835202510000069e-01 -1.462654176120000045e-02 4.611053060070000242e+01 2.487183745820000169e+01 1.373031809969999983e+02
2.028065358460000023e-01 8.316228798210000273e-01 -1.012978646179999997e-01 1.620375266459999838e-02 4.188471144300000049e+01 2.572393145079999854e+01 1.364052536730000043e+02
1.721602452440000042e-01 8.270094582450000509e-01 -1.030267308950000016e-01 -2.717149217899999993e-03 4.522217265070000281e+01 2.662172762499999834e+01 1.373109560649999992e+02
2.407479776370000102e-01 8.275592742859999573e-01 -9.623041765220000099e-02 2.494453961279999993e-02 4.068373917969999809e+01 2.668468753619999845e+01 1.363791744950000009e+02
2.578611288800000123e-01 8.320918817810000201e-01 -9.986255505650000475e-02 9.650327444469999211e-03 4.217169134369999739e+01 2.595008350120000173e+01 1.366622302099999899e+02
3.642596415850000158e-01 8.321919524040000127e-01 -9.932921567270000529e-02 3.377963869179999995e-02 3.939101115300000089e+01 2.595928457899999842e+01 1.354990859559999876e+02
1.480038733150000063e-01 8.364816131729999604e-01 -1.002022421090000004e-01 2.774913964960000132e-02 3.846872857310000171e+01 2.572286256599999987e+01 1.351815697579999949e+02
1.707579970629999888e-01 8.309356291499999658e-01 -9.915373863979999591e-02 2.331395702989999888e-02 4.043299482449999971e+01 2.574830639360000006e+01 1.360961030009999888e+02
1.384613554240000100e-01 8.313653470490000030e-01 -1.030678290409999948e-01 1.422253712829999947e-02 4.233121477120000264e+01 2.562691418940000077e+01 1.364688486590000025e+02
1.214394018030000022e-01 8.322116043949999709e-01 -1.038550353310000035e-01 3.961600502590000017e-02 3.874439049629999943e+01 2.506218994720000026e+01 1.352114641269999993e+02
1.337604345910000103e-01 8.322621855320000428e-01 -1.015956875259999975e-01 2.873076822699999894e-02 3.989568569429999911e+01 2.576899564880000071e+01 1.355946293080000089e+02
1.145170791270000016e-01 8.335055234289999726e-01 -9.931248927169999963e-02 2.335671422199999889e-02 3.999692606829999875e+01 2.595458290030000015e+01 1.357814065400000061e+02
1.267312514820000047e+01 8.342896337380000249e-01 -1.016994500249999989e-01 4.344933067409999933e-02 3.739832634420000090e+01 2.532180720810000096e+01 1.345457127820000096e+02
1.165948169930000056e-01 8.296248379170000353e-01 -9.588543906150000240e-02 2.848575664989999937e-02 4.002490625050000261e+01 2.665060644169999904e+01 1.359516532160000111e+02
1.186847940110000027e-01 8.268875715529999670e-01 -9.702542194949999310e-02 3.428829143480000008e-02 4.123079788710000315e+01 2.701736446720000018e+01 1.359625480219999929e+02
1.931875374179999882e-01 8.337522461080000280e-01 -1.094939469080000033e-01 2.093965511660000054e-04 4.354926735850000341e+01 2.496200923509999825e+01 1.367036831380000024e+02
2.225308631650000091e-01 8.295952241209999523e-01 -1.004175848459999965e-01 1.588032364269999913e-02 4.267528570040000346e+01 2.628927994160000026e+01 1.366580010659999971e+02
2.758174852170000024e-01 8.327230371289999766e-01 -1.029759070840000068e-01 1.794317634050000138e-02 4.138619188370000046e+01 2.577727029549999926e+01 1.360252426849999949e+02
1.726513951599999985e-01 8.339593037410000242e-01 -1.023274916890000025e-01 4.247481629830000133e-02 3.783962636020000048e+01 2.504348968240000062e+01 1.347717889120000052e+02
1.311827502550000080e-01 8.345674423309999979e-01 -1.029062214130000014e-01 1.736749610109999953e-02 4.044819844799999942e+01 2.553221225040000064e+01 1.359071195820000071e+02
1.084710450520000036e-01 8.296985690499999455e-01 -1.001119557760000028e-01 1.668621252659999860e-02 4.188583248500000167e+01 2.608787387239999944e+01 1.366442097919999981e+02
9.200588088950000243e-01 8.289322053659999856e-01 -9.722120565540000314e-02 2.391217546770000105e-02 4.098513456709999758e+01 2.682823286260000017e+01 1.362032790739999939e+02
1.226903848550000009e-01 8.303132624050000299e-01 -1.014939712109999975e-01 2.519560986690000046e-02 4.104993107439999989e+01 2.613291243680000164e+01 1.360264568080000060e+02
1.229212431789999949e-01 8.305285228419999610e-01 -1.005056376159999959e-01 2.428259034039999958e-02 4.157875157139999800e+01 2.613059672760000041e+01 1.361489627910000024e+02
1.460880994060000104e-01 8.315989088280000274e-01 -1.019382040919999954e-01 2.241582684029999953e-02 4.129832027140000150e+01 2.598365862220000011e+01 1.360219396150000080e+02
1.499702462720000073e-01 8.288101340929999727e-01 -1.085920533760000029e-01 -7.000003927809999920e-04 4.498227460740000083e+01 2.528938900169999826e+01 1.373161661700000025e+02
1.025953309289999948e+00 8.282071196570000016e-01 -9.599052651400000191e-02 4.141225040259999962e-02 3.968771854079999883e+01 2.672863101760000148e+01 1.353599282600000038e+02
1.601343622929999877e-01 8.358767698610000130e-01 -1.064996311460000011e-01 2.893554828829999863e-03 4.219270296530000053e+01 2.501891007169999881e+01 1.364099578290000068e+02
1.795254720620000077e-01 8.285171761020000414e-01 -9.923701663429999875e-02 3.156127273179999693e-02 4.041860976470000111e+01 2.637047958489999999e+01 1.358322477950000007e+02
3.092518517599999739e-01 8.323002898050000375e-01 -1.114208127589999958e-01 -2.584410219210000071e-03 4.451820129890000288e+01 2.451250046390000037e+01 1.369903241309999942e+02
1.315615976139999921e-01 8.333884068169999937e-01 -1.087720298390000007e-01 1.876599001790000068e-02 4.146983271109999691e+01 2.496920299490000161e+01 1.361229933969999877e+02
3.750337210069999827e+01 8.286316180589999858e-01 -9.319925175240000026e-02 5.099529755510000262e-02 3.787116411910000124e+01 2.696949573230000041e+01 1.346580353100000025e+02
5.324903775160000352e-01 8.353079731850000522e-01 -1.031468257720000031e-01 3.122635064889999965e-02 3.862016485889999728e+01 2.522735026200000163e+01 1.352207506759999944e+02
1.539992399160000081e-01 8.352114592780000013e-01 -1.030855736060000000e-01 1.119835145379999980e-02 4.074962407640000350e+01 2.545111888989999827e+01 1.361912443189999919e+02
1.379185925039999872e-01 8.298211294570000396e-01 -1.023549909360000065e-01 5.069569474759999875e-03 4.348861499809999742e+01 2.571140354530000138e+01 1.370411667719999969e+02
1.348612780350000040e-01 8.295597507209999666e-01 -9.885899733240000042e-02 2.332357865380000131e-02 4.163905023710000108e+01 2.640888274510000144e+01 1.363795620710000094e+02
1.244474599670000042e-01 8.329633059959999919e-01 -1.046829046089999965e-01 8.188069937509999396e-03 4.228021631650000245e+01 2.562074940970000014e+01 1.365719153000000006e+02
1.532289189530000040e-01 8.334200671429999874e-01 -1.014699952669999988e-01 1.446555219339999915e-03 4.249150130529999814e+01 2.570859991249999865e+01 1.367141136049999943e+02
1.110083448719999949e-01 8.303136885149999813e-01 -9.445090581420000075e-02 4.246316463409999936e-02 3.871853279879999832e+01 2.662066077669999942e+01 1.350990101509999874e+02
4.276348730219999839e-01 8.335956195479999886e-01 -9.620147736009999895e-02 3.925554452869999683e-02 3.770073383590000304e+01 2.630952078529999838e+01 1.348781626649999907e+02
1.886505165559999864e-01 8.301821737860000106e-01 -9.048558942970000296e-02 4.401763084419999666e-02 3.761133323779999671e+01 2.723034675330000098e+01 1.348400295069999970e+02
1.416829390010000134e-01 8.337121563580000005e-01 -1.048217241339999967e-01 8.359222729749999498e-03 4.228611053240000217e+01 2.534948452169999911e+01 1.365422670830000129e+02
1.126721137210000001e-01 8.292488816709999710e-01 -9.362444670290000215e-02 3.779331647510000142e-02 3.910521043890000215e+01 2.680177925339999945e+01 1.354890133049999861e+02
1.370179076130000062e-01 8.302329792560000365e-01 -9.762335977369999973e-02 1.890767784759999834e-02 4.175261696839999814e+01 2.676463341750000069e+01 1.363845689180000136e+02
2.492088475960000105e-01 8.298227904580000036e-01 -9.832296041999999403e-02 1.239095725170000044e-02 4.261724981489999919e+01 2.659073817970000064e+01 1.367411041930000124e+02
4.363688777629999849e-01 8.339168222389999885e-01 -1.049873977359999933e-01 1.601071515879999921e-02 4.142349480509999893e+01 2.522264736709999866e+01 1.361506950449999920e+02
4.049298965740000256e-01 8.320859521640000533e-01 -1.078537381019999963e-01 9.960889651300000591e-03 4.265588648570000174e+01 2.487219810510000073e+01 1.366585906539999939e+02
3.414782889679999767e-01 8.309341447129999780e-01 -9.880597765439999569e-02 2.818798619309999948e-02 4.048090816410000059e+01 2.630530104709999861e+01 1.358039864170000044e+02
1.915818665759999873e-01 8.347666668909999865e-01 -1.063692395109999966e-01 4.671800865680000164e-03 4.249325772139999913e+01 2.508484760219999998e+01 1.365072434260000023e+02
1.279721572270000052e-01 8.268483728300000113e-01 -9.682452116970000078e-02 1.645287072870000103e-02 4.283240017989999870e+01 2.686074713269999847e+01 1.368107760629999916e+02
1.830255729799999953e-01 8.305506300560000499e-01 -1.004587716830000060e-01 3.905315566280000150e-02 3.932870435209999727e+01 2.566820551220000013e+01 1.354174459390000038e+02
2.910604727339999864e-01 8.279447007139999481e-01 -9.692365531959999669e-02 3.321373121570000281e-02 3.988897911090000292e+01 2.660785942660000103e+01 1.358422512159999940e+02
1.501235042540000064e-01 8.365686217200000163e-01 -1.097784158590000003e-01 1.065172942209999946e-02 4.160771970430000266e+01 2.467224087410000166e+01 1.360320794350000142e+02
3.817928930080000116e-01 8.295432530880000321e-01 -9.725090424469999550e-02 1.671978015580000143e-02 4.190811632479999815e+01 2.682201053480000041e+01 1.365466425900000047e+02
2.191451019900000075e-01 8.325056555780000478e-01 -1.036842347100000034e-01 2.008033560719999985e-02 4.112461012140000349e+01 2.549168243929999988e+01 1.360856064989999936e+02
5.039549477229999797e-01 8.329575949049999872e-01 -1.061236942379999992e-01 2.485543854530000013e-02 4.079377716580000168e+01 2.509861761950000059e+01 1.358759705749999966e+02
1.249352621039999944e-01 8.277831005379999718e-01 -1.041405576699999946e-01 1.592338627949999941e-03 4.456067251849999877e+01 2.577842126870000072e+01 1.372857969899999944e+02
1.522068752840000094e-01 8.331925250430000096e-01 -9.953180957679999552e-02 1.846099317830000169e-02 4.057836431430000346e+01 2.571895318689999854e+01 1.360870052619999910e+02
5.103609125920000045e-01 8.272630625239999480e-01 -9.859015558339999374e-02 2.611571980319999861e-02 4.240016693420000138e+01 2.672862072970000114e+01 1.363688935769999944e+02
2.659149620530000258e-01 8.312008496789999867e-01 -1.046719875649999992e-01 5.366637557980000368e-03 4.292445144039999860e+01 2.544253757939999971e+01 1.369254157629999895e+02
4.145114407939999857e-01 8.319533702370000006e-01 -9.951853323930000272e-02 3.254346620290000242e-02 3.960587316310000006e+01 2.618065912819999852e+01 1.354162687520000077e+02
2.240164602649999948e-01 8.343063392570000403e-01 -9.463078761090000512e-02 3.655932527539999810e-02 3.759086838620000037e+01 2.633797555720000005e+01 1.349295735499999864e+02
2.696591907709999791e-01 8.327784936019999584e-01 -9.997969604860000581e-02 3.523404720719999772e-02 3.928132642989999823e+01 2.592171025220000047e+01 1.352200964150000004e+02
1.429213232340000028e-01 8.276246277300000065e-01 -9.750333580299999636e-02 8.972870192189999136e-03 4.342712310230000128e+01 2.704822139259999858e+01 1.369406451330000039e+02
1.368284678080000094e-01 8.284183992739999614e-01 -1.086831623530000041e-01 -1.057119676610000086e-02 4.632561822259999929e+01 2.566144972460000062e+01 1.374557544410000105e+02
1.712035098430000069e-01 8.318146386079999788e-01 -1.099776890769999932e-01 3.261114348219999997e-03 4.386932833089999662e+01 2.514803868599999959e+01 1.368959317869999950e+02
1.069560729360000018e+00 8.346243697430000275e-01 -1.051779718000000058e-01 2.107794020209999980e-02 4.017266988840000153e+01 2.473856089490000087e+01 1.359193619609999928e+02
6.212523763759999484e-01 8.368423496150000362e-01 -1.071782125380000006e-01 1.780930608950000160e-02 3.994169012719999756e+01 2.455473167279999913e+01 1.357244358309999939e+02
1.224686612759999932e-01 8.334350586440000264e-01 -1.038097400300000001e-01 2.124712423729999827e-02 4.085968217709999806e+01 2.542902125670000046e+01 1.359587386229999879e+02
1.616937921419999924e+00 8.273809790899999683e-01 -9.509378660129999550e-02 4.152693493879999753e-02 3.931094622260000193e+01 2.674455142209999892e+01 1.354375050280000039e+02
2.219034763359999940e-01 8.253975182199999594e-01 -9.758141511420000136e-02 4.279257043770000324e-02 4.079948456439999660e+01 2.684156999400000032e+01 1.356591748559999928e+02
1.542165188890000094e-01 8.347053448360000072e-01 -1.007729885029999967e-01 2.179912350160000123e-02 3.927233664269999736e+01 2.529271668510000026e+01 1.357674844699999994e+02
1.166048420840000016e-01 8.355806514739999580e-01 -1.079737985410000045e-01 5.092591069580000226e-03 4.237451991990000266e+01 2.481098374340000134e+01 1.363679114159999983e+02
3.390920234629999919e-01 8.376252684589999831e-01 -1.040839194490000008e-01 2.611912419769999924e-02 3.871002944250000155e+01 2.522246141329999958e+01 1.351538016160000097e+02
1.208521333019999949e-01 8.298040654310000486e-01 -9.534167275160000676e-02 4.667236765329999676e-02 3.826379656560000342e+01 2.663887740819999905e+01 1.349730357779999963e+02
2.294288079310000117e-01 8.411627794639999767e-01 -1.101724404170000005e-01 -1.773656268909999927e-03 4.138944040460000195e+01 2.410840127290000012e+01 1.359435595340000020e+02
1.002548443040000015e-01 8.286637058829999791e-01 -9.641145323390000466e-02 3.599278454549999923e-02 4.023796841170000249e+01 2.686461806160000165e+01 1.356416018529999974e+02
3.749823002439999775e-01 8.336757358549999886e-01 -1.002027604710000047e-01 3.323212966070000079e-02 3.880100391210000055e+01 2.573901789490000169e+01 1.352746125079999899e+02
1.077613155830000058e-01 8.287617526910000532e-01 -1.006265590999999987e-01 2.955423394190000164e-02 4.093777065879999810e+01 2.602166938079999881e+01 1.360509334360000082e+02
1.517658807019999889e+00 8.294094193469999654e-01 -1.042483509909999939e-01 1.098405063089999932e-02 4.295901255969999966e+01 2.585693838610000128e+01 1.368048626739999918e+02
2.030451293730000106e-01 8.325905984760000322e-01 -1.015348768760000048e-01 1.253992193809999947e-02 4.231597450539999983e+01 2.600703284280000105e+01 1.363779872609999870e+02
1.694706563429999868e-01 8.297912935490000530e-01 -9.970571452880000463e-02 2.278982365380000097e-02 4.091944788010000167e+01 2.607129860150000056e+01 1.362519081119999953e+02
1.008205098169999980e-01 8.300439366490000026e-01 -9.961370717829999555e-02 3.288660136220000058e-02 4.019436389580000224e+01 2.621615518739999828e+01 1.355858202510000012e+02
3.907136125490000000e-01 8.297652955940000297e-01 -9.751926541390000536e-02 2.414517572290000164e-02 4.128504587289999961e+01 2.669420078610000147e+01 1.362249352080000051e+02
2.944911653949999764e-01 8.279217278970000260e-01 -1.024275493429999961e-01 3.500365466980000229e-02 4.116097852149999881e+01 2.594646076849999972e+01 1.358641966680000053e+02
3.000152509549999791e-01 8.287382209870000072e-01 -9.708395124169999502e-02 2.769553971000000142e-02 4.137852980390000113e+01 2.667636675400000001e+01 1.361589868739999929e+02
3.434596272730000011e-01 8.283977800549999770e-01 -9.330838877460000125e-02 2.943142763589999891e-02 4.006586932110000276e+01 2.717443708260000079e+01 1.358961172660000045e+02
3.154641104290000220e-01 8.303926087620000507e-01 -1.053159671359999994e-01 1.475867399410000017e-02 4.268565536620000245e+01 2.581922902779999873e+01 1.365166897249999920e+02
1.059019002569999979e-01 8.329230557150000269e-01 -1.010059649639999946e-01 2.345604088810000071e-02 4.072420934090000344e+01 2.588120638870000079e+01 1.358457078600000045e+02
1.057357069710000014e-01 8.351999024399999749e-01 -1.062207476219999974e-01 -8.563559917990000089e-03 4.365428995930000156e+01 2.513338786639999967e+01 1.368083852809999996e+02
1.045463051239999969e-01 8.367943566959999968e-01 -1.052161016019999978e-01 9.391108263089999880e-03 4.121790132729999812e+01 2.498716000339999965e+01 1.360814493089999928e+02
1.897283698820000086e-01 8.316243805599999872e-01 -1.008122004069999939e-01 2.805127461049999882e-02 3.997441430090000125e+01 2.584803522260000008e+01 1.357457074159999877e+02
1.299281752299999981e+00 8.279008406050000213e-01 -1.000647085550000065e-01 1.222878959329999973e-02 4.335481234840000297e+01 2.667531505179999840e+01 1.369245973030000130e+02
2.494886546420000129e-01 8.312214977330000254e-01 -1.018639961680000011e-01 1.842152432270000029e-02 4.151196745400000054e+01 2.629147452619999825e+01 1.362315290640000001e+02
1.332957905740000115e-01 8.306390115059999468e-01 -1.011252925040000000e-01 2.436638628809999901e-02 4.110728479840000205e+01 2.626971385890000121e+01 1.360255697869999949e+02
8.041380354099999517e-01 8.303680518670000232e-01 -1.030851811260000001e-01 2.070905580740000154e-02 4.175033438860000246e+01 2.560290050069999879e+01 1.363880913469999996e+02
3.147729205989999723e-01 8.283492469240000267e-01 -1.050410692129999934e-01 1.377527039579999960e-02 4.376812374789999893e+01 2.572800639660000144e+01 1.368968969299999969e+02
1.545471746600000085e-01 8.305448423350000331e-01 -1.068246976899999978e-01 -1.078217930650000010e-02 4.548480654000000101e+01 2.562027183789999896e+01 1.371977328609999915e+02
2.688286273600000165e-01 8.326107706649999995e-01 -1.107815729489999984e-01 2.505498246440000104e-02 4.102474960499999668e+01 2.445995197310000080e+01 1.359311401639999985e+02
1.166175081270000025e-01 8.292416432889999633e-01 -1.017119329850000031e-01 6.555463647359999896e-03 4.379462473750000129e+01 2.660295362069999925e+01 1.368511223339999958e+02
1.117299754460000072e+00 8.306622108060000009e-01 -1.089804344599999975e-01 1.150621480519999941e-02 4.354000857399999802e+01 2.530810395050000139e+01 1.367437337629999945e+02
2.796062341189999856e-01 8.373463679110000335e-01 -1.095139429480000010e-01 2.484539900800000149e-03 4.213946587990000126e+01 2.442129293240000010e+01 1.362438784800000064e+02
1.627812527030000067e-01 8.324037734160000257e-01 -1.021868812889999978e-01 2.117868734350000087e-02 4.101741282799999766e+01 2.553451003789999874e+01 1.361274115200000097e+02
1.901200011209999985e-01 8.311232534419999984e-01 -1.028667752410000052e-01 1.763666539059999955e-02 4.199902371129999779e+01 2.554785063839999992e+01 1.363599994459999891e+02
1.402747704619999869e-01 8.341600619269999850e-01 -1.047949604589999972e-01 2.861431756229999845e-02 3.939506802830000254e+01 2.508542140619999827e+01 1.355171946959999900e+02
1.354688291599999983e-01 8.298770547770000228e-01 -1.003495596400000023e-01 5.494816059629999833e-02 3.733110384750000321e+01 2.562907254039999927e+01 1.343034928339999965e+02
1.181070927570000012e-01 8.337148547029999968e-01 -1.004115820010000049e-01 3.828005474860000229e-02 3.828871908829999882e+01 2.544908974149999992e+01 1.349681923869999878e+02
6.258428192430000259e+00 8.366161729500000144e-01 -1.070747437429999949e-01 6.529621364100000359e-03 4.131569373239999976e+01 2.482892111820000025e+01 1.361629418999999928e+02
3.279131791329999990e-01 8.289695236070000472e-01 -9.769457953160000374e-02 3.147424171649999824e-02 4.021276819010000025e+01 2.671394396510000036e+01 1.356995970300000067e+02
2.386056598780000038e-01 8.294388988080000358e-01 -1.027971394050000015e-01 3.393972318049999840e-03 4.427593830149999832e+01 2.636294340739999953e+01 1.370092834319999895e+02
1.647985324079999925e-01 8.317556453250000148e-01 -1.068087046750000046e-01 2.733542527769999841e-03 4.371743788250000051e+01 2.564528785350000106e+01 1.368545846570000037e+02
1.313879324890000033e+00 8.355326843699999451e-01 -1.082401080019999989e-01 -4.537917136669999789e-03 4.347074228000000318e+01 2.501179421890000043e+01 1.366717695650000053e+02
1.471756089509999865e-01 8.323874435270000038e-01 -1.031300009490000030e-01 1.439282398130000036e-02 4.182880817419999886e+01 2.573849036029999837e+01 1.363857932059999882e+02
7.436271494280000116e-01 8.317526436750000141e-01 -1.050780723710000031e-01 3.960617594480000427e-03 4.387345006479999654e+01 2.594461457650000114e+01 1.367741636670000105e+02
1.281415511369999871e-01 8.344226481530000461e-01 -1.089517895149999943e-01 2.484578436409999938e-02 4.000008945590000309e+01 2.453433312279999967e+01 1.357554842209999890e+02
1.202523143210000034e-01 8.289814706220000051e-01 -1.098358396659999958e-01 1.382173790059999970e-02 4.344215125630000074e+01 2.495922074670000157e+01 1.368037217479999867e+02
5.048514530190000293e-01 8.277260663200000090e-01 -9.410028754259999739e-02 3.999864987030000291e-02 3.988449418940000157e+01 2.713739365420000027e+01 1.353964947210000105e+02
2.880557677139999884e-01 8.299698360610000547e-01 -9.900946146179999408e-02 2.661235585209999893e-02 4.082362107069999979e+01 2.639489089110000108e+01 1.360610052410000037e+02
1.392743839779999881e-01 8.334584753779999966e-01 -1.030341039530000002e-01 2.522834183900000103e-03 4.304125488689999912e+01 2.561354065900000165e+01 1.367644547259999968e+02
1.593042658899999908e-01 8.294917373110000103e-01 -1.023441277970000007e-01 3.560883366639999714e-02 4.020878902340000138e+01 2.571559186229999838e+01 1.356673140219999993e+02
1.216715378290000038e-01 8.349105409570000136e-01 -1.023689075269999943e-01 2.889243218649999861e-02 3.980354450979999825e+01 2.565896097450000113e+01 1.353326106259999904e+02
1.920278840659999930e-01 8.290118490240000471e-01 -1.010978851190000027e-01 2.304985018929999949e-02 4.123942128520000239e+01 2.619576048760000120e+01 1.363346278049999967e+02
4.197113858159999822e-01 8.319992740370000250e-01 -1.060316431940000054e-01 7.542168356620000159e-03 4.332191437920000254e+01 2.550909036850000078e+01 1.367290901400000109e+02
1.926297340939999991e-01 8.286387635869999491e-01 -9.858961473789999708e-02 3.097776534060000045e-02 4.092562401979999720e+01 2.662759750149999860e+01 1.358380185860000040e+02
2.627598596169999912e-01 8.311986525269999815e-01 -9.525987721310000267e-02 4.535809175310000219e-02 3.768443638800000173e+01 2.653384112670000050e+01 1.346851489329999936e+02
3.981541298919999972e-01 8.291091897989999460e-01 -9.615275809510000216e-02 2.627907577720000123e-02 4.063530907869999709e+01 2.703930530359999906e+01 1.360654777720000084e+02
1.492189507999999998e-01 8.289153201090000422e-01 -1.007575226289999931e-01 2.428766046450000007e-02 4.189113502570000236e+01 2.604258839590000107e+01 1.364152792479999903e+02
1.179531522049999948e-01 8.363590311959999690e-01 -1.057645400640000038e-01 6.505178366540000090e-03 4.190449484970000071e+01 2.494076578430000168e+01 1.362762304930000141e+02
2.382430510459999928e-01 8.283699434700000364e-01 -9.633678853600000092e-02 3.231149677780000007e-02 4.041052895379999654e+01 2.683277930039999859e+01 1.356698570030000042e+02
1.161016443859999997e-01 8.316365747170000322e-01 -1.104180248829999961e-01 -1.042611515629999997e-03 4.433305704989999896e+01 2.461092531979999976e+01 1.369989707439999904e+02
1.133020362839999989e-01 8.289152942309999661e-01 -9.656926571339999321e-02 5.026023508159999792e-02 3.766441828549999826e+01 2.635337717100000177e+01 1.347293847089999872e+02
1.973772343809999941e-01 8.272725979410000541e-01 -9.580959829959999341e-02 3.153522621330000220e-02 4.037372281209999869e+01 2.690193579809999846e+01 1.359447184979999861e+02
1.189364538349999972e-01 8.282821337850000409e-01 -9.327963193200000669e-02 2.693929311290000142e-02 4.087109580919999985e+01 2.721497607590000101e+01 1.361550031499999989e+02
1.071229410809999977e-01 8.308718825780000428e-01 -1.043425210919999985e-01 2.294091504870000159e-02 4.145404265060000171e+01 2.598116480290000041e+01 1.361412685429999954e+02
2.368664081280000000e-01 8.341045653490000156e-01 -9.892833613010000582e-02 2.649759684330000101e-02 3.934800728780000156e+01 2.589908545349999969e+01 1.355398585890000049e+02
1.063143657979999934e-01 8.324252586329999870e-01 -1.007751125330000053e-01 2.825399519910000087e-02 4.008246115290000233e+01 2.592299034770000077e+01 1.356425017079999975e+02
8.172496580550000500e-01 8.307497594239999783e-01 -1.058502043000000004e-01 -9.123577888699999777e-03 4.478115596519999997e+01 2.534946349240000174e+01 1.372538703079999891e+02
1.046569017829999948e-01 8.317045427949999459e-01 -9.929055570889999682e-02 2.657040314030000017e-02 3.991110305670000002e+01 2.602815618369999839e+01 1.357971989680000036e+02
2.321427128430000042e-01 8.347061177760000117e-01 -1.022237047600000059e-01 2.224262244419999979e-02 4.022712974910000128e+01 2.576665676880000078e+01 1.356572318650000000e+02
2.289988329679999990e-01 8.344564215919999528e-01 -1.124370248639999931e-01 1.266370883039999971e-02 4.176937239869999985e+01 2.390440816370000121e+01 1.363568556529999967e+02
1.696045135679999927e-01 8.354312213590000535e-01 -1.001296490990000038e-01 1.807153178569999991e-02 3.962426207530000255e+01 2.554867291620000103e+01 1.358114533870000002e+02
1.263820534729999945e-01 8.297558754120000213e-01 -1.011003059050000069e-01 2.499494881669999877e-02 4.187880748079999904e+01 2.607370173849999873e+01 1.362213929149999956e+02
1.186063858090000034e+00 8.336625356160000111e-01 -1.066437317329999995e-01 1.698552310220000083e-02 4.156611045399999682e+01 2.547178901579999888e+01 1.360940906829999903e+02
