-3.377092064380000230e-02 2.031654065419999933e-01 -2.210912738899999952e-01 -1.361483602270000119e+02 6.870854541559999973e+01 1.411901033590000054e+02
-3.231714534800000233e-02 2.064426357860000005e-01 -2.197493267800000039e-01 -1.359020576080000069e+02 6.795152951670000618e+01 1.407078099729999963e+02
-2.893861134220000048e-02 2.055577740689999988e-01 -2.283981496020000002e-01 -1.362104272050000020e+02 6.914851514919999431e+01 1.407069142770000099e+02
-3.292625063159999865e-02 2.067391316430000070e-01 -2.212636645849999917e-01 -1.358412708829999929e+02 6.829490328939999699e+01 1.412294499580000036e+02
-2.913452174950000029e-02 2.072713429199999902e-01 -2.198404506320000007e-01 -1.369404974580000101e+02 6.798593944969999825e+01 1.406696838700000001e+02
-3.512436099699999675e-02 2.062533586330000113e-01 -2.233511670380000091e-01 -1.355841493830000104e+02 6.872193562110000187e+01 1.408410211800000127e+02
-3.029943803770000083e-02 2.085182403099999915e-01 -2.194039031159999986e-01 -1.364449742609999987e+02 6.782164359700000489e+01 1.405440430570000103e+02
-3.380964682080000311e-02 2.077315174920000007e-01 -2.259032608550000099e-01 -1.357404925110000136e+02 6.826424980039999468e+01 1.408528325599999960e+02
-3.213432733740000102e-02 2.055472956219999980e-01 -2.212757214680000084e-01 -1.360574810370000023e+02 6.849451463629999637e+01 1.410067987449999976e+02
-3.221332605840000057e-02 2.012302006460000015e-01 -2.195128154250000074e-01 -1.364242539690000058e+02 6.905793558099999530e+01 1.412460295829999950e+02
-3.091468000200000080e-02 2.118206714249999956e-01 -2.222803973780000109e-01 -1.360888544109999998e+02 6.743165315000000248e+01 1.402761274759999992e+02
-3.263993989640000259e-02 2.026183572949999956e-01 -2.251079443610000119e-01 -1.359525208029999988e+02 6.923629061939999474e+01 1.414550898079999968e+02
-3.878888557230000117e-02 2.127783542620000079e-01 -2.232645919840000048e-01 -1.348901197749999881e+02 6.763832825859999787e+01 1.406968271270000059e+02
-3.572526615269999706e-02 2.045035110070000106e-01 -2.235560975020000063e-01 -1.348416066599999965e+02 6.894279581540000379e+01 1.412786511529999984e+02
-3.745578422009999964e-02 2.058224240010000095e-01 -2.193305336920000070e-01 -1.358182867600000066e+02 6.796697814469999344e+01 1.412354489370000010e+02
-3.002401108220000003e-02 2.126125056840000027e-01 -2.279905230239999969e-01 -1.356598547819999965e+02 6.808764272460000200e+01 1.402578299920000120e+02
-2.911580721210000125e-02 2.090858109219999872e-01 -2.225411930639999980e-01 -1.363939916660000051e+02 6.832534146129999897e+01 1.404388890820000029e+02
-3.229585210259999783e-02 2.101500185369999940e-01 -2.227409205639999945e-01 -1.360362912470000083e+02 6.805533771890000594e+01 1.404926486479999994e+02
-3.400397783709999816e-02 2.058393421480000096e-01 -2.222578729309999945e-01 -1.357595183759999884e+02 6.870627281720000212e+01 1.412353243649999968e+02
-3.119426103200000078e-02 2.069467615349999956e-01 -2.222313733379999989e-01 -1.362415970350000123e+02 6.884844480549999446e+01 1.410032644259999870e+02
-3.375473871040000212e-02 2.049722109359999878e-01 -2.238769262920000114e-01 -1.358429485849999878e+02 6.887557117709999943e+01 1.411381153389999952e+02
-3.010660701800000130e-02 2.050058284419999932e-01 -2.216506225160000121e-01 -1.361308504819999996e+02 6.896272755340000060e+01 1.407380459569999971e+02
-3.566743518700000309e-02 2.057564684400000066e-01 -2.206268940939999923e-01 -1.361384855949999917e+02 6.880581691320000459e+01 1.410470055199999990e+02
-3.159043587759999966e-02 2.047146056549999926e-01 -2.168707772110000098e-01 -1.364646517429999903e+02 6.834837811350000436e+01 1.411371618350000006e+02
-3.328745449369999859e-02 2.055452699829999896e-01 -2.238584446349999868e-01 -1.360803518909999923e+02 6.872822831679999922e+01 1.406166682440000102e+02
-3.292871901319999878e-02 2.077428895439999978e-01 -2.243276877360000088e-01 -1.356219451610000135e+02 6.852512551280000253e+01 1.411573621740000135e+02
-2.959929662700000116e-02 2.069461651529999890e-01 -2.219571483639999898e-01 -1.366885250299999939e+02 6.854902616120000403e+01 1.405850707810000131e+02
-3.230080365460000213e-02 2.063523538579999927e-01 -2.206054697360000094e-01 -1.358754950640000061e+02 6.819185977639999408e+01 1.408754320490000111e+02
-3.030459224369999940e-02 2.007193139050000019e-01 -2.243052974670000088e-01 -1.363767390570000089e+02 6.974336885690000543e+01 1.411421746510000048e+02
-4.022126331639999663e-02 2.074418147300000070e-01 -2.117364072629999983e-01 -1.353129590009999959e+02 6.724155988190000244e+01 1.412637218879999921e+02
-3.475366296040000025e-02 2.099432095930000020e-01 -2.227395148820000004e-01 -1.351855652479999890e+02 6.819548334860000693e+01 1.408981116369999995e+02
-3.227432301350000032e-02 2.074521028369999964e-01 -2.201109494060000116e-01 -1.361640632449999941e+02 6.852371810040000355e+01 1.407771733559999916e+02
-3.297014126850000143e-02 2.044186091719999987e-01 -2.226460297489999962e-01 -1.355096232799999996e+02 6.886797515439999984e+01 1.411553023719999942e+02
-3.301870654189999893e-02 2.057967763709999953e-01 -2.228555358709999878e-01 -1.360863389769999969e+02 6.869716554320000057e+01 1.406182590219999895e+02
-3.316385612130000327e-02 2.042778946990000122e-01 -2.218571121379999955e-01 -1.356309831799999870e+02 6.892912420909999582e+01 1.408579826900000000e+02
-2.942929488159999954e-02 2.057587690400000113e-01 -2.224608630619999972e-01 -1.365095400159999883e+02 6.837994402110000181e+01 1.407944199609999885e+02
-3.462294612050000053e-02 2.079427113960000129e-01 -2.223433139010000115e-01 -1.361686794590000034e+02 6.860283645059999458e+01 1.410990451549999989e+02
-3.210514787100000184e-02 2.067617363929999952e-01 -2.238794838619999894e-01 -1.360036102630000130e+02 6.857532467740000470e+01 1.409905296949999922e+02
-3.377349325620000037e-02 2.057601634610000119e-01 -2.171356288949999880e-01 -1.356868978280000135e+02 6.782816485710000620e+01 1.409548198360000129e+02
-3.592957627789999941e-02 2.049651687909999909e-01 -2.211225497300000065e-01 -1.359953745809999930e+02 6.872423947810000300e+01 1.409793255920000092e+02
-3.190952991789999804e-02 2.054005424110000033e-01 -2.179074836619999955e-01 -1.361472202399999958e+02 6.837306615369999463e+01 1.409835898100000122e+02
-2.973112395530000049e-02 2.050427880469999908e-01 -2.160231093730000107e-01 -1.370246889809999971e+02 6.833612404369999638e+01 1.409490693580000027e+02
-3.434229281580000043e-02 2.053995834740000026e-01 -2.269358914069999900e-01 -1.353479977339999891e+02 6.862399080679999486e+01 1.408829009810000059e+02
-2.969132039830000083e-02 2.060698364430000040e-01 -2.246822791950000009e-01 -1.358062509549999959e+02 6.857558605139999486e+01 1.407928596280000022e+02
-3.324003276640000171e-02 2.099468937570000138e-01 -2.222256267180000022e-01 -1.358824279920000038e+02 6.818418382820000545e+01 1.405444945010000026e+02
-2.985143359240000072e-02 2.047522330869999962e-01 -2.253093443560000020e-01 -1.359945253209999976e+02 6.878764442179999605e+01 1.409885498650000102e+02
-3.581280278670000150e-02 2.065048682339999941e-01 -2.259681334460000024e-01 -1.352609269600000061e+02 6.870599111239999957e+01 1.414497527739999896e+02
-3.212825776360000302e-02 2.083313758010000016e-01 -2.187094177349999946e-01 -1.365340145350000114e+02 6.829336553240000285e+01 1.407278798179999910e+02
-3.068852297170000104e-02 2.072794219619999989e-01 -2.227148036659999941e-01 -1.356330010320000099e+02 6.852884101790000670e+01 1.408673472979999985e+02
-3.864687666750000333e-02 2.093128980520000126e-01 -2.165191578150000018e-01 -1.350583296540000049e+02 6.749739710410000271e+01 1.411994504650000124e+02
-3.158429331419999875e-02 2.093335754479999922e-01 -2.202988327110000089e-01 -1.357221295370000007e+02 6.785611617559999331e+01 1.407249543679999988e+02
-3.498514106310000177e-02 2.041033150309999877e-01 -2.218001044959999890e-01 -1.358026559600000098e+02 6.871611793030000115e+01 1.408050745179999979e+02
-3.433295885160000255e-02 2.047301352260000040e-01 -2.220652838480000058e-01 -1.356124707319999914e+02 6.855660820839999303e+01 1.410121291339999914e+02
-3.280958092050000052e-02 2.049396656480000078e-01 -2.189814734599999924e-01 -1.363873207809999997e+02 6.814913997889999564e+01 1.407591884299999947e+02
-3.463912441789999963e-02 2.047861815420000120e-01 -2.190127360000000134e-01 -1.358222829139999988e+02 6.877940467710000405e+01 1.409285704339999938e+02
-2.884895162349999931e-02 2.115690160900000061e-01 -2.259145617199999900e-01 -1.361319250399999987e+02 6.814460781420000046e+01 1.403433948249999901e+02
-3.298785742719999997e-02 2.043716001420000095e-01 -2.231409463529999970e-01 -1.354619126009999945e+02 6.887759964779999677e+01 1.411377154120000057e+02
-3.301148383630000266e-02 2.060645965909999877e-01 -2.197628721200000079e-01 -1.358403007930000115e+02 6.837364628749999440e+01 1.414558744100000069e+02
-3.422179903090000197e-02 2.067376579840000117e-01 -2.220062520759999991e-01 -1.357916172529999983e+02 6.869309160390000102e+01 1.410339641600000107e+02
-3.489568658659999989e-02 2.048394973040000011e-01 -2.176443324919999922e-01 -1.363049751860000072e+02 6.812738150440000595e+01 1.412787742200000025e+02
-2.764468351869999937e-02 1.986592767739999987e-01 -2.237470068680000035e-01 -1.368586696369999913e+02 6.982478728440000282e+01 1.411849140170000112e+02
-3.296729808630000091e-02 2.061791025860000015e-01 -2.211736225070000117e-01 -1.359482000239999877e+02 6.835693474170000172e+01 1.412211271010000075e+02
-3.434135271640000042e-02 2.072169015850000018e-01 -2.226872347999999946e-01 -1.354636164300000019e+02 6.815115618430000666e+01 1.408816651390000061e+02
-3.447699100689999990e-02 2.077767803399999946e-01 -2.203716448899999958e-01 -1.354965627839999911e+02 6.786794473410000705e+01 1.411580767970000068e+02
-3.256794377069999885e-02 2.118378357569999926e-01 -2.220635854570000012e-01 -1.359934063279999918e+02 6.739317512300000601e+01 1.404236801319999870e+02
-3.368126013469999874e-02 2.060705486989999891e-01 -2.262536746940000121e-01 -1.357698737439999945e+02 6.861828621579999776e+01 1.410407337210000094e+02
-3.245982518579999809e-02 2.069614634710000012e-01 -2.180275211590000095e-01 -1.363724268759999916e+02 6.805400951400000054e+01 1.410476666289999912e+02
-3.165822362100000065e-02 2.100835466000000040e-01 -2.219720657610000092e-01 -1.361341480750000130e+02 6.827056686550000109e+01 1.404824812699999939e+02
-3.676308838229999654e-02 2.084474673330000138e-01 -2.231323698940000100e-01 -1.351099625049999986e+02 6.833652792309999313e+01 1.409807104829999957e+02
-3.607382899819999711e-02 2.070434667159999909e-01 -2.223935979929999862e-01 -1.353530667230000120e+02 6.814632476830000485e+01 1.409497751300000061e+02
-3.218758411380000239e-02 2.054245741000000069e-01 -2.241654566119999914e-01 -1.355659012499999960e+02 6.840256697520000273e+01 1.412687421960000052e+02
-3.093602297220000158e-02 2.027152521579999866e-01 -2.226673732339999878e-01 -1.366594994239999892e+02 6.884777364330000182e+01 1.409549317960000110e+02
-3.060464234040000120e-02 2.092921466390000040e-01 -2.265182952960000107e-01 -1.359107776520000073e+02 6.863531489950000264e+01 1.404304906780000124e+02
-2.999355201000000054e-02 2.048148812389999907e-01 -2.233719034480000087e-01 -1.361391723399999876e+02 6.890512352730000600e+01 1.406141694259999895e+02
-3.261149774359999726e-02 2.014771369209999996e-01 -2.213607492230000029e-01 -1.357079492180000102e+02 6.898644037190000233e+01 1.412088472099999876e+02
-3.525105232729999760e-02 2.043617665739999867e-01 -2.179428892670000062e-01 -1.359133833999999865e+02 6.847794809270000371e+01 1.414493929520000108e+02
-3.219017654970000170e-02 2.068437014860000089e-01 -2.250269164639999986e-01 -1.360359817339999893e+02 6.855899737830000618e+01 1.405817971319999913e+02
-3.299336337190000162e-02 2.043190729009999873e-01 -2.190271829290000027e-01 -1.361276368679999962e+02 6.824317687379999597e+01 1.412745177900000044e+02
-3.208656378440000179e-02 2.094968247610000112e-01 -2.197984365710000110e-01 -1.361386429160000091e+02 6.777990026250000710e+01 1.407218301220000001e+02
-3.200422664000000111e-02 2.065984713510000126e-01 -2.168422152729999886e-01 -1.365722026280000136e+02 6.763109861040000226e+01 1.409239214870000012e+02
-3.586342328219999792e-02 2.063364097940000030e-01 -2.169307476289999981e-01 -1.356303215899999941e+02 6.796556746029999374e+01 1.409971910380000111e+02
-3.514437143750000214e-02 2.070788891879999927e-01 -2.222537091129999920e-01 -1.358506236050000098e+02 6.806280193540000312e+01 1.410838586309999982e+02
-3.119347465849999987e-02 2.055024120550000000e-01 -2.240412113059999932e-01 -1.359908276179999973e+02 6.875652377989999309e+01 1.406586505319999958e+02
-3.768631195049999827e-02 2.045553291370000026e-01 -2.208015314460000100e-01 -1.351713173969999957e+02 6.812164731330000222e+01 1.412089878779999879e+02
-3.163591001829999666e-02 2.061318332079999927e-01 -2.185420907139999924e-01 -1.365107547860000068e+02 6.798863051559999349e+01 1.411160952779999889e+02
-3.398396042389999899e-02 2.047849152200000022e-01 -2.213187145620000018e-01 -1.356244811839999898e+02 6.883561899209999524e+01 1.415710304080000128e+02
-3.050914686829999875e-02 2.055550711540000131e-01 -2.225353459409999957e-01 -1.365052466559999971e+02 6.890904475589999834e+01 1.412153930510000066e+02
-3.564895035630000208e-02 2.071995352809999913e-01 -2.183403931890000038e-01 -1.357611143299999981e+02 6.830529099829999495e+01 1.412099191789999963e+02
-3.014883164469999918e-02 2.097149676800000029e-01 -2.201420092049999888e-01 -1.362818721319999895e+02 6.787807268650000481e+01 1.404345844210000109e+02
-3.220381427709999994e-02 2.074129995339999977e-01 -2.244737410379999965e-01 -1.358453535989999921e+02 6.828340214850000223e+01 1.412228274869999893e+02
-3.207252262390000025e-02 1.993626691479999935e-01 -2.176117143819999988e-01 -1.363393652489999965e+02 6.881924565549999784e+01 1.415216758869999865e+02
-3.195839907430000210e-02 2.009050787199999910e-01 -2.179359831899999878e-01 -1.363660709399999860e+02 6.914069461580000109e+01 1.413772649860000001e+02
-3.421517611759999911e-02 2.038865850949999892e-01 -2.246188406709999918e-01 -1.354441213499999890e+02 6.881321422620000305e+01 1.411834803970000110e+02
-3.460708753830000345e-02 2.035035670110000028e-01 -2.243374630490000132e-01 -1.355679944000000035e+02 6.910027661179999825e+01 1.414849281340000005e+02
-3.571081373470000320e-02 2.077926625469999899e-01 -2.231181976090000074e-01 -1.351315281880000043e+02 6.848862976169999683e+01 1.413126538129999972e+02
-3.100736856239999853e-02 2.051832178640000115e-01 -2.239618594460000001e-01 -1.363083819370000072e+02 6.867990083920000188e+01 1.407377853730000083e+02
-3.616150931280000258e-02 2.068046109270000044e-01 -2.177862801150000083e-01 -1.354686169480000046e+02 6.844910012249999909e+01 1.409796099589999869e+02
-3.486816070229999814e-02 2.064388621809999935e-01 -2.223919621259999868e-01 -1.358358167080000101e+02 6.804961327959999551e+01 1.409209263809999868e+02
-3.817624450269999775e-02 2.051837963760000105e-01 -2.242744134259999911e-01 -1.349930064270000116e+02 6.899928028329999563e+01 1.412879133250000052e+02
-3.262931639439999726e-02 2.117407367449999911e-01 -2.215451232610000099e-01 -1.361441655810000100e+02 6.749466643520000275e+01 1.405371939439999949e+02
-3.421856223130000096e-02 2.043633691529999907e-01 -2.231239057470000009e-01 -1.352157772150000028e+02 6.846575245350000216e+01 1.412448873849999984e+02
-3.392887038549999984e-02 2.069152886349999998e-01 -2.284884304039999925e-01 -1.355199319820000028e+02 6.892031672720000302e+01 1.411992375449999884e+02
-3.367928665420000245e-02 2.062207302940000098e-01 -2.183618294169999974e-01 -1.361973977709999986e+02 6.799643128460000696e+01 1.406725557510000044e+02
-3.806548121759999875e-02 2.052438407740000137e-01 -2.188405838689999883e-01 -1.351059928219999904e+02 6.806846721809999678e+01 1.410789490129999990e+02
-3.364277498189999910e-02 2.066350702839999942e-01 -2.192399247759999892e-01 -1.363316500059999896e+02 6.829046014630000627e+01 1.408182093789999954e+02
-3.399423465359999869e-02 2.077947965230000082e-01 -2.225253681549999862e-01 -1.356111906879999935e+02 6.877348773839999296e+01 1.409944273790000011e+02
-3.321839061370000096e-02 2.077105135589999985e-01 -2.182561105380000088e-01 -1.362529060919999893e+02 6.781161310960000321e+01 1.409460749250000049e+02
-3.495487248250000317e-02 2.040982130060000066e-01 -2.225942946889999940e-01 -1.350794592020000096e+02 6.856237222490000249e+01 1.414603884299999947e+02
-3.744156872369999722e-02 2.001379084919999995e-01 -2.197223305169999918e-01 -1.352839278239999885e+02 6.896940156690000379e+01 1.416681018570000106e+02
-3.064788161839999969e-02 2.044278002390000071e-01 -2.232754491670000119e-01 -1.362536852000000067e+02 6.883648085430000663e+01 1.407518504180000036e+02
-3.411710326640000207e-02 2.070518899940000102e-01 -2.160477184750000113e-01 -1.359940309110000101e+02 6.805541673650000689e+01 1.409986405719999993e+02
-3.386184972870000254e-02 2.030130816600000110e-01 -2.226291821489999878e-01 -1.351666367450000052e+02 6.886543425009999453e+01 1.412405509429999881e+02
-3.844583581859999794e-02 2.055964926130000037e-01 -2.176294137199999978e-01 -1.352407013319999862e+02 6.799690078410000638e+01 1.414881607529999883e+02
-2.932032461309999963e-02 2.073506020529999883e-01 -2.229111631060000098e-01 -1.360980843799999889e+02 6.838680598000000543e+01 1.409001537309999890e+02
-2.905123347559999958e-02 2.070318692579999897e-01 -2.251750239639999929e-01 -1.361170344489999877e+02 6.897505162890000463e+01 1.409167243290000044e+02
-3.661324870220000055e-02 2.075119510919999910e-01 -2.234445892359999963e-01 -1.350751323229999912e+02 6.841704960180000228e+01 1.410667812110000057e+02
-3.218119710419999752e-02 2.061927725519999977e-01 -2.241933373639999894e-01 -1.362271802209999976e+02 6.886094375780000121e+01 1.407726340840000034e+02
-3.297646764099999850e-02 2.067421135330000104e-01 -2.225082524670000117e-01 -1.356618297450000057e+02 6.871826783650000436e+01 1.407484240240000020e+02
-3.135412383569999989e-02 2.104304910410000062e-01 -2.271729357810000072e-01 -1.356428183609999962e+02 6.830661387680000018e+01 1.406057332839999958e+02
-3.442785724160000310e-02 2.089213649370000037e-01 -2.254952678050000103e-01 -1.351534156740000014e+02 6.856840059809999843e+01 1.409439824840000028e+02
-3.469498221540000260e-02 2.036793857439999911e-01 -2.271889687599999985e-01 -1.353423033939999982e+02 6.932570101829999487e+01 1.411488758289999907e+02
-3.170331938300000041e-02 2.082525009879999944e-01 -2.192934884540000129e-01 -1.358058328639999957e+02 6.822867806399999324e+01 1.406414047449999885e+02
-3.416384326690000139e-02 2.042373974020000038e-01 -2.208043329699999890e-01 -1.358149863060000087e+02 6.867992670450000503e+01 1.414653148559999920e+02
-3.140158334010000052e-02 2.063788336319999916e-01 -2.230873670909999940e-01 -1.364749095649999902e+02 6.887441081619999750e+01 1.408911898220000012e+02
-3.070934199420000121e-02 2.034453023270000049e-01 -2.182584903529999898e-01 -1.366705583869999998e+02 6.852550799589999997e+01 1.411528704300000072e+02
-2.972368229669999917e-02 2.005541747940000064e-01 -2.225849911499999945e-01 -1.362948695190000024e+02 6.915151978820000522e+01 1.412655627599999946e+02
-2.966070757819999973e-02 2.024173635500000068e-01 -2.199612137359999997e-01 -1.363037328020000132e+02 6.883549278159999574e+01 1.411265784500000109e+02
-3.616624003030000090e-02 2.038295303419999926e-01 -2.186771734480000007e-01 -1.351993874499999890e+02 6.877126572560000284e+01 1.414614617039999871e+02
-3.545549633029999870e-02 2.104257223060000126e-01 -2.256056327329999944e-01 -1.353678315989999987e+02 6.830022347089999357e+01 1.408583893789999877e+02
-3.102549505240000116e-02 2.106118213760000135e-01 -2.187855239590000000e-01 -1.364681516809999948e+02 6.768903150859999585e+01 1.403187209829999915e+02
-3.725580009220000322e-02 2.073710971580000062e-01 -2.151244266050000020e-01 -1.354833931150000126e+02 6.777811671800000681e+01 1.411771869659999936e+02
-3.000644537569999853e-02 2.058078336489999882e-01 -2.190493421720000056e-01 -1.362613004179999905e+02 6.839966388339999526e+01 1.411082845050000003e+02
-3.876845023600000023e-02 2.053749552430000069e-01 -2.258539801960000037e-01 -1.347233751800000050e+02 6.892718136429999731e+01 1.412244287059999976e+02
-3.370544524619999843e-02 2.072142831400000107e-01 -2.187947050600000110e-01 -1.362236639959999991e+02 6.820248726479999846e+01 1.408604383580000103e+02
-3.095723876519999862e-02 2.088857899079999969e-01 -2.194515947840000036e-01 -1.367404536150000069e+02 6.818353572579999877e+01 1.407647699720000105e+02
-2.865427542490000049e-02 2.098395097340000071e-01 -2.224231730890000036e-01 -1.363664665160000027e+02 6.777741407669999774e+01 1.402309028960000035e+02
-3.329196463550000012e-02 2.124530624740000040e-01 -2.175473221170000082e-01 -1.361190098399999897e+02 6.731871148209999944e+01 1.404074464589999991e+02
-3.139022090040000101e-02 2.042975968790000096e-01 -2.151335614250000083e-01 -1.365651212239999950e+02 6.842635153010000693e+01 1.413220139059999951e+02
-3.232283468120000086e-02 2.065193337660000128e-01 -2.224836039480000138e-01 -1.354930317710000054e+02 6.825334093620000431e+01 1.410868835169999898e+02
-3.150351375589999919e-02 2.058865130089999884e-01 -2.191759406799999865e-01 -1.363229088150000052e+02 6.862254917559999967e+01 1.406383397570000113e+02
-2.938784435820000068e-02 2.079861352840000066e-01 -2.235724897649999932e-01 -1.360983759460000044e+02 6.833388381499999298e+01 1.406161791709999989e+02
-3.055502838300000121e-02 2.095064963569999994e-01 -2.170084025759999868e-01 -1.363402529610000045e+02 6.775603992919999996e+01 1.407602906369999971e+02
-3.434248210640000049e-02 2.065995326279999877e-01 -2.193036706410000092e-01 -1.356284934210000017e+02 6.820652867409999942e+01 1.413270732320000036e+02
-3.389021381170000125e-02 2.108245603009999969e-01 -2.229090484010000095e-01 -1.355701535850000141e+02 6.778759785830000340e+01 1.405667102699999873e+02
-3.339819904820000296e-02 2.041696426340000037e-01 -2.251443108550000016e-01 -1.354442211859999929e+02 6.877346871940000028e+01 1.411608007739999948e+02
-3.053950369449999827e-02 2.057895880929999921e-01 -2.206758078159999914e-01 -1.363494756020000125e+02 6.829711021549999828e+01 1.406635647820000088e+02
-4.220200638310000335e-02 2.051609356200000123e-01 -2.212609428010000046e-01 -1.343177483700000039e+02 6.866215466949999779e+01 1.416981668379999917e+02
-3.329647188769999794e-02 2.068265445130000046e-01 -2.220376125409999901e-01 -1.359403691040000126e+02 6.861899670750000269e+01 1.409407479589999923e+02
-3.441706007249999838e-02 2.036459433180000111e-01 -2.209533056980000076e-01 -1.356753821549999941e+02 6.821787652509999589e+01 1.413983114170000022e+02
-3.434539240880000316e-02 2.036696602020000024e-01 -2.168004141300000076e-01 -1.359300306130000138e+02 6.800176414210000075e+01 1.413242415359999882e+02
-3.627030554139999696e-02 2.065057031670000098e-01 -2.193056525110000099e-01 -1.355833322469999871e+02 6.797700699050000139e+01 1.415385505520000038e+02
-3.158188627419999950e-02 2.099714574060000116e-01 -2.197208578210000096e-01 -1.364070694520000018e+02 6.757714311489999659e+01 1.404522608910000088e+02
-2.867692058840000044e-02 2.053939195820000119e-01 -2.222930427979999957e-01 -1.362727177719999929e+02 6.864243374229999972e+01 1.406333468850000088e+02
-3.646154569230000003e-02 2.070662874399999964e-01 -2.210125483719999895e-01 -1.353012116030000129e+02 6.777797730320000369e+01 1.410687442489999910e+02
-3.212578481009999848e-02 1.979943588770000096e-01 -2.226820324559999897e-01 -1.360054916470000137e+02 6.964636487949999832e+01 1.414770757230000129e+02
-3.250719796129999950e-02 2.080209596840000008e-01 -2.217522385079999936e-01 -1.361293359740000142e+02 6.797716934429999469e+01 1.406899836160000064e+02
-3.126755476390000177e-02 2.058337284860000116e-01 -2.234007664569999940e-01 -1.365281010310000056e+02 6.888681143629999326e+01 1.409253800179999985e+02
-3.385950185889999992e-02 2.074874901959999907e-01 -2.241916078889999997e-01 -1.355566326109999977e+02 6.858186364450000383e+01 1.407700096799999869e+02
-3.503937368349999831e-02 2.037973114219999993e-01 -2.208716840349999877e-01 -1.361593112189999886e+02 6.853539585270000600e+01 1.410409585589999892e+02
-3.122180290989999898e-02 2.092273948639999936e-01 -2.242185681780000106e-01 -1.358784850479999875e+02 6.821834287180000445e+01 1.409764249350000114e+02
-3.235263053520000265e-02 2.009761927220000133e-01 -2.209586599289999898e-01 -1.363106181089999893e+02 6.942817528390000348e+01 1.416645646180000142e+02
-3.379118270189999940e-02 2.053331747590000089e-01 -2.195392847469999908e-01 -1.361277641570000014e+02 6.855318585109999674e+01 1.409589169019999986e+02
-3.755127724449999760e-02 2.060143722120000020e-01 -2.162457731469999977e-01 -1.356527836859999923e+02 6.812791343279999978e+01 1.414368200119999983e+02
-3.258813880840000232e-02 2.111966703950000079e-01 -2.212990765320000108e-01 -1.360467045350000035e+02 6.791085044419999406e+01 1.407462255089999985e+02
-3.572348319569999819e-02 2.085958038250000091e-01 -2.232974272859999942e-01 -1.356841360459999919e+02 6.830957481340000470e+01 1.409963383049999948e+02
-3.986857454389999833e-02 2.065200620869999948e-01 -2.160313473269999951e-01 -1.352656036749999942e+02 6.794778745210000181e+01 1.412171307090000028e+02
-3.250984405329999938e-02 2.049261568400000122e-01 -2.205286444629999953e-01 -1.361734711320000031e+02 6.901404960690000223e+01 1.413024187270000027e+02
-3.760829840859999940e-02 2.032339831730000101e-01 -2.180141904260000096e-01 -1.351363334280000004e+02 6.873456252350000284e+01 1.415591698959999860e+02
-4.050959844580000191e-02 2.025954493880000040e-01 -2.208709269649999918e-01 -1.345549859319999939e+02 6.879153223350000701e+01 1.417679743010000095e+02
-3.522434546150000206e-02 2.087114388949999899e-01 -2.193104617009999924e-01 -1.354921736169999917e+02 6.765650583330000245e+01 1.406323380480000083e+02
-3.384040536809999888e-02 2.035071280669999982e-01 -2.244525476489999949e-01 -1.356876976780000064e+02 6.926669569130000070e+01 1.415998014650000130e+02
-3.443558016980000080e-02 2.100611461649999900e-01 -2.211399829139999995e-01 -1.356350816880000139e+02 6.773072487829999488e+01 1.406689169169999900e+02
-3.353360848300000058e-02 2.055435935959999960e-01 -2.200518381890000097e-01 -1.362469875799999954e+02 6.860075534759999982e+01 1.414459449070000119e+02
-3.532664318479999954e-02 2.058590048589999943e-01 -2.169749160239999863e-01 -1.354940966620000040e+02 6.794285583069999745e+01 1.412060716169999921e+02
-3.199075227139999700e-02 2.051398725540000134e-01 -2.207539299690000067e-01 -1.363959090150000009e+02 6.810866850339999701e+01 1.409667338259999951e+02
-3.125282211989999920e-02 2.065782791909999971e-01 -2.228935779979999976e-01 -1.358388102840000045e+02 6.861877120319999790e+01 1.407404414689999896e+02
-3.523160991379999801e-02 2.029394028210000089e-01 -2.243003182910000004e-01 -1.352910942800000100e+02 6.912051667330000271e+01 1.417482105679999904e+02
-3.699144284159999740e-02 2.012608904460000125e-01 -2.189765261019999965e-01 -1.355475935240000069e+02 6.918132778919999737e+01 1.417866738939999891e+02
-3.254358479669999804e-02 2.045632829169999889e-01 -2.249114338800000112e-01 -1.359717668840000044e+02 6.917903468389999944e+01 1.411034839190000127e+02
-3.272852436620000277e-02 2.068603973539999974e-01 -2.229167430579999942e-01 -1.357651693370000032e+02 6.843186393530000089e+01 1.408846681709999871e+02
-3.309631472690000020e-02 2.056807268070000028e-01 -2.197958366430000088e-01 -1.361883806099999958e+02 6.805665564900000675e+01 1.412085896739999953e+02
-3.413801689959999885e-02 2.052146792379999918e-01 -2.171241910599999991e-01 -1.362444177989999901e+02 6.838907956479999939e+01 1.408058403180000084e+02
-3.020680338840000048e-02 2.067888817749999886e-01 -2.206636156560000117e-01 -1.364966555850000134e+02 6.857682026470000380e+01 1.405895105689999980e+02
-3.390585156349999740e-02 2.081885362370000103e-01 -2.217600178230000052e-01 -1.357349497019999944e+02 6.792759102319999442e+01 1.405553018459999919e+02
-3.460049089029999803e-02 2.035140691220000131e-01 -2.155259413760000076e-01 -1.359972944239999890e+02 6.842455195249999633e+01 1.411140807909999921e+02
-3.467846514919999817e-02 2.091807917530000005e-01 -2.210258195239999945e-01 -1.358809459569999945e+02 6.838795786859999737e+01 1.411248164730000099e+02
-2.925091827350000118e-02 2.010757369750000023e-01 -2.236680913519999980e-01 -1.365458457830000043e+02 6.939819304920000320e+01 1.410832312750000028e+02
-3.344795913549999944e-02 2.077134261209999944e-01 -2.173402698670000022e-01 -1.360792262660000063e+02 6.777468884559999651e+01 1.406440361139999879e+02
-3.094159707970000131e-02 2.070716204530000104e-01 -2.208660489679999950e-01 -1.361456335240000044e+02 6.829158691659999647e+01 1.405926970460000121e+02
-3.450503416700000103e-02 2.057110623170000097e-01 -2.231132743560000076e-01 -1.358662034799999958e+02 6.865012308820000442e+01 1.409731239470000048e+02
-3.788095944739999776e-02 2.066942528110000121e-01 -2.220574042790000036e-01 -1.350664160830000071e+02 6.828280647270000259e+01 1.411517435009999986e+02
-3.045581252069999925e-02 2.068390140899999952e-01 -2.191128884920000019e-01 -1.367376380919999974e+02 6.801684766590000208e+01 1.406445384890000128e+02
-3.469202252729999825e-02 2.050872681510000073e-01 -2.216609491619999928e-01 -1.356980416460000072e+02 6.819526028389999794e+01 1.414788561599999923e+02
-3.471604316480000202e-02 2.046735610219999890e-01 -2.170704911399999881e-01 -1.362626848580000001e+02 6.840852784800000563e+01 1.414379719650000027e+02
-3.306083682089999698e-02 2.099999308040000068e-01 -2.174328537670000006e-01 -1.359976155230000074e+02 6.747438354720000575e+01 1.407176584890000015e+02
-2.850551650840000076e-02 2.092720019390000019e-01 -2.216264949320000122e-01 -1.365313681060000022e+02 6.817887204199999474e+01 1.404185368230000108e+02
-3.516606769069999944e-02 2.075912847530000105e-01 -2.215793619170000062e-01 -1.351512406020000014e+02 6.829592785190000370e+01 1.410555637399999966e+02
-3.578333857700000120e-02 2.029624364879999976e-01 -2.224528302509999889e-01 -1.354355253649999895e+02 6.906080913620000672e+01 1.415632240950000096e+02
-3.840857236319999979e-02 2.069586825259999985e-01 -2.192769889900000047e-01 -1.352786499130000095e+02 6.830672386230000370e+01 1.415793787409999993e+02
-3.093426426939999835e-02 2.026389022879999946e-01 -2.180825562719999888e-01 -1.363542105520000121e+02 6.844053042779999885e+01 1.411342308780000110e+02
-3.563479289149999729e-02 2.067222154089999875e-01 -2.250259326940000082e-01 -1.353098498640000003e+02 6.891348349480000479e+01 1.408178152170000033e+02
-3.408234467000000045e-02 2.078330738439999881e-01 -2.195779559519999979e-01 -1.361455643870000074e+02 6.842708704769999883e+01 1.406728403600000092e+02
-2.997771326559999991e-02 2.089203221940000021e-01 -2.195464306340000060e-01 -1.365620495590000019e+02 6.787765570729999354e+01 1.404003640589999975e+02
-3.595642003119999680e-02 2.011009690539999895e-01 -2.175561325120000111e-01 -1.359393861780000066e+02 6.879900458669999352e+01 1.414875334710000061e+02
-3.367599954190000217e-02 2.021238502959999961e-01 -2.253591149770000079e-01 -1.357214600259999884e+02 6.946289610089999655e+01 1.414921420279999893e+02
-3.425981693550000234e-02 2.061582097019999948e-01 -2.270298502589999934e-01 -1.357635457410000015e+02 6.900151124549999793e+01 1.408795227290000014e+02
-3.546440277900000243e-02 2.053330165099999938e-01 -2.196954017149999883e-01 -1.361236213530000043e+02 6.808370599970000114e+01 1.411540593240000021e+02
-3.155815677970000288e-02 2.028399432499999877e-01 -2.198400528370000051e-01 -1.363487999300000126e+02 6.887725931910000554e+01 1.414434142140000006e+02
-3.383489011259999818e-02 2.089522866740000095e-01 -2.225320954799999973e-01 -1.358867930639999884e+02 6.789731411149999474e+01 1.405372748530000138e+02
-3.723705605960000303e-02 2.079751318359999990e-01 -2.183730060859999933e-01 -1.352994165490000000e+02 6.747961042119999320e+01 1.409588683759999981e+02
-3.342039682780000021e-02 2.062108937959999944e-01 -2.254067263779999941e-01 -1.358833710719999885e+02 6.885656000970000434e+01 1.406862343329999874e+02
-3.089641584319999940e-02 2.068554477950000081e-01 -2.216092291860000119e-01 -1.361433792120000135e+02 6.842659330620000446e+01 1.410180999170000007e+02
-3.139848162020000139e-02 2.041963956389999946e-01 -2.240545877750000081e-01 -1.360428786919999880e+02 6.891114996470000165e+01 1.412951960499999871e+02
-3.747321560280000158e-02 2.052922437230000063e-01 -2.194904931140000126e-01 -1.353936458210000069e+02 6.796375861570000154e+01 1.415611403009999947e+02
-3.367343619439999713e-02 2.050064407280000056e-01 -2.259607493050000138e-01 -1.355687801800000045e+02 6.883220292660000439e+01 1.413855852300000038e+02
-3.464107205559999875e-02 2.036454313419999995e-01 -2.237537200549999938e-01 -1.353052638869999953e+02 6.932934165609999866e+01 1.410932071169999915e+02
-3.207535272139999671e-02 2.045223989080000027e-01 -2.243575802530000107e-01 -1.361598306139999863e+02 6.882515724460000683e+01 1.406534139590000052e+02
-3.574305162009999703e-02 2.068818200460000034e-01 -2.213679074480000009e-01 -1.354509522159999904e+02 6.853838923989999898e+01 1.410557036540000126e+02
-3.185514941550000173e-02 2.068954101009999880e-01 -2.191757519039999880e-01 -1.360785519620000059e+02 6.827214444669999693e+01 1.406706096279999940e+02
-3.725245040229999832e-02 2.080727281449999966e-01 -2.225426707439999985e-01 -1.348708824470000138e+02 6.821924790500000313e+01 1.411768632540000112e+02
-3.438105151169999762e-02 2.061797226179999942e-01 -2.184923563410000047e-01 -1.357624638849999883e+02 6.834822518939999725e+01 1.410729366070000026e+02
-3.295838843340000157e-02 2.030555584029999916e-01 -2.144640137519999989e-01 -1.364279728840000132e+02 6.860184237720000056e+01 1.412820363890000124e+02
-3.122128616990000119e-02 2.065074757210000056e-01 -2.202944348920000128e-01 -1.362929908749999868e+02 6.775302253450000478e+01 1.406540787959999932e+02
-3.443019685410000225e-02 2.058356659889999940e-01 -2.223533751450000040e-01 -1.354255012829999885e+02 6.872438240539999299e+01 1.413414677050000137e+02
-2.922404413520000160e-02 2.084967954020000014e-01 -2.136211753020000048e-01 -1.369419310549999977e+02 6.759904135079999321e+01 1.404790914209999926e+02
-3.222551881909999777e-02 2.060910239759999873e-01 -2.222673572839999889e-01 -1.361632293419999939e+02 6.814339018830000327e+01 1.406007327979999957e+02
-3.244403550819999899e-02 2.052302937069999944e-01 -2.225181629459999921e-01 -1.362424896480000029e+02 6.850512596629999962e+01 1.409335511170000075e+02
-3.665905938760000149e-02 2.078510645090000108e-01 -2.175993476749999989e-01 -1.354271768629999997e+02 6.790623185169999942e+01 1.411728701119999982e+02
-3.470676414059999798e-02 2.018348366940000138e-01 -2.203648393479999967e-01 -1.356519108329999881e+02 6.919101087129999428e+01 1.415334519639999939e+02
-3.312965079780000321e-02 2.115616862109999941e-01 -2.182027588700000131e-01 -1.360824238730000104e+02 6.766824107940000488e+01 1.404240637069999877e+02
-3.009564357369999901e-02 2.070019677280000026e-01 -2.220394555219999955e-01 -1.366067465600000048e+02 6.831038701890000198e+01 1.404659087310000132e+02
-3.359966993650000122e-02 2.067230599090000009e-01 -2.247529658480000025e-01 -1.357652114230000109e+02 6.875988900699999817e+01 1.411152433940000037e+02
-3.539604786500000211e-02 2.060719076139999884e-01 -2.169522328940000078e-01 -1.354755685060000019e+02 6.810936621170000649e+01 1.411880342210000094e+02
-3.288168953500000130e-02 2.043935748450000089e-01 -2.196129179140000054e-01 -1.363891669669999942e+02 6.859866680570000597e+01 1.410988220300000080e+02
-3.568737023549999748e-02 2.046495937570000090e-01 -2.202955719359999953e-01 -1.359496473309999942e+02 6.892200238559999548e+01 1.411734173970000086e+02
-3.373007121010000026e-02 2.053396481009999996e-01 -2.222585329719999891e-01 -1.352031257149999988e+02 6.839929831019999540e+01 1.408798709159999873e+02
-3.239948221519999699e-02 2.075143527870000060e-01 -2.263775859440000093e-01 -1.356532889650000016e+02 6.872555277870000623e+01 1.406019836019999900e+02
-3.512836243930000241e-02 2.057953032840000029e-01 -2.201594019279999870e-01 -1.361045558470000003e+02 6.822846289119999597e+01 1.411499451649999912e+02
-3.070041732950000088e-02 2.084796398290000019e-01 -2.237027959200000027e-01 -1.360011655389999987e+02 6.801174884879999638e+01 1.404388096579999967e+02
-3.248621793550000164e-02 2.055603849419999907e-01 -2.214438909089999907e-01 -1.365369237060000103e+02 6.872013559260000193e+01 1.411975377100000060e+02
-3.487650202369999702e-02 2.091435127459999876e-01 -2.206906399870000035e-01 -1.357381176579999931e+02 6.770159368960000279e+01 1.404940475020000008e+02
-3.683996227959999981e-02 2.067561028059999861e-01 -2.212681261610000005e-01 -1.355823103319999916e+02 6.804644206289999886e+01 1.407947112189999928e+02
-3.413895167090000293e-02 2.088184577939999897e-01 -2.210419877220000107e-01 -1.356585900620000018e+02 6.858497840190000261e+01 1.406821485199999984e+02
-3.395824562719999828e-02 2.041594135769999874e-01 -2.200449476499999890e-01 -1.353919336620000138e+02 6.833001770469999769e+01 1.412528932529999963e+02
-2.994302245759999925e-02 2.074854389069999971e-01 -2.265452702319999956e-01 -1.358708386239999868e+02 6.875960197150000397e+01 1.409654220630000054e+02
-2.867916782550000016e-02 2.067041888230000124e-01 -2.181251174290000094e-01 -1.367932269940000083e+02 6.824911431120000316e+01 1.408393162810000092e+02
-3.610085883659999717e-02 2.054959884919999868e-01 -2.228630940970000029e-01 -1.354293837870000061e+02 6.903799350469999752e+01 1.411102348800000073e+02
-3.596221092719999873e-02 2.121445468129999901e-01 -2.206735972989999905e-01 -1.353718142790000059e+02 6.734879034569999590e+01 1.407318908439999916e+02
-3.288596540730000239e-02 2.054964005230000001e-01 -2.265116701500000107e-01 -1.360663300500000048e+02 6.921676378850000333e+01 1.409050006049999979e+02
-3.161580279670000299e-02 2.088366123029999910e-01 -2.251647072790000093e-01 -1.359506738549999909e+02 6.837881401410000137e+01 1.406205534130000103e+02
-3.351536672649999687e-02 2.079344479280000046e-01 -2.224048651599999926e-01 -1.354941907049999941e+02 6.871646066760000338e+01 1.408039399410000101e+02
-3.376420020379999887e-02 2.088474534239999902e-01 -2.256985321749999940e-01 -1.356812067259999992e+02 6.831744311250000123e+01 1.408694182309999974e+02
-3.738672633009999802e-02 2.050356990170000004e-01 -2.194689171320000076e-01 -1.353133614969999883e+02 6.835109979470000496e+01 1.412018000930000028e+02
-3.196566837559999819e-02 2.113356627519999975e-01 -2.210723686989999881e-01 -1.360460382159999995e+02 6.751939199059999908e+01 1.407162324630000114e+02
-3.215487615849999675e-02 2.060522919049999901e-01 -2.218239667219999989e-01 -1.363680852949999860e+02 6.795215013610000199e+01 1.409901560620000112e+02
-2.985435137649999904e-02 2.046416828929999987e-01 -2.194720937709999931e-01 -1.366183187119999900e+02 6.860041100530000335e+01 1.407842697460000068e+02
-3.434023938070000087e-02 2.033095851420000100e-01 -2.180543921549999986e-01 -1.361224968090000118e+02 6.845640553709999665e+01 1.413262290199999995e+02
-3.650218592499999970e-02 2.006716631480000013e-01 -2.174200782579999991e-01 -1.356155199639999864e+02 6.915874697499999968e+01 1.416807826149999983e+02
-3.885316777199999960e-02 2.116162503819999929e-01 -2.176090845189999901e-01 -1.348865120199999978e+02 6.719299063900000135e+01 1.409438587559999974e+02
-3.155514262519999724e-02 2.013918638759999991e-01 -2.182309431989999937e-01 -1.363678288719999898e+02 6.869969332940000584e+01 1.412242369230000065e+02
-3.309783841399999843e-02 2.095068280469999933e-01 -2.303895473089999923e-01 -1.353597436610000102e+02 6.847991229350000708e+01 1.408034585990000096e+02
-3.468094029200000095e-02 2.068640975719999997e-01 -2.239395994030000114e-01 -1.353463436000000115e+02 6.892105477760000554e+01 1.413762378289999901e+02
-3.709698819499999967e-02 2.052080570589999986e-01 -2.202047027809999891e-01 -1.353084860449999951e+02 6.844665159909999375e+01 1.410556088499999987e+02
-3.065291840500000003e-02 2.068413238600000092e-01 -2.219702842409999877e-01 -1.363657270550000078e+02 6.847023919010000270e+01 1.405127267309999866e+02
-3.294865820110000343e-02 2.038017935039999895e-01 -2.204507161270000126e-01 -1.362005677839999862e+02 6.836169419850000395e+01 1.410872491810000042e+02
-3.149005688420000032e-02 2.118612752060000104e-01 -2.185907325039999904e-01 -1.360783181490000118e+02 6.762574266779999732e+01 1.404966977679999900e+02
-3.319043949339999661e-02 2.041429276049999963e-01 -2.222587939600000062e-01 -1.362611774620000062e+02 6.851080471779999925e+01 1.409144130399999995e+02
-3.400897818200000061e-02 2.056622166829999987e-01 -2.201425033449999902e-01 -1.355324636340000097e+02 6.825086600800000269e+01 1.410893582429999924e+02
-3.005652216429999940e-02 2.051200978599999891e-01 -2.234772105080000126e-01 -1.360777211939999916e+02 6.915522722420000434e+01 1.407965015139999991e+02
-3.356147823200000130e-02 2.087462659200000070e-01 -2.209755312739999922e-01 -1.355933168630000125e+02 6.821411806919999776e+01 1.409162867059999940e+02
-3.456634730639999986e-02 2.050959559240000118e-01 -2.194204090909999960e-01 -1.360739701980000120e+02 6.812331527359999939e+01 1.411228284359999918e+02
-3.434202102230000248e-02 2.067373962669999954e-01 -2.189822457599999994e-01 -1.358586736210000083e+02 6.854281227299999557e+01 1.413683372350000127e+02
-3.609502627470000113e-02 2.015580695860000049e-01 -2.185731464160000082e-01 -1.355293259039999896e+02 6.902650439309999797e+01 1.415685565519999898e+02
-3.642650878010000176e-02 2.094761595490000072e-01 -2.195008496109999985e-01 -1.355075792529999887e+02 6.758654615640000429e+01 1.411890475289999927e+02
-3.370296750969999783e-02 2.039075751390000135e-01 -2.200052321179999937e-01 -1.358889253309999958e+02 6.906832160259999398e+01 1.412202372239999875e+02
-3.444013218059999853e-02 2.065493475909999932e-01 -2.208450952019999913e-01 -1.360619898310000053e+02 6.825453464269999415e+01 1.408047197520000111e+02
-3.453557369520000170e-02 2.062273882579999940e-01 -2.174323596930000102e-01 -1.355931917069999884e+02 6.800693442019999679e+01 1.409180223280000064e+02
-3.338988273259999723e-02 2.042922695980000092e-01 -2.237119846919999877e-01 -1.359769149050000010e+02 6.910107185699999377e+01 1.411390772149999862e+02
-2.925575068050000060e-02 2.016511592359999938e-01 -2.254131819509999912e-01 -1.362665969189999942e+02 6.932868196809999972e+01 1.409951620740000067e+02
-3.363429843369999950e-02 2.085556110289999987e-01 -2.225898914989999922e-01 -1.357873167349999903e+02 6.821995244929999558e+01 1.406750391219999869e+02
-3.414436850719999861e-02 2.075874482349999994e-01 -2.194773200390000012e-01 -1.356661309589999860e+02 6.802296561769999528e+01 1.411269834649999950e+02
-3.212798842399999799e-02 2.056720521959999881e-01 -2.226631557119999882e-01 -1.365851922209999998e+02 6.841574041319999822e+01 1.408708884929999954e+02
-3.484706659769999659e-02 2.059931994239999897e-01 -2.268784189289999864e-01 -1.353909800049999888e+02 6.890320146940000257e+01 1.410163174680000111e+02
-3.110635436649999974e-02 2.005601304880000046e-01 -2.183043575230000088e-01 -1.366314499759999990e+02 6.911818442169999344e+01 1.414429768180000053e+02
-3.318549500750000297e-02 2.042497131600000126e-01 -2.205129311179999940e-01 -1.359463279599999908e+02 6.868754204440000422e+01 1.412952670059999889e+02
-3.345762936470000198e-02 2.102261073109999989e-01 -2.238521444719999975e-01 -1.355518244049999907e+02 6.769037911140000574e+01 1.405836743399999875e+02
-3.331880176339999805e-02 2.054967210929999899e-01 -2.243866480410000031e-01 -1.361253691059999937e+02 6.894854367300000320e+01 1.413945456550000017e+02
-3.249787585260000000e-02 2.076434727910000111e-01 -2.196467601329999964e-01 -1.359557562519999863e+02 6.796800155399999710e+01 1.406284300179999889e+02
-3.670861380970000254e-02 2.041624784069999976e-01 -2.179360924039999980e-01 -1.359700693979999926e+02 6.845162887470000612e+01 1.412244102489999875e+02
-3.268610749590000059e-02 2.094630461389999920e-01 -2.186972947230000075e-01 -1.360103583579999906e+02 6.779648051190000047e+01 1.404442547879999950e+02
-3.546465526349999731e-02 2.063321089859999902e-01 -2.180943847600000096e-01 -1.356136476110000046e+02 6.816898794509999959e+01 1.411938644010000132e+02
-3.076653574649999834e-02 2.054713433089999930e-01 -2.255480654879999936e-01 -1.361813970460000007e+02 6.897346148159999757e+01 1.411121327399999927e+02
-3.308672193790000021e-02 2.064796596990000066e-01 -2.238070602630000128e-01 -1.355374518639999906e+02 6.877032131980000429e+01 1.405867294239999978e+02
-3.196577896310000277e-02 2.033176476449999881e-01 -2.196787496769999903e-01 -1.364089142679999895e+02 6.829592398270000331e+01 1.413354962889999911e+02
-3.020913246569999905e-02 2.077515905200000013e-01 -2.212955241540000006e-01 -1.365468634359999953e+02 6.830838879809999753e+01 1.405891798840000035e+02
-3.126293607899999910e-02 2.052094140379999987e-01 -2.139389946580000090e-01 -1.367977677480000125e+02 6.799514845100000571e+01 1.409522377829999868e+02
-3.123351165000000026e-02 2.014615306660000049e-01 -2.219640415509999964e-01 -1.360832527340000127e+02 6.889713941460000513e+01 1.412326586469999938e+02
-3.254708364589999764e-02 2.040011810329999953e-01 -2.249194221580000097e-01 -1.355020009689999938e+02 6.886432071650000353e+01 1.411768178389999946e+02
-3.442966150460000097e-02 2.111401178769999887e-01 -2.222659261240000073e-01 -1.357137719140000058e+02 6.817051003459999947e+01 1.407233571659999996e+02
-3.501908401690000117e-02 2.019891728840000067e-01 -2.178766442249999991e-01 -1.360542077259999871e+02 6.865292470100000344e+01 1.414718479100000081e+02
-3.214392625890000188e-02 2.077637166219999942e-01 -2.183864290320000068e-01 -1.364469050550000020e+02 6.775493709479999893e+01 1.404602302179999924e+02
-3.155428954359999760e-02 2.078232997639999913e-01 -2.224669024560000097e-01 -1.363120972860000109e+02 6.811043233540000585e+01 1.404754126100000065e+02
-3.526796115530000247e-02 2.065311242039999939e-01 -2.179426269560000018e-01 -1.360805611879999901e+02 6.852129099290000624e+01 1.409387100220000093e+02
-3.401295961220000136e-02 2.026501927530000025e-01 -2.219328758449999883e-01 -1.361233544410000036e+02 6.925683203469999683e+01 1.414925086169999986e+02
-3.508459996709999834e-02 2.084566246610000118e-01 -2.178410105620000037e-01 -1.357765057139999954e+02 6.793773625549999906e+01 1.410348037740000109e+02
-3.653289717620000071e-02 2.069069308110000061e-01 -2.181693171440000079e-01 -1.356454376629999956e+02 6.806514173390000622e+01 1.411769892400000117e+02
-3.657595978849999957e-02 2.045249334149999987e-01 -2.182704229709999943e-01 -1.354266464590000112e+02 6.805293711390000055e+01 1.411511559449999993e+02
-3.102932956630000128e-02 2.039519897579999963e-01 -2.233724574729999968e-01 -1.363961265609999884e+02 6.874816466139999704e+01 1.410015603829999975e+02
-3.286865670479999918e-02 2.038242071349999907e-01 -2.161174544749999982e-01 -1.359994848860000047e+02 6.820901173030000564e+01 1.414846661480000023e+02
-3.384078343810000000e-02 2.068705250120000116e-01 -2.213834018249999924e-01 -1.358608346100000119e+02 6.823706040749999602e+01 1.411418305059999909e+02
-3.225397521230000120e-02 2.068323056170000007e-01 -2.219681331749999986e-01 -1.363491201999999873e+02 6.884728573980000021e+01 1.408820931330000121e+02
-3.310696705499999865e-02 2.110464894229999999e-01 -2.236004250889999934e-01 -1.355473753230000113e+02 6.754845400409999456e+01 1.404241629690000082e+02
-3.579505887770000061e-02 2.036773884109999988e-01 -2.258970052160000075e-01 -1.349610557830000062e+02 6.927010803940000017e+01 1.416586724389999858e+02
-3.862752421150000143e-02 2.012064508039999866e-01 -2.238502549249999918e-01 -1.348516133329999889e+02 6.949801699190000193e+01 1.418951676009999971e+02
-3.646523907980000340e-02 2.028799095899999905e-01 -2.167115927999999914e-01 -1.358603961940000033e+02 6.876935117120000029e+01 1.415118898899999920e+02
-3.105113204080000092e-02 2.023993509329999885e-01 -2.203269562240000035e-01 -1.363332723329999965e+02 6.884116974069999628e+01 1.411786744270000042e+02
-3.112798151160000096e-02 2.022294442860000097e-01 -2.231429558169999994e-01 -1.361887684989999912e+02 6.908393545219999510e+01 1.414295957559999977e+02
-3.352218531909999938e-02 2.067694538060000087e-01 -2.180266115499999990e-01 -1.358381082760000140e+02 6.811551925480000591e+01 1.409153486229999999e+02
-3.046461034829999956e-02 2.053964733770000106e-01 -2.194555622019999930e-01 -1.366007624110000052e+02 6.804362144649999777e+01 1.410517099239999936e+02
-3.103556075889999863e-02 2.019569757590000125e-01 -2.256016496400000126e-01 -1.361608357800000135e+02 6.922039493849999303e+01 1.413970048049999946e+02
-3.524535504830000193e-02 2.087502407680000005e-01 -2.155092426799999905e-01 -1.358040121020000015e+02 6.784238054819999775e+01 1.407683492410000099e+02
-3.045040198200000062e-02 2.050449516939999994e-01 -2.221307964049999972e-01 -1.358643870029999903e+02 6.904820266059999767e+01 1.410665686209999876e+02
-2.933360616310000044e-02 2.040856322029999947e-01 -2.181871656949999905e-01 -1.367875556179999990e+02 6.850643822429999830e+01 1.408145361729999934e+02
-3.327831766179999845e-02 2.025705321950000137e-01 -2.230180279829999945e-01 -1.356687072189999981e+02 6.872345906879999688e+01 1.414231671349999999e+02
-3.403841111480000042e-02 2.034558809919999878e-01 -2.191270178889999920e-01 -1.362747582929999908e+02 6.896221922440000185e+01 1.411736765969999965e+02
-3.664361888030000236e-02 2.053144573460000122e-01 -2.195026022640000074e-01 -1.356515137840000023e+02 6.798505264460000319e+01 1.413441863779999892e+02
-3.274351956339999897e-02 2.093512336460000012e-01 -2.156755429059999951e-01 -1.363782567259999894e+02 6.745194735740000169e+01 1.406348521749999918e+02
-2.918584329039999870e-02 2.044370934399999951e-01 -2.221640768329999904e-01 -1.367830374499999948e+02 6.886478003839999928e+01 1.411146746180000093e+02
-3.921179748059999692e-02 2.062518137519999961e-01 -2.282970655000000071e-01 -1.346437671719999969e+02 6.887048647839999660e+01 1.412805859270000042e+02
-3.380713702600000176e-02 2.010420017310000085e-01 -2.195622461760000088e-01 -1.360659419620000108e+02 6.932913120390000472e+01 1.415132490839999946e+02
-3.280982741110000100e-02 2.044617474909999899e-01 -2.229651488169999973e-01 -1.361824275539999860e+02 6.905103954759999851e+01 1.408038129640000022e+02
-3.129717653689999962e-02 2.054438812899999911e-01 -2.174674968449999968e-01 -1.364951257749999911e+02 6.818109561410000197e+01 1.406867108659999985e+02
-3.332999204229999957e-02 2.070151626149999979e-01 -2.190721793869999934e-01 -1.361809195360000047e+02 6.818181700620000640e+01 1.406847342490000017e+02
-3.064608219099999864e-02 2.077107963179999905e-01 -2.218258410720000129e-01 -1.367684357919999911e+02 6.813169473499999640e+01 1.405433325369999977e+02
-3.492711163469999769e-02 2.065299024480000134e-01 -2.209084577940000071e-01 -1.355526123280000093e+02 6.805135559929999545e+01 1.413586964220000084e+02
-3.375966581729999971e-02 2.048337916319999952e-01 -2.240111783540000012e-01 -1.355425367329999915e+02 6.873242397539999615e+01 1.413513511769999980e+02
-2.601289465670000162e-02 2.052666764639999863e-01 -2.188406709509999881e-01 -1.374340553529999909e+02 6.834406300899999565e+01 1.407057325339999920e+02
-3.650339481340000164e-02 2.076540055099999893e-01 -2.161465228199999922e-01 -1.355687455949999958e+02 6.743622184219999838e+01 1.411618235319999997e+02
-3.133398290850000073e-02 2.019434897900000137e-01 -2.206821166329999973e-01 -1.361762036709999961e+02 6.920239118690000168e+01 1.413478933270000084e+02
-3.631623074789999683e-02 2.067643654409999920e-01 -2.221850131739999956e-01 -1.355333441829999970e+02 6.831060854240000424e+01 1.409704345609999905e+02
-3.246365666530000305e-02 2.090528641980000102e-01 -2.273558508590000082e-01 -1.355167037049999976e+02 6.874868517650000399e+01 1.404568832550000081e+02
-3.432188056129999859e-02 2.050699637729999913e-01 -2.191382708479999997e-01 -1.361385477430000037e+02 6.822199211509999373e+01 1.408942385560000048e+02
-3.226374958830000028e-02 2.106633630199999940e-01 -2.212626801089999928e-01 -1.355774544909999975e+02 6.781094405080000342e+01 1.405355982380000057e+02
-3.410187774230000191e-02 2.050778042649999966e-01 -2.220896652969999996e-01 -1.357231102449999867e+02 6.835034703319999494e+01 1.410005186729999878e+02
-3.044223358860000117e-02 2.059367468199999884e-01 -2.235668122070000041e-01 -1.357228986140000018e+02 6.877814563600000497e+01 1.411118984109999985e+02
-3.035680724979999967e-02 2.105422879390000113e-01 -2.190345129719999950e-01 -1.364835200509999993e+02 6.763984000080000669e+01 1.406586619889999952e+02
-2.936526274550000162e-02 2.072205844999999991e-01 -2.253589273569999996e-01 -1.365437171529999887e+02 6.845361247370000513e+01 1.407051788059999922e+02
-3.147656515540000338e-02 2.123863656390000132e-01 -2.273896316319999888e-01 -1.358308385850000093e+02 6.824113002910000603e+01 1.402880606459999910e+02
-3.450937850710000115e-02 2.084534798700000136e-01 -2.220989992600000129e-01 -1.358999096619999989e+02 6.834875888700000246e+01 1.411114092280000136e+02
-3.188092659709999832e-02 2.068993363290000109e-01 -2.252710922020000062e-01 -1.355653111260000117e+02 6.897224536909999415e+01 1.407124337719999971e+02
-3.401664867769999684e-02 2.062260308040000101e-01 -2.229056587469999962e-01 -1.356244437039999866e+02 6.844767491759999700e+01 1.412225910250000140e+02
-3.480905895530000266e-02 2.084611450699999924e-01 -2.221667512180000026e-01 -1.357079017799999860e+02 6.831527056379999863e+01 1.409482199429999980e+02
-3.750274926279999893e-02 1.992262853560000102e-01 -2.217197129869999950e-01 -1.352735700149999900e+02 6.967370752870000672e+01 1.419677104650000103e+02
-3.628677423440000022e-02 1.984466837069999989e-01 -2.213014744829999991e-01 -1.351823569580000139e+02 6.949466810810000084e+01 1.418494165769999995e+02
-3.382924442389999981e-02 2.050709389439999975e-01 -2.205793191550000087e-01 -1.357143741790000036e+02 6.868889696390000665e+01 1.411196498369999972e+02
-3.534349185249999886e-02 2.064691721169999994e-01 -2.178466434530000051e-01 -1.360700718710000103e+02 6.784844751120000694e+01 1.407639841740000008e+02
-3.181728862870000091e-02 2.121964318179999920e-01 -2.201407420619999888e-01 -1.362186362180000003e+02 6.756488869160000377e+01 1.405822686449999992e+02
-3.055647167910000017e-02 2.049600919600000071e-01 -2.197677226799999994e-01 -1.363926551899999993e+02 6.828125244310000141e+01 1.411214701849999926e+02
-3.358115447769999956e-02 2.090228017920000014e-01 -2.216521684830000116e-01 -1.353429594119999990e+02 6.796650479749999363e+01 1.407009167310000066e+02
-3.588198317980000052e-02 2.037020067210000007e-01 -2.211033700929999901e-01 -1.353319421619999900e+02 6.888386383380000666e+01 1.416727874499999871e+02
-3.435758556989999823e-02 2.082424866270000119e-01 -2.270853875930000099e-01 -1.350453536379999946e+02 6.888881473150000545e+01 1.408915768169999865e+02
-3.308984968329999748e-02 2.062914729089999899e-01 -2.178762675900000056e-01 -1.359243457389999890e+02 6.795296616020000613e+01 1.407033211529999903e+02
-3.466549122709999819e-02 2.067414750990000105e-01 -2.192197564299999957e-01 -1.354422990099999993e+02 6.791411411640000040e+01 1.409649737750000043e+02
-3.113498344609999871e-02 2.058743004549999922e-01 -2.236766794879999909e-01 -1.363303431369999998e+02 6.877449303500000610e+01 1.408102389880000089e+02
-3.537217690379999835e-02 2.056457571950000007e-01 -2.251446652440000085e-01 -1.349807835759999932e+02 6.837190444530000377e+01 1.410162014320000026e+02
-3.185892210800000263e-02 2.071225952400000125e-01 -2.225738519949999883e-01 -1.360561934749999864e+02 6.843435962360000246e+01 1.410882197480000002e+02
-3.013113273670000106e-02 2.047080856650000114e-01 -2.288527961690000057e-01 -1.359800233310000124e+02 6.949518151339999861e+01 1.409183323860000030e+02
-3.270347290910000093e-02 2.051271266559999973e-01 -2.224481838129999944e-01 -1.361497155209999903e+02 6.825956527859999312e+01 1.408810207980000087e+02
-2.852238868490000051e-02 2.101212025760000046e-01 -2.271821073979999883e-01 -1.360828412349999894e+02 6.855559941869999818e+01 1.402225937219999992e+02
-3.160015678130000116e-02 2.072485466950000077e-01 -2.208659197860000090e-01 -1.356230960990000085e+02 6.813215257980000672e+01 1.408515354600000080e+02
-3.383134166219999711e-02 2.073596585639999879e-01 -2.235718336430000119e-01 -1.357135219630000051e+02 6.800184708620000151e+01 1.411231189410000013e+02
-3.599823690560000067e-02 2.060779167069999862e-01 -2.173264734529999909e-01 -1.358554720719999978e+02 6.798243482319999487e+01 1.415347511850000046e+02
-4.039817697579999728e-02 2.083495842939999954e-01 -2.199159796869999961e-01 -1.346892345820000116e+02 6.801437125719999699e+01 1.412722668140000053e+02
-3.276137488639999790e-02 2.041181109240000069e-01 -2.216632558230000050e-01 -1.357538900000000126e+02 6.818078642250000598e+01 1.409497667560000025e+02
-3.178199035269999723e-02 2.046023845459999935e-01 -2.231115649700000092e-01 -1.360892959200000121e+02 6.861940641959999709e+01 1.406750176589999910e+02
-3.481492183019999770e-02 2.007803636219999965e-01 -2.157620128599999909e-01 -1.359834595160000106e+02 6.875164330249999978e+01 1.418393859720000023e+02
-3.471058993190000164e-02 2.052352328600000053e-01 -2.198042426759999890e-01 -1.356511532890000069e+02 6.852975433919999659e+01 1.409588809420000075e+02
-3.642221644779999878e-02 2.075000897950000089e-01 -2.208887159490000029e-01 -1.353746108450000065e+02 6.805072572989999458e+01 1.410474287650000065e+02
-3.772546771359999718e-02 2.033172754520000125e-01 -2.163431140279999942e-01 -1.353868156530000135e+02 6.843957576760000450e+01 1.413904987340000048e+02
-3.426624308069999708e-02 2.083368415530000017e-01 -2.191920046720000070e-01 -1.356912700050000069e+02 6.777370225490000166e+01 1.411851227870000116e+02
-3.082344116029999900e-02 2.080220984470000090e-01 -2.170838340260000110e-01 -1.367307814629999996e+02 6.800630706459999431e+01 1.408365033030000006e+02
-3.395291735590000304e-02 2.052526522160000033e-01 -2.254281020649999967e-01 -1.355928890609999939e+02 6.918526759709999396e+01 1.411022819899999945e+02
-3.186895627010000176e-02 2.073631452599999925e-01 -2.213998516160000096e-01 -1.364286475549999977e+02 6.817484545909999838e+01 1.409949118959999907e+02
-3.442794250589999855e-02 2.064316186669999942e-01 -2.224149628900000120e-01 -1.358178604100000086e+02 6.856351470159999906e+01 1.405451909310000076e+02
-3.624926241229999707e-02 2.009634316030000090e-01 -2.162946927989999879e-01 -1.357635915379999858e+02 6.853809636619999424e+01 1.415215944809999939e+02
-3.675903060380000115e-02 2.065098462720000028e-01 -2.224620533639999898e-01 -1.351324016240000105e+02 6.849313235329999827e+01 1.410428043000000002e+02
-3.152987872639999994e-02 2.060556883090000069e-01 -2.220402543309999976e-01 -1.357506551490000106e+02 6.834309898979999787e+01 1.411302115020000087e+02
-3.252368275539999770e-02 2.088977887329999950e-01 -2.209297778319999905e-01 -1.357241056830000048e+02 6.818827098910000473e+01 1.405290781649999872e+02
-3.307095604640000047e-02 2.063188904949999902e-01 -2.198824837070000038e-01 -1.360576990280000018e+02 6.850660271969999826e+01 1.409527636740000105e+02
-3.190221488170000286e-02 2.054488036369999937e-01 -2.202597508649999924e-01 -1.364871942110000020e+02 6.827511262080000165e+01 1.408027125819999981e+02
-3.383963618719999789e-02 2.064916680789999903e-01 -2.206201603340000039e-01 -1.361687061300000039e+02 6.840936590030000275e+01 1.408001820709999947e+02
-2.908403041950000101e-02 2.038492753239999900e-01 -2.250434612810000012e-01 -1.363455529210000066e+02 6.927017157480000265e+01 1.411087811449999947e+02
-3.210637825769999815e-02 2.064312406630000041e-01 -2.160754229440000063e-01 -1.365861256819999880e+02 6.787813666280000291e+01 1.408294886559999952e+02
-3.657773344959999728e-02 2.061199534350000029e-01 -2.252943811979999933e-01 -1.351389503009999942e+02 6.871856009030000223e+01 1.412306379430000050e+02
-3.191689287490000193e-02 2.055506050639999971e-01 -2.188569003499999943e-01 -1.360793280249999953e+02 6.838180445860000134e+01 1.409277444530000025e+02
-3.136097243699999954e-02 2.018127080669999962e-01 -2.259538664819999987e-01 -1.361768192689999921e+02 6.947437693870000430e+01 1.411390149039999926e+02
-3.496970775399999704e-02 2.035410961749999914e-01 -2.205785240839999994e-01 -1.358354902579999930e+02 6.911631127539999397e+01 1.415585339980000015e+02
-3.435522645720000268e-02 2.076835380010000065e-01 -2.138987782629999945e-01 -1.361107020830000067e+02 6.756092948280000599e+01 1.410507034290000092e+02
-3.853152122270000340e-02 2.046408911070000114e-01 -2.185447070300000072e-01 -1.351811393030000090e+02 6.843767942990000108e+01 1.416176040660000126e+02
-3.751641002919999662e-02 2.074334475819999968e-01 -2.233210935709999956e-01 -1.347657438690000049e+02 6.841088297160000309e+01 1.414684790510000028e+02
-3.030742249920000131e-02 2.048258022259999978e-01 -2.248513732419999966e-01 -1.361047191789999999e+02 6.849920359390000613e+01 1.409087593040000002e+02
-3.162328109499999707e-02 2.064833378619999882e-01 -2.202207075169999861e-01 -1.362938049830000011e+02 6.813987431660000027e+01 1.410232808799999873e+02
-3.466761611369999913e-02 2.072082454299999932e-01 -2.236216034469999947e-01 -1.353570138370000109e+02 6.865507311039999649e+01 1.412197873240000092e+02
-3.451794444680000157e-02 2.075040217880000093e-01 -2.261562488509999969e-01 -1.351852314760000127e+02 6.823948851849999642e+01 1.409943683349999901e+02
-3.444901491179999664e-02 2.068860125160000007e-01 -2.163835270149999934e-01 -1.361606398700000113e+02 6.756157246310000630e+01 1.408600313309999876e+02
-3.868324979740000308e-02 2.085675658380000130e-01 -2.169226017360000036e-01 -1.351026257729999998e+02 6.769309512200000256e+01 1.413118087910000042e+02
-3.644962065059999951e-02 2.102299841920000079e-01 -2.166395599660000115e-01 -1.354486113160000116e+02 6.722829945869999335e+01 1.406822865450000108e+02
-3.505351705649999844e-02 2.059834462650000086e-01 -2.233775503360000136e-01 -1.356751894969999910e+02 6.849438619980000453e+01 1.413743592719999924e+02
-3.402264099300000150e-02 2.077132143190000002e-01 -2.174716474610000061e-01 -1.358740973650000115e+02 6.755266228770000225e+01 1.409974921440000060e+02
-3.324744348079999856e-02 2.099417473059999872e-01 -2.213067195070000104e-01 -1.358889448580000021e+02 6.792434400369999992e+01 1.407749553579999997e+02
-3.247955527830000133e-02 2.093552055769999920e-01 -2.225908938199999965e-01 -1.360332048040000075e+02 6.789876753330000270e+01 1.408839804870000023e+02
-3.526169511120000322e-02 2.046224423549999893e-01 -2.220375636589999868e-01 -1.358789596940000024e+02 6.858778106430000321e+01 1.412143798429999890e+02
-3.191502254740000155e-02 2.019492580599999976e-01 -2.235262964049999912e-01 -1.359295700730000078e+02 6.913415721929999336e+01 1.412609332279999990e+02
-3.459719240459999817e-02 2.072390004490000104e-01 -2.190500789189999964e-01 -1.361912993910000012e+02 6.798694124239999326e+01 1.409897384330000136e+02
-3.546323376620000301e-02 2.054576376510000024e-01 -2.246031770449999909e-01 -1.355418443110000055e+02 6.868976220659999399e+01 1.412242181599999924e+02
-2.884834786390000003e-02 2.075968145900000117e-01 -2.225537234959999999e-01 -1.364418809340000109e+02 6.805413558360000081e+01 1.403764103819999889e+02
-3.389753751909999752e-02 2.026790880680000018e-01 -2.160140477270000026e-01 -1.363131040199999973e+02 6.825214297680000186e+01 1.415936556560000099e+02
-3.220960406900000295e-02 2.066378640519999921e-01 -2.184423840899999969e-01 -1.357620806360000074e+02 6.816921191119999435e+01 1.410993491570000060e+02
-3.730326076950000319e-02 2.046003193500000039e-01 -2.231504356729999972e-01 -1.353809481000000119e+02 6.908646088310000266e+01 1.413078964290000101e+02
-3.251243398070000068e-02 2.100216348110000020e-01 -2.220324574979999910e-01 -1.357046357300000068e+02 6.796103457520000291e+01 1.407611908940000092e+02
-3.425857261569999895e-02 2.048111785850000033e-01 -2.213267395209999877e-01 -1.358895952249999937e+02 6.859293254780000382e+01 1.410948479429999907e+02
-3.468928805009999922e-02 2.029033730729999929e-01 -2.194593114310000037e-01 -1.360839251499999989e+02 6.879014088259999937e+01 1.414718925390000095e+02
-2.770893782689999932e-02 2.043820004909999988e-01 -2.258626143639999861e-01 -1.363817332639999904e+02 6.890768459909999422e+01 1.406476246729999957e+02
-3.530560978899999897e-02 2.060653384770000096e-01 -2.221830221049999887e-01 -1.355176210040000058e+02 6.802142309010000076e+01 1.411016465659999994e+02
-3.020497980059999935e-02 2.070558571889999921e-01 -2.192814412709999938e-01 -1.370083288319999895e+02 6.805928595570000539e+01 1.406343131689999950e+02
-3.196279440230000157e-02 2.049037329529999896e-01 -2.243428458120000080e-01 -1.355680165809999949e+02 6.879996612259999722e+01 1.413078502820000040e+02
-3.538172853330000256e-02 2.070149351109999980e-01 -2.185534028389999883e-01 -1.357544444240000132e+02 6.823708305309999389e+01 1.409120155980000106e+02
-3.910565066869999690e-02 2.088753395100000076e-01 -2.181808567849999880e-01 -1.349362048600000037e+02 6.749577001279999422e+01 1.411577533550000112e+02
-3.586536182029999992e-02 2.056882000099999885e-01 -2.178643935759999872e-01 -1.359542083139999988e+02 6.817449134819999301e+01 1.410034414890000107e+02
-2.994487493579999979e-02 2.105247425850000076e-01 -2.246278929440000127e-01 -1.360587470829999859e+02 6.796246227160000331e+01 1.402411453249999909e+02
-2.942026630419999900e-02 2.074121677109999895e-01 -2.274863615290000085e-01 -1.363071657119999998e+02 6.903601938580000308e+01 1.407551595770000006e+02
-3.282382776690000170e-02 2.053837112470000004e-01 -2.236551455680000078e-01 -1.358810706609999954e+02 6.926705630719999363e+01 1.413984127200000103e+02
-3.563318754789999987e-02 2.016524542470000125e-01 -2.210967071250000138e-01 -1.355435982490000129e+02 6.868235224830000618e+01 1.416351286830000049e+02
-3.768124610799999941e-02 2.028154150819999890e-01 -2.222730756040000033e-01 -1.350278569209999944e+02 6.892069040389999657e+01 1.415001661320000039e+02
-3.545786456769999678e-02 2.051051716289999938e-01 -2.206913449740000033e-01 -1.358525010230000021e+02 6.848282127929999774e+01 1.412679774229999907e+02
-3.170893276469999994e-02 2.060715103380000024e-01 -2.167680112060000053e-01 -1.361617358389999879e+02 6.788277944120000029e+01 1.408745628789999955e+02
-2.958672561380000163e-02 2.056531387009999934e-01 -2.150281806799999862e-01 -1.372246960479999984e+02 6.809190925839999409e+01 1.408068752350000068e+02
-3.667005934329999745e-02 2.044260437400000074e-01 -2.218447879940000089e-01 -1.349387682480000024e+02 6.827492717479999840e+01 1.413925508130000139e+02
-3.577391687610000093e-02 2.044883266599999971e-01 -2.247940617849999989e-01 -1.355419659149999916e+02 6.889363697580000689e+01 1.411244721959999993e+02
-4.067572339879999693e-02 2.068561916739999895e-01 -2.201321701729999913e-01 -1.346983568949999892e+02 6.843405972120000058e+01 1.413715307729999893e+02
-3.485381620950000342e-02 2.067772223759999917e-01 -2.149050028539999935e-01 -1.360825036169999862e+02 6.759228194950000557e+01 1.411650957580000068e+02
-4.092248799760000305e-02 2.054670006650000103e-01 -2.266851939869999888e-01 -1.343775133409999967e+02 6.887898807320000572e+01 1.415396095270000103e+02
-3.326045048560000161e-02 2.083163419390000048e-01 -2.167036128829999964e-01 -1.364147552750000045e+02 6.784200358690000598e+01 1.410010623329999930e+02
-3.757419678240000310e-02 2.061369190769999915e-01 -2.179698369439999894e-01 -1.354804620419999992e+02 6.806957160080000335e+01 1.414615207859999941e+02
-3.102273621370000081e-02 2.037062206299999900e-01 -2.190363324060000116e-01 -1.363689481000000114e+02 6.838020031569999446e+01 1.411338762949999932e+02
-3.056848745189999841e-02 2.057021696290000090e-01 -2.232654894109999955e-01 -1.358424072630000126e+02 6.893289139830000067e+01 1.408912604450000003e+02
-3.410085749999999805e-02 2.080005674390000003e-01 -2.231778740769999880e-01 -1.359651940749999994e+02 6.822790828809999653e+01 1.406467988310000123e+02
-3.248571346899999795e-02 2.056615061210000095e-01 -2.211182416280000063e-01 -1.358127450240000087e+02 6.829779455519999942e+01 1.409612574239999958e+02
-3.309889110739999696e-02 2.055173923109999967e-01 -2.185403378269999974e-01 -1.362748192980000113e+02 6.830694613480000044e+01 1.407851201990000050e+02
-3.233024923629999881e-02 2.079282034770000009e-01 -2.203617905109999942e-01 -1.361388519729999871e+02 6.812262666339999839e+01 1.406671215849999896e+02
-2.984727242280000095e-02 2.027853528620000012e-01 -2.172864153650000130e-01 -1.369138017310000066e+02 6.872474126150000018e+01 1.409938346829999887e+02
-3.037087441979999941e-02 2.060669491969999989e-01 -2.196351698010000075e-01 -1.363879538289999971e+02 6.809329943599999524e+01 1.408053656749999902e+02
-3.343814835699999988e-02 2.101334872700000023e-01 -2.195037407279999964e-01 -1.356759340780000116e+02 6.760811673400000643e+01 1.407117405589999919e+02
-3.169862839620000289e-02 2.059257258970000060e-01 -2.220993059220000010e-01 -1.360162923260000127e+02 6.899721455380000634e+01 1.408423663380000050e+02
-3.570932867579999781e-02 2.068554546939999905e-01 -2.203008553570000028e-01 -1.360036102910000011e+02 6.812334294789999944e+01 1.409830114149999929e+02
-3.546221497970000053e-02 2.071974921620000076e-01 -2.277741285709999897e-01 -1.351029296129999864e+02 6.860652476350000484e+01 1.412446056699999986e+02
-3.809550994969999882e-02 2.057804480179999951e-01 -2.237740366969999950e-01 -1.352457855209999877e+02 6.844921841830000631e+01 1.413443590319999998e+02
-3.438613990500000162e-02 2.053863554020000093e-01 -2.197809105230000004e-01 -1.356278172659999939e+02 6.841753193499999952e+01 1.411253888029999928e+02
-3.047058562750000130e-02 2.089762894349999900e-01 -2.223716401389999875e-01 -1.362540281779999987e+02 6.824605665670000576e+01 1.407742336960000102e+02
-3.423406219180000210e-02 2.089979868150000086e-01 -2.213449116539999983e-01 -1.355288894109999944e+02 6.849547410440000306e+01 1.409117931309999960e+02
-3.375015066960000004e-02 2.075421242309999914e-01 -2.198847303070000092e-01 -1.359936991920000082e+02 6.842331396580000558e+01 1.409194875930000137e+02
-3.145505086949999807e-02 2.036466348060000098e-01 -2.211250617030000032e-01 -1.361489895210000043e+02 6.858519860280000557e+01 1.411628714530000082e+02
-2.957459460139999843e-02 2.041709265780000115e-01 -2.215468026169999938e-01 -1.368908583379999868e+02 6.873467073930000026e+01 1.410305651189999878e+02
-3.067808232359999984e-02 2.074386143560000006e-01 -2.288257722869999899e-01 -1.359114902700000016e+02 6.886467251439999870e+01 1.405545652069999960e+02
-3.330418163499999917e-02 1.996262786140000078e-01 -2.193376676229999989e-01 -1.361262096689999908e+02 6.954022794780000538e+01 1.416068761399999971e+02
-3.142080173580000246e-02 2.104775540430000036e-01 -2.246651613039999940e-01 -1.359929639590000079e+02 6.830098395049999738e+01 1.403743102050000005e+02
-3.190422315799999742e-02 2.045384270820000128e-01 -2.215852259799999946e-01 -1.364272832919999985e+02 6.915480303629999526e+01 1.413476431180000077e+02
-3.687767636929999843e-02 2.037438434799999920e-01 -2.257434058589999903e-01 -1.352140687239999863e+02 6.905281339830000320e+01 1.411883620920000055e+02
-3.450867632230000120e-02 2.048293822389999908e-01 -2.207190699669999978e-01 -1.360549811239999940e+02 6.824779378270000052e+01 1.413159404909999921e+02
-3.151240365489999667e-02 2.035609294069999908e-01 -2.224693791300000056e-01 -1.362220881499999905e+02 6.857726177060000339e+01 1.407244720840000127e+02
-3.654716948609999794e-02 2.032179987609999960e-01 -2.191197370580000026e-01 -1.354052604359999918e+02 6.871313221489999989e+01 1.416084748570000045e+02
-3.403872396810000284e-02 2.008190328030000082e-01 -2.127411959299999877e-01 -1.362997104380000053e+02 6.861465487719999601e+01 1.414125667829999884e+02
-3.674306101949999931e-02 2.036546104899999987e-01 -2.176110057389999963e-01 -1.356981745569999873e+02 6.817417192669999793e+01 1.412354087619999916e+02
-3.718395803800000204e-02 2.053047618690000131e-01 -2.248971137590000113e-01 -1.348284582070000113e+02 6.889882562169999858e+01 1.412581188590000068e+02
-3.293780262490000194e-02 2.078677589890000066e-01 -2.191028964339999940e-01 -1.359030039650000106e+02 6.826782569440000259e+01 1.406205955800000140e+02
-3.152593600930000267e-02 2.096029192830000110e-01 -2.246550963579999893e-01 -1.361738264969999932e+02 6.832875441129999672e+01 1.406274297209999986e+02
-3.325718695910000189e-02 2.076731418559999987e-01 -2.243608581400000079e-01 -1.357434727199999998e+02 6.884768840760000330e+01 1.410835869400000036e+02
-3.616243766849999708e-02 2.071845414440000033e-01 -2.263845726710000117e-01 -1.352263131980000139e+02 6.878010674930000334e+01 1.412972798110000099e+02
-3.451185269120000260e-02 2.068186212650000022e-01 -2.221279730200000080e-01 -1.357610404339999945e+02 6.841992120339999417e+01 1.411878788680000127e+02
-3.377817285279999943e-02 2.091774140830000017e-01 -2.242350800490000018e-01 -1.360212224050000032e+02 6.844814283290000390e+01 1.408208386189999999e+02
-3.555068524079999653e-02 2.010562013720000041e-01 -2.196176674679999885e-01 -1.353948420060000046e+02 6.928746028759999831e+01 1.418135789389999957e+02
-2.871408235390000147e-02 2.006814453059999892e-01 -2.222104928810000046e-01 -1.365506609830000002e+02 6.964138731740000310e+01 1.411083227750000049e+02
-3.194745919130000111e-02 2.082035741790000116e-01 -2.170900957109999918e-01 -1.365384886850000044e+02 6.775751177169999551e+01 1.404079013840000130e+02
-3.391098382479999784e-02 2.073534629830000031e-01 -2.189500232440000083e-01 -1.361891582769999900e+02 6.802010692829999527e+01 1.412346373469999889e+02
-3.473521630120000175e-02 2.074133270359999892e-01 -2.247171022699999965e-01 -1.357252966320000098e+02 6.821216416619999734e+01 1.412340303690000098e+02
-3.231631387069999750e-02 2.028669395150000110e-01 -2.170018457279999924e-01 -1.364268043140000088e+02 6.856565148709999846e+01 1.413725082310000118e+02
-3.770508514740000122e-02 2.066041283299999975e-01 -2.189281054409999983e-01 -1.357663809789999902e+02 6.822432210339999870e+01 1.411090191209999887e+02
-3.124473144269999947e-02 2.058322648610000083e-01 -2.208232491290000044e-01 -1.356341292040000042e+02 6.867631779789999769e+01 1.409794831009999996e+02
-3.336157806159999878e-02 2.061464155440000112e-01 -2.230294424810000120e-01 -1.362043533709999963e+02 6.867288596429999359e+01 1.411951087589999929e+02
-3.114759663879999863e-02 2.063241892279999989e-01 -2.189853457979999973e-01 -1.362931303450000087e+02 6.838310800489999508e+01 1.406623320989999968e+02
-3.645977302439999679e-02 2.072171244459999895e-01 -2.159045807749999935e-01 -1.356965033710000057e+02 6.778215624870000511e+01 1.408978448750000041e+02
-3.417519623950000113e-02 2.105310398440000119e-01 -2.195254838479999970e-01 -1.357297371859999942e+02 6.780921779359999846e+01 1.408725192189999973e+02
-3.049055004139999969e-02 2.043339638140000136e-01 -2.199165322259999944e-01 -1.365595004399999937e+02 6.829161572079999587e+01 1.411350085550000131e+02
-3.713842548500000118e-02 2.053633991959999960e-01 -2.243097006689999950e-01 -1.354926048220000041e+02 6.847821381490000192e+01 1.412924409690000118e+02
-3.196956175779999687e-02 2.074625550589999923e-01 -2.192395155369999959e-01 -1.362482137730000034e+02 6.814766047790000414e+01 1.403825781900000038e+02
-3.046108639190000036e-02 2.013511628970000022e-01 -2.261095340579999946e-01 -1.361763073710000072e+02 6.948891947830000504e+01 1.410104884010000035e+02
-3.454249836329999906e-02 2.046797758070000028e-01 -2.141456479690000136e-01 -1.360246449089999885e+02 6.788061348210000290e+01 1.413398920049999958e+02
-3.172063661959999975e-02 2.075736555150000107e-01 -2.187027702390000050e-01 -1.359445436029999996e+02 6.810365548849999584e+01 1.409494233000000065e+02
-3.226130327880000204e-02 2.102427391139999879e-01 -2.198076715589999952e-01 -1.359431409149999865e+02 6.766244869909999693e+01 1.406921214079999913e+02
-3.360370397560000222e-02 2.067756294380000137e-01 -2.195642439269999968e-01 -1.358698675139999921e+02 6.881328911289999439e+01 1.412539479719999918e+02
-3.747876671539999982e-02 2.075250903149999937e-01 -2.202283013369999987e-01 -1.352633140039999944e+02 6.796405702020000206e+01 1.411103188250000073e+02
-3.543144314539999756e-02 2.063648931700000078e-01 -2.193120254020000104e-01 -1.358271773730000120e+02 6.826576656459999981e+01 1.410701744159999862e+02
-3.018322034359999934e-02 2.049785829820000016e-01 -2.284304954609999994e-01 -1.357313757940000016e+02 6.894148628390000511e+01 1.409040270440000029e+02
-3.466256936139999745e-02 2.063930410919999903e-01 -2.203577525769999934e-01 -1.354665730199999985e+02 6.826124250559999496e+01 1.410141097819999914e+02
-3.731724057369999875e-02 2.076701263909999928e-01 -2.210453916869999924e-01 -1.353521150100000057e+02 6.834606868650000422e+01 1.409262579560000006e+02
-3.358810434659999927e-02 1.984511406870000105e-01 -2.221861023710000049e-01 -1.357824812750000092e+02 6.967725840880000021e+01 1.418606196990000115e+02
-3.786419671809999887e-02 2.066827582440000088e-01 -2.226883605689999879e-01 -1.348144362570000112e+02 6.811989904089999470e+01 1.411851621579999971e+02
-3.113060173960000010e-02 2.048218345339999913e-01 -2.197821755419999967e-01 -1.367226040509999905e+02 6.830823291699999800e+01 1.409023350740000069e+02
-3.609744070789999704e-02 2.067096685890000007e-01 -2.210308886690000030e-01 -1.356529360339999926e+02 6.878738622349999332e+01 1.412760615850000079e+02
-3.295958285060000131e-02 2.044398693149999946e-01 -2.222655776889999879e-01 -1.362564749400000039e+02 6.838581305980000025e+01 1.412021340549999877e+02
