6.491035637049999973e-01 2.109918472289999958e-01 5.304608185069999843e-02 -4.118794783099999912e-01 -1.253502362280000000e+02 8.856159523840000247e+01 6.621921862109999779e+01
1.084863933979999945e-01 2.117829937160000120e-01 5.721955835689999936e-02 -4.100399783370000106e-01 -1.249067948940000008e+02 8.834084916739999471e+01 6.606833103920000383e+01
1.007333792790000015e-01 2.154507765470000114e-01 5.509116351150000063e-02 -4.185325161330000210e-01 -1.250912109820000069e+02 8.867238292870000294e+01 6.608508383790000096e+01
1.339510978869999924e-01 2.111960544529999928e-01 5.702245350020000020e-02 -4.124818976499999845e-01 -1.250080165960000045e+02 8.856474386840000079e+01 6.656310932309999373e+01
2.575263691499999896e-01 2.163786168730000015e-01 5.795406885700000316e-02 -4.102225379219999746e-01 -1.254661040339999971e+02 8.840078428559999679e+01 6.624618380680000485e+01
1.063949752240000018e-01 2.089232963629999995e-01 5.597943626449999877e-02 -4.136788605839999966e-01 -1.251490114610000006e+02 8.879145179309999492e+01 6.599478495229999453e+01
2.782829323170000202e-01 2.144957321979999998e-01 5.932220697269999926e-02 -4.096496979550000028e-01 -1.251582113829999940e+02 8.843639221589999977e+01 6.616131136049999384e+01
1.463534300160000134e-01 2.103758293970000026e-01 5.838932626209999976e-02 -4.164310230680000058e-01 -1.252142145990000017e+02 8.831827895749999868e+01 6.621713437879999731e+01
1.110914043640000015e-01 2.122409091859999986e-01 5.560015599200000130e-02 -4.119874161109999822e-01 -1.250729105860000061e+02 8.860358661659999768e+01 6.627832033699999670e+01
1.869746700490000080e-01 2.127712536709999991e-01 5.050912737539999670e-02 -4.102612539680000059e-01 -1.253215215369999953e+02 8.880017641480000634e+01 6.617194976019999331e+01
1.032876815669999948e-01 2.134427665580000133e-01 6.330188865140000398e-02 -4.122886202630000052e-01 -1.250747238200000027e+02 8.819578988019999599e+01 6.611775227549999556e+01
2.156451952729999955e-01 2.117095247770000022e-01 5.197074196950000197e-02 -4.162801364209999799e-01 -1.251847978530000063e+02 8.869394310949999749e+01 6.645151264099999366e+01
1.339033760480000113e-01 2.045496815939999991e-01 6.387105943460000268e-02 -4.139412455320000128e-01 -1.250299872049999976e+02 8.846265412210000534e+01 6.629629958060000661e+01
1.176073141450000026e-01 2.070886772930000119e-01 5.404524291340000175e-02 -4.145045525730000069e-01 -1.245561024090000046e+02 8.876805183630000329e+01 6.625591218770000523e+01
2.792876471560000184e-01 2.072432660269999949e-01 5.655894708030000106e-02 -4.104262531280000181e-01 -1.255179618049999988e+02 8.836805330880000042e+01 6.636561788769999737e+01
1.256865554190000067e-01 2.135893016829999991e-01 6.339207191279999654e-02 -4.179520896489999915e-01 -1.247959764280000030e+02 8.843099930180000001e+01 6.614858415669999658e+01
1.043065514229999935e-01 2.155055845319999996e-01 5.924221232330000031e-02 -4.125966815409999877e-01 -1.250870904939999946e+02 8.870367857690000335e+01 6.610295763560000637e+01
1.831032371990000129e-01 2.121453863040000110e-01 6.068141803970000109e-02 -4.129218813860000004e-01 -1.251875074120000022e+02 8.859269653340000161e+01 6.611853128559999959e+01
4.452116854589999728e-01 2.101379460520000075e-01 5.556992416440000027e-02 -4.133405498359999930e-01 -1.250919481650000051e+02 8.876717294610000408e+01 6.643285495380000327e+01
1.734199093899999877e-01 2.134100727580000023e-01 5.632817539590000144e-02 -4.130526655399999747e-01 -1.251723421779999939e+02 8.899298481779999292e+01 6.639422142899999812e+01
1.142520197779999941e-01 2.105353422640000027e-01 5.463556271270000181e-02 -4.146584530490000087e-01 -1.251893480810000057e+02 8.870515046859999586e+01 6.625177114010000423e+01
3.683635944499999981e-01 2.141165426230000057e-01 5.431070479010000063e-02 -4.118346401929999789e-01 -1.248780432749999960e+02 8.893550137760000496e+01 6.601606845679999935e+01
4.753340008570000053e-01 2.093716510270000053e-01 5.515453507029999952e-02 -4.113705424529999766e-01 -1.256101757640000045e+02 8.898356288669999969e+01 6.621816290739999999e+01
4.881242136569999834e-01 2.133441330380000112e-01 5.469660844410000056e-02 -4.078438258539999750e-01 -1.252192387789999941e+02 8.870491860600000678e+01 6.640545365730000071e+01
1.238277435320000036e-01 2.113392893630000047e-01 5.539091713940000328e-02 -4.137549173699999749e-01 -1.253157935149999958e+02 8.865897238590000029e+01 6.580589657699999862e+01
1.183623920689999970e-01 2.108901585719999972e-01 5.780285734210000026e-02 -4.154323249840000121e-01 -1.249427447390000054e+02 8.865447745369999666e+01 6.652719928599999832e+01
2.127989022050000012e-01 2.155638519420000065e-01 5.683826958129999801e-02 -4.120768461930000015e-01 -1.253526805559999957e+02 8.873592106409999758e+01 6.607209758470000338e+01
1.706432868470000030e-01 2.117690466870000010e-01 5.679288802000000136e-02 -4.111676339070000075e-01 -1.249149192849999963e+02 8.848075530939999567e+01 6.621106309959999692e+01
1.665834142050000022e-01 2.144319728990000118e-01 4.925940537799999852e-02 -4.147817399979999986e-01 -1.252061581100000041e+02 8.902075066220000110e+01 6.607864705410000283e+01
1.359421931439999953e-01 2.038278620220000115e-01 5.860825783709999737e-02 -4.031094085799999949e-01 -1.251588178639999995e+02 8.846264987630000576e+01 6.642877618449999488e+01
4.123223713499999943e-01 2.085401932050000018e-01 6.023019432579999888e-02 -4.135718527310000003e-01 -1.247567883659999950e+02 8.872166555569999957e+01 6.638114798499999836e+01
3.794303082470000255e-01 2.122947837830000128e-01 5.715156526049999797e-02 -4.105947211870000224e-01 -1.251574727729999950e+02 8.893075287720000688e+01 6.619495189580000272e+01
1.060130848899999978e-01 2.105827114770000008e-01 5.404670613010000013e-02 -4.134509966820000271e-01 -1.247321716430000009e+02 8.871600951969999471e+01 6.625887903160000292e+01
1.838807487540000118e-01 2.115527970809999991e-01 5.558418702730000271e-02 -4.128107351629999866e-01 -1.252474147799999997e+02 8.872744908490000171e+01 6.585104906920000190e+01
2.162753054850000134e-01 2.106068433980000099e-01 5.372675780470000106e-02 -4.121176559420000052e-01 -1.248233275300000003e+02 8.882756853099999717e+01 6.595513591920000351e+01
1.438126119500000022e-01 2.154033917400000053e-01 5.611413281370000034e-02 -4.128538187710000251e-01 -1.251874977530000024e+02 8.841741527519999977e+01 6.619639601910000692e+01
4.250829828820000267e-01 2.103640988409999912e-01 5.763937655680000105e-02 -4.133656921759999991e-01 -1.255822952789999931e+02 8.891840009070000406e+01 6.645209973629999922e+01
1.331982441500000058e-01 2.122445843680000055e-01 5.678326845059999961e-02 -4.146150267040000226e-01 -1.251372137620000018e+02 8.862645215119999875e+01 6.632722825790000343e+01
5.206958361269999891e-01 2.101130766709999875e-01 5.657446668490000163e-02 -4.078395414859999901e-01 -1.248245487169999990e+02 8.835873846730000025e+01 6.622825564970000300e+01
7.639065634399999638e-01 2.088999053970000130e-01 5.462982861380000221e-02 -4.116471161490000141e-01 -1.255250293309999989e+02 8.879157569800000260e+01 6.606920531529999607e+01
2.661083129049999774e-01 2.125290642100000071e-01 5.536855060279999990e-02 -4.086376788070000265e-01 -1.250096624359999993e+02 8.872790760639999519e+01 6.628075548409999840e+01
1.527258702610000130e-01 2.159157999359999913e-01 5.494589851329999969e-02 -4.067365815319999856e-01 -1.254563278499999939e+02 8.877452728340000476e+01 6.632342371519999347e+01
1.025717792029999936e-01 2.092270187459999986e-01 5.571742448099999828e-02 -4.172638145570000123e-01 -1.249368641700000069e+02 8.833907531170000027e+01 6.602418789899999751e+01
3.063094668479999783e-01 2.139921469140000088e-01 5.624021319510000283e-02 -4.150388309699999945e-01 -1.246763274650000000e+02 8.847933483239999930e+01 6.616296564229999433e+01
1.573785874330000112e-01 2.110473191870000098e-01 6.020503187520000188e-02 -4.124605893419999725e-01 -1.251469754310000013e+02 8.874532308119999868e+01 6.610787255130000517e+01
2.637099121820000169e-01 2.141968078519999874e-01 5.472769711290000061e-02 -4.158935166550000173e-01 -1.248842101179999986e+02 8.848399588290000395e+01 6.625903557969999724e+01
1.614659094919999871e-01 2.078091185110000072e-01 5.650202015189999954e-02 -4.174178674780000264e-01 -1.250501313299999993e+02 8.858405787339999904e+01 6.662295607810000320e+01
1.178822438610000051e-01 2.130534536479999907e-01 5.823396844010000212e-02 -4.092383154759999808e-01 -1.254337253129999965e+02 8.891193432599999369e+01 6.625875862770000424e+01
1.825753779440000002e-01 2.127854452880000025e-01 5.723455396209999740e-02 -4.133175542840000216e-01 -1.245823531009999954e+02 8.871599150549999990e+01 6.628438677370000676e+01
1.407096980879999903e-01 2.048406149289999922e-01 6.032298881720000311e-02 -4.079055021760000233e-01 -1.249232071550000001e+02 8.850266041090000613e+01 6.655239067479999449e+01
1.194403888070000030e-01 2.121419163009999886e-01 6.007099961830000140e-02 -4.108896022010000149e-01 -1.247194609440000050e+02 8.850602579920000323e+01 6.631922791249999705e+01
2.647561291030000041e-01 2.093646268300000113e-01 5.393338856620000232e-02 -4.119235791390000179e-01 -1.252269128399999971e+02 8.863615100050000706e+01 6.584515300959999706e+01
2.164266071239999978e-01 2.095966502490000105e-01 5.482577557050000161e-02 -4.126415139649999841e-01 -1.249926064309999987e+02 8.852096868850000533e+01 6.612468646439999986e+01
1.035383180039999990e-01 2.121959237040000057e-01 5.543984364469999732e-02 -4.092351437000000258e-01 -1.253668795910000000e+02 8.841174182759999667e+01 6.600761595010000349e+01
2.950913822160000088e-01 2.096358761949999872e-01 5.417476351859999706e-02 -4.094865281980000216e-01 -1.251031962950000036e+02 8.897482964389999438e+01 6.604721732779999854e+01
1.242977316320000025e-01 2.153883091009999862e-01 6.215803443730000266e-02 -4.159934262259999960e-01 -1.249923465579999942e+02 8.851796151310000482e+01 6.620943267120000542e+01
1.927194778309999912e-01 2.104959444579999894e-01 5.402852918869999882e-02 -4.138961755580000124e-01 -1.247109101669999944e+02 8.868772120330000064e+01 6.622904112940000232e+01
2.752672544929999798e+00 2.110933806339999885e-01 5.615536725550000080e-02 -4.113646881210000217e-01 -1.249695127399999990e+02 8.865104474940000046e+01 6.674902362410000478e+01
2.140389799119999936e-01 2.100152887879999930e-01 5.635250099820000164e-02 -4.128089268299999781e-01 -1.251527211060000013e+02 8.890064110160000155e+01 6.630113951859999588e+01
1.759467342749999885e-01 2.102518636930000018e-01 5.526662286069999874e-02 -4.088252759959999927e-01 -1.255446180929999969e+02 8.848066819979999309e+01 6.645504526530000078e+01
1.914899753000000038e-01 2.175566015550000065e-01 4.720021491919999812e-02 -4.141902433979999798e-01 -1.252743868430000020e+02 8.890883929189999435e+01 6.608639697899999987e+01
1.151072404349999939e-01 2.113407036980000098e-01 5.640269629820000158e-02 -4.123282562660000039e-01 -1.250961633710000029e+02 8.856166674119999982e+01 6.651630443179999475e+01
1.618968642230000088e-01 2.093627385350000092e-01 5.779853920079999763e-02 -4.132408319390000195e-01 -1.249174879400000009e+02 8.843271684159999779e+01 6.617310857100000021e+01
1.207370401289999950e-01 2.092749216129999867e-01 5.862410666500000173e-02 -4.115473593410000075e-01 -1.249103714440000061e+02 8.837764845620000642e+01 6.652421793130000083e+01
1.028833365390000032e-01 2.118444429269999985e-01 6.335419315670000329e-02 -4.123127134440000008e-01 -1.251926863230000038e+02 8.819570238190000566e+01 6.620788900610000383e+01
2.132947084010000105e-01 2.105339820350000113e-01 5.628881819449999685e-02 -4.169580970639999995e-01 -1.252203154900000044e+02 8.843381786960000568e+01 6.626870561319999808e+01
8.219454727999999655e-01 2.124688140909999912e-01 5.736763238099999718e-02 -4.090351498240000216e-01 -1.253081996399999980e+02 8.859108672569999499e+01 6.647815821689999893e+01
1.665231437739999876e-01 2.128463060409999941e-01 6.017112081749999980e-02 -4.121475689299999856e-01 -1.251602878009999955e+02 8.883059360049999498e+01 6.612199244379999641e+01
1.260870110969999902e-01 2.066808330279999995e-01 5.863917482070000325e-02 -4.139254455899999963e-01 -1.249486696310000013e+02 8.869055354220000709e+01 6.627215676190000693e+01
1.050895589120000029e-01 2.076949856929999894e-01 5.762525200259999841e-02 -4.130312989680000046e-01 -1.250528814879999970e+02 8.843608771089999721e+01 6.617250100610000629e+01
4.180736072440000006e-01 2.114048673239999898e-01 5.591356135940000333e-02 -4.152799413289999797e-01 -1.247641483069999992e+02 8.830296812400000306e+01 6.648910973300000649e+01
4.114928074509999756e-01 2.143571623449999908e-01 5.252818088419999865e-02 -4.130234387389999928e-01 -1.254914958800000022e+02 8.852352654999999970e+01 6.606102878449999594e+01
1.523666073870000026e-01 2.134595204770000088e-01 5.922734225600000124e-02 -4.164706452599999942e-01 -1.249877987050000030e+02 8.873404355680000322e+01 6.602168472840000391e+01
3.395379552719999805e-01 2.142671749550000004e-01 5.438990795919999843e-02 -4.132883824060000211e-01 -1.249315889819999938e+02 8.874672193920000041e+01 6.587893084179999903e+01
2.171453178989999899e-01 2.112046180740000112e-01 5.102761790109999751e-02 -4.120203909119999897e-01 -1.247970244729999933e+02 8.863342035809999686e+01 6.611212886180000226e+01
3.591813251159999831e-01 2.092586884819999937e-01 5.423931465100000071e-02 -4.093534420759999959e-01 -1.252467856239999975e+02 8.872417290539999613e+01 6.653835293230000048e+01
1.883025505819999890e-01 2.122503714500000027e-01 5.697604895229999716e-02 -4.150033786749999787e-01 -1.252065773140000005e+02 8.855454863830000534e+01 6.592130121210000482e+01
2.645670734969999827e-01 2.115887690340000071e-01 5.473325013279999735e-02 -4.101550739590000272e-01 -1.251753586570000039e+02 8.840728203129999940e+01 6.645481661350000024e+01
2.862011318250000103e-01 2.124376893970000013e-01 6.030847473849999807e-02 -4.104114613570000181e-01 -1.251440603279999948e+02 8.849007597879999309e+01 6.633773306140000159e+01
1.439772778700000033e-01 2.131917478470000127e-01 5.767692447609999717e-02 -4.076335143939999739e-01 -1.253882645350000047e+02 8.826203156489999913e+01 6.636853898649999906e+01
2.946654935219999993e-01 2.082259640509999954e-01 5.681555151360000167e-02 -4.077191944560000225e-01 -1.250494411899999960e+02 8.858318097939999802e+01 6.623176275900000576e+01
1.688815765470000008e+00 2.093640741899999991e-01 5.779805556889999751e-02 -4.131763963739999990e-01 -1.253714451449999956e+02 8.836362474630000463e+01 6.636744995200000119e+01
2.381800657139999944e-01 2.129908941429999869e-01 5.532997950080000005e-02 -4.140635361769999800e-01 -1.249825874959999936e+02 8.864898617709999940e+01 6.592492312619999950e+01
1.547778539770000017e-01 2.059262661529999983e-01 5.527655242389999807e-02 -4.116626000229999804e-01 -1.250034057369999942e+02 8.826741895639999314e+01 6.617075472930000046e+01
1.964444768220000026e-01 2.134262685399999915e-01 5.678668317700000245e-02 -4.096055643579999961e-01 -1.253391129289999952e+02 8.839712290650000170e+01 6.651319602190000069e+01
1.278132650069999932e-01 2.099059402289999987e-01 5.433315131739999831e-02 -4.129420887660000261e-01 -1.249476958300000007e+02 8.880345058359999655e+01 6.669543237870000496e+01
1.052588788780000062e-01 2.144676282649999877e-01 5.500484587289999894e-02 -4.136360645000000114e-01 -1.253292813709999933e+02 8.885862812349999729e+01 6.654015218210000171e+01
8.826678426359999552e-01 2.086882563559999959e-01 5.713749135920000166e-02 -4.095710267780000025e-01 -1.252159837850000059e+02 8.885959359950000191e+01 6.650642636499999583e+01
1.213897635380000034e-01 2.143676926849999997e-01 6.038206913880000276e-02 -4.102807600669999832e-01 -1.250358510679999995e+02 8.855196193960000528e+01 6.613352335279999750e+01
2.389225192449999924e-01 2.119123835539999945e-01 5.795914744550000053e-02 -4.157005530649999780e-01 -1.250589420700000005e+02 8.837564538739999875e+01 6.661960397629999875e+01
1.508210854200000006e-01 2.126952915779999898e-01 4.905401029320000106e-02 -4.087202743089999868e-01 -1.251501811220000064e+02 8.853856636250000633e+01 6.631233838929999536e+01
1.106601852090000060e-01 2.128531896260000000e-01 4.992025009449999745e-02 -4.089149252779999966e-01 -1.251791764379999989e+02 8.895585358959999667e+01 6.627997724179999750e+01
1.760003630470000080e-01 2.094542028939999911e-01 5.381976216320000228e-02 -4.153703364110000185e-01 -1.249190014840000060e+02 8.849509081889999607e+01 6.619587516560000040e+01
4.972156357740000199e-01 2.093329650709999934e-01 5.294524653539999653e-02 -4.156012138899999875e-01 -1.250770514149999997e+02 8.872557187489999819e+01 6.645737445880000394e+01
1.066434889750000059e-01 2.076320616579999945e-01 5.778146429310000026e-02 -4.144672644399999828e-01 -1.248450288819999940e+02 8.874646944229999690e+01 6.657642834269999810e+01
7.555623023169999453e-01 2.137116776240000071e-01 5.517715329600000190e-02 -4.141187249200000142e-01 -1.252446221040000012e+02 8.854299605520000682e+01 6.600837059939999563e+01
1.696238299820000073e+00 2.077048375530000102e-01 5.645418537130000164e-02 -4.085409867190000210e-01 -1.249750777940000006e+02 8.901069901789999506e+01 6.620617991529999813e+01
1.844370656440000034e-01 2.095664059269999879e-01 5.724933085839999797e-02 -4.129588433759999733e-01 -1.253083218959999954e+02 8.828053904639999416e+01 6.616522086659999502e+01
1.373805527660000025e-01 2.052539198939999920e-01 5.460266885679999904e-02 -4.152635206559999737e-01 -1.250257203510000039e+02 8.886970312370000613e+01 6.625471371060000081e+01
1.170164665160000061e-01 2.120473726169999906e-01 6.304004058529999455e-02 -4.120003170720000218e-01 -1.253193823120000019e+02 8.831223704869999835e+01 6.631566817009999681e+01
1.932814611889999978e-01 2.090249555700000039e-01 5.475439226159999756e-02 -4.140537369699999748e-01 -1.246752640760000048e+02 8.831998244220000061e+01 6.629196027220000076e+01
6.540075612879999944e+00 2.099334553789999891e-01 5.672691930470000199e-02 -4.195371191460000038e-01 -1.251212472819999988e+02 8.862500709809999933e+01 6.648724608080000564e+01
2.231006530300000124e-01 2.111159543580000131e-01 5.680521165400000128e-02 -4.085785552530000198e-01 -1.253048506190000069e+02 8.846806536350000272e+01 6.599728939080000600e+01
1.028527267170000065e-01 2.054377202999999874e-01 5.578046688080000315e-02 -4.095710266270000122e-01 -1.249171376329999958e+02 8.847207566779999866e+01 6.610964231670000402e+01
2.648630951859999860e-01 2.114053340220000132e-01 5.674659144909999925e-02 -4.097351539940000120e-01 -1.254582060869999935e+02 8.870189967929999852e+01 6.616055379050000340e+01
2.162401228289999866e-01 2.099125174760000101e-01 5.721257617650000321e-02 -4.133293528270000072e-01 -1.249943332459999965e+02 8.905064475989999551e+01 6.632149471740000024e+01
3.955574066890000129e+00 2.116228659809999968e-01 5.848356651040000076e-02 -4.091378475849999918e-01 -1.253205741569999958e+02 8.845494339030000219e+01 6.641494132219999358e+01
1.667327086429999938e-01 2.081540566560000083e-01 5.429515370790000128e-02 -4.138911011759999758e-01 -1.246458399579999963e+02 8.841949252889999400e+01 6.646440475490000210e+01
1.395054696789999882e-01 2.062763110270000033e-01 4.966205898639999838e-02 -4.110121959929999846e-01 -1.249830388019999958e+02 8.864495776820000117e+01 6.628254055589999894e+01
1.279427335530000098e-01 2.139034076709999954e-01 5.415533024610000301e-02 -4.134021298680000123e-01 -1.251153349650000024e+02 8.864949763939999627e+01 6.597380880869999942e+01
1.602470359269999867e-01 2.103488152990000137e-01 5.724175080360000001e-02 -4.069592151370000077e-01 -1.251215579800000057e+02 8.877660714309999435e+01 6.636241164669999648e+01
1.146152932700000016e-01 2.092170479079999978e-01 5.276361991439999788e-02 -4.134375747319999905e-01 -1.245409797690000033e+02 8.858497473100000263e+01 6.619469785089999903e+01
3.764029890939999956e-01 2.053438967929999970e-01 5.613381877189999730e-02 -4.091829424330000187e-01 -1.250739681310000009e+02 8.851255484550000574e+01 6.656328218129999641e+01
1.359339069290000090e-01 2.148003464630000026e-01 5.759261421220000093e-02 -4.136311692890000113e-01 -1.248486031160000067e+02 8.855155422350000549e+01 6.640613771220000672e+01
1.050036926359999984e-01 2.151215406170000066e-01 5.646537285580000010e-02 -4.158538512000000131e-01 -1.249174437629999943e+02 8.888063732659999516e+01 6.638685579069999676e+01
1.361528071379999871e-01 2.067541314770000027e-01 5.767433103349999673e-02 -4.142986363100000236e-01 -1.249061521579999976e+02 8.864374373319999734e+01 6.628185158510000008e+01
2.031693547919999898e-01 2.125691221430000000e-01 5.578126807340000326e-02 -4.144617110389999803e-01 -1.253386666370000029e+02 8.880798133769999936e+01 6.605780554780000102e+01
2.388626905200000039e-01 2.108438623949999979e-01 5.636155584980000188e-02 -4.127887567999999896e-01 -1.248661008520000024e+02 8.888164581460000591e+01 6.603762752640000144e+01
3.015558766299999971e-01 2.123706025350000082e-01 6.091838951680000197e-02 -4.175418429659999986e-01 -1.248921653069999991e+02 8.849560898299999678e+01 6.626951938310000401e+01
1.607777948880000085e-01 2.088075479150000024e-01 5.889308382350000315e-02 -4.162707156050000079e-01 -1.247661804979999971e+02 8.874691642560000560e+01 6.634106654679999338e+01
1.310086190480000135e-01 2.089049405689999972e-01 5.292932914379999687e-02 -4.178204260680000171e-01 -1.249673878910000013e+02 8.877724519369999712e+01 6.613079853280000009e+01
4.694506155040000239e-01 2.121413988489999902e-01 5.832364245209999826e-02 -4.096358383750000054e-01 -1.247398185800000050e+02 8.881380235929999856e+01 6.614360075979999465e+01
1.014573706650000046e-01 2.100752599769999951e-01 5.405780945360000311e-02 -4.121969570399999783e-01 -1.251171711490000007e+02 8.865347307669999566e+01 6.655924594980000109e+01
1.922044339129999890e-01 2.136555735810000134e-01 5.584093645510000009e-02 -4.136340851290000176e-01 -1.254282615359999937e+02 8.889977124669999853e+01 6.623676681349999740e+01
1.016661163099999987e-01 2.144816627560000022e-01 5.336166964379999988e-02 -4.091276453759999931e-01 -1.253241001479999994e+02 8.862407430999999747e+01 6.634461751019999554e+01
1.306213814249999883e-01 2.147525314479999947e-01 5.001623177799999903e-02 -4.133235146620000133e-01 -1.250026983000000058e+02 8.858082544369999312e+01 6.622831251549999365e+01
1.961837661030000068e-01 2.147660982500000093e-01 5.203782681019999967e-02 -4.106578103360000176e-01 -1.249117775010000031e+02 8.866798375019999412e+01 6.623868298729999537e+01
1.097220711759999967e-01 2.072165381080000035e-01 5.329420260139999810e-02 -4.099925194249999794e-01 -1.247337756630000030e+02 8.889346467750000613e+01 6.642007690180000168e+01
1.727331789379999982e-01 2.083109530729999881e-01 6.075906340239999731e-02 -4.163664507670000181e-01 -1.251070973810000027e+02 8.864157960119999302e+01 6.636816197890000524e+01
1.495766424040000098e-01 2.139220525880000112e-01 6.140730419189999872e-02 -4.088130857939999974e-01 -1.252767285000000044e+02 8.857662381309999944e+01 6.607846207330000254e+01
2.177345290669999989e-01 2.067440594839999868e-01 5.792110181690000165e-02 -4.063344409519999978e-01 -1.250505316779999987e+02 8.865965016890000072e+01 6.643626584310000283e+01
1.173368584610000043e-01 2.143943668299999883e-01 5.581584078279999694e-02 -4.100645797410000237e-01 -1.249189887940000006e+02 8.868401307320000626e+01 6.649903349960000298e+01
1.296446988330000050e-01 2.042863006889999999e-01 5.503901773029999667e-02 -4.167241137070000212e-01 -1.249011771990000028e+02 8.872264897229999292e+01 6.619298290199999713e+01
1.106194647329999947e-01 2.111606685050000098e-01 5.738661466759999857e-02 -4.094324229319999953e-01 -1.253666796180000063e+02 8.871713999749999857e+01 6.624903443600000230e+01
3.056375854169999795e-01 2.144565231099999913e-01 5.902164041499999986e-02 -4.101148976030000171e-01 -1.255179252319999961e+02 8.879090657689999944e+01 6.638483406439999612e+01
1.048047729870000000e-01 2.158662634719999973e-01 6.089874358510000141e-02 -4.122020885050000083e-01 -1.250159509799999995e+02 8.828716700920000449e+01 6.599496179589999656e+01
1.395308522469999868e-01 2.113519313830000135e-01 6.363446063170000166e-02 -4.078920551790000126e-01 -1.252404927270000030e+02 8.852361960330000556e+01 6.623611887149999689e+01
1.319918373410000068e-01 2.136596957949999931e-01 5.401963570630000100e-02 -4.064273941200000073e-01 -1.252255149580000051e+02 8.885559861059999776e+01 6.656047737020000454e+01
2.813068276790000044e-01 2.111187739120000129e-01 5.700407456190000055e-02 -4.133951501670000139e-01 -1.246508488150000034e+02 8.842162298140000587e+01 6.639566259260000436e+01
1.132536323340000095e+00 2.132039051799999863e-01 5.547539536840000174e-02 -4.092952242869999924e-01 -1.251442994209999995e+02 8.891732806630000141e+01 6.597420687960000407e+01
1.716783058459999955e-01 2.147620682149999904e-01 5.831595581429999814e-02 -4.138207301110000125e-01 -1.248826887950000071e+02 8.853100956839999469e+01 6.616865662520000058e+01
1.851188492670000074e-01 2.140602761500000062e-01 6.013225322819999719e-02 -4.077805875539999847e-01 -1.250387692150000021e+02 8.863885740220000287e+01 6.645255553549999661e+01
1.134532613719999999e-01 2.095884191429999988e-01 5.687615607479999669e-02 -4.107045744009999999e-01 -1.249565547450000054e+02 8.861584089400000153e+01 6.661828566980000232e+01
2.017126497229999871e-01 2.099652752750000018e-01 6.178282997350000028e-02 -4.132567930400000145e-01 -1.249959034970000005e+02 8.841824566809999908e+01 6.618434257369999330e+01
1.689089090130000137e-01 2.101669669679999963e-01 5.419477310720000052e-02 -4.158928235550000130e-01 -1.248331949850000058e+02 8.844902059339999312e+01 6.622518332970000188e+01
5.748880609580000467e-01 2.141145112700000019e-01 5.611249351400000168e-02 -4.108383560050000161e-01 -1.251039143090000039e+02 8.849383298649999574e+01 6.603373107509999329e+01
1.142213848649999974e-01 2.005346097260000127e-01 5.489579732089999720e-02 -4.129763791020000241e-01 -1.248320517169999988e+02 8.881036331890000213e+01 6.652796371389999308e+01
1.387263153799999926e-01 2.110588617190000127e-01 5.657811822980000210e-02 -4.126965268169999757e-01 -1.251538764040000018e+02 8.882747494379999864e+01 6.624938641689999486e+01
1.454167233520000102e-01 2.096162431630000100e-01 5.435043617279999850e-02 -4.121730228200000123e-01 -1.250300109949999978e+02 8.817356123339999385e+01 6.645146151870000040e+01
5.733139787859999892e-01 2.100359661389999966e-01 5.434398065760000229e-02 -4.079659974479999951e-01 -1.250936016489999929e+02 8.831385058060000404e+01 6.641043148309999822e+01
1.002571143910000045e-01 2.078683178849999869e-01 5.718487161099999883e-02 -4.110505650199999805e-01 -1.251861115229999939e+02 8.842011196260000361e+01 6.676050486840000531e+01
1.897135279000000119e-01 2.133490113710000136e-01 6.109947004969999707e-02 -4.099092716759999977e-01 -1.253209803160000035e+02 8.835341511389999880e+01 6.614325938819999351e+01
1.201478192390000033e-01 2.156241091459999981e-01 5.529576346139999932e-02 -4.123600480260000145e-01 -1.248611043920000014e+02 8.863251768390000507e+01 6.601235850439999808e+01
8.617128887449999608e-01 2.072430485089999941e-01 5.817947984099999803e-02 -4.119081611579999969e-01 -1.250121395400000068e+02 8.820377615760000367e+01 6.630761779719999538e+01
1.000413263680000053e-01 2.121582388450000134e-01 4.679327211860000169e-02 -4.134930965549999948e-01 -1.250233864500000038e+02 8.879386442019999492e+01 6.612858839029999558e+01
1.468274321030000051e-01 2.120826015379999874e-01 5.877926125840000210e-02 -4.121111842549999849e-01 -1.252332356940000011e+02 8.839149363069999765e+01 6.615318863199999555e+01
1.735394045360000026e-01 2.138692621580000064e-01 5.535638802659999941e-02 -4.139607637230000026e-01 -1.254668944659999994e+02 8.882770900010000048e+01 6.623784390839999503e+01
1.114732586629999939e-01 2.099626826409999869e-01 5.742751594460000081e-02 -4.145293061559999770e-01 -1.249786683490000030e+02 8.872637509060000127e+01 6.606952012130000185e+01
5.554378545579999882e-01 2.099280092140000109e-01 5.389776873160000148e-02 -4.114331319180000168e-01 -1.255250128539999963e+02 8.850096717940000701e+01 6.608766365060000680e+01
1.486889971110000042e-01 2.128282988970000011e-01 5.971328452059999903e-02 -4.151971403940000194e-01 -1.249749503639999944e+02 8.850587783490000504e+01 6.655831599530000631e+01
3.893717032649999799e-01 2.124883137240000108e-01 4.976655689920000264e-02 -4.124180410989999879e-01 -1.253041752980000041e+02 8.898887217019999696e+01 6.655140411870000605e+01
6.318300470630000554e-01 2.109154659889999894e-01 5.513341821730000092e-02 -4.101480456359999915e-01 -1.252929318230000035e+02 8.877379715329999499e+01 6.617510837300000048e+01
3.814271617810000015e-01 2.068069307859999872e-01 5.617311338250000063e-02 -4.077815112140000253e-01 -1.252742880769999942e+02 8.874765730999999391e+01 6.658404988489999710e+01
1.689988433300000092e-01 2.118994679900000067e-01 6.177791626819999909e-02 -4.120719683399999833e-01 -1.252111620740000006e+02 8.865461113460000320e+01 6.646001946750000400e+01
1.699584714269999908e-01 2.085948888970000081e-01 5.884262138659999974e-02 -4.141590591600000093e-01 -1.253409254320000059e+02 8.865819239510000216e+01 6.635447190579999699e+01
1.137724839820000028e-01 2.041300735740000094e-01 5.691048093400000174e-02 -4.071562127289999888e-01 -1.252155648109999930e+02 8.868850809379999589e+01 6.630048531059999561e+01
1.454302822770000003e-01 2.121095023590000017e-01 5.406022802390000187e-02 -4.117152461879999836e-01 -1.252025420869999977e+02 8.904305973200000324e+01 6.650222248800000102e+01
1.485484086989999897e-01 2.058538165169999934e-01 5.275635808419999739e-02 -4.094365887559999750e-01 -1.248396473939999964e+02 8.885381235990000448e+01 6.642484137789999465e+01
1.738739230449999895e-01 2.023963303090000054e-01 5.230517917029999658e-02 -4.125003666459999829e-01 -1.247979314570000042e+02 8.867850637850000339e+01 6.645126461549999419e+01
1.565108331989999990e-01 2.086068710569999873e-01 5.972814463969999821e-02 -4.096266043430000225e-01 -1.249602113979999984e+02 8.838958154819999891e+01 6.606505126759999769e+01
6.638488352570000028e-01 2.102045195189999882e-01 5.267187338260000129e-02 -4.159396730900000172e-01 -1.250914021389999959e+02 8.885573491159999548e+01 6.659968261870000106e+01
1.194093426380000017e-01 2.095734977260000076e-01 6.101075291210000112e-02 -4.116249548709999817e-01 -1.250587694200000044e+02 8.843758376030000079e+01 6.621863597630000697e+01
1.029392518260000000e-01 2.113650710570000035e-01 5.530964961950000230e-02 -4.115726921730000210e-01 -1.254037884079999969e+02 8.877462853699999812e+01 6.668949191340000482e+01
1.170545404690000041e-01 2.084468719589999963e-01 5.644028526560000009e-02 -4.081117021289999980e-01 -1.248621909369999941e+02 8.849411037430000704e+01 6.642006645959999389e+01
8.471389394580000065e-01 2.129517709039999984e-01 5.587169405899999886e-02 -4.113909851329999867e-01 -1.253399656060000069e+02 8.824854807529999334e+01 6.624918946789999552e+01
1.177573138979999962e-01 2.126543670509999928e-01 5.644729534930000014e-02 -4.131823863619999981e-01 -1.248263306369999981e+02 8.871985125209999978e+01 6.608715454900000452e+01
1.408907485860000086e-01 2.083075202249999869e-01 5.239231043320000114e-02 -4.159848729549999735e-01 -1.249114384140000027e+02 8.869279669399999477e+01 6.665362847679999447e+01
2.159787530529999888e-01 2.071233115999999985e-01 5.025485266949999974e-02 -4.106068940859999850e-01 -1.251522913860000017e+02 8.898340049649999628e+01 6.650627777840000476e+01
2.161930169500000165e+00 2.118228791120000121e-01 5.381618245849999899e-02 -4.156074211299999877e-01 -1.251825933359999965e+02 8.886025490170000296e+01 6.623397102929999392e+01
2.501506027770000196e-01 2.112585161149999891e-01 5.702362136490000261e-02 -4.134672653720000146e-01 -1.249574818330000028e+02 8.859802605069999970e+01 6.620328512560000433e+01
1.165607673780000020e-01 2.116296735559999864e-01 5.636730070169999884e-02 -4.109258561820000044e-01 -1.252819103820000066e+02 8.833086392859999592e+01 6.649857438339999760e+01
2.388939531510000103e-01 2.107718579329999897e-01 5.507496809779999919e-02 -4.074786780160000177e-01 -1.253503221450000069e+02 8.881233409089999498e+01 6.601554746109999883e+01
1.418227415880000120e-01 2.146664678980000074e-01 5.652026322869999758e-02 -4.107827100190000191e-01 -1.252008538409999971e+02 8.884861812260000136e+01 6.604116283870000359e+01
1.002373549429999983e-01 2.101927552600000026e-01 5.899620967029999691e-02 -4.118496524999999964e-01 -1.250649173590000061e+02 8.839475932429999716e+01 6.596482961280000268e+01
1.098056616930000035e-01 2.098992282569999979e-01 5.331158652199999987e-02 -4.062765373639999900e-01 -1.251220431950000034e+02 8.879461873779999337e+01 6.614921998910000411e+01
1.415815457329999971e-01 2.097975272969999916e-01 5.903622202049999684e-02 -4.122392274410000002e-01 -1.253100266339999962e+02 8.893997664760000532e+01 6.657719860330000472e+01
5.352873082179999686e-01 2.156282724019999986e-01 5.014718850629999725e-02 -4.141157976400000051e-01 -1.252080139659999958e+02 8.877998589009999364e+01 6.610482253280000009e+01
1.136707718470000017e-01 2.110990337739999945e-01 5.845317206839999863e-02 -4.076760001270000044e-01 -1.251539844659999972e+02 8.850553153529999406e+01 6.610139838179999572e+01
1.611893794320000128e-01 2.134218483589999937e-01 5.729108911990000302e-02 -4.110011267079999864e-01 -1.249914775649999967e+02 8.862268237119999981e+01 6.603553895070000124e+01
1.436909339349999870e-01 2.099238177599999922e-01 5.561949259170000104e-02 -4.136586959119999962e-01 -1.252839887989999994e+02 8.865691020440000614e+01 6.612472470240000177e+01
4.831368835589999744e-01 2.056178571099999963e-01 5.704027862459999654e-02 -4.129958983779999926e-01 -1.250070909180000029e+02 8.854809827840000480e+01 6.627249796610000487e+01
3.257643295120000171e-01 2.148524475209999951e-01 5.742160630300000013e-02 -4.093886591209999759e-01 -1.254056845279999948e+02 8.846055555949999416e+01 6.613554716209999640e+01
2.976891963330000057e-01 2.094562865800000118e-01 5.576125051630000107e-02 -4.131528053640000087e-01 -1.251395390210000045e+02 8.825988028010000619e+01 6.663629106390000345e+01
1.505801897219999907e-01 2.103184402780000073e-01 5.456723938650000216e-02 -4.085259582799999900e-01 -1.254631071280000043e+02 8.875240677169999515e+01 6.659150180400000352e+01
2.468846923030000029e-01 2.113148077929999924e-01 6.109247099699999933e-02 -4.081229264680000246e-01 -1.250735292730000054e+02 8.844305966279999609e+01 6.636173844229999474e+01
1.143532647559999949e-01 2.162601412429999981e-01 5.959873032190000225e-02 -4.117003180459999911e-01 -1.251080775460000041e+02 8.864450020840000377e+01 6.613562052679999681e+01
1.494722860219999949e-01 2.081001804150000023e-01 5.778598275449999683e-02 -4.124892821589999925e-01 -1.247292724240000013e+02 8.867856371749999767e+01 6.634357379600000115e+01
1.865336429879999869e-01 2.080496460400000081e-01 5.234965651859999763e-02 -4.138127995929999914e-01 -1.250408672009999975e+02 8.877738120349999917e+01 6.645404475940000566e+01
1.069108743509999959e-01 2.054898768729999936e-01 5.698509068709999709e-02 -4.110672678339999941e-01 -1.251841001589999962e+02 8.879672487599999897e+01 6.672280587660000606e+01
7.174562188180000355e+00 2.137234459200000047e-01 5.275980677569999666e-02 -4.088337126759999940e-01 -1.250561125739999966e+02 8.848375245059999372e+01 6.624443808040000192e+01
3.489476267519999730e-01 2.080229526390000028e-01 5.621659754700000095e-02 -4.153225936880000080e-01 -1.250187156230000056e+02 8.889277246679999678e+01 6.597897690439999963e+01
1.077517286659999962e-01 2.107189544839999928e-01 5.760402626330000248e-02 -4.098857674490000158e-01 -1.253739727420000065e+02 8.894449923889999354e+01 6.606832827370000416e+01
3.274924376930000158e-01 2.149865004560000126e-01 5.960300493589999749e-02 -4.095692379490000201e-01 -1.252303331960000037e+02 8.851465254839999375e+01 6.606007843119999734e+01
4.287867153170000223e-01 2.086645056610000049e-01 5.064870987870000174e-02 -4.086867928019999874e-01 -1.253034059619999994e+02 8.873177305750000698e+01 6.626586251839999875e+01
2.794144193299999968e-01 2.104113330429999984e-01 5.112962107189999994e-02 -4.165191966490000008e-01 -1.251115624060000044e+02 8.884553488010000422e+01 6.639975576390000356e+01
1.296540336650000014e-01 2.100361863859999956e-01 5.574776569920000119e-02 -4.174173542240000034e-01 -1.253066781849999956e+02 8.874330443739999907e+01 6.608371362149999584e+01
2.138936129039999967e-01 2.094977728659999927e-01 5.597344251479999949e-02 -4.106460026279999953e-01 -1.255403589029999978e+02 8.835519135939999558e+01 6.633656777989999398e+01
1.041202562060000031e-01 2.132211266000000049e-01 5.234571503439999773e-02 -4.111218104000000095e-01 -1.252073764529999949e+02 8.875212077550000345e+01 6.652537047539999548e+01
5.159919226939999604e-01 2.105450336330000061e-01 5.982375182800000329e-02 -4.126523007649999797e-01 -1.252300626990000012e+02 8.837976376230000142e+01 6.601320045040000650e+01
1.469805997159999988e-01 2.065131595140000109e-01 5.929038632969999695e-02 -4.091977047820000157e-01 -1.250117454579999929e+02 8.822660644990000378e+01 6.626693965520000518e+01
2.037219203629999920e-01 2.109287234530000110e-01 5.590168577929999910e-02 -4.154658715530000213e-01 -1.252359120219999937e+02 8.873835733399999981e+01 6.590851722310000582e+01
1.018135051120000051e-01 2.134818395729999874e-01 5.694110360580000030e-02 -4.124858411580000217e-01 -1.250283832700000062e+02 8.864721469680000610e+01 6.643421904509999365e+01
1.092536313559999972e-01 2.129141487329999916e-01 5.389865083360000086e-02 -4.151241989109999975e-01 -1.250731150289999931e+02 8.862239051880000318e+01 6.646172064149999414e+01
4.684003453300000230e-01 2.064820188700000059e-01 5.611030582340000017e-02 -4.111149932300000032e-01 -1.251497778100000033e+02 8.828873006620000297e+01 6.662265629949999379e+01
1.165871890190000038e-01 2.101786908549999888e-01 5.492817897939999972e-02 -4.171921199210000264e-01 -1.250298167539999952e+02 8.852452775810000674e+01 6.651761144949999505e+01
3.825058994039999827e-01 2.088190325289999982e-01 5.260182459860000131e-02 -4.142979294949999947e-01 -1.248061261400000035e+02 8.900269819460000065e+01 6.604717357330000027e+01
2.558440628670000105e+00 2.125320835099999972e-01 5.434651717539999705e-02 -4.142577029139999922e-01 -1.252483491229999970e+02 8.858904235740000388e+01 6.581935185849999925e+01
1.559652211299999980e-01 2.081292025039999938e-01 5.669547287070000191e-02 -4.122054006649999991e-01 -1.250598495960000065e+02 8.883540011319999508e+01 6.627862010009999949e+01
1.214943891549999933e-01 2.124783046840000023e-01 5.701068098999999972e-02 -4.094521712359999732e-01 -1.249836967560000005e+02 8.871195861120000359e+01 6.607904131639999434e+01
1.056918411459999985e-01 2.058288993250000087e-01 5.845676286180000181e-02 -4.136628786100000066e-01 -1.247811014809999932e+02 8.858756195120000143e+01 6.642277777399999650e+01
2.144868081380000013e-01 2.097609359020000119e-01 5.616143410849999684e-02 -4.093996957600000153e-01 -1.250296539419999959e+02 8.876556221990000495e+01 6.633459633210000561e+01
1.077213607240000010e-01 2.120447256300000138e-01 5.249394901420000037e-02 -4.055230959910000044e-01 -1.252584926459999934e+02 8.896359604209999361e+01 6.634417054620000442e+01
2.731974815479999985e-01 2.134285361029999994e-01 5.768736976919999759e-02 -4.105207818300000144e-01 -1.251398435269999965e+02 8.811935377010000536e+01 6.608013060870000288e+01
3.355258173539999689e+01 2.092101174659999896e-01 5.554252778270000329e-02 -4.136071165790000115e-01 -1.248821202719999945e+02 8.877904884800000218e+01 6.650226722220000397e+01
1.039875695300000041e-01 2.161859636269999885e-01 5.917780754230000245e-02 -4.038738224919999897e-01 -1.252684614490000001e+02 8.863869034770000610e+01 6.616934889149999321e+01
1.319583330540000099e-01 2.123688219450000081e-01 5.678334863259999754e-02 -4.122737700670000005e-01 -1.252090288849999951e+02 8.830034235130000297e+01 6.591827946729999610e+01
3.374489420630000236e-01 2.123235289310000107e-01 5.540362779489999695e-02 -4.130357304139999908e-01 -1.253165025960000065e+02 8.849511352080000393e+01 6.616673603140000637e+01
2.151716964229999918e-01 2.072199797060000070e-01 5.835887486320000261e-02 -4.088200720340000038e-01 -1.250276788959999976e+02 8.864005962390000093e+01 6.648515123170000152e+01
6.438453355100000053e-01 2.092938472039999886e-01 5.089973384689999714e-02 -4.116149609629999873e-01 -1.249955699979999935e+02 8.892986773469999662e+01 6.638081519399999308e+01
1.452477951529999867e-01 2.114293653679999996e-01 6.224590850160000022e-02 -4.084724111809999725e-01 -1.251936132820000012e+02 8.871531972750000250e+01 6.617077641599999538e+01
6.687448133679999573e-01 2.149909983370000000e-01 5.730939801050000115e-02 -4.119393855949999850e-01 -1.253402651960000043e+02 8.853525487340000666e+01 6.594457000459999563e+01
1.482900298740000011e-01 2.105658414519999966e-01 5.649231781499999827e-02 -4.156527620200000106e-01 -1.251560500859999934e+02 8.873742018459999770e+01 6.637151372770000535e+01
1.032097242830000011e-01 2.083542456699999934e-01 5.633359106969999808e-02 -4.080674121419999856e-01 -1.248533641450000005e+02 8.866945201250000252e+01 6.640702224819999344e+01
4.534624358350000106e-01 2.121512833870000114e-01 5.421948125030000287e-02 -4.104058851519999940e-01 -1.254050198270000038e+02 8.869504819159999442e+01 6.627764137440000525e+01
3.645224090679999862e-01 2.090001034629999921e-01 5.392472853139999855e-02 -4.111572770320000014e-01 -1.254155802629999954e+02 8.898636554210000327e+01 6.623885393979999492e+01
2.276231833609999866e-01 2.093848541009999953e-01 5.565565682430000105e-02 -4.126532512369999739e-01 -1.245479149039999953e+02 8.845238361559999873e+01 6.604706501760000492e+01
1.042629886090000041e-01 2.114337003200000009e-01 5.741367476979999940e-02 -4.164272524539999742e-01 -1.249519565119999953e+02 8.867526222530000268e+01 6.597093648620000295e+01
3.283385652620000039e-01 2.097655817970000003e-01 5.617802425480000056e-02 -4.111406262880000217e-01 -1.255002090750000008e+02 8.849867894240000510e+01 6.637183453590000681e+01
1.151816818699999967e-01 2.134623412670000053e-01 5.933014525440000186e-02 -4.136480940480000146e-01 -1.249651213890000037e+02 8.830624566609999704e+01 6.598916723579999655e+01
2.974000001800000126e-01 2.127915206469999931e-01 5.523609194589999827e-02 -4.124988726850000176e-01 -1.255617359689999972e+02 8.878373346739999761e+01 6.646893075340000223e+01
2.211825083869999875e-01 2.093623288800000037e-01 6.016522202220000309e-02 -4.107689028920000207e-01 -1.251787887509999990e+02 8.837513034360000574e+01 6.596345335259999842e+01
3.564249491450000029e-01 2.074098116210000009e-01 5.743362088130000292e-02 -4.116118775629999949e-01 -1.253038306960000057e+02 8.840667278649999616e+01 6.599304759199999637e+01
2.006809813650000107e-01 2.098496316300000053e-01 5.833932653010000247e-02 -4.114027901269999843e-01 -1.250101548960000031e+02 8.909738210490000654e+01 6.610230956910000089e+01
9.920936196190000000e-01 2.094864953310000000e-01 5.452204448839999967e-02 -4.110622551679999903e-01 -1.246785739059999969e+02 8.840676675240000293e+01 6.634861731070000701e+01
1.001294236590000025e-01 2.139565406420000093e-01 5.738093702290000125e-02 -4.173261611860000220e-01 -1.248706793030000028e+02 8.864089184709999358e+01 6.644231297320000351e+01
5.241870188949999676e-01 2.164718767409999911e-01 5.681885175749999684e-02 -4.087872395950000182e-01 -1.252113852089999995e+02 8.869726654769999641e+01 6.637327294520000009e+01
1.282454942600000092e-01 2.078064265519999898e-01 5.470798847870000231e-02 -4.136031815069999840e-01 -1.251254580260000040e+02 8.900869955609999806e+01 6.616966350149999698e+01
1.407279861200000093e-01 2.077993229550000043e-01 6.357462540670000273e-02 -4.114639092119999897e-01 -1.250271128029999943e+02 8.831273741799999755e+01 6.640667741059999685e+01
1.783518639849999976e-01 2.117356209450000082e-01 5.472652654569999664e-02 -4.169105504710000076e-01 -1.253749084309999944e+02 8.889138796219999961e+01 6.610312260599999945e+01
2.892744877569999873e-01 2.126241321169999865e-01 5.913882482610000046e-02 -4.154242741840000197e-01 -1.251004334619999980e+02 8.856487000830000511e+01 6.614918258059999800e+01
2.613730672619999917e-01 2.101073610299999950e-01 5.742782810739999882e-02 -4.128849693430000078e-01 -1.248129154479999983e+02 8.902422813980000171e+01 6.615745676820000654e+01
1.045440592580000050e-01 2.103150035140000096e-01 5.929770147650000045e-02 -4.163637326390000060e-01 -1.251620874660000027e+02 8.848726924890000589e+01 6.631945963249999920e+01
1.030732528420000016e-01 2.063920794940000136e-01 5.517647285680000319e-02 -4.103907096339999838e-01 -1.250283925079999960e+02 8.862362562890000106e+01 6.622125983409999606e+01
1.659518504789999904e-01 2.124348859819999991e-01 6.259060616440000058e-02 -4.118374208430000127e-01 -1.251314025469999933e+02 8.831911672770000621e+01 6.648321526419999827e+01
1.081521067169999989e-01 2.127933163800000138e-01 5.706668339200000190e-02 -4.125673427059999843e-01 -1.253897673470000029e+02 8.813520404429999644e+01 6.633123588150000671e+01
1.257501043910000116e-01 2.151497697230000117e-01 5.442528009570000297e-02 -4.097729137050000192e-01 -1.252088583350000022e+02 8.872733383950000530e+01 6.608896410100000196e+01
4.443877491429999993e-01 2.104002865090000007e-01 5.333240401670000241e-02 -4.091546463479999729e-01 -1.253018072060000065e+02 8.858516112270000065e+01 6.636810402659999397e+01
1.042736622730000007e-01 2.076215348350000101e-01 4.960434132429999976e-02 -4.088309267949999937e-01 -1.250784889880000037e+02 8.902614019179999616e+01 6.637307229069999437e+01
1.284804728879999913e-01 2.043868869999999893e-01 6.307700779750000097e-02 -4.087303152230000181e-01 -1.248467771629999987e+02 8.836956463159999942e+01 6.647303214439999408e+01
1.798887205849999948e-01 2.132122329109999992e-01 5.117724856679999740e-02 -4.089992167689999736e-01 -1.251438257819999933e+02 8.858252812690000155e+01 6.620042013520000523e+01
2.324600220470000034e-01 2.104223809059999895e-01 6.004560340029999749e-02 -4.209681168150000152e-01 -1.249598331450000046e+02 8.834439817930000061e+01 6.634086235649999708e+01
2.349324900260000015e-01 2.088973464539999880e-01 5.625534462929999979e-02 -4.152979199590000059e-01 -1.249141368479999983e+02 8.896383941310000409e+01 6.657369414730000301e+01
1.118808092729999953e-01 2.066562953730000096e-01 5.523108751139999689e-02 -4.108632803189999905e-01 -1.250188260810000003e+02 8.867255166190000182e+01 6.608910034660000576e+01
5.561079050660000078e+00 2.140801707340000137e-01 5.686757290100000195e-02 -4.119172938149999741e-01 -1.251867804040000038e+02 8.867528005939999503e+01 6.594026817770000548e+01
1.003109440089999943e-01 2.117757023540000061e-01 5.418158213129999762e-02 -4.111550073049999865e-01 -1.252694816049999957e+02 8.835993000380000240e+01 6.621647619850000410e+01
1.188298884139999956e-01 2.128483447719999866e-01 6.265405736260000469e-02 -4.090499230610000203e-01 -1.250062280100000009e+02 8.864881178170000453e+01 6.632363711979999721e+01
4.027407491650000226e-01 2.117075364279999983e-01 5.438966202940000161e-02 -4.126327295200000189e-01 -1.254111945479999974e+02 8.840232330409999406e+01 6.604499311169999487e+01
1.052512135460000053e-01 2.097029466470000103e-01 5.601991339799999858e-02 -4.110086778559999821e-01 -1.248283195540000037e+02 8.850162895210000613e+01 6.631168594609999900e+01
2.914303459379999905e-01 2.141111598100000069e-01 5.423827266790000323e-02 -4.137426806400000268e-01 -1.248970435119999962e+02 8.898850947690000623e+01 6.606850279539999349e+01
3.343930274329999786e-01 2.102303225659999941e-01 5.894097538740000058e-02 -4.117871485490000039e-01 -1.248827836610000048e+02 8.874563472769999350e+01 6.636612628049999785e+01
1.811771469500000065e-01 2.101650119629999980e-01 5.567099580439999890e-02 -4.103126690789999920e-01 -1.253575127470000012e+02 8.837493543620000480e+01 6.631529554239999413e+01
1.149476122290000041e-01 2.099862583000000060e-01 5.637914558680000299e-02 -4.104705386890000196e-01 -1.251484107520000038e+02 8.894810770639999475e+01 6.666809324070000287e+01
2.899876351200000091e+00 2.078474297050000030e-01 5.075998724970000320e-02 -4.098614143159999834e-01 -1.249979320420000022e+02 8.890454623760000175e+01 6.634874998230000642e+01
4.623380483930000229e-01 2.076171005430000049e-01 6.059417089960000141e-02 -4.108856650039999781e-01 -1.251647094190000047e+02 8.836350409610000156e+01 6.664207777229999863e+01
1.291430908270000122e-01 2.105712718159999941e-01 5.297858016450000124e-02 -4.109201439440000048e-01 -1.250738563639999938e+02 8.904316384889999370e+01 6.628641042019999929e+01
1.398050722489999897e-01 2.102853779169999993e-01 5.685925857770000175e-02 -4.112574087249999955e-01 -1.253831930839999984e+02 8.856845026729999404e+01 6.609394826359999797e+01
1.338290452170000089e+00 2.093056194100000045e-01 5.669990795439999731e-02 -4.080840981159999936e-01 -1.248557547300000010e+02 8.855779814180000642e+01 6.618826352879999320e+01
4.582029973260000055e-01 2.110759532239999958e-01 5.360821966399999944e-02 -4.144475013500000249e-01 -1.252485343780000022e+02 8.884260684090000382e+01 6.622260981060000518e+01
1.316014653889999997e-01 2.151747526070000027e-01 5.094670457110000300e-02 -4.157325056469999836e-01 -1.250270093219999978e+02 8.865699445159999925e+01 6.605509380190000002e+01
1.079428638219999959e-01 2.105373080490000048e-01 5.889566785329999887e-02 -4.129123588029999792e-01 -1.251109002160000045e+02 8.862378195370000356e+01 6.610640217179999922e+01
1.246952163349999976e-01 2.098333112509999931e-01 5.810470611020000092e-02 -4.106047162450000010e-01 -1.249765251959999972e+02 8.855045328520000680e+01 6.650141668809999373e+01
1.224203471290000039e-01 2.132090805609999917e-01 5.597408948850000204e-02 -4.131209672380000142e-01 -1.255963932439999979e+02 8.845022756150000021e+01 6.616601557490000118e+01
1.109182224879999984e-01 2.088728900140000011e-01 5.575789445439999908e-02 -4.174883310590000174e-01 -1.250477376209999960e+02 8.865279470999999489e+01 6.617769271189999358e+01
2.647099023949999741e-01 2.140608760390000087e-01 4.968916811299999708e-02 -4.093915578419999868e-01 -1.253227390170000035e+02 8.886165188629999534e+01 6.636301584519999608e+01
1.197523041250000003e-01 2.111295860190000040e-01 5.402272428819999972e-02 -4.116191611800000261e-01 -1.250839486400000027e+02 8.868660542450000150e+01 6.642700523470000462e+01
3.421205423850000038e-01 2.103211519019999864e-01 6.149812445640000236e-02 -4.141725453669999890e-01 -1.249525802809999959e+02 8.819820677079999882e+01 6.617155445509999367e+01
1.082942977069999979e-01 2.114293555270000124e-01 5.503242927210000301e-02 -4.156991521069999806e-01 -1.254248191719999994e+02 8.878104138349999630e+01 6.657977042349999408e+01
1.064511063849999939e-01 2.117282567659999892e-01 5.826042302759999736e-02 -4.098975618510000141e-01 -1.249855868789999960e+02 8.849901207560000671e+01 6.607159229750000407e+01
1.818229574409999938e-01 2.080944609170000126e-01 5.408373917630000111e-02 -4.088855317389999966e-01 -1.254666731589999955e+02 8.870795944179999992e+01 6.624799102880000135e+01
3.637127259010000113e-01 2.116666089199999989e-01 6.012639833660000238e-02 -4.088066828790000162e-01 -1.250531271299999929e+02 8.860692725049999297e+01 6.603993466320000039e+01
1.336854387020000035e-01 2.085692293630000138e-01 5.657170266909999912e-02 -4.092248321799999977e-01 -1.250354426779999955e+02 8.866367511459999662e+01 6.643085688140000400e+01
1.997040063799999932e-01 2.137494266049999869e-01 5.507285053100000050e-02 -4.163966247179999858e-01 -1.251875591489999948e+02 8.870803041029999747e+01 6.640280251929999622e+01
1.441233578780000135e-01 2.105565534490000112e-01 5.614350253360000237e-02 -4.137236682079999950e-01 -1.248077085259999990e+02 8.881585979049999935e+01 6.582354459399999769e+01
6.637826795569999883e-01 2.129767375030000021e-01 5.379617985739999775e-02 -4.108300393179999954e-01 -1.253120386519999983e+02 8.829350217379999322e+01 6.647347001730000216e+01
1.014139356939999931e-01 2.147821554630000018e-01 5.792929471799999896e-02 -4.115034079259999866e-01 -1.252902962569999943e+02 8.866105034749999447e+01 6.612449624270000470e+01
2.386155663260000059e-01 2.141582667209999957e-01 5.549188400260000181e-02 -4.046783676769999949e-01 -1.253760376150000013e+02 8.866154293750000193e+01 6.628983005669999784e+01
1.149044807009999974e-01 2.130670443090000032e-01 5.123621337880000098e-02 -4.127020898830000006e-01 -1.249845410709999953e+02 8.849331812139999442e+01 6.620693700030000173e+01
1.585511498040000078e-01 2.109916973179999933e-01 5.386687322119999843e-02 -4.157023866990000038e-01 -1.247632270149999982e+02 8.851985672150000539e+01 6.625941952440000193e+01
9.221538110860000304e-01 2.097451234840000123e-01 6.133323223010000297e-02 -4.129188692390000082e-01 -1.251776071799999954e+02 8.884054794780000464e+01 6.633798246720000691e+01
1.319864237149999953e-01 2.096847169880000084e-01 5.175851756859999736e-02 -4.090908209099999859e-01 -1.253089711669999957e+02 8.865029118879999714e+01 6.636845415070000342e+01
2.856320859640000265e-01 2.128739771769999900e-01 5.863558150960000021e-02 -4.083989867419999809e-01 -1.253352830390000037e+02 8.840590488760000198e+01 6.597152159889999723e+01
6.000730364799999883e-01 2.132352150029999949e-01 5.843115310770000126e-02 -4.124188568909999963e-01 -1.252909473469999995e+02 8.843328993350000644e+01 6.595474775309999416e+01
1.878736509989999970e-01 2.095502142300000037e-01 5.610825904160000183e-02 -4.086260448410000135e-01 -1.254071607329999978e+02 8.901276298099999451e+01 6.620272880599999610e+01
1.173217960159999990e-01 2.107608376289999974e-01 5.168434096680000339e-02 -4.131865005190000217e-01 -1.253956766950000059e+02 8.893778830450000328e+01 6.644534448330000487e+01
1.142550410209999950e-01 2.091970298689999896e-01 5.888399995350000055e-02 -4.089073151379999937e-01 -1.251503079609999958e+02 8.869765562969999451e+01 6.647041468419999433e+01
1.764830925460000033e-01 2.077180219280000129e-01 5.727020788460000095e-02 -4.093010509439999889e-01 -1.252157518289999985e+02 8.864323744559999341e+01 6.642333604200000252e+01
1.506455235430000095e-01 2.072588140040000082e-01 5.514344858160000196e-02 -4.091220738949999935e-01 -1.249778510550000021e+02 8.837555315619999874e+01 6.620220552760000032e+01
1.507853441410000050e-01 2.138330219110000097e-01 5.389809766749999870e-02 -4.139131700679999915e-01 -1.253040703829999956e+02 8.850506327790000682e+01 6.618738968220000629e+01
3.471018564180000099e-01 2.114140277200000084e-01 5.406470471560000102e-02 -4.076232079650000117e-01 -1.249466605899999934e+02 8.854773907060000226e+01 6.662646190940000679e+01
2.471684328679999987e-01 2.104554194430000025e-01 5.723887795689999725e-02 -4.124379676220000235e-01 -1.251538632030000002e+02 8.853716485489999855e+01 6.645995148730000324e+01
3.297261586110000198e-01 2.126746918129999997e-01 5.618791840299999785e-02 -4.125413240190000108e-01 -1.253831927869999987e+02 8.901623608110000418e+01 6.623384010680000245e+01
1.475824209659999942e-01 2.106148334790000076e-01 6.248086494820000170e-02 -4.137232180159999828e-01 -1.249006669160000058e+02 8.816455998050000176e+01 6.609611450350000439e+01
1.651536859190000095e-01 2.072701298079999976e-01 5.292410903150000095e-02 -4.174499247860000151e-01 -1.247415904519999970e+02 8.880881867109999916e+01 6.658925333979999550e+01
1.110221122560000051e-01 2.045783518740000029e-01 5.006635891939999888e-02 -4.155741788000000270e-01 -1.249038300640000045e+02 8.894146471050000002e+01 6.653470720020000329e+01
1.582594904169999928e-01 2.080837134280000000e-01 5.224230128119999872e-02 -4.080661153169999888e-01 -1.252892695350000025e+02 8.894799410189999378e+01 6.641734390710000469e+01
3.301826646039999757e-01 2.136316154719999916e-01 5.204332711790000260e-02 -4.110835615599999771e-01 -1.251305733060000023e+02 8.865018577259999688e+01 6.624166867639999623e+01
4.528232610730000274e-01 2.133792810819999941e-01 5.172125179920000065e-02 -4.142996444470000150e-01 -1.251261823119999974e+02 8.864164000419999923e+01 6.646617645579999589e+01
2.726179680549999929e-01 2.106194057899999916e-01 5.706752284730000346e-02 -4.087399358539999805e-01 -1.249680355689999942e+02 8.864935387270000433e+01 6.627070952459999376e+01
1.193395742249999947e-01 2.146062072159999889e-01 5.611068629109999817e-02 -4.103347521269999909e-01 -1.252940989570000028e+02 8.829462419259999706e+01 6.642578278720000640e+01
1.445918007219999968e+00 2.134672892570000091e-01 5.144215770999999854e-02 -4.166481833119999867e-01 -1.251818238959999974e+02 8.857265149670000426e+01 6.641873057029999927e+01
1.563383527399999917e-01 2.090451721380000016e-01 5.910244160659999801e-02 -4.061387375730000082e-01 -1.250915684609999943e+02 8.881781694299999685e+01 6.621462385940000672e+01
1.104601695130000005e-01 2.133664865169999925e-01 5.424869217529999788e-02 -4.128981825190000121e-01 -1.247125805449999945e+02 8.897131756859999996e+01 6.631984675670000229e+01
1.307687024480000126e-01 2.158696609959999957e-01 5.396838829009999866e-02 -4.085271141210000123e-01 -1.252481444149999987e+02 8.867732862590000309e+01 6.610719806870000070e+01
4.494181104550000194e-01 2.106132651540000011e-01 5.265764446730000076e-02 -4.141479317639999991e-01 -1.249339302570000001e+02 8.837117116929999838e+01 6.639669149559999539e+01
1.024034928789999965e-01 2.109441794219999999e-01 5.266721823449999756e-02 -4.099315754710000093e-01 -1.254272579619999988e+02 8.897435325370000214e+01 6.621549930449999977e+01
3.449456846699999746e-01 2.076490291089999884e-01 5.610116617520000126e-02 -4.107629493270000265e-01 -1.252690487830000023e+02 8.829784202519999781e+01 6.645796592000000658e+01
2.879111877330000069e-01 2.122156855439999990e-01 6.038374459209999712e-02 -4.061932726270000016e-01 -1.252991209510000061e+02 8.847954866880000679e+01 6.625741095719999407e+01
7.033566090680000160e-01 2.160882132120000021e-01 5.403688830319999803e-02 -4.130227382569999772e-01 -1.253918261409999957e+02 8.872417857349999792e+01 6.642142158570000277e+01
2.255706856899999946e-01 2.038036319210000114e-01 5.616066279200000039e-02 -4.193360003869999741e-01 -1.249689810990000041e+02 8.858243635680000239e+01 6.632639544040000601e+01
1.009917830649999931e-01 2.107722866420000118e-01 4.985760231450000329e-02 -4.107323070639999907e-01 -1.252104760630000015e+02 8.902986759239999515e+01 6.634260746489999860e+01
1.033373683110000024e-01 2.119067507250000093e-01 5.377578124790000080e-02 -4.131338027520000122e-01 -1.253110293270000000e+02 8.887536570790000212e+01 6.593642526259999670e+01
2.864353917479999789e-01 2.136565512090000118e-01 5.569912418249999692e-02 -4.076865243830000152e-01 -1.252187869450000051e+02 8.859990504489999807e+01 6.602744847389999450e+01
1.573163154470000047e-01 2.114027229669999952e-01 5.726386306830000272e-02 -4.093677342859999846e-01 -1.252747869559999998e+02 8.866174160869999810e+01 6.606531803910000633e+01
1.039013334100000047e-01 2.148101155269999951e-01 5.824980129630000225e-02 -4.119373269750000177e-01 -1.255657448380000005e+02 8.846458224229999701e+01 6.607406909840000253e+01
1.184192598879999947e+00 2.089971636609999905e-01 5.721869494600000106e-02 -4.123249371589999823e-01 -1.250342184409999930e+02 8.837325642749999588e+01 6.661988300650000383e+01
3.373152023520000209e-01 2.100119237829999874e-01 5.478161780629999672e-02 -4.151703157580000081e-01 -1.249395544820000055e+02 8.854841371690000074e+01 6.644832470420000448e+01
3.904617517039999930e-01 2.199187375970000080e-01 5.542638957749999873e-02 -4.091791871589999796e-01 -1.254762831369999958e+02 8.855704194369999982e+01 6.624610364080000124e+01
2.003183880930000105e-01 2.075699594290000005e-01 5.888688627130000269e-02 -4.073766837669999807e-01 -1.250790691539999955e+02 8.829697597850000079e+01 6.649425563459999466e+01
1.021426396019999988e-01 2.131187298939999919e-01 5.102054195999999875e-02 -4.116790527149999934e-01 -1.250390803380000051e+02 8.890314405259999830e+01 6.634432869180000125e+01
9.182391961410000247e-01 2.078007511889999881e-01 5.706388267870000225e-02 -4.128323005580000205e-01 -1.252374933039999974e+02 8.856740644420000308e+01 6.616680180010000356e+01
9.076996193840000116e-01 2.111704080410000128e-01 5.886331649030000085e-02 -4.172729226360000210e-01 -1.248887292480000042e+02 8.877938767070000381e+01 6.594380021630000499e+01
1.494617779970000004e+00 2.104740301820000048e-01 5.543854859419999892e-02 -4.096140844860000074e-01 -1.253589568210000067e+02 8.848863651809999453e+01 6.609025007539999308e+01
1.150449883550000024e-01 2.113380549140000120e-01 6.144934909060000006e-02 -4.115973870329999729e-01 -1.247287757710000022e+02 8.853368445680000320e+01 6.619991999100000157e+01
1.178682756440000007e-01 2.099846649069999904e-01 5.550322066240000185e-02 -4.126935357959999884e-01 -1.250580006830000031e+02 8.837864728399999592e+01 6.616305317530000707e+01
2.876403555689999725e-01 2.131688481519999900e-01 5.566454206399999716e-02 -4.144820952889999854e-01 -1.246562138249999947e+02 8.872277032019999865e+01 6.643053100359999519e+01
1.211916455920000052e-01 2.145400132939999926e-01 6.147667599239999697e-02 -4.096935192560000050e-01 -1.252328072840000033e+02 8.848075201429999481e+01 6.644134543520000591e+01
1.638093480610000041e-01 2.156116464180000136e-01 5.757608662620000012e-02 -4.156879110769999830e-01 -1.253500313629999994e+02 8.842158204780000119e+01 6.622138023610000346e+01
1.427697400269999917e-01 2.126144983559999924e-01 6.284455492509999353e-02 -4.173579436720000202e-01 -1.250991058299999992e+02 8.860886612250000383e+01 6.610877195000000484e+01
1.537442196490000079e-01 2.099899121930000057e-01 5.853800198450000158e-02 -4.132045467000000083e-01 -1.253313838290000035e+02 8.875622829290000482e+01 6.651008188500000529e+01
1.307649693569999938e-01 2.116913774760000033e-01 5.631832617930000034e-02 -4.154701857170000068e-01 -1.247549540370000045e+02 8.891001300060000290e+01 6.602746805859999313e+01
1.786698639869999938e-01 2.099132592990000101e-01 5.642028257310000017e-02 -4.139773712179999898e-01 -1.250107651189999984e+02 8.855092338980000477e+01 6.643157720610000183e+01
1.208798771919999959e-01 2.093961424369999991e-01 5.860074865829999896e-02 -4.129630169499999837e-01 -1.251986741519999953e+02 8.873482160349999504e+01 6.632954221330000166e+01
1.572905490500000059e-01 2.062378042880000095e-01 4.776501849659999660e-02 -4.134307708669999748e-01 -1.250449459369999943e+02 8.904162943000000041e+01 6.649259003650000466e+01
3.748384861290000036e-01 2.071063382920000084e-01 4.733548848650000196e-02 -4.127526492929999846e-01 -1.247800980540000069e+02 8.882919867239999689e+01 6.635564018399999497e+01
2.865335089030000004e-01 2.101744098820000073e-01 5.475828779429999654e-02 -4.114262582059999840e-01 -1.249661969320000026e+02 8.878523984630000143e+01 6.628712684090000096e+01
3.040712012010000076e-01 2.094668094100000100e-01 5.722950677079999965e-02 -4.082312695399999969e-01 -1.254055451450000049e+02 8.842142009590000384e+01 6.605188815420000026e+01
1.453137222979999921e-01 2.128545256709999944e-01 6.321692360500000274e-02 -4.107613421310000179e-01 -1.252414874279999992e+02 8.850620297739999387e+01 6.642918487100000391e+01
1.003691125659999933e-01 2.141625580279999941e-01 5.532173594289999802e-02 -4.107112032879999819e-01 -1.251246276260000059e+02 8.843993507829999601e+01 6.643605978579999771e+01
1.920379700239999987e-01 2.097877928349999865e-01 5.968636547500000278e-02 -4.120858484070000216e-01 -1.246857416400000034e+02 8.851282312380000405e+01 6.616770986070000049e+01
1.667957054070000056e-01 2.077663536290000057e-01 5.322187138900000281e-02 -4.127573541039999960e-01 -1.249309655269999979e+02 8.878209877940000183e+01 6.662343507079999938e+01
1.038149811079999985e-01 2.087001719899999885e-01 5.784679470620000125e-02 -4.176775885169999869e-01 -1.247013037530000048e+02 8.885436947399999497e+01 6.622980720030000157e+01
1.141385205599999980e-01 2.111282927279999888e-01 5.690350095490000204e-02 -4.081720590460000131e-01 -1.249664096439999952e+02 8.846945526960000450e+01 6.604518565070000591e+01
1.760569609079999931e-01 2.089808362710000034e-01 5.749639485480000090e-02 -4.099698042989999847e-01 -1.248223847680000063e+02 8.839863894159999802e+01 6.625852328179999517e+01
1.094072356539999985e-01 2.136394523890000063e-01 5.561173663650000043e-02 -4.140266736429999983e-01 -1.252792990869999983e+02 8.871834422140000243e+01 6.612422965890000626e+01
3.375516695920000032e-01 2.076695940140000085e-01 5.622342931259999982e-02 -4.157275016529999867e-01 -1.246947968890000027e+02 8.827599683649999918e+01 6.612029348570000309e+01
1.080760242980000063e-01 2.125247894889999989e-01 5.724779409490000220e-02 -4.135584828430000082e-01 -1.251139157559999973e+02 8.862482816829999877e+01 6.647715149190000261e+01
1.100633269869999986e-01 2.140150437330000099e-01 5.373448951260000050e-02 -4.192516499930000196e-01 -1.250395896149999970e+02 8.887830311609999967e+01 6.617029249620000542e+01
1.499813916359999943e-01 2.119335368530000097e-01 5.573665145130000248e-02 -4.128634446319999762e-01 -1.252612507519999951e+02 8.827486489189999475e+01 6.610474779850000004e+01
2.028065358460000023e-01 2.155931943530000061e-01 6.020543338369999803e-02 -4.168796242219999781e-01 -1.249244395420000018e+02 8.866936528360000125e+01 6.596836910220000050e+01
1.721602452440000042e-01 2.119400744430000039e-01 5.773330888909999903e-02 -4.114710645910000242e-01 -1.246201863360000033e+02 8.850314033600000130e+01 6.626570655970000701e+01
2.407479776370000102e-01 2.102612305640000068e-01 5.830044016139999952e-02 -4.145871367899999771e-01 -1.251149389929999955e+02 8.821813501379999423e+01 6.645626707430000124e+01
2.578611288800000123e-01 2.085273420060000105e-01 5.661215656810000135e-02 -4.090768283380000203e-01 -1.253070064209999970e+02 8.851439633420000064e+01 6.675949856680000494e+01
3.642596415850000158e-01 2.027393856209999956e-01 5.882836252999999738e-02 -4.112291445119999889e-01 -1.249207864960000052e+02 8.863984259449999570e+01 6.644670614109999462e+01
1.480038733150000063e-01 2.111687630079999989e-01 5.489773268039999793e-02 -4.121243127059999733e-01 -1.248818130370000006e+02 8.814814728410000555e+01 6.609191553370000349e+01
1.707579970629999888e-01 2.126291414420000137e-01 5.467775298960000224e-02 -4.130930126010000092e-01 -1.251003225280000066e+02 8.849571421820000694e+01 6.586958511410000483e+01
1.384613554240000100e-01 2.096894637439999931e-01 5.028556847219999709e-02 -4.075540598660000180e-01 -1.251423689500000052e+02 8.877080593440000200e+01 6.663376012860000230e+01
1.214394018030000022e-01 2.092997002900000014e-01 5.509936016499999978e-02 -4.103709098150000179e-01 -1.250023609069999964e+02 8.873998180620000653e+01 6.611508014330000549e+01
1.337604345910000103e-01 2.074032880389999889e-01 5.807686790469999971e-02 -4.117789917079999751e-01 -1.250685776560000022e+02 8.850233236680000459e+01 6.631189015910000251e+01
1.145170791270000016e-01 2.061631919259999945e-01 5.317615133930000265e-02 -4.075044335760000247e-01 -1.250179376250000018e+02 8.874640391939999517e+01 6.628494322999999611e+01
1.267312514820000047e+01 2.097782718650000044e-01 5.919728859509999774e-02 -4.105113941529999755e-01 -1.250214016209999954e+02 8.843001663990000338e+01 6.662826548450000530e+01
1.165948169930000056e-01 2.145018334730000031e-01 5.833744115449999990e-02 -4.078507318349999800e-01 -1.254022809740000071e+02 8.871195934719999343e+01 6.641360888939999541e+01
1.186847940110000027e-01 2.099627479260000040e-01 5.446440286519999702e-02 -4.161375626000000105e-01 -1.250537385949999987e+02 8.891831135030000155e+01 6.621401423490000582e+01
1.931875374179999882e-01 2.131507196050000108e-01 5.781986065479999964e-02 -4.122800359389999780e-01 -1.254102691370000002e+02 8.850091612929999485e+01 6.644081049369999903e+01
2.225308631650000091e-01 2.098859821050000074e-01 5.632392168079999872e-02 -4.122819053210000084e-01 -1.251986235069999935e+02 8.874417642340000612e+01 6.578507094309999559e+01
2.758174852170000024e-01 2.080785962800000000e-01 5.086133611170000346e-02 -4.074892582010000153e-01 -1.251400362859999973e+02 8.858592206199999453e+01 6.627969907000000660e+01
1.726513951599999985e-01 2.067122722779999866e-01 5.653709697400000067e-02 -4.131872975879999910e-01 -1.249379818519999930e+02 8.868356519900000023e+01 6.617509972370000071e+01
1.311827502550000080e-01 2.122451621220000084e-01 5.640135755600000217e-02 -4.130197573139999800e-01 -1.247628786880000007e+02 8.846403969089999464e+01 6.644578957919999596e+01
1.084710450520000036e-01 2.113377072269999879e-01 5.911743945249999660e-02 -4.110703793159999897e-01 -1.248419521929999974e+02 8.874272385679999786e+01 6.603275850810000236e+01
9.200588088950000243e-01 2.114182315179999883e-01 5.614053837730000052e-02 -4.105771774599999979e-01 -1.251553510899999964e+02 8.880889063099999703e+01 6.626262809569999490e+01
1.226903848550000009e-01 2.131761570609999878e-01 5.580384334840000210e-02 -4.106305400749999945e-01 -1.253873513930000030e+02 8.847261990069999626e+01 6.611059196499999757e+01
1.229212431789999949e-01 2.109737678059999955e-01 5.652049817569999857e-02 -4.110282277630000203e-01 -1.253819607700000063e+02 8.870574278179999794e+01 6.610160652640000478e+01
1.460880994060000104e-01 2.154707821830000036e-01 5.303279567770000091e-02 -4.157812621409999743e-01 -1.250909455740000027e+02 8.883425728529999787e+01 6.634137703150000220e+01
1.499702462720000073e-01 2.131099333679999930e-01 5.700738474079999896e-02 -4.066716862129999832e-01 -1.253794870349999968e+02 8.853093508550000479e+01 6.624163288930000704e+01
1.025953309289999948e+00 2.069176596029999871e-01 5.605385854920000299e-02 -4.162914314419999817e-01 -1.250038104589999932e+02 8.862428811860000621e+01 6.633565152239999918e+01
1.601343622929999877e-01 2.124192224550000008e-01 5.557794849960000227e-02 -4.094811073819999980e-01 -1.249798633289999970e+02 8.868140251149999642e+01 6.622966402720000190e+01
1.795254720620000077e-01 2.132149035360000056e-01 5.087705254850000136e-02 -4.164914647199999820e-01 -1.252345888779999967e+02 8.877762604800000190e+01 6.612610866209999472e+01
3.092518517599999739e-01 2.094145271719999868e-01 5.262059283469999738e-02 -4.120399253220000113e-01 -1.252283145690000055e+02 8.900185138409999297e+01 6.654542811189999441e+01
1.315615976139999921e-01 2.103151157210000066e-01 5.849912452670000262e-02 -4.050030911279999812e-01 -1.251943230090000014e+02 8.855192229200000043e+01 6.647131782779999298e+01
3.750337210069999827e+01 2.051790882239999947e-01 5.459252223629999790e-02 -4.101906619149999766e-01 -1.250560935750000056e+02 8.871555260860000658e+01 6.657151062959999877e+01
5.324903775160000352e-01 2.054299503229999879e-01 5.761765364759999924e-02 -4.148929602470000089e-01 -1.247485670039999945e+02 8.862584137240000359e+01 6.664592559410000661e+01
1.539992399160000081e-01 2.139845273469999920e-01 5.526226939170000158e-02 -4.153009006360000033e-01 -1.250195077700000041e+02 8.827011825110000132e+01 6.618143467299999827e+01
1.379185925039999872e-01 2.130870057200000001e-01 5.698381888839999798e-02 -4.111010830030000229e-01 -1.252001484289999951e+02 8.845601351899999543e+01 6.641794744400000639e+01
1.348612780350000040e-01 2.089226250969999921e-01 5.699937501019999853e-02 -4.147425086589999754e-01 -1.249115851990000010e+02 8.879777320380000560e+01 6.645920242740000106e+01
1.244474599670000042e-01 2.087932834610000121e-01 5.824699822840000152e-02 -4.168986336519999725e-01 -1.248196558900000070e+02 8.826080123549999712e+01 6.629937002559999826e+01
1.532289189530000040e-01 2.103662481030000031e-01 5.799338064210000226e-02 -4.070385830550000139e-01 -1.253260234380000071e+02 8.829937148490000709e+01 6.623053016519999403e+01
1.110083448719999949e-01 2.048947899570000009e-01 5.933034753000000078e-02 -4.084324171540000270e-01 -1.249795200580000056e+02 8.857623313230000406e+01 6.660019587089999504e+01
4.276348730219999839e-01 2.074203358360000027e-01 6.164735737290000239e-02 -4.072226287919999965e-01 -1.249898696089999959e+02 8.833693850439999551e+01 6.620853393379999829e+01
1.886505165559999864e-01 2.091519484980000065e-01 5.616889183370000344e-02 -4.146707649699999942e-01 -1.252388083560000069e+02 8.852732218709999756e+01 6.652148593600000481e+01
1.416829390010000134e-01 2.102617578669999931e-01 5.886735289879999750e-02 -4.084506282209999783e-01 -1.250737384910000003e+02 8.829082043959999737e+01 6.644073240820000592e+01
1.126721137210000001e-01 2.110400305990000058e-01 6.058710486740000178e-02 -4.119934254970000209e-01 -1.251343292349999956e+02 8.856767227279999588e+01 6.635715068970000630e+01
1.370179076130000062e-01 2.119795294809999897e-01 6.022933228929999716e-02 -4.134213003530000097e-01 -1.252101743279999937e+02 8.837351696650000576e+01 6.645138752110000269e+01
2.492088475960000105e-01 2.092905977579999910e-01 5.467268578480000141e-02 -4.129589998120000160e-01 -1.253752087000000017e+02 8.853598888530000011e+01 6.629493820119999725e+01
4.363688777629999849e-01 2.122474379919999932e-01 5.139876751329999771e-02 -4.143159485510000128e-01 -1.249961225960000064e+02 8.864800585640000463e+01 6.623213778660000628e+01
4.049298965740000256e-01 2.103597701140000054e-01 5.781163366130000203e-02 -4.099113373819999739e-01 -1.254820796150000035e+02 8.851458328629999528e+01 6.635585837589999869e+01
3.414782889679999767e-01 2.085749412669999914e-01 5.545334687629999842e-02 -4.155500603319999819e-01 -1.251966821099999976e+02 8.856239477629999612e+01 6.631506746159999466e+01
1.915818665759999873e-01 2.158034960269999969e-01 5.836417723509999822e-02 -4.123728088060000241e-01 -1.250736599140000038e+02 8.831392578540000216e+01 6.594979097460000617e+01
1.279721572270000052e-01 2.110772181039999862e-01 5.293372633909999847e-02 -4.075910202379999792e-01 -1.253490742150000017e+02 8.848231118469999501e+01 6.661761259710000616e+01
1.830255729799999953e-01 2.116115904430000139e-01 5.690780583110000013e-02 -4.094918695379999862e-01 -1.247397256440000035e+02 8.863127995220000344e+01 6.647745634650000568e+01
2.910604727339999864e-01 2.066734783209999982e-01 5.382921394739999948e-02 -4.141486712620000010e-01 -1.252262286560000035e+02 8.894983222689999991e+01 6.626245237380000219e+01
1.501235042540000064e-01 2.113620862549999979e-01 6.066985334939999780e-02 -4.126987694929999950e-01 -1.249012325059999995e+02 8.854518595369999900e+01 6.636261195490000375e+01
3.817928930080000116e-01 2.101322655940000006e-01 5.476649161100000107e-02 -4.120895722730000266e-01 -1.252045544580000040e+02 8.861456195979999961e+01 6.623673425730000019e+01
2.191451019900000075e-01 2.100613621490000082e-01 5.250889074319999711e-02 -4.107431074899999812e-01 -1.253624589949999972e+02 8.873253003600000000e+01 6.644821705100000031e+01
5.039549477229999797e-01 2.167455597590000060e-01 5.422845993779999707e-02 -4.158416102579999829e-01 -1.249814741870000034e+02 8.850823414020000257e+01 6.598875885420000031e+01
1.249352621039999944e-01 2.086432656389999862e-01 5.695349659789999963e-02 -4.130406156329999856e-01 -1.250948292869999960e+02 8.822380044509999664e+01 6.629517754089999926e+01
1.522068752840000094e-01 2.155542545059999926e-01 5.756356702200000203e-02 -4.095646391059999947e-01 -1.256290621859999987e+02 8.850155373290000682e+01 6.615925559449999582e+01
5.103609125920000045e-01 2.116021347410000086e-01 5.475603251410000177e-02 -4.154713369060000216e-01 -1.247376892470000058e+02 8.858633920649999993e+01 6.648284614620000355e+01
2.659149620530000258e-01 2.089016981690000052e-01 5.710178442979999686e-02 -4.092232285749999865e-01 -1.251667469359999956e+02 8.877332658529999776e+01 6.620413162730000067e+01
4.145114407939999857e-01 2.042616225580000111e-01 6.007282808460000234e-02 -4.094113590219999876e-01 -1.249264546840000065e+02 8.834464826949999861e+01 6.645328700289999801e+01
2.240164602649999948e-01 2.088080879189999906e-01 5.594877586880000336e-02 -4.085858336770000210e-01 -1.253633927040000060e+02 8.862612625929999410e+01 6.619067257800000448e+01
2.696591907709999791e-01 2.142630663750000053e-01 6.138575904190000238e-02 -4.144150080649999790e-01 -1.249881860410000058e+02 8.837606247329999576e+01 6.598687439959999779e+01
1.429213232340000028e-01 2.151990504369999946e-01 5.690617473799999826e-02 -4.178785396670000041e-01 -1.252269527819999979e+02 8.881373723020000455e+01 6.625744363809999982e+01
1.368284678080000094e-01 2.113980594279999958e-01 5.430341075330000211e-02 -4.149685973519999793e-01 -1.251047767870000058e+02 8.910053900469999633e+01 6.656956844180000132e+01
1.712035098430000069e-01 2.083308223829999917e-01 5.170471531749999683e-02 -4.125065606910000016e-01 -1.250567016680000023e+02 8.840319120060000557e+01 6.645559513099999549e+01
1.069560729360000018e+00 2.056906155160000138e-01 5.242064963430000113e-02 -4.134656492789999804e-01 -1.249054628749999978e+02 8.868635470479999583e+01 6.630306672599999729e+01
6.212523763759999484e-01 2.090499701799999888e-01 5.515865878920000326e-02 -4.117904895810000077e-01 -1.253360396119999933e+02 8.860721657960000641e+01 6.639976649080000470e+01
1.224686612759999932e-01 2.127118661490000062e-01 5.673855015990000167e-02 -4.074030063390000067e-01 -1.249667797860000036e+02 8.844553508869999803e+01 6.625541335319999803e+01
1.616937921419999924e+00 2.163780137880000065e-01 5.584052158160000140e-02 -4.055691016360000178e-01 -1.255883461469999958e+02 8.869166068449999329e+01 6.625277198130000045e+01
2.219034763359999940e-01 2.064223181300000043e-01 5.500230351270000290e-02 -4.130350069159999804e-01 -1.247179515920000057e+02 8.829112717510000152e+01 6.637267684100000054e+01
1.542165188890000094e-01 2.082985438580000070e-01 5.422408669800000275e-02 -4.154600479489999887e-01 -1.252228130099999959e+02 8.863643966380000450e+01 6.613116729169999530e+01
1.166048420840000016e-01 2.025172330120000030e-01 5.673546513560000226e-02 -4.114579592700000066e-01 -1.249616826129999936e+02 8.885845597370000348e+01 6.639789143800000204e+01
3.390920234629999919e-01 2.098546256340000082e-01 5.771050593029999898e-02 -4.061129427010000126e-01 -1.252648343700000027e+02 8.841673005239999839e+01 6.650265755079999508e+01
1.208521333019999949e-01 2.018253633329999963e-01 5.528409098420000028e-02 -4.181090301040000234e-01 -1.248895155990000063e+02 8.863584564779999653e+01 6.645716654950000191e+01
2.294288079310000117e-01 2.118510621849999942e-01 5.884335093200000061e-02 -4.077681089829999772e-01 -1.254301585850000009e+02 8.865007843550000644e+01 6.652411025249999454e+01
1.002548443040000015e-01 2.065209944649999962e-01 5.653861205599999828e-02 -4.095320664020000168e-01 -1.251897713559999943e+02 8.859167176450000625e+01 6.660769804349999390e+01
3.749823002439999775e-01 2.136988231020000018e-01 5.393035641169999922e-02 -4.098769522879999738e-01 -1.251251359700000023e+02 8.846406755450000503e+01 6.632735427090000258e+01
1.077613155830000058e-01 2.132539299679999945e-01 5.514196742960000147e-02 -4.137513607500000190e-01 -1.247511017690000017e+02 8.886686432330000684e+01 6.618583777710000504e+01
1.517658807019999889e+00 2.104598353649999865e-01 5.842339852029999892e-02 -4.133768643969999990e-01 -1.253450291409999977e+02 8.853962760250000485e+01 6.602134487339999680e+01
2.030451293730000106e-01 2.115044194719999937e-01 5.603150779069999976e-02 -4.117565492670000049e-01 -1.248934718980000014e+02 8.846069676579999452e+01 6.622966092480000100e+01
1.694706563429999868e-01 2.117447510569999969e-01 5.564090099079999768e-02 -4.088915371230000262e-01 -1.252944287180000060e+02 8.864858761659999686e+01 6.606012456790000442e+01
1.008205098169999980e-01 2.122142929879999862e-01 5.831164361180000283e-02 -4.106945836299999986e-01 -1.251590584470000067e+02 8.861123543130000257e+01 6.613132339819999572e+01
3.907136125490000000e-01 2.156234667109999947e-01 5.231367612139999762e-02 -4.078271068479999983e-01 -1.253837921370000004e+02 8.880827335760000096e+01 6.616373683880000556e+01
2.944911653949999764e-01 2.143131155480000050e-01 5.663659931540000053e-02 -4.101161580839999821e-01 -1.250924891880000018e+02 8.840833918079999876e+01 6.622010923019999495e+01
3.000152509549999791e-01 2.104661016440000088e-01 6.115265999729999763e-02 -4.101338894000000068e-01 -1.249076873270000050e+02 8.844226600839999719e+01 6.632061286130000610e+01
3.434596272730000011e-01 2.125567550870000044e-01 5.511872224630000316e-02 -4.125126369379999991e-01 -1.250018230820000014e+02 8.903960364980000008e+01 6.612408872359999634e+01
3.154641104290000220e-01 2.091053505840000104e-01 5.731778918600000106e-02 -4.110545735999999728e-01 -1.255058709439999944e+02 8.852891346939999551e+01 6.625698825870000519e+01
1.059019002569999979e-01 2.078656951189999935e-01 5.746816511800000027e-02 -4.189125771869999793e-01 -1.249234511840000010e+02 8.843817934049999963e+01 6.649723621120000416e+01
1.057357069710000014e-01 2.057745291870000104e-01 5.608331385749999731e-02 -4.149553377960000233e-01 -1.252469472370000005e+02 8.846498874060000617e+01 6.639306630449999602e+01
1.045463051239999969e-01 2.095404269159999999e-01 5.544233075059999682e-02 -4.106808831800000115e-01 -1.249481525839999989e+02 8.864653522209999892e+01 6.631150282049999589e+01
1.897283698820000086e-01 2.140871899189999983e-01 5.926220046939999903e-02 -4.130044704909999753e-01 -1.251330066449999947e+02 8.864224301190000688e+01 6.637898096409999482e+01
1.299281752299999981e+00 2.095543474980000043e-01 5.869756999660000196e-02 -4.121390270409999723e-01 -1.249330559400000027e+02 8.900616530329999421e+01 6.634085121190000223e+01
2.494886546420000129e-01 2.107406662649999873e-01 5.738523438530000048e-02 -4.106139963270000193e-01 -1.252086846990000026e+02 8.887714007559999629e+01 6.629371432380000329e+01
1.332957905740000115e-01 2.129807027529999897e-01 5.371093116839999876e-02 -4.119598656730000252e-01 -1.250555181870000041e+02 8.848506424240000001e+01 6.631336015249999605e+01
8.041380354099999517e-01 2.159246778970000114e-01 5.396519786630000343e-02 -4.122336466550000078e-01 -1.255068461359999930e+02 8.863050340510000069e+01 6.631422094760000618e+01
3.147729205989999723e-01 2.134361769320000102e-01 5.733456564509999825e-02 -4.188097855299999783e-01 -1.250648926519999975e+02 8.859281757210000308e+01 6.600735874640000134e+01
1.545471746600000085e-01 2.112973142469999899e-01 4.816901791540000033e-02 -4.105496796750000010e-01 -1.251788042879999949e+02 8.909646856610000043e+01 6.633630785809999963e+01
2.688286273600000165e-01 2.128689205640000026e-01 6.073031582419999991e-02 -4.146422513429999790e-01 -1.251105071639999977e+02 8.869218331010000611e+01 6.604304760920000206e+01
1.166175081270000025e-01 2.130992660009999873e-01 5.356024649030000084e-02 -4.128102638039999883e-01 -1.253898670189999933e+02 8.904525462150000692e+01 6.653703986399999337e+01
1.117299754460000072e+00 2.067745902919999879e-01 5.333387767500000209e-02 -4.164301714270000065e-01 -1.250853892150000064e+02 8.865809226669999532e+01 6.610134445590000496e+01
2.796062341189999856e-01 2.102080186449999943e-01 5.534363643529999904e-02 -4.119169923439999770e-01 -1.253806800020000054e+02 8.834784905489999574e+01 6.648161367909999342e+01
1.627812527030000067e-01 2.130800064049999942e-01 5.375257310519999943e-02 -4.124687991970000245e-01 -1.251576338079999999e+02 8.839138076810000655e+01 6.586292328800000462e+01
1.901200011209999985e-01 2.072649202010000136e-01 5.288978096860000311e-02 -4.106349356030000175e-01 -1.249881344030000037e+02 8.873922312669999712e+01 6.651346023550000552e+01
1.402747704619999869e-01 2.108383489469999872e-01 5.025448177329999710e-02 -4.038047288869999751e-01 -1.251934980369999977e+02 8.889916604859999438e+01 6.623653240950000054e+01
1.354688291599999983e-01 2.075773601070000085e-01 5.408277014079999889e-02 -4.085418927030000091e-01 -1.252125581880000027e+02 8.843494760480000139e+01 6.621967034509999905e+01
1.181070927570000012e-01 2.058322013589999888e-01 5.495180045820000081e-02 -4.158519824649999919e-01 -1.247760572100000047e+02 8.873998792250000633e+01 6.626289966209999704e+01
6.258428192430000259e+00 2.112502875389999923e-01 5.787841942469999779e-02 -4.093546117219999947e-01 -1.249796876439999949e+02 8.883429414740000141e+01 6.605997557189999725e+01
3.279131791329999990e-01 2.130936131499999997e-01 5.988705201709999815e-02 -4.150161186710000227e-01 -1.252841662019999944e+02 8.862438487139999665e+01 6.623277543509999532e+01
2.386056598780000038e-01 2.108179264520000096e-01 5.716264502289999938e-02 -4.153020323759999965e-01 -1.250858344779999953e+02 8.894234021389999612e+01 6.642223963770000239e+01
1.647985324079999925e-01 2.074535828000000082e-01 5.701913634010000176e-02 -4.176063107219999959e-01 -1.250759107039999947e+02 8.869845997720000241e+01 6.651005870749999360e+01
1.313879324890000033e+00 2.097307069159999871e-01 5.692198664180000284e-02 -4.132186103659999943e-01 -1.251885450500000019e+02 8.865784116070000209e+01 6.645610887780000553e+01
1.471756089509999865e-01 2.108722062020000065e-01 5.922659336319999884e-02 -4.148554716460000069e-01 -1.254152704140000054e+02 8.874989675870000383e+01 6.629654105379999862e+01
7.436271494280000116e-01 2.080993867339999970e-01 4.994771232310000336e-02 -4.112908561290000153e-01 -1.248479476870000013e+02 8.899868802810000545e+01 6.655564470340000582e+01
1.281415511369999871e-01 2.160613201290000063e-01 4.922525348069999723e-02 -4.126835899819999987e-01 -1.250836234289999993e+02 8.906080300009999462e+01 6.610445127410000055e+01
1.202523143210000034e-01 2.131884547020000131e-01 5.891562755440000326e-02 -4.070718042579999918e-01 -1.253574412570000050e+02 8.854246319630000528e+01 6.596296451659999605e+01
5.048514530190000293e-01 2.109400790510000123e-01 5.786269712469999799e-02 -4.102854169349999802e-01 -1.253908479830000005e+02 8.854532505759999594e+01 6.663024202549999586e+01
2.880557677139999884e-01 2.095378916889999998e-01 5.808770509729999781e-02 -4.159060525080000015e-01 -1.252932442150000014e+02 8.832363834880000297e+01 6.653833905829999651e+01
1.392743839779999881e-01 2.126518734979999936e-01 5.264414007820000102e-02 -4.082000019179999883e-01 -1.252750742620000040e+02 8.870147061720000181e+01 6.645622901640000180e+01
1.593042658899999908e-01 2.069326197470000017e-01 5.676424295770000211e-02 -4.098586362869999777e-01 -1.254906780200000043e+02 8.872099190110000677e+01 6.628001557330000537e+01
1.216715378290000038e-01 2.122492214120000054e-01 5.549472166359999820e-02 -4.115210420359999843e-01 -1.245625101330000035e+02 8.882698255889999928e+01 6.627850882100000263e+01
1.920278840659999930e-01 2.114892835430000062e-01 5.597569447209999743e-02 -4.140649179740000241e-01 -1.254372533159999961e+02 8.871215851089999660e+01 6.644328986150000560e+01
4.197113858159999822e-01 2.134584799900000052e-01 5.628283034260000289e-02 -4.092100380379999902e-01 -1.250736204969999932e+02 8.875819950640000400e+01 6.605540025550000394e+01
1.926297340939999991e-01 2.078141862029999898e-01 5.784019412710000169e-02 -4.065991692789999723e-01 -1.251551119290000003e+02 8.859333463789999996e+01 6.618391444499999920e+01
2.627598596169999912e-01 2.099369247300000019e-01 6.116462845040000068e-02 -4.104661404289999815e-01 -1.250646267540000025e+02 8.865846138860000281e+01 6.648039643319999925e+01
3.981541298919999972e-01 2.145148454620000034e-01 5.474908429150000116e-02 -4.108263547270000204e-01 -1.252672744049999949e+02 8.837248851270000216e+01 6.640850512990000709e+01
1.492189507999999998e-01 2.070443338019999913e-01 5.570770228739999747e-02 -4.153671813809999835e-01 -1.253626550759999958e+02 8.839922110640000597e+01 6.634448295239999993e+01
1.179531522049999948e-01 2.126794070470000020e-01 5.773908742040000097e-02 -4.090434234920000134e-01 -1.251480297540000066e+02 8.866902791050000587e+01 6.584109590769999443e+01
2.382430510459999928e-01 2.139879002110000039e-01 5.044233920320000120e-02 -4.163883816410000049e-01 -1.251171093650000046e+02 8.873447783369999797e+01 6.599632416110000577e+01
1.161016443859999997e-01 2.099868991069999968e-01 5.521904772180000198e-02 -4.054683185010000135e-01 -1.251202433739999975e+02 8.851566770620000568e+01 6.649886347029999456e+01
1.133020362839999989e-01 2.123601910930000003e-01 5.789181171749999827e-02 -4.095718605509999777e-01 -1.248514449949999943e+02 8.865549840549999772e+01 6.642037005289999740e+01
1.973772343809999941e-01 2.119538918780000114e-01 6.120087999149999985e-02 -4.104329825299999901e-01 -1.250058222790000002e+02 8.845715202940000665e+01 6.635650446270000202e+01
1.189364538349999972e-01 2.106379349820000080e-01 5.598680111160000278e-02 -4.108353690850000128e-01 -1.250664495489999979e+02 8.914951927299999568e+01 6.656302054069999485e+01
1.071229410809999977e-01 2.062809314309999864e-01 5.819107159189999823e-02 -4.112272738859999999e-01 -1.250781603490000009e+02 8.848125488719999510e+01 6.634171553150000022e+01
2.368664081280000000e-01 2.090019553409999953e-01 5.653922519650000228e-02 -4.101966146589999807e-01 -1.252653213549999975e+02 8.866667045340000186e+01 6.630968538679999824e+01
1.063143657979999934e-01 2.135247606729999970e-01 5.492889757700000070e-02 -4.188431594290000226e-01 -1.248125560299999961e+02 8.843613980160000665e+01 6.618246820529999752e+01
8.172496580550000500e-01 2.090448023550000034e-01 5.666661646059999863e-02 -4.111329836309999819e-01 -1.248774869669999958e+02 8.859143675939999696e+01 6.626277257520000319e+01
1.046569017829999948e-01 2.065896778430000025e-01 5.771306315050000330e-02 -4.116933531420000070e-01 -1.251579159669999939e+02 8.878570198990000506e+01 6.615461817179999571e+01
2.321427128430000042e-01 2.105060273519999969e-01 4.711645783190000075e-02 -4.137133590920000215e-01 -1.250102174579999996e+02 8.889898809790000200e+01 6.648558929850000254e+01
2.289988329679999990e-01 2.051986238959999931e-01 5.737960991999999788e-02 -4.136815924189999882e-01 -1.248004808559999930e+02 8.835240012299999535e+01 6.630423215240000445e+01
1.696045135679999927e-01 2.142458992859999911e-01 5.513967103459999769e-02 -4.103032808120000152e-01 -1.254835695240000035e+02 8.846081248929999674e+01 6.619821218520000627e+01
1.263820534729999945e-01 2.081762847180000098e-01 5.607868647030000292e-02 -4.122517016250000221e-01 -1.252802535489999940e+02 8.905128171609999299e+01 6.647559050540000669e+01
1.186063858090000034e+00 2.119040853980000139e-01 5.489211084210000174e-02 -4.132054581260000137e-01 -1.253927003069999984e+02 8.830877265479999494e+01 6.636892161199999407e+01
