6.491035637049999973e-01 6.959519867650000580e-02 1.553702203469999876e-01 -3.095026150819999988e-01 -1.356439353039999958e+02 8.013063329480000618e+01 1.116389766900000069e+02
1.084863933979999945e-01 6.549629671779999551e-02 1.555148327679999887e-01 -3.143641831649999774e-01 -1.348493828560000054e+02 8.002475709470000709e+01 1.118232651499999974e+02
1.007333792790000015e-01 6.838796801190000219e-02 1.457983525540000047e-01 -3.084140302250000243e-01 -1.356064436380000018e+02 8.107608811359999379e+01 1.120541410449999944e+02
1.339510978869999924e-01 7.112014965429999669e-02 1.539036198850000092e-01 -3.085665563960000024e-01 -1.357223557579999920e+02 8.045717962090000697e+01 1.114804596590000045e+02
2.575263691499999896e-01 6.200384415750000155e-02 1.531895825890000062e-01 -3.097548356670000169e-01 -1.351714124510000090e+02 8.073098000730000479e+01 1.118127468769999950e+02
1.063949752240000018e-01 6.600225046560000142e-02 1.484402555409999880e-01 -3.076292035159999827e-01 -1.352771615839999981e+02 8.079596499609999682e+01 1.120624340180000047e+02
2.782829323170000202e-01 6.234247491440000205e-02 1.515831453810000118e-01 -3.108575703720000138e-01 -1.348211294140000120e+02 8.014770423630000096e+01 1.120786686019999934e+02
1.463534300160000134e-01 6.596701114670000532e-02 1.544552504220000066e-01 -3.131154846990000240e-01 -1.352281764989999999e+02 8.053275278530000492e+01 1.120962628009999946e+02
1.110914043640000015e-01 6.647845902389999673e-02 1.547579594790000068e-01 -3.130733579080000051e-01 -1.348897015489999944e+02 8.071224559370000406e+01 1.117569618020000064e+02
1.869746700490000080e-01 6.010987087189999939e-02 1.478745588289999968e-01 -3.158763953329999929e-01 -1.343233540239999968e+02 8.083372830509999574e+01 1.122858829340000000e+02
1.032876815669999948e-01 6.264405472759999871e-02 1.518714902180000048e-01 -3.131829728830000104e-01 -1.351758580229999893e+02 8.029758871289999433e+01 1.120404596639999966e+02
2.156451952729999955e-01 6.456554202240000206e-02 1.508005805769999930e-01 -3.133319173479999775e-01 -1.345816885129999889e+02 8.063832551439999463e+01 1.121598817360000027e+02
1.339033760480000113e-01 6.867106754740000263e-02 1.535275969129999973e-01 -3.099746617929999837e-01 -1.356038788790000069e+02 8.028453011860000288e+01 1.115631610009999974e+02
1.176073141450000026e-01 6.800566652910000620e-02 1.537039352769999923e-01 -3.112019976290000267e-01 -1.355070291010000005e+02 8.047169324840000115e+01 1.114074726639999966e+02
2.792876471560000184e-01 5.952888888470000278e-02 1.489564704949999929e-01 -3.114278387719999763e-01 -1.345098231860000055e+02 8.041839925780000442e+01 1.123427579899999955e+02
1.256865554190000067e-01 6.504438219970000434e-02 1.537847382170000055e-01 -3.069328543329999937e-01 -1.354481963050000104e+02 8.025342623429999378e+01 1.122616270399999934e+02
1.043065514229999935e-01 6.504892860279999633e-02 1.516831972509999904e-01 -3.107322050490000098e-01 -1.350136219229999881e+02 8.055981626339999480e+01 1.121041328379999982e+02
1.831032371990000129e-01 6.254167374980000582e-02 1.562403705900000106e-01 -3.123529199799999767e-01 -1.347185306869999977e+02 8.032023513660000447e+01 1.115842959600000057e+02
4.452116854589999728e-01 6.800518622229999310e-02 1.504590547619999996e-01 -3.167930894859999902e-01 -1.350894243809999864e+02 8.091398271879999982e+01 1.122030085450000030e+02
1.734199093899999877e-01 5.857764835729999814e-02 1.499477441909999875e-01 -3.148810166709999914e-01 -1.343243086509999955e+02 8.056440763109999637e+01 1.123684165180000036e+02
1.142520197779999941e-01 5.860301452129999811e-02 1.510620419320000130e-01 -3.152823150929999763e-01 -1.344381643529999906e+02 8.081857770480000625e+01 1.123316457109999931e+02
3.683635944499999981e-01 5.995471398780000127e-02 1.494644828599999975e-01 -3.136201841290000014e-01 -1.344313691870000014e+02 8.086560316099999568e+01 1.125021617639999931e+02
4.753340008570000053e-01 6.688119214469999407e-02 1.524362549090000074e-01 -3.075877458510000162e-01 -1.353290324980000037e+02 8.026395447379999837e+01 1.121281208630000066e+02
4.881242136569999834e-01 6.203890602900000162e-02 1.552849340019999969e-01 -3.110087701070000099e-01 -1.348860271810000029e+02 8.032993305200000123e+01 1.120502149080000009e+02
1.238277435320000036e-01 5.893222700359999899e-02 1.512936191979999956e-01 -3.076108300400000051e-01 -1.350543866859999866e+02 8.057458239849999870e+01 1.123833255779999973e+02
1.183623920689999970e-01 6.274544163940000419e-02 1.452842456060000065e-01 -3.162952863540000048e-01 -1.347595183990000010e+02 8.148597251450000556e+01 1.121135161720000042e+02
2.127989022050000012e-01 6.131810384179999657e-02 1.508432932769999957e-01 -3.114768911099999871e-01 -1.347346188980000079e+02 8.022691034950000244e+01 1.121911978929999947e+02
1.706432868470000030e-01 6.511445212510000302e-02 1.480454835430000116e-01 -3.083620197560000276e-01 -1.353218560249999882e+02 8.089380010719999348e+01 1.121135471740000042e+02
1.665834142050000022e-01 6.297836826119999898e-02 1.592288053619999866e-01 -3.141190654000000082e-01 -1.347728831400000047e+02 8.013104148669999915e+01 1.118802409150000017e+02
1.359421931439999953e-01 6.712680557189999730e-02 1.526593792669999894e-01 -3.160222464160000189e-01 -1.353329134399999987e+02 8.070399093170000526e+01 1.116871296470000061e+02
4.123223713499999943e-01 6.528257266909999468e-02 1.523717258420000109e-01 -3.141564125569999977e-01 -1.346876381190000131e+02 8.042225644459999501e+01 1.122893258109999977e+02
3.794303082470000255e-01 6.895861309419999696e-02 1.511357194509999891e-01 -3.133105773070000155e-01 -1.353852505309999970e+02 8.085085152230000460e+01 1.116037852160000057e+02
1.060130848899999978e-01 6.405996246480000211e-02 1.572795693119999894e-01 -3.083173036769999986e-01 -1.351408242930000085e+02 7.968117913560000432e+01 1.119263198090000060e+02
1.838807487540000118e-01 6.657608965260000677e-02 1.500760542500000072e-01 -3.096596268330000234e-01 -1.353799353949999897e+02 8.055915093880000200e+01 1.120638438680000064e+02
2.162753054850000134e-01 6.372250561810000047e-02 1.563334430949999965e-01 -3.138219190989999796e-01 -1.346304647849999867e+02 8.023006155919999571e+01 1.121515675010000024e+02
1.438126119500000022e-01 6.149259164649999859e-02 1.507343796170000083e-01 -3.109702761939999727e-01 -1.346887996559999863e+02 8.061551973589999420e+01 1.120295280499999961e+02
4.250829828820000267e-01 6.133843383269999699e-02 1.542941110430000040e-01 -3.111474586769999995e-01 -1.348041933799999867e+02 8.053598105269999508e+01 1.126669221779999930e+02
1.331982441500000058e-01 6.362482359210000493e-02 1.520324415100000048e-01 -3.141502229970000171e-01 -1.342733211800000106e+02 8.055875826279999785e+01 1.122705815669999936e+02
5.206958361269999891e-01 6.847519690679999826e-02 1.542499791639999895e-01 -3.147799418900000257e-01 -1.354135876599999904e+02 8.020410686990000215e+01 1.118244895330000048e+02
7.639065634399999638e-01 6.526710003539999694e-02 1.531916500180000029e-01 -3.109581817009999805e-01 -1.351437208039999973e+02 8.029216326670000115e+01 1.118706543520000025e+02
2.661083129049999774e-01 6.618687586099999964e-02 1.478047539940000044e-01 -3.096087972970000268e-01 -1.353546536780000054e+02 8.088948750500000529e+01 1.120576242949999966e+02
1.527258702610000130e-01 6.045441423769999656e-02 1.522355609490000095e-01 -3.064013530799999940e-01 -1.351900136870000040e+02 8.063750030289999415e+01 1.124210558869999943e+02
1.025717792029999936e-01 6.487591215410000445e-02 1.539080771259999925e-01 -3.093599353470000146e-01 -1.353997979090000001e+02 8.012440336500000626e+01 1.122749101259999946e+02
3.063094668479999783e-01 6.145364536959999763e-02 1.512918522310000013e-01 -3.157623190559999959e-01 -1.347314312930000142e+02 8.103816268840000703e+01 1.124239108750000042e+02
1.573785874330000112e-01 5.943056205339999898e-02 1.519030776520000070e-01 -3.083051772040000249e-01 -1.345073660669999924e+02 8.048277315679999333e+01 1.123111912050000001e+02
2.637099121820000169e-01 6.427873209039999813e-02 1.496844655129999924e-01 -3.096155665429999870e-01 -1.350321410059999891e+02 8.016174134429999754e+01 1.122817802229999984e+02
1.614659094919999871e-01 6.166422184929999661e-02 1.524503800089999916e-01 -3.170331516700000130e-01 -1.342949218809999934e+02 8.062046348379999472e+01 1.121859333259999971e+02
1.178822438610000051e-01 6.515145644990000262e-02 1.527223151200000073e-01 -3.063112101029999979e-01 -1.350800630550000108e+02 8.016603384569999946e+01 1.119600581410000046e+02
1.825753779440000002e-01 6.264521561670000072e-02 1.529170959470000091e-01 -3.115542693150000209e-01 -1.353256633260000115e+02 8.027780782000000670e+01 1.122594417950000008e+02
1.407096980879999903e-01 6.827000063499999438e-02 1.541677840179999925e-01 -3.073380789949999858e-01 -1.354988254499999982e+02 8.025842716549999523e+01 1.115205130159999953e+02
1.194403888070000030e-01 6.464778521229999630e-02 1.499747668049999927e-01 -3.143033967459999967e-01 -1.346917495399999893e+02 8.043160750730000075e+01 1.123079111499999954e+02
2.647561291030000041e-01 6.184354429959999788e-02 1.543053700750000035e-01 -3.139388408730000024e-01 -1.347584488910000005e+02 8.084676277520000554e+01 1.121439058370000055e+02
2.164266071239999978e-01 6.335518445049999336e-02 1.537100560870000021e-01 -3.148546430629999837e-01 -1.347156167359999870e+02 8.052658108549999838e+01 1.122440224399999948e+02
1.035383180039999990e-01 5.344547363359999914e-02 1.533061655259999878e-01 -3.102879870510000249e-01 -1.341187584060000120e+02 8.044931700899999782e+01 1.126647602550000045e+02
2.950913822160000088e-01 6.795927014720000436e-02 1.532507573709999960e-01 -3.138942988000000267e-01 -1.349135503150000090e+02 8.029764710899999614e+01 1.118605391929999939e+02
1.242977316320000025e-01 5.761004770219999710e-02 1.561019246969999885e-01 -3.189444544849999730e-01 -1.340550460389999898e+02 8.022343012790000216e+01 1.120548232299999967e+02
1.927194778309999912e-01 6.629382125720000019e-02 1.506569428029999880e-01 -3.148378233499999901e-01 -1.352226188379999883e+02 8.091465279800000587e+01 1.119276917189999949e+02
2.752672544929999798e+00 6.287589627589999786e-02 1.522840650310000044e-01 -3.186780730739999790e-01 -1.347050074779999989e+02 8.088454822059999572e+01 1.121257127819999937e+02
2.140389799119999936e-01 6.275683915950000524e-02 1.495531820750000129e-01 -3.111990622229999781e-01 -1.354071162660000027e+02 8.070272589779999350e+01 1.120415649849999937e+02
1.759467342749999885e-01 6.326466321050000507e-02 1.518630960569999910e-01 -3.090392473560000242e-01 -1.352493207169999891e+02 8.023779515660000072e+01 1.119827919619999932e+02
1.914899753000000038e-01 6.639293036860000052e-02 1.513317365840000095e-01 -3.097840655810000232e-01 -1.355569935789999931e+02 8.029574790559999542e+01 1.120875983220000052e+02
1.151072404349999939e-01 6.677133123969999917e-02 1.475195432059999978e-01 -3.176051049920000091e-01 -1.348924897340000086e+02 8.145417607509999414e+01 1.118972439399999956e+02
1.618968642230000088e-01 6.238555952409999966e-02 1.531023678369999863e-01 -3.179089962469999753e-01 -1.343755305319999991e+02 8.075372565370000189e+01 1.120612753890000022e+02
1.207370401289999950e-01 6.210313145810000129e-02 1.554271797439999991e-01 -3.143186668080000246e-01 -1.348360527860000104e+02 8.017502200820000269e+01 1.119718841090000012e+02
1.028833365390000032e-01 6.162160824489999744e-02 1.470761222799999990e-01 -3.165395152259999900e-01 -1.347017424560000052e+02 8.147716088539999646e+01 1.124005454920000062e+02
2.132947084010000105e-01 6.817695209440000070e-02 1.494814329370000028e-01 -3.170228858229999780e-01 -1.351038951419999989e+02 8.119673397619999378e+01 1.118027496349999979e+02
8.219454727999999655e-01 6.286933534810000557e-02 1.461296592709999953e-01 -3.177633601270000163e-01 -1.346977879860000087e+02 8.133155832689999443e+01 1.123096081749999939e+02
1.665231437739999876e-01 6.391319018310000211e-02 1.526333285400000017e-01 -3.032197512470000134e-01 -1.355876971529999935e+02 7.998352658310000152e+01 1.121117568960000028e+02
1.260870110969999902e-01 5.942246621850000299e-02 1.493212622990000016e-01 -3.056380753799999850e-01 -1.347534779659999913e+02 8.041088326019999499e+01 1.126103007589999976e+02
1.050895589120000029e-01 5.827099718030000208e-02 1.510788898800000113e-01 -3.071657663460000132e-01 -1.346956137649999903e+02 8.022037988700000710e+01 1.123524320020000005e+02
4.180736072440000006e-01 5.788800924060000241e-02 1.527438710519999909e-01 -3.139098312220000020e-01 -1.346806081500000118e+02 8.065707705820000228e+01 1.122560681300000027e+02
4.114928074509999756e-01 6.554586299230000246e-02 1.503342513489999976e-01 -3.150702992769999766e-01 -1.351997057609999899e+02 8.072379848949999825e+01 1.122545715029999940e+02
1.523666073870000026e-01 6.321121673820000175e-02 1.523429178379999971e-01 -3.116278239799999961e-01 -1.351899839049999912e+02 8.009978426399999307e+01 1.122740691080000062e+02
3.395379552719999805e-01 6.168315665670000281e-02 1.530061637060000090e-01 -3.129870703650000086e-01 -1.347840062639999985e+02 8.040191155200000139e+01 1.121187962409999983e+02
2.171453178989999899e-01 6.195729034979999966e-02 1.525194770149999879e-01 -3.049384535010000175e-01 -1.351554240460000074e+02 8.038348277030000588e+01 1.125626322570000042e+02
3.591813251159999831e-01 6.665926619720000113e-02 1.583508976440000104e-01 -3.081217298280000128e-01 -1.352079318170000022e+02 7.991777527230000544e+01 1.117500989299999929e+02
1.883025505819999890e-01 6.302074621379999408e-02 1.510790597040000127e-01 -3.105190920179999869e-01 -1.353326687839999920e+02 8.086479319939999755e+01 1.122529891700000064e+02
2.645670734969999827e-01 6.334354400370000027e-02 1.515677785769999897e-01 -3.118934611349999941e-01 -1.346983424619999994e+02 8.036452203630000213e+01 1.120580457589999952e+02
2.862011318250000103e-01 6.182599264699999847e-02 1.480119493379999929e-01 -3.107784519630000242e-01 -1.348878408170000114e+02 8.108009383819999982e+01 1.122038712789999977e+02
1.439772778700000033e-01 6.482885485730000008e-02 1.527849885800000029e-01 -3.092965417729999777e-01 -1.351133623450000130e+02 8.100248022959999616e+01 1.121368572180000029e+02
2.946654935219999993e-01 6.547560515080000365e-02 1.520396560670000119e-01 -3.129310574110000243e-01 -1.351125660579999987e+02 8.053974082519999911e+01 1.115214597580000060e+02
1.688815765470000008e+00 5.995565955380000034e-02 1.527150510879999867e-01 -3.085907285689999946e-01 -1.349349009139999964e+02 8.018949203670000259e+01 1.124658320829999951e+02
2.381800657139999944e-01 5.908524321070000168e-02 1.501857951879999875e-01 -3.125872817659999803e-01 -1.343983687669999938e+02 8.066268794180000157e+01 1.122650366209999930e+02
1.547778539770000017e-01 6.115884402979999968e-02 1.516662657760000088e-01 -3.074156137710000181e-01 -1.354007180469999980e+02 8.035196475630000634e+01 1.121952777860000054e+02
1.964444768220000026e-01 6.465033531010000445e-02 1.505675288439999870e-01 -3.087171864930000065e-01 -1.352697847759999945e+02 8.054087872099999856e+01 1.123939544269999971e+02
1.278132650069999932e-01 6.987902601089999999e-02 1.522109924779999901e-01 -3.143441738269999730e-01 -1.352567916360000027e+02 8.101094852900000376e+01 1.117401306029999972e+02
1.052588788780000062e-01 5.747118561430000078e-02 1.512161305049999904e-01 -3.130131847770000197e-01 -1.342789981690000047e+02 8.076557554449999543e+01 1.124486709290000022e+02
8.826678426359999552e-01 6.171145167520000058e-02 1.578477846369999993e-01 -3.183032734269999886e-01 -1.342092715889999965e+02 8.003746829450000178e+01 1.117927626500000002e+02
1.213897635380000034e-01 6.838700879079999406e-02 1.497621244110000083e-01 -3.166665609600000098e-01 -1.350549805789999880e+02 8.092312197949999586e+01 1.118867977900000028e+02
2.389225192449999924e-01 6.481829791849999522e-02 1.537096921599999944e-01 -3.121185010859999776e-01 -1.353501801269999874e+02 8.047455736489999367e+01 1.114154232530000002e+02
1.508210854200000006e-01 6.174894661929999917e-02 1.497793703939999943e-01 -3.106961159930000105e-01 -1.352105796280000050e+02 8.046413707899999679e+01 1.124278725530000003e+02
1.106601852090000060e-01 6.647256032899999389e-02 1.557777006290000099e-01 -3.156346004919999837e-01 -1.347728814030000137e+02 8.031108956479999961e+01 1.117401236550000050e+02
1.760003630470000080e-01 6.437681710779999400e-02 1.536509188959999939e-01 -3.149272954799999802e-01 -1.347537650879999944e+02 8.097629368260000149e+01 1.117354385120000018e+02
4.972156357740000199e-01 6.030159956950000011e-02 1.537489649940000092e-01 -3.096241413060000225e-01 -1.346331558809999933e+02 8.021557095869999898e+01 1.120733046680000058e+02
1.066434889750000059e-01 6.124452104110000156e-02 1.541680796430000000e-01 -3.113753067360000015e-01 -1.350668247140000062e+02 8.052389500479999640e+01 1.118771409229999989e+02
7.555623023169999453e-01 6.540887111679999366e-02 1.523406513070000023e-01 -3.182735774589999789e-01 -1.346644511739999928e+02 8.095963728370000467e+01 1.115992292699999950e+02
1.696238299820000073e+00 5.954834970649999781e-02 1.542223668409999915e-01 -3.117589203119999763e-01 -1.351932517559999951e+02 8.005130445570000575e+01 1.123500649449999997e+02
1.844370656440000034e-01 6.138750903009999871e-02 1.502498172020000078e-01 -3.175135280610000277e-01 -1.342456961809999996e+02 8.105827673509999443e+01 1.120259184599999998e+02
1.373805527660000025e-01 6.143281567040000113e-02 1.590862426519999984e-01 -3.146335652430000129e-01 -1.344728469849999897e+02 8.012757364189999976e+01 1.118667541220000032e+02
1.170164665160000061e-01 6.721853800150000280e-02 1.556527266090000083e-01 -3.129070755850000274e-01 -1.354227252770000121e+02 7.996083699560000468e+01 1.117099383300000000e+02
1.932814611889999978e-01 6.088017638829999745e-02 1.550396547110000078e-01 -3.122651267609999892e-01 -1.348501521850000131e+02 8.070884579949999704e+01 1.123148926260000025e+02
6.540075612879999944e+00 6.103219773159999917e-02 1.478842550230000108e-01 -3.178827385169999964e-01 -1.343570651709999879e+02 8.134247588149999331e+01 1.123848968390000067e+02
2.231006530300000124e-01 6.753406062370000129e-02 1.552870711659999903e-01 -3.102135573359999787e-01 -1.355185349989999963e+02 8.055838239210000040e+01 1.116823538929999984e+02
1.028527267170000065e-01 6.380044969010000011e-02 1.512281761990000029e-01 -3.115663551260000053e-01 -1.345239601639999876e+02 8.086032875399999398e+01 1.118998358190000033e+02
2.648630951859999860e-01 6.366240992350000183e-02 1.543178073940000006e-01 -3.098952995920000175e-01 -1.353195674250000025e+02 8.035674043919999576e+01 1.119094321379999997e+02
2.162401228289999866e-01 6.493570746969999641e-02 1.533715991000000056e-01 -3.114846602929999819e-01 -1.348021101340000030e+02 8.010677087439999866e+01 1.115602504609999954e+02
3.955574066890000129e+00 6.461845960119999566e-02 1.528956518909999895e-01 -3.160947768749999831e-01 -1.346959432429999879e+02 8.080550785920000578e+01 1.116771097369999950e+02
1.667327086429999938e-01 6.035251011719999781e-02 1.544110126250000103e-01 -3.139537603470000104e-01 -1.343745199139999897e+02 8.016664875009999491e+01 1.120636457170000000e+02
1.395054696789999882e-01 6.269363854130000080e-02 1.448418477110000047e-01 -3.113926230729999745e-01 -1.351715251139999907e+02 8.139215064789999587e+01 1.122764037970000004e+02
1.279427335530000098e-01 6.589535635429999427e-02 1.494161487450000048e-01 -3.120846351980000044e-01 -1.350990584239999919e+02 8.061609837000000311e+01 1.118213824789999933e+02
1.602470359269999867e-01 6.076701327569999922e-02 1.533567456069999946e-01 -3.060347365780000106e-01 -1.351780493779999972e+02 8.012696987900000067e+01 1.119828866349999998e+02
1.146152932700000016e-01 6.001086811450000169e-02 1.500644643179999960e-01 -3.115362316149999922e-01 -1.347067521220000117e+02 8.079312942560000010e+01 1.125291875869999956e+02
3.764029890939999956e-01 6.453088953289999596e-02 1.532297457139999985e-01 -3.156561426939999970e-01 -1.346320051010000043e+02 8.029592611350000197e+01 1.122723384519999996e+02
1.359339069290000090e-01 6.638828836660000399e-02 1.488596990509999940e-01 -3.101646867960000109e-01 -1.353268025229999978e+02 8.060977445829999510e+01 1.118115579490000044e+02
1.050036926359999984e-01 6.136059083550000209e-02 1.552016975059999915e-01 -3.083615452319999894e-01 -1.347507765219999953e+02 7.991365617329999793e+01 1.122168444109999967e+02
1.361528071379999871e-01 6.996198887429999624e-02 1.507745346159999889e-01 -3.102061229060000258e-01 -1.358837826010000072e+02 8.084423290189999989e+01 1.117257705439999995e+02
2.031693547919999898e-01 6.085445642389999965e-02 1.523155647660000001e-01 -3.077700747870000253e-01 -1.353033189079999943e+02 8.050849653679999562e+01 1.123294397129999993e+02
2.388626905200000039e-01 6.808999217920000402e-02 1.551052702519999937e-01 -3.132045088359999840e-01 -1.352745620970000004e+02 8.060270931639999503e+01 1.114096577389999965e+02
3.015558766299999971e-01 6.518970106440000190e-02 1.537286236840000042e-01 -3.071557398309999742e-01 -1.356986588700000027e+02 8.019129158520000544e+01 1.121370097369999996e+02
1.607777948880000085e-01 6.266870337360000431e-02 1.524281680919999937e-01 -3.148794563330000185e-01 -1.344864318559999958e+02 8.049281975079999540e+01 1.121247932360000021e+02
1.310086190480000135e-01 6.423717141460000279e-02 1.551193490480000103e-01 -3.133390872899999846e-01 -1.346593904970000040e+02 8.037728857499999435e+01 1.120203891520000070e+02
4.694506155040000239e-01 6.768124084429999465e-02 1.539678686050000023e-01 -3.113310913010000069e-01 -1.355641415139999992e+02 8.017453949480000119e+01 1.118273952370000046e+02
1.014573706650000046e-01 6.105103372210000240e-02 1.552147542769999888e-01 -3.084875685979999727e-01 -1.349973825330000068e+02 7.983597551430000294e+01 1.121959129960000041e+02
1.922044339129999890e-01 6.512773106600000528e-02 1.474331620110000129e-01 -3.116871442909999734e-01 -1.354228235109999900e+02 8.112532136080000100e+01 1.119053435299999961e+02
1.016661163099999987e-01 6.622708324260000168e-02 1.532296386089999907e-01 -3.110371855940000096e-01 -1.349036823700000127e+02 8.003275187190000395e+01 1.118385132060000018e+02
1.306213814249999883e-01 6.011972255030000045e-02 1.542765254029999922e-01 -3.107365765369999866e-01 -1.349824482129999978e+02 8.008876784730000509e+01 1.122801244359999941e+02
1.961837661030000068e-01 6.639361450580000268e-02 1.541051445199999870e-01 -3.127010781430000219e-01 -1.355723083009999925e+02 8.027927355069999749e+01 1.118783675269999947e+02
1.097220711759999967e-01 6.001071071829999770e-02 1.546818136929999921e-01 -3.121732234499999814e-01 -1.347977668480000091e+02 7.997179633429999512e+01 1.121497626320000052e+02
1.727331789379999982e-01 6.279147031060000606e-02 1.512179578099999977e-01 -3.075194352449999724e-01 -1.352170699840000054e+02 8.080104539449999379e+01 1.122850193149999996e+02
1.495766424040000098e-01 6.312196444940000595e-02 1.495249574689999916e-01 -3.099411801670000077e-01 -1.349764539679999871e+02 8.052198751070000071e+01 1.122429366970000046e+02
2.177345290669999989e-01 5.903214245990000275e-02 1.526666320750000028e-01 -3.098770697750000136e-01 -1.348388482340000110e+02 8.033620617379999373e+01 1.127222688359999978e+02
1.173368584610000043e-01 6.799135712430000311e-02 1.545303106589999975e-01 -3.092764534990000147e-01 -1.356300080450000110e+02 8.018870546540000532e+01 1.120983028550000000e+02
1.296446988330000050e-01 6.077544577439999984e-02 1.523106508369999890e-01 -3.087521804530000136e-01 -1.348025390159999972e+02 8.046856218950000539e+01 1.127167283210000051e+02
1.106194647329999947e-01 6.504013733300000044e-02 1.532932598510000077e-01 -3.141977064809999831e-01 -1.350604561590000117e+02 8.076468159179999873e+01 1.119986789090000059e+02
3.056375854169999795e-01 6.811782764109999833e-02 1.530802887269999968e-01 -3.056853204039999827e-01 -1.358010772970000062e+02 8.020022397500000011e+01 1.121017610490000038e+02
1.048047729870000000e-01 5.938613304959999839e-02 1.500209794790000051e-01 -3.124675610629999989e-01 -1.346728628490000119e+02 8.067965043940000669e+01 1.124710047049999986e+02
1.395308522469999868e-01 5.621420475299999941e-02 1.555547508050000027e-01 -3.148002054360000135e-01 -1.340645664790000069e+02 8.006854992649999758e+01 1.121969882970000043e+02
1.319918373410000068e-01 6.443340185380000418e-02 1.524988133949999880e-01 -3.141625525949999775e-01 -1.345183673779999936e+02 8.070752549860000613e+01 1.124260470929999940e+02
2.813068276790000044e-01 6.330716445139999982e-02 1.511341366979999934e-01 -3.121383259750000194e-01 -1.351279077510000093e+02 8.045477225630000362e+01 1.120670282159999971e+02
1.132536323340000095e+00 6.185496301639999833e-02 1.507517709139999940e-01 -3.107721691840000244e-01 -1.351058404949999954e+02 8.105397073890000570e+01 1.122354743209999981e+02
1.716783058459999955e-01 6.643491826359999852e-02 1.528493621239999933e-01 -3.102954563779999897e-01 -1.351021260830000017e+02 8.043552547679999520e+01 1.119565319130000063e+02
1.851188492670000074e-01 5.947738450610000338e-02 1.509633850429999979e-01 -3.096729654900000073e-01 -1.350851000259999921e+02 8.077602913040000487e+01 1.124582112709999961e+02
1.134532613719999999e-01 6.398228087650000007e-02 1.534819765690000060e-01 -3.130942631210000271e-01 -1.345507256299999881e+02 8.064192384550000270e+01 1.118071384189999975e+02
2.017126497229999871e-01 6.027148009600000189e-02 1.499046329610000117e-01 -3.078063143770000121e-01 -1.350437036790000036e+02 8.070681936319999750e+01 1.125846924049999984e+02
1.689089090130000137e-01 5.956027163529999807e-02 1.583791880050000045e-01 -3.089006012550000180e-01 -1.348110314580000022e+02 7.984451380820000566e+01 1.120917947140000024e+02
5.748880609580000467e-01 6.078526355399999775e-02 1.537934260509999929e-01 -3.108220767920000238e-01 -1.347010511290000068e+02 8.071888747030000388e+01 1.122446548359999952e+02
1.142213848649999974e-01 5.767335565159999872e-02 1.481161278879999932e-01 -3.115697911840000223e-01 -1.342662089130000140e+02 8.097403543970000328e+01 1.125308277179999976e+02
1.387263153799999926e-01 6.669657416789999405e-02 1.533554228610000125e-01 -3.107611895219999920e-01 -1.352063108199999988e+02 8.007809831219999808e+01 1.120330355499999939e+02
1.454167233520000102e-01 6.754190522370000227e-02 1.555617619999999923e-01 -3.114455874279999925e-01 -1.351003632770000138e+02 8.022921984650000127e+01 1.119840247719999979e+02
5.733139787859999892e-01 6.507818791930000679e-02 1.516671384790000132e-01 -3.106683554829999805e-01 -1.352124949900000104e+02 8.077906666520000556e+01 1.121126625280000013e+02
1.002571143910000045e-01 6.071075762239999674e-02 1.562269124569999890e-01 -3.121503060429999810e-01 -1.350026073409999867e+02 8.000847201649999363e+01 1.118777809420000011e+02
1.897135279000000119e-01 6.177233947980000084e-02 1.508836594480000015e-01 -3.139108263079999905e-01 -1.344384807389999992e+02 8.084914474379999660e+01 1.122843108339999958e+02
1.201478192390000033e-01 6.469712459739999921e-02 1.502114986810000052e-01 -3.130685439259999758e-01 -1.351772112810000124e+02 8.103943244239999899e+01 1.121543289330000022e+02
8.617128887449999608e-01 5.975512933220000072e-02 1.543448499629999915e-01 -3.158613861080000196e-01 -1.342078716579999877e+02 8.034997513160000437e+01 1.122123927800000018e+02
1.000413263680000053e-01 6.601245177910000650e-02 1.557382430099999993e-01 -3.125954672240000010e-01 -1.349892425470000035e+02 8.046000748379999834e+01 1.119303012769999981e+02
1.468274321030000051e-01 6.429637938049999335e-02 1.521832850369999879e-01 -3.122568707739999949e-01 -1.350497747800000070e+02 8.016978651029999980e+01 1.124716712139999970e+02
1.735394045360000026e-01 6.614041651440000225e-02 1.531781069170000120e-01 -3.102882060180000012e-01 -1.353591746310000019e+02 8.062139820589999317e+01 1.117004994819999979e+02
1.114732586629999939e-01 6.269278832730000584e-02 1.565395701529999906e-01 -3.115811576449999953e-01 -1.345152412099999992e+02 8.025813564850000148e+01 1.122420214039999991e+02
5.554378545579999882e-01 5.679423477929999853e-02 1.517960497389999885e-01 -3.109840794550000065e-01 -1.344978290759999879e+02 8.053236742110000534e+01 1.122579455510000059e+02
1.486889971110000042e-01 6.515884081230000069e-02 1.521443517870000040e-01 -3.134533670360000190e-01 -1.345622492480000005e+02 8.081362930029999347e+01 1.120201272399999937e+02
3.893717032649999799e-01 6.179057917680000345e-02 1.492442649269999921e-01 -3.120388151779999730e-01 -1.348922748599999863e+02 8.077195477460000461e+01 1.123157015569999970e+02
6.318300470630000554e-01 6.630994049640000221e-02 1.546598648359999995e-01 -3.085976961560000231e-01 -1.355217786670000066e+02 8.026810132440000700e+01 1.117584880720000058e+02
3.814271617810000015e-01 6.127032570029999903e-02 1.533325849809999974e-01 -3.153794970720000257e-01 -1.346304566880000095e+02 8.030875572189999900e+01 1.122846804699999979e+02
1.689988433300000092e-01 6.999566612419999556e-02 1.546312576480000089e-01 -3.166277594049999866e-01 -1.352062503859999936e+02 8.047677794800000584e+01 1.118618296390000069e+02
1.699584714269999908e-01 6.540520935660000534e-02 1.540853515650000005e-01 -3.134064611230000241e-01 -1.343818418969999868e+02 8.035183451650000563e+01 1.129101496520000012e+02
1.137724839820000028e-01 6.565459377040000488e-02 1.492877746440000042e-01 -3.121037829880000114e-01 -1.352017393970000114e+02 8.092653804270000251e+01 1.123280786069999948e+02
1.454302822770000003e-01 6.666919302309999573e-02 1.467632608580000109e-01 -3.148289240450000137e-01 -1.351370153430000016e+02 8.133512857239999505e+01 1.117626306410000012e+02
1.485484086989999897e-01 6.299175102289999995e-02 1.527819942749999993e-01 -3.097935998520000012e-01 -1.350759724440000014e+02 8.041467356850000670e+01 1.123524473669999963e+02
1.738739230449999895e-01 6.334011866250000011e-02 1.523064220710000083e-01 -3.137797597900000013e-01 -1.347676530070000069e+02 8.080319048750000377e+01 1.118531597519999963e+02
1.565108331989999990e-01 6.377546762279999448e-02 1.532589373970000002e-01 -3.143201271839999866e-01 -1.350773081069999932e+02 8.075740755750000233e+01 1.118039715379999990e+02
6.638488352570000028e-01 6.499405764719999590e-02 1.508997287799999920e-01 -3.124626588700000207e-01 -1.348608515919999888e+02 8.065736516430000336e+01 1.122979072549999984e+02
1.194093426380000017e-01 6.318836315509999968e-02 1.496839884199999970e-01 -3.130406811850000026e-01 -1.346778100010000117e+02 8.070120221870000421e+01 1.126764141160000037e+02
1.029392518260000000e-01 6.593692535369999330e-02 1.494528758600000007e-01 -3.174864957790000108e-01 -1.346944858470000099e+02 8.067174145309999744e+01 1.119777654119999966e+02
1.170545404690000041e-01 6.427688335530000463e-02 1.469987436369999956e-01 -3.091046923999999918e-01 -1.350260565869999994e+02 8.084153241920000710e+01 1.121450097670000048e+02
8.471389394580000065e-01 6.747529337169999586e-02 1.510849485459999919e-01 -3.135300924960000013e-01 -1.352946344839999995e+02 8.048839663089999874e+01 1.119246043360000016e+02
1.177573138979999962e-01 6.146123719080000269e-02 1.510464885089999876e-01 -3.151478172209999928e-01 -1.347674229399999888e+02 8.080898162270000284e+01 1.117521146490000064e+02
1.408907485860000086e-01 6.386356070710000332e-02 1.518465755669999862e-01 -3.134004059100000128e-01 -1.354376914069999884e+02 8.045521908889999452e+01 1.119229773790000024e+02
2.159787530529999888e-01 6.267601797940000607e-02 1.551761730129999906e-01 -3.125889771620000146e-01 -1.347076672819999885e+02 8.072761082600000293e+01 1.119434323339999935e+02
2.161930169500000165e+00 6.667876776900000246e-02 1.524014944659999871e-01 -3.158081292959999953e-01 -1.350561370359999955e+02 8.115112820730000465e+01 1.119119184089999948e+02
2.501506027770000196e-01 6.647509221750000363e-02 1.511349883170000075e-01 -3.152603851049999850e-01 -1.346155051789999959e+02 8.100491093799999476e+01 1.121587102529999953e+02
1.165607673780000020e-01 6.469091701109999648e-02 1.511860377800000044e-01 -3.167838670340000218e-01 -1.346050165849999871e+02 8.098819260589999658e+01 1.121779853379999992e+02
2.388939531510000103e-01 6.241993957809999910e-02 1.527105234009999979e-01 -3.124522411049999726e-01 -1.347146713440000099e+02 8.051107793049999373e+01 1.120832241170000003e+02
1.418227415880000120e-01 6.413982129549999911e-02 1.485543944820000017e-01 -3.110164151090000217e-01 -1.350734175320000077e+02 8.085884788840000681e+01 1.118380128510000020e+02
1.002373549429999983e-01 6.204644187740000066e-02 1.539298775559999888e-01 -3.158126798270000091e-01 -1.348210828869999887e+02 8.088159255189999897e+01 1.121570165090000017e+02
1.098056616930000035e-01 6.166428872540000161e-02 1.460346896960000029e-01 -3.159563132880000014e-01 -1.348068942490000097e+02 8.121064847830000133e+01 1.123319560759999973e+02
1.415815457329999971e-01 6.225318968540000109e-02 1.499029366300000110e-01 -3.129457884469999951e-01 -1.347530697960000055e+02 8.073168040150000024e+01 1.124340548400000017e+02
5.352873082179999686e-01 6.228274726329999927e-02 1.526960433560000108e-01 -3.144735684850000212e-01 -1.342890024540000127e+02 8.064212672169999507e+01 1.122718941490000049e+02
1.136707718470000017e-01 6.690804942939999889e-02 1.536988862850000026e-01 -3.104663986330000180e-01 -1.351483756469999946e+02 8.082850747370000022e+01 1.118452011450000043e+02
1.611893794320000128e-01 6.324739333350000436e-02 1.560758334969999939e-01 -3.129647430949999976e-01 -1.348127366790000110e+02 7.994081208929999605e+01 1.122108374540000000e+02
1.436909339349999870e-01 6.423535493449999967e-02 1.506251348419999914e-01 -3.131283162599999836e-01 -1.347493942019999906e+02 8.045412908459999812e+01 1.124384129409999957e+02
4.831368835589999744e-01 6.373399025949999519e-02 1.523752079069999876e-01 -3.084250596359999763e-01 -1.351027851089999956e+02 8.019633586969999328e+01 1.125295563579999936e+02
3.257643295120000171e-01 6.527059128350000405e-02 1.503317489869999968e-01 -3.075164075549999820e-01 -1.351239458919999947e+02 8.051576393530000075e+01 1.121606571730000041e+02
2.976891963330000057e-01 6.023715195090000030e-02 1.542164172770000008e-01 -3.065628108849999811e-01 -1.349351113920000103e+02 8.039763160069999515e+01 1.121276725329999948e+02
1.505801897219999907e-01 6.577531477490000666e-02 1.510830541579999964e-01 -3.140672425079999996e-01 -1.353549760159999948e+02 8.068553952230000448e+01 1.119096573019999994e+02
2.468846923030000029e-01 6.476572811200000113e-02 1.542918699820000072e-01 -3.110767000219999967e-01 -1.350398453409999888e+02 7.991990273209999884e+01 1.120669889509999990e+02
1.143532647559999949e-01 6.353068589110000275e-02 1.517702644370000076e-01 -3.171567513699999896e-01 -1.344509332780000079e+02 8.084218936579999593e+01 1.117673082900000026e+02
1.494722860219999949e-01 6.324641639689999872e-02 1.517677722100000126e-01 -3.132377187879999969e-01 -1.348010138040000072e+02 8.093762033449999649e+01 1.123023620280000046e+02
1.865336429879999869e-01 6.418946241310000134e-02 1.510054722829999863e-01 -3.140170137750000201e-01 -1.350950659149999922e+02 8.041771568000000059e+01 1.119068178229999972e+02
1.069108743509999959e-01 6.487617866110000076e-02 1.503669439249999962e-01 -3.107462618110000130e-01 -1.351147837009999932e+02 8.020476935230000493e+01 1.122663647859999969e+02
7.174562188180000355e+00 6.109776656620000135e-02 1.487998318990000068e-01 -3.154581462589999830e-01 -1.344193159010000045e+02 8.087171410349999690e+01 1.123177499370000021e+02
3.489476267519999730e-01 6.510465101569999635e-02 1.535706482710000043e-01 -3.134568323849999949e-01 -1.345564300949999961e+02 7.933531046269999365e+01 1.116067508130000050e+02
1.077517286659999962e-01 6.368956184799999531e-02 1.551257715530000025e-01 -3.073742559609999869e-01 -1.350441440150000005e+02 8.052513580640000157e+01 1.121207992049999973e+02
3.274924376930000158e-01 6.518950101909999628e-02 1.528338308980000115e-01 -3.112268920299999797e-01 -1.353165372020000063e+02 8.059879842620000545e+01 1.120194713319999948e+02
4.287867153170000223e-01 6.074290402830000157e-02 1.462307044360000030e-01 -3.047480113950000180e-01 -1.351149171520000039e+02 8.101340650970000468e+01 1.125720106809999947e+02
2.794144193299999968e-01 6.544914863780000591e-02 1.541020449799999914e-01 -3.130673559320000243e-01 -1.353853849209999964e+02 7.995162090280000200e+01 1.117010847469999959e+02
1.296540336650000014e-01 6.322278760869999570e-02 1.491353228439999956e-01 -3.103985452849999938e-01 -1.347579876629999944e+02 8.052072909909999510e+01 1.121330899550000026e+02
2.138936129039999967e-01 6.013485174819999807e-02 1.492652099539999999e-01 -3.113420813459999992e-01 -1.349091651010000135e+02 8.091346932000000436e+01 1.122821782310000032e+02
1.041202562060000031e-01 5.717223479939999992e-02 1.542342097989999883e-01 -3.106033032139999817e-01 -1.345351503580000099e+02 8.032150565109999718e+01 1.124057882390000032e+02
5.159919226939999604e-01 6.647366782859999434e-02 1.518206920229999979e-01 -3.130095907900000141e-01 -1.358838271779999900e+02 8.043127249479999819e+01 1.120964191249999971e+02
1.469805997159999988e-01 6.881579129999999822e-02 1.538013450869999965e-01 -3.175572623760000157e-01 -1.350664418910000109e+02 8.079606039429999953e+01 1.115039883660000015e+02
2.037219203629999920e-01 6.381221641289999691e-02 1.517300440380000004e-01 -3.089659650909999944e-01 -1.353301319100000057e+02 8.022948670569999763e+01 1.118100767439999998e+02
1.018135051120000051e-01 6.322808315319999872e-02 1.523627978990000076e-01 -3.137567673389999867e-01 -1.348449350369999991e+02 8.098644595989999573e+01 1.121187109939999971e+02
1.092536313559999972e-01 6.518992499539999486e-02 1.509584702539999990e-01 -3.091407455410000171e-01 -1.353708683689999930e+02 8.083364241050000487e+01 1.120372337830000049e+02
4.684003453300000230e-01 6.600269825870000440e-02 1.516166517800000002e-01 -3.132740171519999839e-01 -1.346808572010000091e+02 8.057504328109999392e+01 1.122231912849999986e+02
1.165871890190000038e-01 5.982095414159999819e-02 1.535114622679999985e-01 -3.114437739040000208e-01 -1.350169325070000070e+02 8.004683512420000113e+01 1.121478746979999954e+02
3.825058994039999827e-01 6.371903077290000383e-02 1.488959429120000066e-01 -3.130625463469999814e-01 -1.350819671179999943e+02 8.089741854449999892e+01 1.121757548869999965e+02
2.558440628670000105e+00 6.339530976469999468e-02 1.558504018790000112e-01 -3.085209004949999723e-01 -1.347859332110000139e+02 8.033589882149999539e+01 1.119366404520000060e+02
1.559652211299999980e-01 6.276245577849999535e-02 1.478368762510000045e-01 -3.097769521340000276e-01 -1.352837777199999891e+02 8.103538527009999370e+01 1.123647727080000038e+02
1.214943891549999933e-01 6.318609864999999437e-02 1.540041515139999873e-01 -3.084581079939999748e-01 -1.350737417249999908e+02 7.990790817399999924e+01 1.124459122250000007e+02
1.056918411459999985e-01 6.769132445219999683e-02 1.529482268419999902e-01 -3.147839097219999882e-01 -1.353522287350000113e+02 8.022589096430000666e+01 1.118930261959999939e+02
2.144868081380000013e-01 6.565922677289999509e-02 1.511984657019999900e-01 -3.141697708239999942e-01 -1.350985392540000021e+02 8.110207717629999991e+01 1.120016012990000007e+02
1.077213607240000010e-01 6.269201776379999813e-02 1.545134305820000109e-01 -3.100546361240000270e-01 -1.348328813480000008e+02 8.009818114899999841e+01 1.120009092490000029e+02
2.731974815479999985e-01 6.554245537260000587e-02 1.586068665650000042e-01 -3.136160354740000211e-01 -1.348707061009999961e+02 7.986134872430000087e+01 1.118727257200000054e+02
3.355258173539999689e+01 6.611247488709999509e-02 1.517440276139999933e-01 -3.130353811919999729e-01 -1.353690431569999930e+02 8.059078902609999773e+01 1.116978001970000065e+02
1.039875695300000041e-01 6.294608227009999835e-02 1.553012756480000034e-01 -3.082999753380000207e-01 -1.353250450189999867e+02 7.993944603849999453e+01 1.120187539810000033e+02
1.319583330540000099e-01 6.242929681869999886e-02 1.480818467510000014e-01 -3.101817937390000113e-01 -1.347931530930000008e+02 8.112710175450000349e+01 1.123461884849999990e+02
3.374489420630000236e-01 6.107300984349999656e-02 1.533526680429999900e-01 -3.155967749040000103e-01 -1.345285176769999964e+02 8.077666113550000659e+01 1.123517856020000067e+02
2.151716964229999918e-01 6.579559676969999604e-02 1.479332448310000103e-01 -3.148283923210000168e-01 -1.347965730980000103e+02 8.109261911870000006e+01 1.123125624970000018e+02
6.438453355100000053e-01 5.421097056359999722e-02 1.559111078100000047e-01 -3.123582699319999989e-01 -1.341035739239999884e+02 8.020302541030000043e+01 1.125461861809999959e+02
1.452477951529999867e-01 6.274123187730000495e-02 1.554055700860000055e-01 -3.128209689340000210e-01 -1.348803230590000055e+02 8.025960052620000340e+01 1.123730968649999937e+02
6.687448133679999573e-01 6.292691717890000480e-02 1.521588501760000045e-01 -3.051002671740000172e-01 -1.354036653430000001e+02 8.040214044500000057e+01 1.119816615790000043e+02
1.482900298740000011e-01 6.595799807659999403e-02 1.512989229420000081e-01 -3.136100072060000188e-01 -1.353136587539999880e+02 8.120987497439999458e+01 1.120042397069999964e+02
1.032097242830000011e-01 6.188526959619999879e-02 1.548759855480000003e-01 -3.091640832870000133e-01 -1.349486688149999907e+02 8.020513645409999981e+01 1.123124431880000031e+02
4.534624358350000106e-01 6.344610887599999582e-02 1.540414727059999933e-01 -3.142127300320000094e-01 -1.343153334929999971e+02 8.032868243170000255e+01 1.119892941140000033e+02
3.645224090679999862e-01 6.883622376930000064e-02 1.492443423129999891e-01 -3.089526888410000227e-01 -1.356614437300000020e+02 8.079898308990000544e+01 1.118194662599999987e+02
2.276231833609999866e-01 6.302998859939999698e-02 1.521147554110000022e-01 -3.117147616970000201e-01 -1.346397409319999952e+02 8.042840571649999504e+01 1.122244200840000019e+02
1.042629886090000041e-01 6.391827101180000414e-02 1.505554448860000061e-01 -3.124297864439999906e-01 -1.354916199390000031e+02 8.102606268579999949e+01 1.119955805860000027e+02
3.283385652620000039e-01 5.876779954280000190e-02 1.513203155470000116e-01 -3.145889942369999859e-01 -1.343265550659999974e+02 8.070523908139999492e+01 1.119691638009999934e+02
1.151816818699999967e-01 6.052095784579999971e-02 1.542660760119999863e-01 -3.112754289690000120e-01 -1.348773458510000012e+02 7.991512790209999650e+01 1.119627639680000044e+02
2.974000001800000126e-01 6.239955893790000152e-02 1.485297024170000035e-01 -3.143042324520000097e-01 -1.345199996849999877e+02 8.094096728190000078e+01 1.120056762429999964e+02
2.211825083869999875e-01 6.294964229299999936e-02 1.506035820280000048e-01 -3.206260994369999895e-01 -1.344491149449999909e+02 8.122567692379999471e+01 1.120406647389999932e+02
3.564249491450000029e-01 6.338231108950000137e-02 1.501400160630000091e-01 -3.166529111640000171e-01 -1.346070027739999944e+02 8.083069061160000501e+01 1.123594879340000006e+02
2.006809813650000107e-01 6.398755115330000132e-02 1.526221358950000107e-01 -3.144601208769999823e-01 -1.348764271420000114e+02 8.108361636210000256e+01 1.122580264869999951e+02
9.920936196190000000e-01 6.097143946929999697e-02 1.551005950100000086e-01 -3.072892087390000082e-01 -1.349596017320000101e+02 8.002589611749999676e+01 1.124367192819999985e+02
1.001294236590000025e-01 6.379990326199999617e-02 1.547373757359999935e-01 -3.160506998929999978e-01 -1.348743947870000000e+02 8.015306728730000430e+01 1.119051705239999990e+02
5.241870188949999676e-01 5.792464378329999913e-02 1.507859216080000009e-01 -3.144434177279999965e-01 -1.342473323529999902e+02 8.077849872779999885e+01 1.125527655129999971e+02
1.282454942600000092e-01 6.211939388240000220e-02 1.523486717070000052e-01 -3.180051789889999925e-01 -1.342228484970000011e+02 8.092232316369999978e+01 1.121920782109999948e+02
1.407279861200000093e-01 6.162998352880000308e-02 1.522027300940000105e-01 -3.030755672220000196e-01 -1.352638863219999905e+02 8.042852487609999912e+01 1.123226778159999952e+02
1.783518639849999976e-01 6.405730357809999442e-02 1.518610626219999982e-01 -3.127747625389999953e-01 -1.351156611909999867e+02 8.073577488649999623e+01 1.125206463109999930e+02
2.892744877569999873e-01 6.579599792090000399e-02 1.553349374989999865e-01 -3.111587881999999805e-01 -1.350618520620000140e+02 8.003393922130000249e+01 1.118907752020000004e+02
2.613730672619999917e-01 6.663283553069999920e-02 1.576585687369999877e-01 -3.094216411869999961e-01 -1.353952125760000058e+02 8.021340202189999502e+01 1.116227265979999999e+02
1.045440592580000050e-01 6.543487186740000461e-02 1.516119949710000026e-01 -3.122675490099999784e-01 -1.348029987859999892e+02 8.061714775490000306e+01 1.122218489530000056e+02
1.030732528420000016e-01 6.411495779449999377e-02 1.551071101000000008e-01 -3.087886748390000213e-01 -1.349035660430000121e+02 7.976497638520000066e+01 1.121231091800000002e+02
1.659518504789999904e-01 6.524025200470000285e-02 1.594448510310000067e-01 -3.160310638409999928e-01 -1.349641137989999891e+02 8.009605655240000033e+01 1.118155344719999960e+02
1.081521067169999989e-01 6.123750894709999865e-02 1.555596139240000009e-01 -3.113690302150000089e-01 -1.347179128889999902e+02 8.004668717049999316e+01 1.123355860180000008e+02
1.257501043910000116e-01 6.297368996770000282e-02 1.478853565790000102e-01 -3.135580217680000170e-01 -1.350319345409999983e+02 8.108305670309999869e+01 1.122898729839999987e+02
4.443877491429999993e-01 6.427676567020000620e-02 1.458533094430000121e-01 -3.161077903139999923e-01 -1.347702259769999955e+02 8.142258561990000487e+01 1.122134917789999946e+02
1.042736622730000007e-01 6.358143498820000017e-02 1.508329818130000055e-01 -3.184931586060000264e-01 -1.346453045629999963e+02 8.090180051459999788e+01 1.121485307810000052e+02
1.284804728879999913e-01 6.169582778749999746e-02 1.494583734609999937e-01 -3.080875269360000002e-01 -1.348177101210000046e+02 8.072172744370000430e+01 1.123050264679999941e+02
1.798887205849999948e-01 6.467828963459999747e-02 1.515965023920000099e-01 -3.119247038099999814e-01 -1.349893156219999923e+02 8.089703897229999541e+01 1.119169455340000070e+02
2.324600220470000034e-01 6.383831822190000338e-02 1.475419881639999931e-01 -3.187377117229999723e-01 -1.348062771699999871e+02 8.117198132919999409e+01 1.120473504050000031e+02
2.349324900260000015e-01 6.665072716919999418e-02 1.609232648349999961e-01 -3.141401599399999967e-01 -1.349234572860000014e+02 7.970411687189999839e+01 1.115917038710000071e+02
1.118808092729999953e-01 6.603054046919999698e-02 1.527879344399999950e-01 -3.124777927729999738e-01 -1.349854290940000112e+02 8.055573447839999801e+01 1.118815518549999979e+02
5.561079050660000078e+00 6.632362369420000126e-02 1.558048418890000120e-01 -3.074000649979999888e-01 -1.354867167859999881e+02 7.998937368480000032e+01 1.119626362789999945e+02
1.003109440089999943e-01 5.855281404039999749e-02 1.554161995589999901e-01 -3.122884244999999948e-01 -1.345823114769999904e+02 8.021034854549999693e+01 1.121992904540000069e+02
1.188298884139999956e-01 6.651651911990000277e-02 1.522608635890000117e-01 -3.142138656630000249e-01 -1.351662794110000050e+02 8.055270807120000143e+01 1.120427916999999951e+02
4.027407491650000226e-01 6.644327879399999914e-02 1.550011567659999867e-01 -3.112249813499999851e-01 -1.353025343230000033e+02 8.000391518889999531e+01 1.120415799080000028e+02
1.052512135460000053e-01 6.449985464190000073e-02 1.504409929739999874e-01 -3.114920770979999753e-01 -1.348326417469999967e+02 8.090471396149999350e+01 1.121834321890000012e+02
2.914303459379999905e-01 6.337472187989999506e-02 1.525451308659999949e-01 -3.112338404819999793e-01 -1.349713355600000000e+02 8.012300370369999314e+01 1.122321705170000001e+02
3.343930274329999786e-01 6.243740579550000058e-02 1.525679764879999956e-01 -3.106058351880000012e-01 -1.348628544320000060e+02 8.098845920339999793e+01 1.120090995670000069e+02
1.811771469500000065e-01 6.764474348149999983e-02 1.469984418339999876e-01 -3.121660716349999865e-01 -1.353614505429999895e+02 8.110398203879999812e+01 1.121210328620000070e+02
1.149476122290000041e-01 6.838028755449999940e-02 1.522973382130000108e-01 -3.180147640589999769e-01 -1.347280665849999934e+02 8.081721794899999622e+01 1.119135569529999970e+02
2.899876351200000091e+00 6.702340638360000658e-02 1.536799516279999944e-01 -3.121111316569999961e-01 -1.349918745079999951e+02 8.038440385159999835e+01 1.117627926699999961e+02
4.623380483930000229e-01 6.373343978999999881e-02 1.510829554660000074e-01 -3.127056144020000095e-01 -1.347691039320000073e+02 8.036967322360000310e+01 1.120306010329999964e+02
1.291430908270000122e-01 6.585215782849999921e-02 1.494659486119999936e-01 -3.157096312139999750e-01 -1.347462045769999861e+02 8.078098912519999431e+01 1.120389236510000046e+02
1.398050722489999897e-01 7.054320659729999832e-02 1.539610646329999943e-01 -3.133639273559999938e-01 -1.351931947500000035e+02 8.042201884760000041e+01 1.114926922319999960e+02
1.338290452170000089e+00 6.480703631549999955e-02 1.513872928090000125e-01 -3.117117272730000055e-01 -1.350999288429999865e+02 8.067556977040000277e+01 1.115938971559999970e+02
4.582029973260000055e-01 6.394947138930000274e-02 1.496129012119999935e-01 -3.132053387370000164e-01 -1.347176472220000107e+02 8.076210575020000704e+01 1.120481294070000047e+02
1.316014653889999997e-01 5.977472127840000038e-02 1.532106813419999991e-01 -3.159657063590000092e-01 -1.344800516599999867e+02 8.054667772210000010e+01 1.124420385380000056e+02
1.079428638219999959e-01 6.132671285710000059e-02 1.536767678089999978e-01 -3.106936009560000156e-01 -1.349472022059999858e+02 8.036055141680000702e+01 1.120247843850000038e+02
1.246952163349999976e-01 6.476874539969999789e-02 1.522885619700000137e-01 -3.106766357669999978e-01 -1.348189590469999928e+02 8.057450987529999509e+01 1.120544984480000039e+02
1.224203471290000039e-01 6.048001925890000158e-02 1.484797274159999902e-01 -3.101757127409999759e-01 -1.347540475689999937e+02 8.053529344380000055e+01 1.126253508939999932e+02
1.109182224879999984e-01 5.908347298470000009e-02 1.476175234379999979e-01 -3.111949571670000192e-01 -1.345995738039999878e+02 8.090155775659999904e+01 1.128685717900000043e+02
2.647099023949999741e-01 6.491519935200000535e-02 1.518322214429999872e-01 -3.122420542770000251e-01 -1.344017421309999918e+02 8.068953474980000351e+01 1.121345798370000040e+02
1.197523041250000003e-01 6.588622689039999591e-02 1.499244470839999899e-01 -3.118206702749999892e-01 -1.353456154250000054e+02 8.053087151219999384e+01 1.122788474740000026e+02
3.421205423850000038e-01 6.121562531880000296e-02 1.542852718599999895e-01 -3.123158792960000207e-01 -1.344188116969999953e+02 8.075003247499999759e+01 1.121572860400000025e+02
1.082942977069999979e-01 6.307267522180000363e-02 1.558718815879999997e-01 -3.089143898010000000e-01 -1.346921499579999875e+02 8.015795224929999563e+01 1.120010506739999983e+02
1.064511063849999939e-01 6.333298092439999805e-02 1.561332554829999997e-01 -3.112994586269999808e-01 -1.352870605219999902e+02 7.994780061080000166e+01 1.122111118929999947e+02
1.818229574409999938e-01 6.662252326459999763e-02 1.485651019030000131e-01 -3.087946811919999868e-01 -1.355137734410000121e+02 8.088453822660000014e+01 1.123180232929999960e+02
3.637127259010000113e-01 6.329678125790000331e-02 1.521386677319999936e-01 -3.110575021479999869e-01 -1.346561193320000029e+02 8.015846089500000460e+01 1.119102987020000057e+02
1.336854387020000035e-01 6.381860465210000000e-02 1.538231725160000007e-01 -3.110957127339999961e-01 -1.351122755579999932e+02 8.069837644749999583e+01 1.118617711960000065e+02
1.997040063799999932e-01 6.394522585280000559e-02 1.523110135219999939e-01 -3.119136145570000074e-01 -1.351691340959999934e+02 8.068983165929999757e+01 1.121577913020000068e+02
1.441233578780000135e-01 6.615493871989999719e-02 1.500540042469999946e-01 -3.077910277879999934e-01 -1.352971588059999988e+02 8.076285781120000706e+01 1.121619355450000057e+02
6.637826795569999883e-01 6.602631852080000086e-02 1.503982751940000084e-01 -3.090812816769999971e-01 -1.352400207679999937e+02 8.059682894380000562e+01 1.121804005639999957e+02
1.014139356939999931e-01 6.340925150260000309e-02 1.503201852359999924e-01 -3.107904900319999886e-01 -1.351161291649999896e+02 8.107831614170000023e+01 1.121853848989999989e+02
2.386155663260000059e-01 6.449370431959999816e-02 1.529903084389999945e-01 -3.104132202470000212e-01 -1.348359291689999964e+02 8.018144495280000683e+01 1.124166381760000064e+02
1.149044807009999974e-01 6.250834173630000212e-02 1.530554079839999970e-01 -3.084457221279999772e-01 -1.353860204140000008e+02 8.046415351720000331e+01 1.122539415180000049e+02
1.585511498040000078e-01 6.641460575730000204e-02 1.515198715409999952e-01 -3.115509614440000186e-01 -1.351739852679999956e+02 8.089511117780000404e+01 1.119361261049999996e+02
9.221538110860000304e-01 6.604400068530000278e-02 1.485380258500000050e-01 -3.097834020940000155e-01 -1.356455027670000106e+02 8.069440967929999431e+01 1.122939879730000001e+02
1.319864237149999953e-01 6.290672697379999512e-02 1.526333553679999899e-01 -3.127848005419999744e-01 -1.346038394379999943e+02 8.091918183069999770e+01 1.120274358150000040e+02
2.856320859640000265e-01 6.473011148410000304e-02 1.519010561649999924e-01 -3.135755733560000036e-01 -1.352826266490000080e+02 8.082350146429999427e+01 1.121712303179999992e+02
6.000730364799999883e-01 6.490610685370000466e-02 1.555739066750000121e-01 -3.133086419639999898e-01 -1.345121675469999900e+02 8.025554108379999718e+01 1.117307829199999958e+02
1.878736509989999970e-01 6.151008963650000244e-02 1.492217838040000022e-01 -3.113467921829999874e-01 -1.352565408009999999e+02 8.078610483190000480e+01 1.122238132049999990e+02
1.173217960159999990e-01 6.385817445119999769e-02 1.523963508060000027e-01 -3.135437344909999813e-01 -1.345294385040000122e+02 8.030696328640000559e+01 1.121622383379999945e+02
1.142550410209999950e-01 6.476560328529999688e-02 1.531790710419999868e-01 -3.124743124520000248e-01 -1.349139683420000040e+02 8.022342965539999682e+01 1.117234208940000002e+02
1.764830925460000033e-01 6.661892512589999427e-02 1.525139525529999873e-01 -3.145086806269999924e-01 -1.354412028760000055e+02 8.080731228330000704e+01 1.117181698969999957e+02
1.506455235430000095e-01 6.401843069910000128e-02 1.521156756220000128e-01 -3.139151229520000252e-01 -1.348685472660000073e+02 8.010461342520000017e+01 1.121491720709999953e+02
1.507853441410000050e-01 6.297662180700000500e-02 1.527649159249999944e-01 -3.114061160320000243e-01 -1.348010315980000087e+02 8.062666490879999515e+01 1.124788894320000026e+02
3.471018564180000099e-01 6.574305763599999630e-02 1.499025984659999866e-01 -3.169345362429999979e-01 -1.350002231519999896e+02 8.089568087840000032e+01 1.117730210860000000e+02
2.471684328679999987e-01 6.732441505080000166e-02 1.518702100969999969e-01 -3.093487399170000152e-01 -1.355808393979999948e+02 8.024400749710000014e+01 1.121779189559999992e+02
3.297261586110000198e-01 6.235172346759999817e-02 1.479675427849999891e-01 -3.156980513000000044e-01 -1.346414282339999886e+02 8.128359818709999729e+01 1.121856928389999979e+02
1.475824209659999942e-01 6.417553831260000563e-02 1.510362926459999922e-01 -3.111915514370000024e-01 -1.347239099640000006e+02 8.046634151380000333e+01 1.123573449609999955e+02
1.651536859190000095e-01 6.314306591750000475e-02 1.536953066679999924e-01 -3.129971601079999943e-01 -1.349124782419999917e+02 8.060179890310000417e+01 1.119785282240000015e+02
1.110221122560000051e-01 6.451214866200000175e-02 1.537954004060000102e-01 -3.090412841510000175e-01 -1.350515329000000122e+02 8.039808276450000335e+01 1.122582394599999986e+02
1.582594904169999928e-01 6.459036187290000119e-02 1.521070366810000074e-01 -3.115349598189999791e-01 -1.350311361470000122e+02 8.061987734010000395e+01 1.119844583280000023e+02
3.301826646039999757e-01 6.703233078629999842e-02 1.504662669680000009e-01 -3.143271304160000224e-01 -1.351761692229999881e+02 8.066176867549999940e+01 1.117335951750000049e+02
4.528232610730000274e-01 6.986393692619999318e-02 1.549707804190000038e-01 -3.149788133220000064e-01 -1.352178375109999990e+02 8.055067821670000683e+01 1.114956798919999983e+02
2.726179680549999929e-01 6.379087844149999853e-02 1.528553964140000054e-01 -3.146400722020000207e-01 -1.345621377010000117e+02 8.034746219129999645e+01 1.120637556880000005e+02
1.193395742249999947e-01 6.159581456580000280e-02 1.484768313410000096e-01 -3.118501290549999805e-01 -1.352074711239999942e+02 8.088715113499999632e+01 1.122936872370000003e+02
1.445918007219999968e+00 6.302789238940000038e-02 1.537772091980000033e-01 -3.147762998859999772e-01 -1.346407771400000115e+02 8.105083497360000422e+01 1.119911497540000056e+02
1.563383527399999917e-01 6.631681224629999705e-02 1.527545516780000057e-01 -3.118753883720000175e-01 -1.355695847789999959e+02 8.024852343249999365e+01 1.116711662459999985e+02
1.104601695130000005e-01 6.518205412499999962e-02 1.540183021219999893e-01 -3.094504274439999758e-01 -1.353418651249999982e+02 8.039769497970000600e+01 1.120959507870000067e+02
1.307687024480000126e-01 6.578178514469999738e-02 1.523106979090000090e-01 -3.118924188530000086e-01 -1.352123370109999883e+02 8.005893231199999605e+01 1.118632763300000050e+02
4.494181104550000194e-01 6.345800490340000599e-02 1.528838937720000124e-01 -3.117163063000000234e-01 -1.345935324840000078e+02 8.087506211900000608e+01 1.120031601750000050e+02
1.024034928789999965e-01 6.449058518679999519e-02 1.542003401439999977e-01 -3.121799775910000241e-01 -1.344734608550000132e+02 8.002164928220000206e+01 1.121109644339999960e+02
3.449456846699999746e-01 6.192436771829999687e-02 1.587527905149999918e-01 -3.059905649349999868e-01 -1.351259927039999980e+02 7.950590227630000584e+01 1.119467716070000023e+02
2.879111877330000069e-01 7.280731379730000230e-02 1.547184896469999960e-01 -3.143496223700000258e-01 -1.355252710540000010e+02 8.033771222960000102e+01 1.113858792209999962e+02
7.033566090680000160e-01 6.449495789749999652e-02 1.551395300979999947e-01 -3.117273054790000164e-01 -1.348773391899999865e+02 8.014050344849999874e+01 1.118034996300000046e+02
2.255706856899999946e-01 6.755270439869999477e-02 1.557549392320000115e-01 -3.099356957719999750e-01 -1.354515089369999998e+02 8.007479214939999679e+01 1.116048315889999998e+02
1.009917830649999931e-01 6.255271261799999483e-02 1.528278302370000008e-01 -3.119531112419999808e-01 -1.347312194900000009e+02 8.017211913040000582e+01 1.120615797709999981e+02
1.033373683110000024e-01 6.536436852379999551e-02 1.505014338929999973e-01 -3.160630882129999986e-01 -1.350277029910000124e+02 8.069287540589999708e+01 1.121565642660000037e+02
2.864353917479999789e-01 6.690254085949999541e-02 1.536452723439999946e-01 -3.124014553059999977e-01 -1.354157083739999905e+02 8.028520258880000426e+01 1.120313923100000011e+02
1.573163154470000047e-01 6.258861487300000637e-02 1.451923526439999890e-01 -3.092594769690000245e-01 -1.350127758780000136e+02 8.117483709420000082e+01 1.125335354850000016e+02
1.039013334100000047e-01 6.245417327830000281e-02 1.555255338029999934e-01 -3.041450498930000079e-01 -1.352855082259999904e+02 7.998754898640000022e+01 1.121906749280000071e+02
1.184192598879999947e+00 6.619794134619999548e-02 1.519960723659999902e-01 -3.111399595389999773e-01 -1.352661507319999998e+02 8.063116635549999955e+01 1.117131235030000056e+02
3.373152023520000209e-01 6.732165336180000181e-02 1.514178919009999957e-01 -3.149972639999999990e-01 -1.350467408350000085e+02 8.076736959030000662e+01 1.119864613489999954e+02
3.904617517039999930e-01 6.594414174399999828e-02 1.463180736019999983e-01 -3.195432357360000197e-01 -1.347663925580000068e+02 8.135483422789999963e+01 1.119119989769999961e+02
2.003183880930000105e-01 6.110888281210000161e-02 1.504936765110000130e-01 -3.119484212399999956e-01 -1.345438023119999968e+02 8.099089201619999301e+01 1.121212836659999965e+02
1.021426396019999988e-01 6.405704325069999650e-02 1.511138093340000099e-01 -3.095766837019999773e-01 -1.351193441689999872e+02 8.092298643060000529e+01 1.125507067650000010e+02
9.182391961410000247e-01 6.307698794799999897e-02 1.512968170990000027e-01 -3.117957034589999843e-01 -1.342580945569999926e+02 8.076091802210000026e+01 1.122422184619999967e+02
9.076996193840000116e-01 6.308864547190000394e-02 1.529246910079999910e-01 -3.125706418959999788e-01 -1.345865859390000026e+02 8.062257790520000356e+01 1.123419558260000031e+02
1.494617779970000004e+00 6.663859709349999327e-02 1.505125585559999868e-01 -3.114456903019999778e-01 -1.352852943329999960e+02 8.085689208920000226e+01 1.121835696699999971e+02
1.150449883550000024e-01 6.465086071719999827e-02 1.476175704940000111e-01 -3.131174567150000199e-01 -1.353162524319999989e+02 8.111903931889999342e+01 1.121406264999999962e+02
1.178682756440000007e-01 6.376577781219999741e-02 1.514424984330000057e-01 -3.138912767609999821e-01 -1.345578366739999865e+02 8.019749803199999860e+01 1.120317687999999947e+02
2.876403555689999725e-01 6.280257919359999441e-02 1.532843529990000064e-01 -3.119523983879999851e-01 -1.350430713190000063e+02 8.070264992280000627e+01 1.119546148969999990e+02
1.211916455920000052e-01 6.579373744960000103e-02 1.532388474489999874e-01 -3.134071672750000093e-01 -1.347194743400000050e+02 8.064839909689999331e+01 1.118936164630000007e+02
1.638093480610000041e-01 6.244284688300000274e-02 1.529692699440000081e-01 -3.168359304750000272e-01 -1.342764624069999968e+02 8.052628561800000284e+01 1.120279464049999945e+02
1.427697400269999917e-01 6.791312397130000456e-02 1.485989142989999900e-01 -3.146962710760000115e-01 -1.351120759449999866e+02 8.107040519199999551e+01 1.119635738770000017e+02
1.537442196490000079e-01 6.480981759459999991e-02 1.553086309960000078e-01 -3.187859245140000075e-01 -1.347376190370000018e+02 8.021787176019999777e+01 1.117813825329999986e+02
1.307649693569999938e-01 6.742919411870000601e-02 1.598166646270000046e-01 -3.078227070339999982e-01 -1.355200109609999970e+02 7.963481909290000260e+01 1.118529049699999973e+02
1.786698639869999938e-01 5.942476625260000034e-02 1.490051046929999901e-01 -3.110094367319999886e-01 -1.347647294369999997e+02 8.076702711679999425e+01 1.122336879599999975e+02
1.208798771919999959e-01 6.023698076399999768e-02 1.514302143569999926e-01 -3.157919949010000171e-01 -1.343297496769999952e+02 8.082024737529999925e+01 1.122965837240000013e+02
1.572905490500000059e-01 6.363630552740000279e-02 1.558276927489999908e-01 -3.139374053860000124e-01 -1.348845579579999878e+02 8.068633908060000692e+01 1.120255291309999990e+02
3.748384861290000036e-01 6.566607822080000600e-02 1.526290046169999914e-01 -3.138502985489999841e-01 -1.349452285179999933e+02 8.050792326680000599e+01 1.117368445869999931e+02
2.865335089030000004e-01 6.338590426069999617e-02 1.561439070550000030e-01 -3.199566162129999780e-01 -1.343908883789999891e+02 8.037872437410000259e+01 1.119746740359999961e+02
3.040712012010000076e-01 6.711198626950000412e-02 1.518644923030000038e-01 -3.096447921630000044e-01 -1.355022753670000100e+02 8.059862383269999953e+01 1.119124666310000009e+02
1.453137222979999921e-01 6.213124202660000317e-02 1.509051900410000036e-01 -3.048570877910000143e-01 -1.352244457349999891e+02 8.047887888280000368e+01 1.125408025619999961e+02
1.003691125659999933e-01 6.492550298730000169e-02 1.541650279619999897e-01 -3.106830514589999925e-01 -1.351070521860000042e+02 8.061369215409999356e+01 1.117108764369999960e+02
1.920379700239999987e-01 6.441580233780000442e-02 1.523637011710000100e-01 -3.126321682439999750e-01 -1.352817824889999940e+02 8.055383017920000555e+01 1.122505364179999958e+02
1.667957054070000056e-01 6.265972482430000323e-02 1.491668624989999914e-01 -3.052512593710000055e-01 -1.352681843100000094e+02 8.064624886270000559e+01 1.121516744719999963e+02
1.038149811079999985e-01 6.334099310889999834e-02 1.535729107340000066e-01 -3.096492733480000203e-01 -1.347712519069999928e+02 8.013877949519999788e+01 1.121600929170000001e+02
1.141385205599999980e-01 6.341190804809999915e-02 1.554752315730000001e-01 -3.115874063760000201e-01 -1.348731171640000071e+02 8.028226485320000450e+01 1.120597174380000070e+02
1.760569609079999931e-01 6.291481147739999558e-02 1.572666516979999984e-01 -3.136044794510000067e-01 -1.347908346350000102e+02 8.005754954740000073e+01 1.116176874819999938e+02
1.094072356539999985e-01 6.181344304909999754e-02 1.521311835870000073e-01 -3.099224308119999938e-01 -1.353854772200000127e+02 8.084465239639999368e+01 1.121704686869999961e+02
3.375516695920000032e-01 6.426238498059999582e-02 1.541332275360000059e-01 -3.104324081250000034e-01 -1.350806861130000129e+02 8.012047694870000214e+01 1.116355904880000054e+02
1.080760242980000063e-01 6.804568143109999967e-02 1.553061486179999895e-01 -3.146535101560000158e-01 -1.348750280710000027e+02 8.018454853609999589e+01 1.117845358849999968e+02
1.100633269869999986e-01 6.484207114939999350e-02 1.525936707320000030e-01 -3.132912215940000245e-01 -1.347905547839999940e+02 8.049652338689999453e+01 1.117833275410000056e+02
1.499813916359999943e-01 6.898053747559999838e-02 1.543360049059999961e-01 -3.150928460349999849e-01 -1.356122729230000061e+02 8.046208218530000522e+01 1.115378676259999935e+02
2.028065358460000023e-01 6.354372720669999863e-02 1.514015311899999938e-01 -3.175874043129999769e-01 -1.347304662129999997e+02 8.107305129709999392e+01 1.121199240320000001e+02
1.721602452440000042e-01 6.456023105880000224e-02 1.499442086939999919e-01 -3.133534565930000126e-01 -1.350369440100000133e+02 8.040588351700000658e+01 1.118751117679999965e+02
2.407479776370000102e-01 6.624878105779999360e-02 1.515748005389999931e-01 -3.138242487149999760e-01 -1.350616414039999995e+02 8.087802668400000528e+01 1.119141852249999971e+02
2.578611288800000123e-01 6.281151647079999401e-02 1.525958481299999892e-01 -3.119982392060000054e-01 -1.348672640480000098e+02 7.996830860410000241e+01 1.122583501149999989e+02
3.642596415850000158e-01 6.329834061059999573e-02 1.555824719430000114e-01 -3.098864604939999823e-01 -1.351036135310000077e+02 7.976596725890000528e+01 1.118278301689999950e+02
1.480038733150000063e-01 6.154254984770000242e-02 1.498435827529999986e-01 -3.149928739649999754e-01 -1.349409458840000013e+02 8.063908807810000212e+01 1.122880948929999931e+02
1.707579970629999888e-01 6.304043068360000446e-02 1.529586503120000107e-01 -3.147905085830000060e-01 -1.350645500280000135e+02 8.095294386300000156e+01 1.118405018530000063e+02
1.384613554240000100e-01 6.439566655230000158e-02 1.513415787300000093e-01 -3.144135502200000043e-01 -1.344668168770000136e+02 8.046406000970000605e+01 1.121397423939999953e+02
1.214394018030000022e-01 6.532562081999999937e-02 1.484609974480000094e-01 -3.108768948399999732e-01 -1.351216975789999992e+02 8.100847753899999759e+01 1.121582661740000049e+02
1.337604345910000103e-01 6.230946182730000282e-02 1.541009759879999885e-01 -3.110020516349999986e-01 -1.353093299639999998e+02 8.035497593280000217e+01 1.124380570739999996e+02
1.145170791270000016e-01 6.252660690130000531e-02 1.495874903040000092e-01 -3.115816067220000263e-01 -1.351825268359999939e+02 8.073141913000000613e+01 1.122325139449999938e+02
1.267312514820000047e+01 5.934183010809999936e-02 1.544986328119999919e-01 -3.117996460229999767e-01 -1.348856257440000093e+02 8.052800017330000060e+01 1.122660070409999946e+02
1.165948169930000056e-01 6.501405402960000468e-02 1.453082906289999976e-01 -3.156862911900000235e-01 -1.351187103260000129e+02 8.151380082539999705e+01 1.123122309379999990e+02
1.186847940110000027e-01 6.475323017209999588e-02 1.535876292170000046e-01 -3.149283323509999843e-01 -1.346005599400000108e+02 8.035238503710000657e+01 1.120096301399999987e+02
1.931875374179999882e-01 5.867154060700000007e-02 1.485984069200000091e-01 -3.105063873289999887e-01 -1.345782207540000002e+02 8.098066926740000326e+01 1.126498601619999960e+02
2.225308631650000091e-01 6.325997970749999699e-02 1.483656840310000058e-01 -3.087986803089999843e-01 -1.353469701299999883e+02 8.082747193560000198e+01 1.123096811890000026e+02
2.758174852170000024e-01 6.660669994149999440e-02 1.530974819120000108e-01 -3.107201143789999898e-01 -1.350998237299999971e+02 8.034333834279999564e+01 1.115015936810000028e+02
1.726513951599999985e-01 6.334422592529999341e-02 1.534971122010000133e-01 -3.112757967529999892e-01 -1.351620744150000064e+02 8.089973102250000636e+01 1.120750224620000068e+02
1.311827502550000080e-01 6.144029408690000055e-02 1.516163231600000105e-01 -3.128827601449999940e-01 -1.350174658480000005e+02 8.056769670020000262e+01 1.126771122399999996e+02
1.084710450520000036e-01 5.931995500469999794e-02 1.533627918269999946e-01 -3.108952451220000079e-01 -1.350390156070000103e+02 8.043396453340000107e+01 1.123884514500000051e+02
9.200588088950000243e-01 6.719651045409999468e-02 1.533551804630000071e-01 -3.111138967400000066e-01 -1.351675262269999962e+02 8.043186288120000427e+01 1.116113349329999949e+02
1.226903848550000009e-01 6.641943009249999530e-02 1.518357173040000008e-01 -3.151772308460000227e-01 -1.348342985499999998e+02 8.042483289240000488e+01 1.121772667190000021e+02
1.229212431789999949e-01 6.563984321240000364e-02 1.489026089000000108e-01 -3.123506842720000232e-01 -1.350592293530000063e+02 8.113743465390000154e+01 1.118162825579999975e+02
1.460880994060000104e-01 6.289467980309999817e-02 1.548741520589999865e-01 -3.109563624810000038e-01 -1.350500807360000124e+02 8.057883819570000128e+01 1.121098063299999978e+02
1.499702462720000073e-01 6.286199321079999347e-02 1.492058476020000080e-01 -3.092292333619999778e-01 -1.347291122089999931e+02 8.061212896909999870e+01 1.124591228459999996e+02
1.025953309289999948e+00 5.831664211450000163e-02 1.526302945609999961e-01 -3.111643125740000126e-01 -1.348723852859999965e+02 8.047576188669999908e+01 1.125223126730000018e+02
1.601343622929999877e-01 6.595080718989999868e-02 1.516005395499999964e-01 -3.145057577690000272e-01 -1.350790139130000114e+02 8.079810758249999481e+01 1.120447187120000052e+02
1.795254720620000077e-01 6.091932982909999822e-02 1.544146562600000050e-01 -3.146864501819999771e-01 -1.347102374849999933e+02 8.018479026149999811e+01 1.121486469280000051e+02
3.092518517599999739e-01 6.597622615039999694e-02 1.517793765530000005e-01 -3.126785146170000251e-01 -1.342615398700000071e+02 8.064673559070000408e+01 1.118085145649999959e+02
1.315615976139999921e-01 6.301678291770000662e-02 1.510132810210000065e-01 -3.071424847690000237e-01 -1.353343811249999931e+02 8.059706839129999878e+01 1.123772777469999937e+02
3.750337210069999827e+01 6.522532322980000019e-02 1.538843497090000012e-01 -3.131310780250000092e-01 -1.346585283839999931e+02 8.017661923500000398e+01 1.123269121489999947e+02
5.324903775160000352e-01 7.006369990959999960e-02 1.486899870089999909e-01 -3.084476290190000247e-01 -1.355750990139999885e+02 8.087176259989999494e+01 1.119551969259999993e+02
1.539992399160000081e-01 6.606884729970000092e-02 1.481424412729999973e-01 -3.154809014459999950e-01 -1.346839102950000040e+02 8.107612713400000359e+01 1.119934959670000012e+02
1.379185925039999872e-01 6.339671322569999379e-02 1.496270355250000073e-01 -3.120663416680000135e-01 -1.351739706339999998e+02 8.088828414380000709e+01 1.118539386799999988e+02
1.348612780350000040e-01 6.729363083650000132e-02 1.489167777150000038e-01 -3.143696543210000027e-01 -1.353652306730000134e+02 8.082109413099999529e+01 1.118537879379999964e+02
1.244474599670000042e-01 6.332294600219999514e-02 1.541327682560000023e-01 -3.151447857249999873e-01 -1.345837012529999868e+02 8.073061373829999354e+01 1.120725543880000004e+02
1.532289189530000040e-01 6.689322343810000238e-02 1.535200496680000082e-01 -3.132574940960000109e-01 -1.351782903550000015e+02 8.030618031720000261e+01 1.120619725880000033e+02
1.110083448719999949e-01 6.351080063769999617e-02 1.529176606060000110e-01 -3.137593805330000096e-01 -1.346757909499999926e+02 8.083099805489999312e+01 1.119698416920000028e+02
4.276348730219999839e-01 6.491939024680000447e-02 1.480513668100000013e-01 -3.054664611139999986e-01 -1.353297586109999884e+02 8.081039828629999988e+01 1.123198791450000016e+02
1.886505165559999864e-01 6.142952507030000064e-02 1.547701486620000066e-01 -3.130548501909999892e-01 -1.345133881170000052e+02 8.035420762379999360e+01 1.124479503780000016e+02
1.416829390010000134e-01 6.210127703079999784e-02 1.517433815670000130e-01 -3.117546280049999785e-01 -1.347329752539999959e+02 8.036263295279999852e+01 1.126154203459999934e+02
1.126721137210000001e-01 6.393420099480000285e-02 1.514060310279999877e-01 -3.152825550999999726e-01 -1.348867832960000044e+02 8.068563384920000203e+01 1.121697604670000032e+02
1.370179076130000062e-01 6.560222999230000407e-02 1.510610361760000020e-01 -3.146820308889999862e-01 -1.352590025069999911e+02 8.065372492539999882e+01 1.118125640610000033e+02
2.492088475960000105e-01 6.027160752369999791e-02 1.548371335650000069e-01 -3.159515607980000196e-01 -1.346002467550000006e+02 8.041235091549999936e+01 1.119993521739999949e+02
4.363688777629999849e-01 5.777421780690000092e-02 1.497128020319999919e-01 -3.078226457670000249e-01 -1.344426823720000073e+02 8.051910344520000251e+01 1.125922139099999981e+02
4.049298965740000256e-01 6.910394155070000155e-02 1.569506461240000039e-01 -3.149617402220000195e-01 -1.351924876909999966e+02 8.029888582469999392e+01 1.116928439480000037e+02
3.414782889679999767e-01 6.229761145149999985e-02 1.539422871149999927e-01 -3.168456129389999876e-01 -1.342724233000000140e+02 8.032413979029999496e+01 1.119879514929999971e+02
1.915818665759999873e-01 6.233812229769999935e-02 1.496785206119999878e-01 -3.115413309839999978e-01 -1.349641090720000136e+02 8.039418644629999733e+01 1.122003024370000048e+02
1.279721572270000052e-01 6.647768805879999965e-02 1.541545403010000093e-01 -3.111128050110000265e-01 -1.353120521330000088e+02 8.016163664879999828e+01 1.117855790570000067e+02
1.830255729799999953e-01 6.616066868379999466e-02 1.549468365989999930e-01 -3.103092516489999730e-01 -1.351303685759999951e+02 8.031067952559999412e+01 1.116354634589999932e+02
2.910604727339999864e-01 6.505364223810000679e-02 1.531985377689999983e-01 -3.120905260019999905e-01 -1.351886343900000043e+02 8.033576548819999630e+01 1.119248560690000005e+02
1.501235042540000064e-01 6.576121536100000553e-02 1.548939547110000092e-01 -3.123823425999999737e-01 -1.353384962060000021e+02 8.047687243619999720e+01 1.120167726479999999e+02
3.817928930080000116e-01 6.552448272960000042e-02 1.496031383989999963e-01 -3.136737419519999848e-01 -1.347764436230000058e+02 8.105477781080000454e+01 1.120116601330000066e+02
2.191451019900000075e-01 6.302379430549999439e-02 1.550927900909999935e-01 -3.115401052080000177e-01 -1.350951162089999968e+02 8.048763880079999922e+01 1.123106161890000010e+02
5.039549477229999797e-01 6.520328203799999334e-02 1.558577918319999922e-01 -3.091776362209999740e-01 -1.351526337839999883e+02 8.021874852470000405e+01 1.120407620729999962e+02
1.249352621039999944e-01 6.401171289229999617e-02 1.520543124800000090e-01 -3.130956068429999739e-01 -1.345472715230000063e+02 8.106762132190000614e+01 1.119749384010000028e+02
1.522068752840000094e-01 6.531810289539999315e-02 1.522012301150000024e-01 -3.107212773620000035e-01 -1.349881498690000114e+02 8.056833809009999925e+01 1.118218751059999931e+02
5.103609125920000045e-01 6.484436111739999564e-02 1.496167410789999985e-01 -3.119975624729999786e-01 -1.354165935460000014e+02 8.073253479459999937e+01 1.118136604270000021e+02
2.659149620530000258e-01 6.342958076799999623e-02 1.519381381240000051e-01 -3.101550354109999796e-01 -1.344695550200000014e+02 8.041779940259999648e+01 1.122218391520000011e+02
4.145114407939999857e-01 6.100792306729999753e-02 1.527034052340000003e-01 -3.092347179900000187e-01 -1.347586671910000007e+02 8.021594397789999675e+01 1.121023164580000042e+02
2.240164602649999948e-01 6.309041275219999523e-02 1.497294124849999908e-01 -3.193668166299999944e-01 -1.346290538629999958e+02 8.119783583379999925e+01 1.122193046550000020e+02
2.696591907709999791e-01 6.412846897729999884e-02 1.548617413660000053e-01 -3.028164631520000039e-01 -1.354849481470000114e+02 7.990508110250000584e+01 1.121299011600000028e+02
1.429213232340000028e-01 6.340782650399999498e-02 1.501729667199999951e-01 -3.106498613109999751e-01 -1.351887322549999908e+02 8.055387463069999399e+01 1.120653248769999948e+02
1.368284678080000094e-01 6.661572474419999446e-02 1.553491861169999932e-01 -3.111219810070000036e-01 -1.355953984349999928e+02 8.023901561419999950e+01 1.121148954110000062e+02
1.712035098430000069e-01 6.145510668459999715e-02 1.574883680220000026e-01 -3.128696228319999828e-01 -1.346022207690000130e+02 8.019412873349999415e+01 1.121074245650000023e+02
1.069560729360000018e+00 6.108654902459999952e-02 1.563240867189999994e-01 -3.118267708940000160e-01 -1.344819602709999913e+02 8.029473781510000663e+01 1.120401972840000013e+02
6.212523763759999484e-01 6.611403501960000373e-02 1.519840887089999870e-01 -3.124871923909999794e-01 -1.348712532629999998e+02 8.037226243560000682e+01 1.113468696489999985e+02
1.224686612759999932e-01 6.072309989779999667e-02 1.552177191939999867e-01 -3.126218338330000179e-01 -1.349095710240000017e+02 8.007661114009999892e+01 1.123759727719999972e+02
1.616937921419999924e+00 6.517455535999999716e-02 1.522830916940000057e-01 -3.116814199990000089e-01 -1.350088617860000113e+02 8.006213317700000687e+01 1.117073695509999993e+02
2.219034763359999940e-01 6.647749538430000604e-02 1.507100005289999933e-01 -3.104666288469999924e-01 -1.351299469699999918e+02 8.064958615080000470e+01 1.123102681470000022e+02
1.542165188890000094e-01 6.137668828119999948e-02 1.533982584930000115e-01 -3.077287254020000251e-01 -1.349956485929999985e+02 7.996004782519999310e+01 1.121547527540000004e+02
1.166048420840000016e-01 6.538125909229999810e-02 1.541409487619999907e-01 -3.119651289879999956e-01 -1.352024488819999988e+02 8.057565363850000040e+01 1.118959723920000044e+02
3.390920234629999919e-01 6.411516465769999396e-02 1.524307736000000135e-01 -3.088079764150000184e-01 -1.351667775950000134e+02 8.049620312470000272e+01 1.123942774479999969e+02
1.208521333019999949e-01 6.104566145089999896e-02 1.562767605979999974e-01 -3.156942015979999905e-01 -1.342451642819999904e+02 8.031527181990000486e+01 1.122835236110000068e+02
2.294288079310000117e-01 6.258855201730000040e-02 1.504456553809999930e-01 -3.092209759360000088e-01 -1.350534513229999902e+02 8.055069832339999891e+01 1.126572512730000000e+02
1.002548443040000015e-01 6.124914209770000034e-02 1.492580293730000063e-01 -3.133251350449999806e-01 -1.348355145200000038e+02 8.088884688129999745e+01 1.124361325450000066e+02
3.749823002439999775e-01 6.270618500970000231e-02 1.492567554450000000e-01 -3.103494149220000220e-01 -1.353752337269999941e+02 8.047710734419999312e+01 1.121194894249999976e+02
1.077613155830000058e-01 6.683663741489999366e-02 1.536174169739999984e-01 -3.132619396540000101e-01 -1.352492399879999994e+02 8.033610426289999396e+01 1.118263879379999963e+02
1.517658807019999889e+00 6.395818480239999493e-02 1.558137087710000090e-01 -3.114368724400000121e-01 -1.351714443630000062e+02 8.054425488249999887e+01 1.118316534230000059e+02
2.030451293730000106e-01 6.674986579989999891e-02 1.514038288479999939e-01 -3.130503621960000205e-01 -1.351624105520000114e+02 8.102591664569999352e+01 1.122772345550000068e+02
1.694706563429999868e-01 6.054998109959999764e-02 1.519606761500000014e-01 -3.128423849379999844e-01 -1.343227471419999972e+02 8.052036383780000506e+01 1.125811933850000059e+02
1.008205098169999980e-01 6.163653114289999874e-02 1.510542185629999978e-01 -3.103000816520000149e-01 -1.351449109060000069e+02 8.082285722029999420e+01 1.124202192749999938e+02
3.907136125490000000e-01 6.572235908529999726e-02 1.521462490490000097e-01 -3.074914850580000025e-01 -1.353574047879999966e+02 8.019869378730000165e+01 1.121617545360000037e+02
2.944911653949999764e-01 6.834376064199999823e-02 1.568258116790000045e-01 -3.182011852680000086e-01 -1.347899489289999906e+02 8.037900737280000385e+01 1.117738948199999953e+02
3.000152509549999791e-01 6.296755081990000613e-02 1.548040624199999993e-01 -3.108054710570000156e-01 -1.347544266099999959e+02 8.013080816800000150e+01 1.120760890359999991e+02
3.434596272730000011e-01 6.429692111149999667e-02 1.493814830509999914e-01 -3.098705474630000234e-01 -1.356137448370000129e+02 8.075449456219999433e+01 1.118937540189999993e+02
3.154641104290000220e-01 6.504705853030000318e-02 1.540866452720000002e-01 -3.148763493699999749e-01 -1.349331703100000084e+02 8.087213454679999813e+01 1.123261567170000035e+02
1.059019002569999979e-01 6.784365051269999891e-02 1.501410202019999862e-01 -3.056345973210000122e-01 -1.359193396000000007e+02 8.077186870090000070e+01 1.120298317449999956e+02
1.057357069710000014e-01 6.699278905080000013e-02 1.534286129219999961e-01 -3.168312663050000255e-01 -1.350426174639999886e+02 8.060347911520000252e+01 1.115510455189999988e+02
1.045463051239999969e-01 6.096173238190000232e-02 1.522335592350000100e-01 -3.052597766030000215e-01 -1.349513174760000140e+02 8.045700585320000187e+01 1.122225213990000015e+02
1.897283698820000086e-01 6.900896974770000247e-02 1.511472864049999976e-01 -3.149950946050000256e-01 -1.351301677200000029e+02 8.090407091960000230e+01 1.117903500489999971e+02
1.299281752299999981e+00 6.370434308309999571e-02 1.539919653269999911e-01 -3.089898231179999954e-01 -1.353383659460000104e+02 7.983086160419999544e+01 1.121708433059999948e+02
2.494886546420000129e-01 6.342371142689999519e-02 1.537674242069999864e-01 -3.140263430369999997e-01 -1.346088236219999885e+02 8.049783701169999972e+01 1.120691439529999940e+02
1.332957905740000115e-01 6.636096272539999952e-02 1.532708499250000078e-01 -3.156071118289999755e-01 -1.352205530930000066e+02 8.099083059170000354e+01 1.119952785809999938e+02
8.041380354099999517e-01 6.832681613990000680e-02 1.548276189810000036e-01 -3.081475110949999929e-01 -1.354872238000000095e+02 8.037593337719999909e+01 1.118441651849999943e+02
3.147729205989999723e-01 5.745941695640000013e-02 1.565228590019999977e-01 -3.166037198209999959e-01 -1.341945054459999938e+02 8.024011324260000322e+01 1.121546736180000039e+02
1.545471746600000085e-01 5.960234588030000058e-02 1.553714884899999871e-01 -3.061397231690000109e-01 -1.350309241589999942e+02 8.003263979470000322e+01 1.123358838820000045e+02
2.688286273600000165e-01 6.803953224110000086e-02 1.604874016700000017e-01 -3.085047637889999916e-01 -1.353758224540000015e+02 7.968181783119999295e+01 1.115572299090000001e+02
1.166175081270000025e-01 6.704837619100000035e-02 1.462999621199999878e-01 -3.165425774310000051e-01 -1.350991390739999929e+02 8.129781664319999379e+01 1.120106880379999978e+02
1.117299754460000072e+00 6.291507962339999704e-02 1.565725380530000044e-01 -3.114293026220000260e-01 -1.348645059300000071e+02 8.040390012749999471e+01 1.118692050650000027e+02
2.796062341189999856e-01 6.504824902259999375e-02 1.533270973799999992e-01 -3.090294011360000259e-01 -1.354435572769999965e+02 8.048042028240000434e+01 1.120573249729999930e+02
1.627812527030000067e-01 5.820793302360000032e-02 1.519565045279999971e-01 -3.129504239279999878e-01 -1.342104909310000096e+02 8.055259690900000180e+01 1.120982881369999973e+02
1.901200011209999985e-01 6.238172025480000216e-02 1.516525956110000017e-01 -3.125146284850000011e-01 -1.345614677789999973e+02 8.032117284449999772e+01 1.125905331160000031e+02
1.402747704619999869e-01 6.487792419210000605e-02 1.545324216710000087e-01 -3.120667979880000220e-01 -1.351160343340000054e+02 7.998565801220000537e+01 1.120996343959999990e+02
1.354688291599999983e-01 6.692212085199999994e-02 1.513373854129999863e-01 -3.072371950989999934e-01 -1.355089571080000042e+02 8.031571530719999430e+01 1.121440620409999980e+02
1.181070927570000012e-01 6.626698189339999545e-02 1.502173071160000095e-01 -3.103692082710000077e-01 -1.352769196899999997e+02 8.108577855260000433e+01 1.123325034530000011e+02
6.258428192430000259e+00 6.397108366600000318e-02 1.499685067139999994e-01 -3.095251422020000032e-01 -1.351993107239999858e+02 8.101391096620000098e+01 1.123738450550000039e+02
3.279131791329999990e-01 6.055603309060000189e-02 1.564548025699999956e-01 -3.127788654040000171e-01 -1.346572495869999955e+02 8.014364475920000075e+01 1.122844905059999974e+02
2.386056598780000038e-01 6.574469355690000516e-02 1.538436039559999968e-01 -3.135887501510000175e-01 -1.352512418459999992e+02 8.071639901640000403e+01 1.116733572659999965e+02
1.647985324079999925e-01 6.273674563410000515e-02 1.529741949120000111e-01 -3.092988254399999803e-01 -1.352808072429999982e+02 8.060117285149999589e+01 1.119168432790000054e+02
1.313879324890000033e+00 6.343891654149999559e-02 1.485943963249999888e-01 -3.099814055669999902e-01 -1.353488382639999941e+02 8.092779232370000386e+01 1.122674393519999967e+02
1.471756089509999865e-01 6.706081631719999769e-02 1.538642076460000063e-01 -3.187588135070000273e-01 -1.348267034309999985e+02 8.094795045460000438e+01 1.118240506770000025e+02
7.436271494280000116e-01 6.664700620119999586e-02 1.522875401849999866e-01 -3.103546885610000139e-01 -1.352459836490000100e+02 8.043598418000000549e+01 1.119153754620000001e+02
1.281415511369999871e-01 6.221192691269999964e-02 1.529200888910000056e-01 -3.101519481689999913e-01 -1.346284249349999982e+02 8.033058249450000687e+01 1.122149986499999983e+02
1.202523143210000034e-01 6.517935414650000148e-02 1.562464908310000067e-01 -3.111513477530000182e-01 -1.348410949279999897e+02 8.046602484779999997e+01 1.116954975780000012e+02
5.048514530190000293e-01 6.901248796589999623e-02 1.508037235430000067e-01 -3.066901059380000016e-01 -1.356142201799999896e+02 8.045363890900000570e+01 1.118452879150000001e+02
2.880557677139999884e-01 5.954632469190000027e-02 1.567154687679999936e-01 -3.145164461130000033e-01 -1.344624585219999915e+02 8.007494240139999420e+01 1.123722610530000026e+02
1.392743839779999881e-01 6.509588844149999387e-02 1.560727162190000128e-01 -3.156905783780000196e-01 -1.345154173770000057e+02 8.048561732480000330e+01 1.119536219240000037e+02
1.593042658899999908e-01 6.046893766420000094e-02 1.565958397620000053e-01 -3.107012704509999890e-01 -1.347366660980000006e+02 8.015024247239999511e+01 1.123200420219999955e+02
1.216715378290000038e-01 6.058511281380000307e-02 1.563933611159999959e-01 -3.083213006630000086e-01 -1.348762813429999881e+02 7.994868354919999831e+01 1.122206457550000067e+02
1.920278840659999930e-01 6.516377159540000241e-02 1.525620469789999989e-01 -3.104905036680000174e-01 -1.352697499100000016e+02 8.022748180860000389e+01 1.117589747520000003e+02
4.197113858159999822e-01 6.178552589869999723e-02 1.513744733890000083e-01 -3.138464073719999803e-01 -1.343820935450000036e+02 8.027849481050000691e+01 1.121168570910000000e+02
1.926297340939999991e-01 6.218480555469999699e-02 1.549370313510000097e-01 -3.150159962240000056e-01 -1.344880361259999972e+02 7.991613775410000642e+01 1.120210055280000034e+02
2.627598596169999912e-01 6.492336566549999910e-02 1.528803212679999968e-01 -3.144345236439999858e-01 -1.347016973030000031e+02 8.087860771820000139e+01 1.119338874400000066e+02
3.981541298919999972e-01 6.577588997359999634e-02 1.563115153380000011e-01 -3.101113519109999772e-01 -1.351447734520000097e+02 7.992301136759999736e+01 1.120501514780000036e+02
1.492189507999999998e-01 6.324000499489999816e-02 1.553996979639999942e-01 -3.084858577430000248e-01 -1.351258070519999990e+02 7.993950147110000160e+01 1.119117663560000011e+02
1.179531522049999948e-01 6.886669051669999653e-02 1.531318653010000086e-01 -3.149765762410000058e-01 -1.353516592059999937e+02 8.091119478699999945e+01 1.117204999960000009e+02
2.382430510459999928e-01 6.239787139590000087e-02 1.522549813569999966e-01 -3.090853837420000083e-01 -1.346788772619999861e+02 8.055291060439999740e+01 1.122968080379999947e+02
1.161016443859999997e-01 6.187933320519999753e-02 1.529377612979999912e-01 -3.115494981879999847e-01 -1.350264296210000055e+02 8.054268501859999674e+01 1.124527096059999991e+02
1.133020362839999989e-01 6.337975030299999868e-02 1.510096964029999933e-01 -3.136916428409999846e-01 -1.350331939799999930e+02 8.099383380140000099e+01 1.121128234340000063e+02
1.973772343809999941e-01 6.534177983559999459e-02 1.499632052880000010e-01 -3.188637932280000142e-01 -1.345999281830000029e+02 8.097078833310000334e+01 1.117005497549999973e+02
1.189364538349999972e-01 6.411945429649999750e-02 1.538773322049999948e-01 -3.122945648120000195e-01 -1.353213315229999978e+02 8.048100986839999393e+01 1.119417883259999940e+02
1.071229410809999977e-01 6.600436955900000624e-02 1.508143546759999898e-01 -3.098440219940000184e-01 -1.347774739029999864e+02 8.075843025039999645e+01 1.122270004340000042e+02
2.368664081280000000e-01 6.344201363880000444e-02 1.521148630180000072e-01 -3.136178025079999765e-01 -1.346377360079999903e+02 8.030011595019999504e+01 1.118460864059999977e+02
1.063143657979999934e-01 6.390767654039999912e-02 1.544541044920000050e-01 -3.123548564499999958e-01 -1.352168341480000038e+02 8.028239608769999336e+01 1.117102556950000007e+02
8.172496580550000500e-01 6.806101571879999423e-02 1.574552910610000078e-01 -3.127557346420000162e-01 -1.350906658389999961e+02 8.009879591930000231e+01 1.114930233240000064e+02
1.046569017829999948e-01 6.011447612640000160e-02 1.497746884389999922e-01 -3.092439578489999952e-01 -1.351823108570000045e+02 8.062564400239999429e+01 1.121575578799999988e+02
2.321427128430000042e-01 6.434446116420000639e-02 1.545503506029999863e-01 -3.157623715349999749e-01 -1.345661645870000029e+02 8.036306928930000026e+01 1.119527390859999940e+02
2.289988329679999990e-01 5.437077375439999805e-02 1.554908573980000042e-01 -3.093528364700000033e-01 -1.342850357089999989e+02 8.002350012249999622e+01 1.123922083719999989e+02
1.696045135679999927e-01 6.197442700010000194e-02 1.529068684479999995e-01 -3.086520075709999755e-01 -1.350002313619999939e+02 8.001705168549999314e+01 1.125727678519999984e+02
1.263820534729999945e-01 6.833742767990000355e-02 1.529160275829999915e-01 -3.095395210140000075e-01 -1.356471877600000084e+02 8.046265271240000061e+01 1.116305137070000058e+02
1.186063858090000034e+00 6.532662062840000061e-02 1.523948880890000079e-01 -3.142782054459999919e-01 -1.351180198879999921e+02 8.108043638099999839e+01 1.119031132460000038e+02
