-5.865052126919999623e-03 1.886785869110000069e-01 -2.491698454940000085e-01 -1.365670187370000122e+02 7.281298172450000550e+01 1.332453909950000082e+02
-4.465420993840000206e-03 1.921052672199999867e-01 -2.477359921629999906e-01 -1.362855372600000123e+02 7.211020507210000119e+01 1.328278851750000058e+02
-1.032252002080000014e-03 1.909902297809999983e-01 -2.563748682020000058e-01 -1.365162142300000028e+02 7.316396627250000506e+01 1.327428566909999859e+02
-5.085999222550000032e-03 1.923338983969999916e-01 -2.493560802550000011e-01 -1.362351031629999909e+02 7.243083284559999413e+01 1.333412135199999966e+02
-1.077503347600000053e-03 1.929258811969999932e-01 -2.478199084340000080e-01 -1.372545986579999919e+02 7.215373634910000078e+01 1.327971639270000139e+02
-7.331654203409999730e-03 1.917651353929999969e-01 -2.513614026359999865e-01 -1.360280784960000062e+02 7.281695564800000398e+01 1.329273059289999992e+02
-2.341337717920000117e-03 1.942049012710000133e-01 -2.473604709630000120e-01 -1.367835740680000072e+02 7.200537472700000308e+01 1.326975684850000050e+02
-5.988978931249999693e-03 1.933398464659999982e-01 -2.539162330329999828e-01 -1.361474121180000054e+02 7.233175497880000648e+01 1.329458253440000135e+02
-4.251423520309999780e-03 1.911022342890000003e-01 -2.493203916189999925e-01 -1.364352678040000058e+02 7.261958423539999785e+01 1.330977840699999888e+02
-4.253712809909999948e-03 1.866700586779999893e-01 -2.476004733369999988e-01 -1.368146671679999997e+02 7.317769414549999851e+01 1.332776485359999867e+02
-3.028971831520000085e-03 1.975899871229999938e-01 -2.501851309459999784e-01 -1.364354040290000114e+02 7.159081503340000552e+01 1.324611026039999899e+02
-4.777313797649999916e-03 1.880304171620000020e-01 -2.532359029010000095e-01 -1.363425401179999881e+02 7.327399366669999381e+01 1.334684881329999939e+02
-1.113211762240000000e-02 1.985082094929999930e-01 -2.512578017189999735e-01 -1.353964094799999884e+02 7.177458775700000615e+01 1.329019398910000120e+02
-8.082794173740000601e-03 1.899722791269999878e-01 -2.516530265079999773e-01 -1.353014078859999927e+02 7.301550778220000382e+01 1.333376053599999977e+02
-9.609357698100000345e-03 1.914825196830000076e-01 -2.474254304279999983e-01 -1.363159979650000082e+02 7.212143121399999757e+01 1.333551853689999973e+02
-2.228934704970000034e-03 1.982566238119999880e-01 -2.558876716180000233e-01 -1.359822581180000043e+02 7.216055648040000392e+01 1.324114471739999885e+02
-1.171235817959999934e-03 1.946742595419999888e-01 -2.504739526759999779e-01 -1.367046159209999985e+02 7.246262318360000165e+01 1.325737681550000104e+02
-4.417811034449999931e-03 1.957937268050000124e-01 -2.506868519020000186e-01 -1.364121404720000044e+02 7.219474100109999881e+01 1.326471542929999998e+02
-6.178013411209999639e-03 1.913527511479999887e-01 -2.503491139210000105e-01 -1.361770129239999960e+02 7.281512617120000641e+01 1.333244543469999996e+02
-3.276144808869999991e-03 1.924295279869999986e-01 -2.502764686660000071e-01 -1.365967464679999921e+02 7.297184344769999598e+01 1.331064106729999992e+02
-5.912320855579999632e-03 1.904544639409999907e-01 -2.519450386400000075e-01 -1.362549297939999917e+02 7.295032589890000452e+01 1.331977567630000010e+02
-2.213013888260000062e-03 1.904656301890000070e-01 -2.496385820420000123e-01 -1.364666973559999974e+02 7.308030516360000206e+01 1.328135184340000023e+02
-7.759514396819999944e-03 1.912471337449999920e-01 -2.486815955349999940e-01 -1.365977240070000107e+02 7.293839985319999641e+01 1.331525920120000137e+02
-3.624130796250000109e-03 1.902922201299999949e-01 -2.449447972509999905e-01 -1.368402025700000024e+02 7.254166431349999300e+01 1.332496697720000043e+02
-5.397737202290000397e-03 1.910569195769999951e-01 -2.518208142469999800e-01 -1.364801343899999893e+02 7.281079614239999387e+01 1.326855366780000054e+02
-5.133943237900000234e-03 1.932949896370000087e-01 -2.524039977850000005e-01 -1.360122142360000055e+02 7.261934770390000438e+01 1.332590177939999876e+02
-1.593207380519999971e-03 1.924894475049999942e-01 -2.499167710390000074e-01 -1.370097635410000123e+02 7.267908204610000666e+01 1.326897796110000058e+02
-4.454726229779999713e-03 1.919673461699999972e-01 -2.486253658929999943e-01 -1.362573700050000127e+02 7.233565412219999757e+01 1.329860174309999934e+02
-2.359775284150000124e-03 1.860271476120000100e-01 -2.523663033610000217e-01 -1.367206249669999920e+02 7.378336377940000546e+01 1.331274928180000074e+02
-1.247068236859999978e-02 1.932369576430000013e-01 -2.398480588730000085e-01 -1.358808174460000089e+02 7.152715865710000287e+01 1.334796640479999894e+02
-7.044096168379999738e-03 1.955588400609999944e-01 -2.507685024870000001e-01 -1.356158119170000020e+02 7.232991859329999329e+01 1.330523356539999895e+02
-4.369402700269999634e-03 1.929974504929999890e-01 -2.481130217829999873e-01 -1.365441848520000008e+02 7.268517844279999451e+01 1.329088288089999992e+02
-5.197368417250000129e-03 1.899007372729999976e-01 -2.507178900870000171e-01 -1.359068288020000068e+02 7.295795875369999806e+01 1.332163867900000014e+02
-5.128365583609999917e-03 1.913128241769999904e-01 -2.508196176379999809e-01 -1.364799096769999949e+02 7.279856710740000381e+01 1.326996790370000099e+02
-5.365627931639999938e-03 1.897463395569999878e-01 -2.498688004999999879e-01 -1.360336795219999999e+02 7.303059292439999695e+01 1.329243651929999999e+02
-1.460028199629999964e-03 1.913383994710000091e-01 -2.504607887720000092e-01 -1.368285631919999901e+02 7.249201898610000683e+01 1.328756869499999880e+02
-6.712146898620000024e-03 1.934755306869999913e-01 -2.504102547259999811e-01 -1.365979891359999954e+02 7.273057818309999334e+01 1.332223123949999888e+02
-4.233952483700000220e-03 1.923034205620000048e-01 -2.519202434600000262e-01 -1.363767926269999862e+02 7.266993875400000036e+01 1.330784939319999864e+02
-5.961590285769999796e-03 1.914443635739999927e-01 -2.451746212800000047e-01 -1.361093299780000052e+02 7.202204594209999300e+01 1.330887341789999994e+02
-8.050271516140000000e-03 1.904741552589999942e-01 -2.491615649260000009e-01 -1.364609929579999914e+02 7.284073725320000392e+01 1.330676710879999973e+02
-4.007850802169999997e-03 1.909745353739999985e-01 -2.459504491660000070e-01 -1.365269888089999881e+02 7.255346187630000543e+01 1.331004880270000115e+02
-1.654290097100000016e-03 1.906207763630000107e-01 -2.440595089489999980e-01 -1.373604387420000137e+02 7.254930572329999450e+01 1.330698925549999956e+02
-6.600473404830000182e-03 1.909380144510000044e-01 -2.549504177920000059e-01 -1.357685873000000072e+02 7.265450217270000621e+01 1.329323105679999912e+02
-1.865616414250000034e-03 1.916129946759999869e-01 -2.526804626999999970e-01 -1.361301473460000011e+02 7.265401629829999308e+01 1.328623988720000000e+02
-5.391258317790000379e-03 1.955636184610000106e-01 -2.501824629409999945e-01 -1.362794119630000012e+02 7.232986316230000057e+01 1.327007532929999911e+02
-1.986750024700000092e-03 1.902541229630000108e-01 -2.533448285370000219e-01 -1.363224600769999881e+02 7.284472096519999695e+01 1.330323242880000123e+02
-8.085585333690000279e-03 1.920243755180000012e-01 -2.541014927199999884e-01 -1.357127122880000059e+02 7.275815967650000005e+01 1.335249564650000025e+02
-4.147866323429999849e-03 1.939207498169999988e-01 -2.467043757279999971e-01 -1.369114869100000078e+02 7.248522147510000480e+01 1.328868412999999862e+02
-2.896038390599999911e-03 1.928280130729999875e-01 -2.507321314279999935e-01 -1.359780956429999890e+02 7.264818618789999505e+01 1.329718556459999945e+02
-1.095340161860000085e-02 1.950623090780000124e-01 -2.446158046980000111e-01 -1.355813608660000114e+02 7.171995842709999636e+01 1.334035073889999978e+02
-3.771483319970000102e-03 1.950142889329999907e-01 -2.482931239910000087e-01 -1.360871611929999858e+02 7.203038761800000600e+01 1.328855475469999874e+02
-7.147416641609999691e-03 1.896157705460000120e-01 -2.498011282660000110e-01 -1.362474367069999914e+02 7.281427608559999953e+01 1.328721383600000081e+02
-6.535865952350000153e-03 1.902751176530000088e-01 -2.501093358989999738e-01 -1.360411560350000002e+02 7.265576555949999715e+01 1.330863928420000093e+02
-4.856972608159999989e-03 1.905619084190000034e-01 -2.469769571000000052e-01 -1.367847761980000030e+02 7.230647185349999972e+01 1.328618053570000086e+02
-6.797798582410000297e-03 1.902801154619999935e-01 -2.470429343849999959e-01 -1.362618697059999988e+02 7.293128514340000379e+01 1.330303503169999999e+02
-9.593075770990000528e-04 1.971985286609999888e-01 -2.538290119539999834e-01 -1.364330328860000066e+02 7.224446509169999331e+01 1.324936171470000090e+02
-5.224853197359999660e-03 1.898526037799999899e-01 -2.512086379630000255e-01 -1.358593358990000013e+02 7.295947448130000623e+01 1.331937934270000028e+02
-5.170704246820000127e-03 1.916414710550000122e-01 -2.479020105039999866e-01 -1.362399713000000077e+02 7.252598308289999807e+01 1.335698810430000094e+02
-6.388778557740000356e-03 1.922523084949999961e-01 -2.500581889679999725e-01 -1.362141784739999935e+02 7.281688297040000180e+01 1.331408465899999953e+02
-6.954848512460000236e-03 1.904643559289999899e-01 -2.457476724959999914e-01 -1.367508863230000031e+02 7.230287312699999802e+01 1.333938992310000060e+02
3.934010943230000228e-04 1.839504485779999976e-01 -2.518131919300000132e-01 -1.371493625169999859e+02 7.386183585039999855e+01 1.331370470710000120e+02
-5.104989365789999733e-03 1.917615786569999980e-01 -2.492635238029999867e-01 -1.363433606190000091e+02 7.248861907469999721e+01 1.333249469479999902e+02
-6.575299531060000389e-03 1.928431177190000068e-01 -2.507080623230000249e-01 -1.358883837619999895e+02 7.226889467530000388e+01 1.329900812520000102e+02
-6.703427284520000091e-03 1.934567994030000071e-01 -2.484524266669999870e-01 -1.359278103240000064e+02 7.202560730710000314e+01 1.332969180960000131e+02
-4.698200747520000359e-03 1.976148856130000020e-01 -2.499990392689999952e-01 -1.363743999520000045e+02 7.155436657709999793e+01 1.326127679269999931e+02
-5.854622185820000310e-03 1.916083502960000129e-01 -2.543019331090000112e-01 -1.361757227889999911e+02 7.266607974020000427e+01 1.331036273020000067e+02
-4.511279087159999687e-03 1.925998553880000075e-01 -2.460864020280000009e-01 -1.367606241729999965e+02 7.224425319229999332e+01 1.331915835780000066e+02
-3.761408363520000065e-03 1.956818785420000040e-01 -2.499163957680000103e-01 -1.364974276240000108e+02 7.242251850339999919e+01 1.326409549809999930e+02
-9.064329732659999819e-03 1.940364082580000038e-01 -2.511758229039999790e-01 -1.355848406080000075e+02 7.245000846240000669e+01 1.331108611980000092e+02
-8.326165268940000433e-03 1.926708459550000030e-01 -2.504288361070000080e-01 -1.358185992079999949e+02 7.226306961170000420e+01 1.330615633710000054e+02
-4.405488999960000158e-03 1.910032380349999948e-01 -2.522606450170000181e-01 -1.359431702919999907e+02 7.248030363040000168e+01 1.333332459869999980e+02
-2.932199662270000041e-03 1.882021941579999913e-01 -2.506950192819999979e-01 -1.370144773549999968e+02 7.292916245659999674e+01 1.329862623090000113e+02
-2.756355307360000128e-03 1.948240206769999983e-01 -2.544464672100000269e-01 -1.362488071070000046e+02 7.270792691929999307e+01 1.325407478260000005e+02
-2.098750838070000038e-03 1.902894752959999880e-01 -2.513325948780000263e-01 -1.364710714409999923e+02 7.299381067699999903e+01 1.326730258110000022e+02
-4.797915806949999695e-03 1.869347752399999896e-01 -2.494396872669999987e-01 -1.361049984800000061e+02 7.307641597010000112e+01 1.332315887270000019e+02
-7.389458924190000361e-03 1.899159165050000042e-01 -2.460800250400000111e-01 -1.363678812930000106e+02 7.264338555109999618e+01 1.335537240529999963e+02
-4.312334957449999624e-03 1.923906097330000120e-01 -2.529832817159999858e-01 -1.364100223220000032e+02 7.263600408959999299e+01 1.326633642520000080e+02
-5.093288555160000071e-03 1.899227246580000028e-01 -2.471269354089999926e-01 -1.365307010969999908e+02 7.239344680940000387e+01 1.333659651259999919e+02
-4.187433393279999666e-03 1.951922189749999981e-01 -2.477929753120000078e-01 -1.365139616849999982e+02 7.196329317149999838e+01 1.328902154099999962e+02
-4.015431797110000263e-03 1.923214437699999890e-01 -2.448761725270000023e-01 -1.369533925979999935e+02 7.183956169290000560e+01 1.330709226580000006e+02
-8.058458652499999458e-03 1.919920886210000066e-01 -2.449800604509999868e-01 -1.360979631319999896e+02 7.216491744120000362e+01 1.331455191230000139e+02
-7.297077283040000195e-03 1.927227617700000006e-01 -2.503163529360000195e-01 -1.362947785389999922e+02 7.218473547489999476e+01 1.331958095859999958e+02
-3.326672340110000195e-03 1.910081844850000099e-01 -2.520117224869999895e-01 -1.363462469419999934e+02 7.283886786099999711e+01 1.327245321549999915e+02
-9.971615641450000400e-03 1.901875881829999948e-01 -2.488873658309999903e-01 -1.356756392800000128e+02 7.223871871949999957e+01 1.332948950169999875e+02
-3.660892426240000119e-03 1.917849514240000108e-01 -2.466127784690000102e-01 -1.368810208419999981e+02 7.216481716590000417e+01 1.332400021709999862e+02
-6.185134587429999727e-03 1.902714224819999911e-01 -2.494778961980000098e-01 -1.360457703449999940e+02 7.294751651320000008e+01 1.336520704380000097e+02
-2.538437247239999899e-03 1.910270421489999870e-01 -2.506210731199999819e-01 -1.368466753149999988e+02 7.301551959100000033e+01 1.332927071180000098e+02
-7.818107032350000637e-03 1.927874537360000085e-01 -2.464331883860000072e-01 -1.362213835420000123e+02 7.248827715090000368e+01 1.333592302810000092e+02
-2.224661555560000087e-03 1.953905256129999934e-01 -2.480774423790000072e-01 -1.366161467999999957e+02 7.205848268469999596e+01 1.326009589159999962e+02
-4.364928745860000188e-03 1.930149361529999996e-01 -2.525626586959999753e-01 -1.362199403529999984e+02 7.237330234130000406e+01 1.333176905040000122e+02
-4.129733741820000407e-03 1.848491737530000012e-01 -2.457541046900000026e-01 -1.367329298159999951e+02 7.295810755050000296e+01 1.335357134280000082e+02
-4.010802556809999961e-03 1.863253802500000056e-01 -2.460512763190000063e-01 -1.367543265269999893e+02 7.328508469739999498e+01 1.334148361400000056e+02
-6.453139967230000183e-03 1.893837510689999892e-01 -2.526940288119999822e-01 -1.358679613760000109e+02 7.286671177879999561e+01 1.332225952109999980e+02
-6.818710498999999703e-03 1.889419736329999988e-01 -2.524739993580000230e-01 -1.360010581500000058e+02 7.315373999489999335e+01 1.335202951089999885e+02
-8.009693981740000079e-03 1.933506330829999897e-01 -2.512280710159999764e-01 -1.355861670099999969e+02 7.259943831980000084e+01 1.334289331360000119e+02
-3.075979997200000045e-03 1.907047649929999866e-01 -2.519480790659999747e-01 -1.366597249559999909e+02 7.276090585400000066e+01 1.327991581489999930e+02
-8.389185164019999363e-03 1.923625494179999895e-01 -2.458319607339999879e-01 -1.359413739050000061e+02 7.263761242370000559e+01 1.331279556270000057e+02
-7.024413358760000191e-03 1.920861762730000089e-01 -2.504199738949999809e-01 -1.362746901659999992e+02 7.216400175709999587e+01 1.330207435590000102e+02
-1.049800482339999924e-02 1.906420241929999981e-01 -2.523745431489999858e-01 -1.354999294760000055e+02 7.306399745599999562e+01 1.333588124670000070e+02
-4.728503451239999579e-03 1.974962250910000106e-01 -2.495041217479999907e-01 -1.365269407199999989e+02 7.166339974950000169e+01 1.327287425519999999e+02
-6.502974984650000331e-03 1.899289282230000042e-01 -2.512137386209999934e-01 -1.356417791279999960e+02 7.254531245610000667e+01 1.333026867050000135e+02
-6.153436091450000325e-03 1.923944793210000115e-01 -2.565689081299999952e-01 -1.359268841440000131e+02 7.293825460349999901e+01 1.332620597199999963e+02
-5.763610507670000396e-03 1.918722971079999950e-01 -2.463426976110000000e-01 -1.366139652379999916e+02 7.217367399069999578e+01 1.328040080199999977e+02
-1.036315023519999989e-02 1.908828576590000103e-01 -2.469031048560000052e-01 -1.356193739470000139e+02 7.222602752679999583e+01 1.331943611890000057e+02
-5.700023759079999620e-03 1.922276744299999951e-01 -2.472503235740000083e-01 -1.367450446420000105e+02 7.245643841890000658e+01 1.329478015280000136e+02
-6.198921777029999837e-03 1.932930077270000047e-01 -2.505703133089999812e-01 -1.360270468900000083e+02 7.289795061239999541e+01 1.331123896740000134e+02
-5.292724441730000187e-03 1.933983738900000027e-01 -2.462954991140000049e-01 -1.366569376129999966e+02 7.200412626809999495e+01 1.331024211330000071e+02
-7.265224242269999883e-03 1.896435068940000024e-01 -2.507284856779999904e-01 -1.355240100000000041e+02 7.264671866960000557e+01 1.335198342319999938e+02
-9.703272877780000361e-03 1.855981300629999942e-01 -2.478954630269999959e-01 -1.357906118269999922e+02 7.306909191020000094e+01 1.336888690689999919e+02
-2.728175458370000160e-03 1.899167302970000137e-01 -2.512638506409999861e-01 -1.365995501810000121e+02 7.292228104309999992e+01 1.328059610130000010e+02
-6.241630374289999783e-03 1.926868082779999991e-01 -2.440989721190000017e-01 -1.364234885250000104e+02 7.227722843140000464e+01 1.331626525270000059e+02
-6.156742925419999950e-03 1.884969487639999997e-01 -2.507163455599999979e-01 -1.355875601969999877e+02 7.294305831200000512e+01 1.332806813649999924e+02
-1.071480809979999914e-02 1.912478995490000111e-01 -2.457778520860000038e-01 -1.357645394810000141e+02 7.217616276500000083e+01 1.336232385719999911e+02
-1.435705686260000009e-03 1.929283652279999983e-01 -2.509349691539999871e-01 -1.364138689689999921e+02 7.250440441039999939e+01 1.330034697359999996e+02
-1.163528488049999981e-03 1.924933791319999865e-01 -2.531996464299999805e-01 -1.364262129379999919e+02 7.305306325870000705e+01 1.329973108920000016e+02
-8.921739829900000862e-03 1.930856008359999876e-01 -2.515036821239999831e-01 -1.355485131570000021e+02 7.251836564990000511e+01 1.331783687870000108e+02
-4.264076527510000415e-03 1.916770445779999998e-01 -2.521882813569999993e-01 -1.366019000279999887e+02 7.294553353460000267e+01 1.328487340290000134e+02
-5.173079174440000337e-03 1.922523194549999870e-01 -2.505009253850000173e-01 -1.360549514340000030e+02 7.283490338000000008e+01 1.328482909450000022e+02
-3.559327832559999825e-03 1.960300588009999956e-01 -2.551384835519999728e-01 -1.359947867449999990e+02 7.237595877360000429e+01 1.327311635990000127e+02
-6.725999955130000131e-03 1.944660908499999952e-01 -2.535293571669999801e-01 -1.355736406190000025e+02 7.265019705119999571e+01 1.330597414819999926e+02
-6.953301515909999890e-03 1.890761201460000041e-01 -2.552549057560000167e-01 -1.357721070259999863e+02 7.333704038090000665e+01 1.331691285820000132e+02
-3.872842233480000129e-03 1.938560901910000023e-01 -2.472699062840000017e-01 -1.361749501380000140e+02 7.241093145269999809e+01 1.327931063460000018e+02
-6.325391207909999633e-03 1.897552847460000081e-01 -2.489414745300000120e-01 -1.362418778729999929e+02 7.279613787949999448e+01 1.335419017199999985e+02
-3.435386326850000099e-03 1.918582358310000069e-01 -2.511077728450000213e-01 -1.368334532990000127e+02 7.297891653119999944e+01 1.329781862920000037e+02
-2.702988501399999997e-03 1.889898360620000106e-01 -2.463318963420000063e-01 -1.370259648949999871e+02 7.268705732520000140e+01 1.332304766009999923e+02
-1.796512882790000064e-03 1.859801104830000051e-01 -2.506722982449999804e-01 -1.366290221650000092e+02 7.321948148529999401e+01 1.332600796529999911e+02
-1.731794240779999930e-03 1.879020555869999887e-01 -2.480255768190000043e-01 -1.366366642019999915e+02 7.296141564280000580e+01 1.331711941529999876e+02
-8.448685853589999947e-03 1.893256175670000041e-01 -2.468152541820000101e-01 -1.356741679090000048e+02 7.291806369190000225e+01 1.335512201180000034e+02
-7.707973372819999607e-03 1.960247318239999870e-01 -2.536249690060000117e-01 -1.358061723760000064e+02 7.238923445090000541e+01 1.330004138589999911e+02
-3.061189752529999870e-03 1.963233158769999986e-01 -2.467002996440000040e-01 -1.368216551589999881e+02 7.189692879410000614e+01 1.325126262100000076e+02
-9.477631546020000297e-03 1.930616157030000113e-01 -2.432142756479999945e-01 -1.359823201959999892e+02 7.201258719560000543e+01 1.333586272469999869e+02
-2.086013847349999905e-03 1.913776688349999866e-01 -2.471169054010000088e-01 -1.365974713710000117e+02 7.256699301080000453e+01 1.332186403510000048e+02
-1.114465596580000058e-02 1.908505239199999870e-01 -2.539403680749999781e-01 -1.352383645570000112e+02 7.296753267299999379e+01 1.332894816339999977e+02
-5.784619242449999706e-03 1.928236621799999939e-01 -2.468152259289999872e-01 -1.366388162460000046e+02 7.238064464580000390e+01 1.330038323789999879e+02
-2.937389510130000193e-03 1.944983561330000110e-01 -2.474539742390000074e-01 -1.370916497249999964e+02 7.236824457209999650e+01 1.329240043519999972e+02
-7.163470983230000146e-04 1.955392689500000114e-01 -2.503147627119999830e-01 -1.366676461529999926e+02 7.192273536000000433e+01 1.323795639889999904e+02
-5.394147706640000164e-03 1.982376026559999893e-01 -2.454850395750000080e-01 -1.365208952140000065e+02 7.155515170610000553e+01 1.326452376199999890e+02
-3.403281701079999798e-03 1.898564325859999902e-01 -2.432461435440000097e-01 -1.369401433380000128e+02 7.264615704210000047e+01 1.334398504019999905e+02
-4.555335651159999819e-03 1.921247418910000115e-01 -2.505450699569999884e-01 -1.358730222929999911e+02 7.236843379299999413e+01 1.331831361899999990e+02
-3.567291712329999885e-03 1.914112178250000074e-01 -2.471477805110000037e-01 -1.366900302610000040e+02 7.278659835199999861e+01 1.327517885100000115e+02
-1.503174753219999960e-03 1.935753785690000062e-01 -2.515387277939999944e-01 -1.364147454760000073e+02 7.244597573689999592e+01 1.327251905180000051e+02
-2.617331286080000052e-03 1.952019652199999955e-01 -2.450132502200000062e-01 -1.366879992119999940e+02 7.198475190189999751e+01 1.329500350659999981e+02
-6.541812831550000013e-03 1.922095998099999925e-01 -2.474181749749999881e-01 -1.360595595290000119e+02 7.236964048279999417e+01 1.334564951620000102e+02
-6.104143093190000230e-03 1.965231881689999960e-01 -2.508714643280000045e-01 -1.359796025670000006e+02 7.192681820800000025e+01 1.327336101699999915e+02
-5.638134087499999808e-03 1.896753792520000093e-01 -2.532147225899999965e-01 -1.358492000489999896e+02 7.282259979180000187e+01 1.331995730639999920e+02
-2.600272781269999910e-03 1.913833009329999890e-01 -2.486509670360000090e-01 -1.366938576619999992e+02 7.243730756079999367e+01 1.327617133189999947e+02
-1.465258901590000065e-02 1.906840208539999915e-01 -2.494488243430000030e-01 -1.349139166059999866e+02 7.276804664200000161e+01 1.338009017120000124e+02
-5.435332718810000421e-03 1.923562222909999953e-01 -2.500703678349999737e-01 -1.363405207600000040e+02 7.274370380640000633e+01 1.330470974510000133e+02
-6.606462727419999681e-03 1.892590621580000076e-01 -2.490756274589999986e-01 -1.361089779289999910e+02 7.232707423109999922e+01 1.334646389300000067e+02
-6.481979198760000338e-03 1.893194244449999952e-01 -2.449116115330000065e-01 -1.363680798389999893e+02 7.218362713330000702e+01 1.334250136519999899e+02
-8.474516479139999892e-03 1.921630603589999930e-01 -2.474636004880000073e-01 -1.360566387929999905e+02 7.213768919739999319e+01 1.336688825759999872e+02
-3.629004924190000047e-03 1.957078307029999908e-01 -2.476610645179999903e-01 -1.367711645219999923e+02 7.176564189810000016e+01 1.326288093530000083e+02
-7.575357718039999865e-04 1.909197042440000103e-01 -2.502594282530000158e-01 -1.365777392569999904e+02 7.275535554520000403e+01 1.327089898000000119e+02
-8.723381447060000668e-03 1.927667719570000104e-01 -2.490737117790000066e-01 -1.357767614070000093e+02 7.191646333799999979e+01 1.331944231489999879e+02
-4.251982693479999624e-03 1.833215742980000007e-01 -2.508085612720000190e-01 -1.363949591930000054e+02 7.368926491060000217e+01 1.334312859039999921e+02
-4.609238255590000430e-03 1.936803642840000117e-01 -2.497358797500000005e-01 -1.365120647790000135e+02 7.211777544679999608e+01 1.328179349419999937e+02
-3.290730329469999851e-03 1.913115587810000073e-01 -2.514269472189999965e-01 -1.368840344710000068e+02 7.298156624620000343e+01 1.330010854969999912e+02
-6.075925660389999879e-03 1.930280462669999864e-01 -2.521885039000000273e-01 -1.359676820630000122e+02 7.267608658989999526e+01 1.328692957869999987e+02
-7.128411554060000432e-03 1.893453180790000134e-01 -2.489213666900000066e-01 -1.366058052820000057e+02 7.264680460959999664e+01 1.331110564850000060e+02
-3.378450385709999820e-03 1.948407886300000114e-01 -2.522603220090000042e-01 -1.362314702760000102e+02 7.232704639179999617e+01 1.331026829250000105e+02
-4.416220167899999674e-03 1.863431009050000031e-01 -2.491301785629999876e-01 -1.367022542539999961e+02 7.352069849069999918e+01 1.336804908279999893e+02
-5.889591182480000305e-03 1.908736936169999898e-01 -2.475759649769999904e-01 -1.365461106589999929e+02 7.270213575450000576e+01 1.330645206730000041e+02
-9.737789294590000130e-03 1.916362657179999929e-01 -2.443854591799999865e-01 -1.361579170640000029e+02 7.233305861549999349e+01 1.335875693129999888e+02
-4.707206461020000191e-03 1.968669343330000099e-01 -2.493000914069999907e-01 -1.364296879890000014e+02 7.207979370259999996e+01 1.329300469229999919e+02
-7.909659289319999689e-03 1.941901307159999979e-01 -2.513438723149999943e-01 -1.361355436180000140e+02 7.242390708499999619e+01 1.331252021429999957e+02
-1.212920885910000017e-02 1.921786385979999956e-01 -2.441276531079999979e-01 -1.358205412689999889e+02 7.215635343859999296e+01 1.333815602349999949e+02
-4.602047190860000282e-03 1.903742342770000096e-01 -2.486335002600000010e-01 -1.365616920349999930e+02 7.314403444399999898e+01 1.333892286429999956e+02
-9.900152263419999960e-03 1.887372913470000135e-01 -2.461722459500000071e-01 -1.356443191529999979e+02 7.288433344659999591e+01 1.336473625399999889e+02
-1.291447241089999955e-02 1.880929255830000035e-01 -2.490685217789999906e-01 -1.351219417400000111e+02 7.288633533739999848e+01 1.338271865609999907e+02
-7.449880315899999605e-03 1.944323322569999901e-01 -2.472866098170000138e-01 -1.359407980480000049e+02 7.183857457880000652e+01 1.327979337259999966e+02
-6.029309276709999589e-03 1.889115454460000010e-01 -2.526122982690000018e-01 -1.361036125169999877e+02 7.331913977969999507e+01 1.336328359750000061e+02
-6.634482003209999680e-03 1.957689043660000017e-01 -2.491238144609999872e-01 -1.360600605250000115e+02 7.189364419310000187e+01 1.328386353539999902e+02
-5.608433387870000349e-03 1.910750784730000096e-01 -2.481879002959999914e-01 -1.366578002539999943e+02 7.274265028519999987e+01 1.335497699459999978e+02
-7.550642669280000115e-03 1.915197035729999941e-01 -2.450659606270000068e-01 -1.359509589440000070e+02 7.213777763900000650e+01 1.333451729800000010e+02
-4.038756953079999587e-03 1.907731399679999940e-01 -2.487902278789999866e-01 -1.367715420769999923e+02 7.223926069239999492e+01 1.330558807470000033e+02
-3.416980165310000081e-03 1.921094319399999917e-01 -2.508836757269999884e-01 -1.361956245380000041e+02 7.272876114730000552e+01 1.328326093560000061e+02
-7.498352957870000127e-03 1.883741425890000099e-01 -2.524899907770000174e-01 -1.357388196770000093e+02 7.316911144149999302e+01 1.337763015269999869e+02
-9.200284087970000621e-03 1.866756561819999938e-01 -2.471764097449999920e-01 -1.360438453950000053e+02 7.330167305099999453e+01 1.338306192230000136e+02
-4.677627514649999874e-03 1.899851937810000113e-01 -2.529707575399999797e-01 -1.363567771280000045e+02 7.323624804429999813e+01 1.331482551299999955e+02
-4.904624948990000087e-03 1.924297514180000057e-01 -2.509370273559999864e-01 -1.361524113989999876e+02 7.254306549099999302e+01 1.329827893099999869e+02
-5.184109249250000093e-03 1.913228084019999997e-01 -2.478837743089999934e-01 -1.365896971969999925e+02 7.220555696499999954e+01 1.333169604779999986e+02
-6.211201949639999845e-03 1.907846181239999939e-01 -2.451317832179999989e-01 -1.366744359959999997e+02 7.257811103970000488e+01 1.329301850960000024e+02
-2.238374059479999924e-03 1.923244982439999973e-01 -2.486252646479999995e-01 -1.368326413329999980e+02 7.272602808169999378e+01 1.327032997979999891e+02
-6.085340110669999920e-03 1.938581365719999894e-01 -2.497166875060000124e-01 -1.361493681670000058e+02 7.206862719980000520e+01 1.326881335639999975e+02
-6.722397642350000195e-03 1.890752059220000003e-01 -2.435950543610000130e-01 -1.364433976949999874e+02 7.262707948560000659e+01 1.332216457359999993e+02
-6.826320307159999996e-03 1.947545606370000015e-01 -2.491014861489999899e-01 -1.363124836899999934e+02 7.254550045429999727e+01 1.332799967699999968e+02
-1.273779050190000000e-03 1.864525859360000037e-01 -2.517180002900000213e-01 -1.368674465660000124e+02 7.345330744460000005e+01 1.330779448369999898e+02
-5.557016025540000362e-03 1.934073056950000036e-01 -2.453188713860000036e-01 -1.364907265729999892e+02 7.198229083270000217e+01 1.328089544169999954e+02
-3.043429501009999819e-03 1.926657866189999957e-01 -2.488288018110000055e-01 -1.364971159129999876e+02 7.243952920920000338e+01 1.327108627050000109e+02
-6.656048060130000284e-03 1.912376167479999944e-01 -2.511496549269999767e-01 -1.362956076019999898e+02 7.274345548430000008e+01 1.330511356830000125e+02
-1.018797959510000031e-02 1.922939750850000129e-01 -2.501341508680000048e-01 -1.355701519250000047e+02 7.239745106959999532e+01 1.332639703119999979e+02
-2.437251533389999791e-03 1.924865076639999950e-01 -2.470874748249999864e-01 -1.370806889529999921e+02 7.219193504330000621e+01 1.327731597789999967e+02
-6.876501456209999606e-03 1.907051933270000055e-01 -2.498016637920000005e-01 -1.361355640339999979e+02 7.230399264390000269e+01 1.335641640009999946e+02
-6.784081438920000137e-03 1.902399968869999958e-01 -2.452065652200000057e-01 -1.367060203999999999e+02 7.259232780979999688e+01 1.335539465969999924e+02
-5.187883897140000214e-03 1.957537451620000035e-01 -2.454300485529999909e-01 -1.363979125779999890e+02 7.169786778249999770e+01 1.329170267240000101e+02
-5.340017966300000156e-04 1.948886706140000036e-01 -2.495561688490000041e-01 -1.368302790230000028e+02 7.233273933780000675e+01 1.325632806209999899e+02
-7.461698491359999678e-03 1.931859924840000076e-01 -2.496378136079999976e-01 -1.355973549379999952e+02 7.243230720030000214e+01 1.331819465389999948e+02
-8.018874059010000499e-03 1.884064264760000051e-01 -2.506064666310000022e-01 -1.358982214469999974e+02 7.313824475350000398e+01 1.336064432569999951e+02
-1.067053286449999930e-02 1.925485890039999870e-01 -2.474444454149999917e-01 -1.357968288700000130e+02 7.246879170299999373e+01 1.337193861689999892e+02
-2.991832906219999907e-03 1.882011702199999914e-01 -2.461509457180000027e-01 -1.367170081890000120e+02 7.259820699819999845e+01 1.332000826809999978e+02
-7.897715164280000658e-03 1.921974202049999969e-01 -2.530310567419999934e-01 -1.357598221190000061e+02 7.298399803770000460e+01 1.329018945660000099e+02
-6.176875325299999685e-03 1.933973191539999914e-01 -2.475602905690000022e-01 -1.365675431930000059e+02 7.259819246749999877e+01 1.328185176320000096e+02
-1.996428375780000177e-03 1.945954500659999864e-01 -2.474740778470000124e-01 -1.368934422060000031e+02 7.206234571749999418e+01 1.325586783710000134e+02
-8.087114966199999630e-03 1.865912225099999877e-01 -2.456956966580000068e-01 -1.364149925920000044e+02 7.294511119119999876e+01 1.335392185519999941e+02
-5.858286216139999870e-03 1.874905424570000034e-01 -2.534938504809999826e-01 -1.361343390579999948e+02 7.349120012929999746e+01 1.334973971699999993e+02
-6.433391399799999640e-03 1.916189877939999953e-01 -2.550448408800000122e-01 -1.361803604319999863e+02 7.303655133690000412e+01 1.329398254029999862e+02
-7.559820132129999731e-03 1.909701008340000117e-01 -2.477721990470000135e-01 -1.365792558999999926e+02 7.222845024839999439e+01 1.332612505580000004e+02
-3.615903782219999883e-03 1.883160820289999926e-01 -2.479704686030000105e-01 -1.367217137519999994e+02 7.300431912870000417e+01 1.334986784419999992e+02
-5.983793675540000079e-03 1.946288898230000008e-01 -2.504855884800000210e-01 -1.362972671249999905e+02 7.203114862779999328e+01 1.326758642300000020e+02
-9.497335512779999864e-03 1.937316800399999928e-01 -2.464160810649999866e-01 -1.357927205780000008e+02 7.166702220729999340e+01 1.331237847429999874e+02
-5.570985243669999629e-03 1.916983355050000115e-01 -2.533832471890000160e-01 -1.362844378910000103e+02 7.292006997299999682e+01 1.327556874869999888e+02
-2.998907572450000038e-03 1.924234703240000066e-01 -2.496578429119999942e-01 -1.364932335050000063e+02 7.255984381390000237e+01 1.331257501480000087e+02
-3.520325897409999974e-03 1.896717558459999897e-01 -2.521531301370000255e-01 -1.364044471310000120e+02 7.298037103960000138e+01 1.333399488819999874e+02
-9.713531052510000763e-03 1.909537920580000048e-01 -2.476508592970000089e-01 -1.358927131400000121e+02 7.210994814410000231e+01 1.336698898639999982e+02
-5.887644943380000023e-03 1.905008877419999969e-01 -2.540779357419999940e-01 -1.359768986210000037e+02 7.287497582730000545e+01 1.334325745479999910e+02
-6.906202871459999823e-03 1.890359512439999945e-01 -2.518108660410000033e-01 -1.357406192839999903e+02 7.339300225569999725e+01 1.331349053049999895e+02
-4.171913372160000050e-03 1.900156707079999896e-01 -2.523252432170000059e-01 -1.365347752300000082e+02 7.289241846359999499e+01 1.327020777630000055e+02
-7.975834137409999400e-03 1.924273552590000103e-01 -2.494255501290000010e-01 -1.359112279670000021e+02 7.267040019300000608e+01 1.331733357159999969e+02
-3.968337977010000413e-03 1.924910362589999924e-01 -2.471560281880000043e-01 -1.364519713519999868e+02 7.244447370090000504e+01 1.328017784239999912e+02
-9.601265385870000335e-03 1.936850655219999884e-01 -2.506263002279999763e-01 -1.353583377440000106e+02 7.233826188039999749e+01 1.333067396099999939e+02
-6.552676086619999701e-03 1.917597620260000080e-01 -2.465550156719999997e-01 -1.361956517810000094e+02 7.252118311019999908e+01 1.332027623730000130e+02
-4.995554171199999630e-03 1.885784782949999905e-01 -2.425671547769999992e-01 -1.368402857199999971e+02 7.282166026859999874e+01 1.333860011019999945e+02
-3.292191129859999791e-03 1.922113330749999904e-01 -2.482694463450000055e-01 -1.366513261100000136e+02 7.190536166069999524e+01 1.327690866730000039e+02
-6.671352796139999597e-03 1.913456380130000023e-01 -2.504662679190000074e-01 -1.358551013070000124e+02 7.283078238900000656e+01 1.334298396130000128e+02
-1.165266462610000091e-03 1.942189574779999983e-01 -2.415697132799999869e-01 -1.372673718839999992e+02 7.187861003979999452e+01 1.326777221879999900e+02
-4.321117229760000275e-03 1.917188984410000130e-01 -2.502289131479999984e-01 -1.365404626730000075e+02 7.225876318109999374e+01 1.326925336980000054e+02
-4.522838558619999595e-03 1.907855018110000134e-01 -2.505460902369999743e-01 -1.366249689960000069e+02 7.260681146180000667e+01 1.330087915370000076e+02
-8.894286423409999282e-03 1.935190474969999963e-01 -2.456866270030000077e-01 -1.359094047330000024e+02 7.210543603300000370e+01 1.333410025180000105e+02
-6.899825805379999726e-03 1.872491631140000001e-01 -2.485121277909999871e-01 -1.360952976320000118e+02 7.329604063770000266e+01 1.335724957340000003e+02
-5.239642718839999762e-03 1.972762573709999911e-01 -2.461416936020000001e-01 -1.364810670660000085e+02 7.188916283630000237e+01 1.326413635039999974e+02
-2.105243300350000211e-03 1.925941987989999993e-01 -2.499748233569999978e-01 -1.369381868510000118e+02 7.243963284129999636e+01 1.325718029679999859e+02
-5.774003530150000063e-03 1.922288004350000135e-01 -2.528186162680000071e-01 -1.361703993270000126e+02 7.283770139300000324e+01 1.331971633660000123e+02
-7.623713033280000127e-03 1.916983622239999963e-01 -2.450399834299999968e-01 -1.359337516429999937e+02 7.230623212749999595e+01 1.333307235549999916e+02
-4.928575034930000008e-03 1.899254790219999933e-01 -2.476762390120000046e-01 -1.367879437370000062e+02 7.273969873260000440e+01 1.331859337059999859e+02
-7.817832390950000057e-03 1.901169443450000107e-01 -2.483744922470000061e-01 -1.364106689790000075e+02 7.304925456569999653e+01 1.332627807650000022e+02
-6.018412621150000252e-03 1.909163438529999923e-01 -2.502762233490000154e-01 -1.356161852349999890e+02 7.250328016289999766e+01 1.329614617189999990e+02
-4.599748784040000316e-03 1.930290547490000064e-01 -2.543382213079999898e-01 -1.360304396370000006e+02 7.278523296699999889e+01 1.326859837289999859e+02
-7.228573584950000186e-03 1.914031203630000011e-01 -2.482356546829999899e-01 -1.365520326619999878e+02 7.237005519230000061e+01 1.332605172119999963e+02
-2.832925425770000012e-03 1.941347753740000071e-01 -2.516337026229999996e-01 -1.363441424979999965e+02 7.212512054309999598e+01 1.325566663109999865e+02
-4.504581402950000313e-03 1.910695492339999912e-01 -2.495274801060000103e-01 -1.369207677390000129e+02 7.284155511890000412e+01 1.332873329269999942e+02
-7.053009140389999813e-03 1.948570960619999959e-01 -2.486376936299999896e-01 -1.361750633830000083e+02 7.186552366409999593e+01 1.326534252689999960e+02
-9.043496398949999598e-03 1.924024539670000089e-01 -2.492725099479999873e-01 -1.360653811889999929e+02 7.217753129780000165e+01 1.329133282829999985e+02
-6.333438483110000183e-03 1.943520506960000060e-01 -2.490263548290000128e-01 -1.360790484409999976e+02 7.274106120739999426e+01 1.328303533250000044e+02
-6.206566715629999870e-03 1.897474850839999949e-01 -2.481392362719999911e-01 -1.358164908980000121e+02 7.245969793860000152e+01 1.333348874209999906e+02
-2.104029128500000019e-03 1.929931338080000114e-01 -2.545796586429999731e-01 -1.361971476340000038e+02 7.281817077290000384e+01 1.330451800339999977e+02
-6.527318861840000243e-04 1.923023083579999959e-01 -2.461397829230000112e-01 -1.371017583850000108e+02 7.244079630109999357e+01 1.329699043990000007e+02
-8.337277391909999821e-03 1.909433195340000111e-01 -2.509279566290000263e-01 -1.358973189090000062e+02 7.313055182300000467e+01 1.331910390630000052e+02
-8.212044706529999377e-03 1.979289098620000131e-01 -2.486746712189999986e-01 -1.358261723239999981e+02 7.152862990980000291e+01 1.329425871029999939e+02
-5.000396902670000213e-03 1.909125324189999973e-01 -2.545308011160000161e-01 -1.364552038429999925e+02 7.325646488079999585e+01 1.329550524390000135e+02
-3.756946852439999821e-03 1.944190984349999929e-01 -2.531322544599999835e-01 -1.363110312309999870e+02 7.246929240640000103e+01 1.327339206059999981e+02
-5.745092376029999927e-03 1.934439477219999926e-01 -2.504111325530000154e-01 -1.358994569630000058e+02 7.284456215749999330e+01 1.329248720770000034e+02
-5.955912693999999667e-03 1.944437612980000063e-01 -2.537169591039999950e-01 -1.360861821450000093e+02 7.239663229500000341e+01 1.329819791280000061e+02
-9.643616438919999992e-03 1.906182125180000131e-01 -2.475553258010000091e-01 -1.358108368270000028e+02 7.249529092980000655e+01 1.333059649369999988e+02
-4.086191082540000311e-03 1.970854351559999940e-01 -2.490676147180000133e-01 -1.364162052849999895e+02 7.169367073349999941e+01 1.329039858209999920e+02
-4.208654273850000009e-03 1.917185924149999998e-01 -2.498655620330000049e-01 -1.367440612229999886e+02 7.207386180570000533e+01 1.330852630539999950e+02
-1.861111962419999960e-03 1.901719957299999875e-01 -2.474708925000000115e-01 -1.369516476249999926e+02 7.275219599710000296e+01 1.328711892590000048e+02
-6.437716006890000300e-03 1.888689056900000052e-01 -2.461641236719999959e-01 -1.365583794000000069e+02 7.261331915190000075e+01 1.334099961359999895e+02
-8.697723931009999215e-03 1.860885381850000131e-01 -2.455986136589999869e-01 -1.361047447809999937e+02 7.330252984999999910e+01 1.337263272440000037e+02
-1.119527332140000074e-02 1.974284472620000119e-01 -2.456563109359999886e-01 -1.354073236929999950e+02 7.141262933800000212e+01 1.331768553029999964e+02
-3.608265829719999995e-03 1.869024599830000077e-01 -2.463154855240000107e-01 -1.367460805139999991e+02 7.284370492569999556e+01 1.332680240790000141e+02
-5.357754103750000073e-03 1.950772030440000027e-01 -2.583918133209999746e-01 -1.357440760229999910e+02 7.248924306680000029e+01 1.328952473329999862e+02
-6.938256102619999588e-03 1.923355625790000023e-01 -2.520597025599999874e-01 -1.357777442869999902e+02 7.301177782870000499e+01 1.334668200430000127e+02
-9.355553546070000809e-03 1.907721277830000117e-01 -2.482607585290000085e-01 -1.357998794419999911e+02 7.258032228550000298e+01 1.331562941379999927e+02
-2.710544275969999951e-03 1.924009660250000087e-01 -2.499151049539999891e-01 -1.367096035339999958e+02 7.259849567099999490e+01 1.326169355579999944e+02
-5.034008537909999935e-03 1.893841070320000097e-01 -2.485098389819999920e-01 -1.366007692020000093e+02 7.248381575429999657e+01 1.331578595869999901e+02
-3.604563556989999994e-03 1.975847763159999937e-01 -2.465442813150000023e-01 -1.364417313149999984e+02 7.184370612620000429e+01 1.327129316319999930e+02
-5.263372854409999885e-03 1.896977118560000120e-01 -2.502814061849999994e-01 -1.366626968150000039e+02 7.260494089969999720e+01 1.329755775460000109e+02
-6.228773688960000110e-03 1.912653609559999968e-01 -2.482059280109999988e-01 -1.359556258009999965e+02 7.239267687449999755e+01 1.331963207489999945e+02
-2.174228546489999792e-03 1.905435116470000079e-01 -2.514755914419999905e-01 -1.364104968929999870e+02 7.324414623459999518e+01 1.328589655149999942e+02
-5.770641155609999677e-03 1.943555547699999941e-01 -2.490076227230000050e-01 -1.360009204430000125e+02 7.237135129290000179e+01 1.330633634849999964e+02
-6.673874945630000298e-03 1.907245239010000037e-01 -2.474905202890000100e-01 -1.365104274159999989e+02 7.227137811430000625e+01 1.332273022130000015e+02
-6.494250824339999929e-03 1.922780480209999865e-01 -2.471057320689999948e-01 -1.362895713869999952e+02 7.271188858950000622e+01 1.335023345390000031e+02
-8.309588515539999276e-03 1.870033567080000014e-01 -2.467291453719999972e-01 -1.360062968670000032e+02 7.315784285389999297e+01 1.336197344550000139e+02
-8.646581556440000385e-03 1.952115754240000001e-01 -2.475921797579999917e-01 -1.359790723650000075e+02 7.176730205779999494e+01 1.333666864660000044e+02
-5.850211767669999743e-03 1.893447180549999997e-01 -2.480922977789999928e-01 -1.363071995010000137e+02 7.319657630429999529e+01 1.332964669080000135e+02
-6.550964070579999576e-03 1.921520778780000105e-01 -2.488512095210000108e-01 -1.364917083400000024e+02 7.239426982349999662e+01 1.329209518909999872e+02
-6.741248600190000162e-03 1.918753351889999903e-01 -2.454645340459999936e-01 -1.360315552810000099e+02 7.219853844989999914e+01 1.330585035699999992e+02
-5.520726659580000098e-03 1.897286491990000101e-01 -2.517793237959999875e-01 -1.363819095720000121e+02 7.317263204500000029e+01 1.331893130809999946e+02
-1.336107653390000097e-03 1.870447454020000011e-01 -2.534446558749999800e-01 -1.365861112839999976e+02 7.336027421949999905e+01 1.329876583690000018e+02
-5.803943060660000236e-03 1.941665579609999914e-01 -2.505707440459999935e-01 -1.361938974089999874e+02 7.234992492540000342e+01 1.328056348009999965e+02
-6.336685516720000008e-03 1.932344436039999946e-01 -2.475522909279999906e-01 -1.360911518599999965e+02 7.219289495820000013e+01 1.332702462389999880e+02
-4.137526415919999707e-03 1.912452878639999965e-01 -2.506788101429999749e-01 -1.369595841389999862e+02 7.252015612360000318e+01 1.329517318919999980e+02
-7.095464376859999915e-03 1.914740808719999909e-01 -2.549213586740000093e-01 -1.358214003790000106e+02 7.293837577940000472e+01 1.330759384790000013e+02
-3.106437794649999969e-03 1.859857446400000058e-01 -2.464319312749999880e-01 -1.370004805560000136e+02 7.325502708010000674e+01 1.334703090339999960e+02
-5.322414317159999790e-03 1.897652532469999986e-01 -2.486153624259999917e-01 -1.363512880190000089e+02 7.281099192310000490e+01 1.333727887139999950e+02
-5.676329922630000101e-03 1.959465109599999866e-01 -2.518160595280000136e-01 -1.359515765890000125e+02 7.181083690299999489e+01 1.327328933629999881e+02
-5.419843245740000107e-03 1.909642925130000113e-01 -2.525075636119999967e-01 -1.365257315739999910e+02 7.302094603049999932e+01 1.334581961320000119e+02
-4.634978371420000326e-03 1.933015629170000138e-01 -2.476193089429999938e-01 -1.363415987889999883e+02 7.213897640330000627e+01 1.327686223560000087e+02
-8.832275623029999662e-03 1.897224419870000012e-01 -2.460272321170000054e-01 -1.364549694719999877e+02 7.261378150010000354e+01 1.333282445549999977e+02
-4.811625469230000271e-03 1.951532655350000089e-01 -2.466363167600000017e-01 -1.364006144509999956e+02 7.199749875940000265e+01 1.326233579029999987e+02
-7.664208325779999810e-03 1.919481564119999983e-01 -2.461826496700000033e-01 -1.360712010510000027e+02 7.234889189659999431e+01 1.333311601089999954e+02
-2.861871024460000204e-03 1.909352510600000052e-01 -2.536099229279999978e-01 -1.365266498299999967e+02 7.303111647619999758e+01 1.331659621750000042e+02
-5.308620434799999829e-03 1.919816977599999863e-01 -2.517649022319999874e-01 -1.359327350570000021e+02 7.286315674200000103e+01 1.326709041619999994e+02
-4.010413236889999802e-03 1.889121319640000018e-01 -2.477882573940000110e-01 -1.367898067819999994e+02 7.242927863920000675e+01 1.334020569299999863e+02
-2.230683799090000131e-03 1.933424096799999936e-01 -2.492581334450000019e-01 -1.368812190589999886e+02 7.245561046960000340e+01 1.327136705389999918e+02
-3.228606615500000110e-03 1.908536263560000057e-01 -2.419786679550000041e-01 -1.371704747070000110e+02 7.224318651839999461e+01 1.330954482429999928e+02
-3.346388283319999893e-03 1.869381463329999882e-01 -2.500470142730000234e-01 -1.364490542990000108e+02 7.297961660580000398e+01 1.332488380030000030e+02
-4.777032575000000371e-03 1.894879400900000010e-01 -2.529928607610000268e-01 -1.358889720969999928e+02 7.291662256569999556e+01 1.332133535799999891e+02
-6.612980204130000303e-03 1.967592841540000137e-01 -2.502616086569999787e-01 -1.361348681709999937e+02 7.232092351369999506e+01 1.329007427120000102e+02
-7.128690508839999676e-03 1.875090506609999874e-01 -2.460140816330000091e-01 -1.365071462600000132e+02 7.280174348159999909e+01 1.335348908040000140e+02
-4.181136423039999959e-03 1.934630973229999884e-01 -2.463261100540000137e-01 -1.368261055039999974e+02 7.194802887470000030e+01 1.326142682169999887e+02
-3.621136268550000006e-03 1.934566754700000057e-01 -2.504054317689999865e-01 -1.366737371650000057e+02 7.223875878219999436e+01 1.325928064720000066e+02
-7.372500935020000375e-03 1.920746517830000111e-01 -2.459791465010000011e-01 -1.365328911119999873e+02 7.270569188240000358e+01 1.330799978739999858e+02
-6.111709087320000081e-03 1.880531200979999873e-01 -2.500715945479999869e-01 -1.365470567600000038e+02 7.334237876529999767e+01 1.335316370900000038e+02
-7.252025402260000100e-03 1.941177763910000020e-01 -2.459005749790000028e-01 -1.362234327239999914e+02 7.214040374299999314e+01 1.332090959230000067e+02
-8.723705518330000450e-03 1.925440232379999894e-01 -2.462552319209999896e-01 -1.361250693720000129e+02 7.224799950419999561e+01 1.333244655309999871e+02
-8.811161327290000303e-03 1.901666743369999912e-01 -2.463468689670000045e-01 -1.359087193210000066e+02 7.221335803419999877e+01 1.332585950980000007e+02
-3.079588605699999995e-03 1.894596204079999902e-01 -2.514111152260000148e-01 -1.367503580839999984e+02 7.282754084619999446e+01 1.330477277379999919e+02
-4.994196999140000127e-03 1.894299240740000001e-01 -2.442619716190000123e-01 -1.364065365190000136e+02 7.240588908169999627e+01 1.335901232239999956e+02
-5.994429698609999614e-03 1.924772852190000105e-01 -2.494582541260000064e-01 -1.362750848260000112e+02 7.237209805679999874e+01 1.332567547550000029e+02
-4.311547767680000073e-03 1.923150839970000081e-01 -2.499887246370000038e-01 -1.367264124390000006e+02 7.297337106809999341e+01 1.329871473899999899e+02
-5.327424743820000259e-03 1.967949301109999938e-01 -2.515333001439999938e-01 -1.359392081450000092e+02 7.167902963129999705e+01 1.325886979390000135e+02
-8.128622109440000743e-03 1.890836454479999929e-01 -2.540684413900000105e-01 -1.354170350009999879e+02 7.329929340770000579e+01 1.336887624979999885e+02
-1.097638864870000008e-02 1.865650610229999951e-01 -2.520684221269999803e-01 -1.353739426939999930e+02 7.353633881929999916e+01 1.339057156579999912e+02
-8.611161594179999462e-03 1.883736046960000077e-01 -2.448602915439999916e-01 -1.363456158099999982e+02 7.294229083620000154e+01 1.336022357459999910e+02
-3.113187111970000011e-03 1.878838813129999896e-01 -2.484019039539999973e-01 -1.366953024759999948e+02 7.295819088679999709e+01 1.332222019840000087e+02
-3.219935875319999800e-03 1.876693286359999990e-01 -2.512664553239999932e-01 -1.365491553649999901e+02 7.315260882859999469e+01 1.334491786810000065e+02
-5.680348416489999601e-03 1.923956381609999988e-01 -2.460583856490000110e-01 -1.362518032849999940e+02 7.230266260630000374e+01 1.330583152650000045e+02
-2.473814485560000154e-03 1.910402244149999873e-01 -2.475105909810000060e-01 -1.369455934210000123e+02 7.220063521710000032e+01 1.331533108140000081e+02
-3.133798329639999897e-03 1.873732021139999926e-01 -2.537159682399999783e-01 -1.365169932370000083e+02 7.324812579940000035e+01 1.333949630010000078e+02
-7.406447168729999621e-03 1.944268760510000082e-01 -2.435170100769999957e-01 -1.362566265950000002e+02 7.208423649249999698e+01 1.329661644020000040e+02
-2.610646090629999919e-03 1.904881714140000126e-01 -2.501856034680000063e-01 -1.362072305510000092e+02 7.315703506149999669e+01 1.331388484770000105e+02
-1.306479471750000105e-03 1.896331743680000070e-01 -2.461922571719999953e-01 -1.371126266690000080e+02 7.267661267559999771e+01 1.329014484760000130e+02
-5.471881563750000295e-03 1.880842404449999949e-01 -2.511413351640000013e-01 -1.360758372200000110e+02 7.279272284430000184e+01 1.334525023850000025e+02
-6.105713360849999646e-03 1.889135269820000074e-01 -2.472046815329999869e-01 -1.367017870089999860e+02 7.310189509449999434e+01 1.332500488450000091e+02
-8.832992621849999892e-03 1.909715535479999948e-01 -2.476185752610000068e-01 -1.361328472980000015e+02 7.213189055019999785e+01 1.334532949940000037e+02
-4.792915989419999946e-03 1.951070924910000004e-01 -2.436563179729999973e-01 -1.367748462440000026e+02 7.169929449539999666e+01 1.328375089669999909e+02
-1.160847329209999980e-03 1.899180452779999917e-01 -2.502274433560000011e-01 -1.370988915640000130e+02 7.297053756169999872e+01 1.331755355379999912e+02
-1.160431069050000055e-02 1.917424741690000045e-01 -2.563946411990000174e-01 -1.351603413429999989e+02 7.287815100119999556e+01 1.333450595429999908e+02
-5.917211038220000427e-03 1.864269878550000037e-01 -2.477045306379999923e-01 -1.364915456150000068e+02 7.344348258239999439e+01 1.335434624499999927e+02
-4.899937376180000387e-03 1.899068362909999974e-01 -2.509648370470000112e-01 -1.365742902739999920e+02 7.313734332789999826e+01 1.328626095809999867e+02
-3.325625276879999852e-03 1.910561424009999953e-01 -2.454500798039999931e-01 -1.368618380940000065e+02 7.237112777170000300e+01 1.328069669829999953e+02
-5.418835297449999845e-03 1.926293144210000086e-01 -2.470560350169999919e-01 -1.365871998119999944e+02 7.235454626140000300e+01 1.328217094130000078e+02
-2.621486377809999994e-03 1.933387108990000103e-01 -2.497785643190000016e-01 -1.371108368740000003e+02 7.227007352399999718e+01 1.326634094270000048e+02
-7.140878324740000324e-03 1.921744410389999991e-01 -2.490278852910000063e-01 -1.359950886089999926e+02 7.218862199989999340e+01 1.334747799339999972e+02
-5.978632510020000408e-03 1.903456695899999884e-01 -2.521225848299999961e-01 -1.359554536729999938e+02 7.280367181389999587e+01 1.334081001369999910e+02
2.138988308949999785e-03 1.908471639569999934e-01 -2.468242949170000033e-01 -1.376871500620000006e+02 7.251617301529999793e+01 1.328028696060000016e+02
-8.709706465509999690e-03 1.934157944680000019e-01 -2.442326308939999913e-01 -1.360494842679999863e+02 7.165779424020000477e+01 1.333393105570000046e+02
-3.427481391120000120e-03 1.873551714260000001e-01 -2.487905941449999880e-01 -1.365449758590000044e+02 7.330898076260000096e+01 1.333809353849999866e+02
-8.531054492020000851e-03 1.923581193070000028e-01 -2.502242707380000208e-01 -1.360046381429999940e+02 7.242739776390000372e+01 1.330797553470000025e+02
-4.692133825199999719e-03 1.945634028150000083e-01 -2.552886699540000137e-01 -1.358926350650000074e+02 7.280417227120000234e+01 1.325597113880000109e+02
-6.416709383600000330e-03 1.906778149749999984e-01 -2.471618075229999878e-01 -1.365698324150000076e+02 7.237516102380000405e+01 1.330002714770000125e+02
-4.479369274550000328e-03 1.963542264779999935e-01 -2.492196982730000010e-01 -1.359550995650000118e+02 7.197796530700000517e+01 1.327109100860000126e+02
-6.282861096600000396e-03 1.906646233560000125e-01 -2.501318836779999888e-01 -1.361449906800000065e+02 7.245319499670000596e+01 1.330803023800000062e+02
-2.631825482439999805e-03 1.914368673179999980e-01 -2.516310524889999733e-01 -1.360631725469999935e+02 7.287186172500000225e+01 1.331873600080000131e+02
-2.390835064219999986e-03 1.962642542059999939e-01 -2.470183024239999969e-01 -1.368228060129999903e+02 7.184315192930000649e+01 1.328481394570000020e+02
-1.389724405700000021e-03 1.927889277460000106e-01 -2.533405392890000218e-01 -1.368580750929999965e+02 7.253061139730000662e+01 1.327887397869999972e+02
-3.643412313710000204e-03 1.979984608300000004e-01 -2.552933228900000073e-01 -1.361827051139999867e+02 7.232051039879999621e+01 1.324436988489999862e+02
-6.653845791130000298e-03 1.940375005770000050e-01 -2.501695890810000100e-01 -1.363268395160000068e+02 7.248425119869999378e+01 1.332454344209999988e+02
-4.100015544369999855e-03 1.923620776420000011e-01 -2.532539990420000220e-01 -1.359336300950000123e+02 7.304540836040000329e+01 1.327923227480000037e+02
-6.218440474129999576e-03 1.917929274969999986e-01 -2.509940982789999886e-01 -1.360414425829999914e+02 7.255134588980000387e+01 1.333106534750000094e+02
-6.992091314479999958e-03 1.940521785869999960e-01 -2.502039902200000054e-01 -1.361419585110000128e+02 7.244950676819999558e+01 1.330825144640000133e+02
-9.766788600440000009e-03 1.845465511019999949e-01 -2.499507885620000092e-01 -1.357788100619999909e+02 7.373287960940000119e+01 1.339579520579999894e+02
-8.571855836379999732e-03 1.838031290200000112e-01 -2.495070660400000029e-01 -1.356639144289999876e+02 7.355698967710000602e+01 1.338277072539999892e+02
-6.012286459419999805e-03 1.905857842030000138e-01 -2.486474087789999898e-01 -1.361328569350000066e+02 7.281746045810000112e+01 1.332121117799999865e+02
-7.449983357819999624e-03 1.921501713980000026e-01 -2.458474950079999888e-01 -1.365242118840000103e+02 7.203477300779999837e+01 1.329064196319999951e+02
-3.902775804670000157e-03 1.979348419280000104e-01 -2.481109073389999864e-01 -1.365859830850000094e+02 7.175956997180000485e+01 1.327914353049999931e+02
-2.607991834219999978e-03 1.905561528259999970e-01 -2.478359546320000051e-01 -1.367400677280000139e+02 7.242902934699999662e+01 1.332129228930000124e+02
-5.841637105270000400e-03 1.946836765720000029e-01 -2.496400541179999988e-01 -1.357502669460000106e+02 7.211522487560000627e+01 1.328474743470000021e+02
-8.138281168850000635e-03 1.891793986970000119e-01 -2.492819790549999914e-01 -1.357985036809999997e+02 7.298862141569999551e+01 1.337392248710000047e+02
-6.678187549990000083e-03 1.937248409329999921e-01 -2.551063431610000043e-01 -1.354627379970000050e+02 7.293961120119999464e+01 1.329855426610000109e+02
-5.231256117650000086e-03 1.919509060260000122e-01 -2.458638961060000128e-01 -1.363290498670000090e+02 7.213976501000000496e+01 1.328390930449999985e+02
-6.902126739360000054e-03 1.924110983769999894e-01 -2.472606307709999951e-01 -1.358811704590000033e+02 7.208038313749999304e+01 1.330986545579999927e+02
-3.198916541550000155e-03 1.913754882610000096e-01 -2.516791206999999808e-01 -1.366836669870000094e+02 7.286568260110000494e+01 1.328845975449999912e+02
-7.702762010420000083e-03 1.912327744969999910e-01 -2.531884229470000025e-01 -1.354271399700000131e+02 7.243161520190000147e+01 1.330823123540000097e+02
-3.977363646109999956e-03 1.926905580469999990e-01 -2.506364214290000003e-01 -1.364250306509999859e+02 7.255358240530000558e+01 1.331926148430000012e+02
-2.269311882999999926e-03 1.900712352389999915e-01 -2.568711680610000214e-01 -1.363109122490000118e+02 7.349492096059999824e+01 1.329385701889999893e+02
-4.800644078800000124e-03 1.907325969110000019e-01 -2.504653364119999726e-01 -1.365380629089999900e+02 7.236113737230000709e+01 1.329559844739999903e+02
-6.434542276859999462e-04 1.956696448370000008e-01 -2.550683050449999989e-01 -1.363774719079999898e+02 7.262549035470000547e+01 1.323399315810000019e+02
-3.807410914939999853e-03 1.928752875399999955e-01 -2.488820271959999997e-01 -1.359893342009999913e+02 7.228078069000000028e+01 1.329733353860000022e+02
-6.015632035059999966e-03 1.930178342069999997e-01 -2.516412936249999843e-01 -1.361244168800000125e+02 7.210569137349999380e+01 1.332254674419999958e+02
-8.146995963429999599e-03 1.917310974599999995e-01 -2.454849091759999935e-01 -1.363251254790000075e+02 7.217205791390000513e+01 1.336752869860000033e+02
-1.277701727330000057e-02 1.940000945110000041e-01 -2.480229431269999896e-01 -1.352448365239999930e+02 7.217106277989999796e+01 1.334346540580000067e+02
-4.938855245050000065e-03 1.897392552820000022e-01 -2.496936077269999998e-01 -1.361479960689999871e+02 7.228571894339999915e+01 1.330156926800000008e+02
-3.893465868449999881e-03 1.901355607050000118e-01 -2.510849016510000031e-01 -1.364589572429999862e+02 7.270753260579999733e+01 1.327347812810000107e+02
-6.938632445779999852e-03 1.862770178339999971e-01 -2.439742774960000082e-01 -1.364380992760000026e+02 7.292810838539999452e+01 1.338967057309999973e+02
-6.904309074319999774e-03 1.907812533240000052e-01 -2.478406956170000064e-01 -1.360911938090000035e+02 7.267231717849999484e+01 1.330622042040000110e+02
-8.669221869440000422e-03 1.931442317050000024e-01 -2.489463415950000091e-01 -1.358484956009999962e+02 7.219471596079999642e+01 1.331806770329999949e+02
-9.965394410570000555e-03 1.888777321950000088e-01 -2.444685167139999948e-01 -1.359003350060000059e+02 7.262040343690000554e+01 1.334948178120000080e+02
-6.453209647069999694e-03 1.940336865850000037e-01 -2.472804851260000103e-01 -1.361185106819999930e+02 7.195524411399999565e+01 1.333437287920000074e+02
-2.805138483929999794e-03 1.936675209429999933e-01 -2.451017452750000047e-01 -1.370843909550000035e+02 7.222287672240000234e+01 1.330016972969999927e+02
-6.161507982319999743e-03 1.906738530139999999e-01 -2.534881677610000272e-01 -1.360074920200000008e+02 7.323827700920000439e+01 1.331562731159999942e+02
-3.911054185299999916e-03 1.929819946380000040e-01 -2.494449722560000138e-01 -1.367981643509999969e+02 7.231549015310000073e+01 1.331140320000000088e+02
-6.589040475859999843e-03 1.919737561329999953e-01 -2.503659597780000245e-01 -1.362454150300000038e+02 7.267824208790000284e+01 1.326434855690000063e+02
-8.414886197190000333e-03 1.865049081210000126e-01 -2.444422189119999922e-01 -1.362485400289999973e+02 7.270488657910000541e+01 1.335814947080000081e+02
-9.054908056080000420e-03 1.920671117999999955e-01 -2.505154958349999905e-01 -1.356133875699999862e+02 7.260165977530000703e+01 1.331460867929999949e+02
-3.711247152610000141e-03 1.916423215009999959e-01 -2.501101239710000201e-01 -1.361147792630000026e+02 7.246131600479999690e+01 1.332219413450000047e+02
-4.708481459550000088e-03 1.945120129360000116e-01 -2.488827891840000028e-01 -1.361084990809999908e+02 7.234878486499999894e+01 1.326779361940000115e+02
-5.185672639959999601e-03 1.918685168160000065e-01 -2.479190373740000064e-01 -1.364577134790000059e+02 7.266001046899999949e+01 1.330699926659999903e+02
-3.931703249410000399e-03 1.910468877319999870e-01 -2.482634926950000043e-01 -1.368611222659999953e+02 7.241687404459999300e+01 1.329008408690000067e+02
-5.930062655909999758e-03 1.920623351509999910e-01 -2.486252891819999977e-01 -1.365844075699999962e+02 7.255244009000000460e+01 1.329157994530000053e+02
-1.148989358869999906e-03 1.892525823860000123e-01 -2.531021112560000175e-01 -1.366586075289999940e+02 7.332478852059999497e+01 1.331386541820000105e+02
-4.114251959690000404e-03 1.921024819300000130e-01 -2.440904660680000005e-01 -1.369714749130000087e+02 7.209802461350000158e+01 1.329792740469999899e+02
-8.873523609029999523e-03 1.916362076710000084e-01 -2.533830260300000137e-01 -1.356091318949999902e+02 7.277752879579999501e+01 1.333058167289999858e+02
-4.029379558860000411e-03 1.911243775940000000e-01 -2.468877909889999889e-01 -1.364570951949999937e+02 7.254733799340000644e+01 1.330393921810000109e+02
-3.455261378950000122e-03 1.871777281850000030e-01 -2.540149457129999844e-01 -1.365396606269999893e+02 7.349513618129999770e+01 1.331325100619999944e+02
-7.125008025250000390e-03 1.889700007850000085e-01 -2.487338156289999880e-01 -1.362817705369999999e+02 7.322949561020000431e+01 1.336252564449999909e+02
-6.455002524280000105e-03 1.934155115110000045e-01 -2.419637673829999891e-01 -1.365477681469999993e+02 7.182280164360000185e+01 1.332422578009999938e+02
-1.081245323090000016e-02 1.902047481019999986e-01 -2.467168047440000123e-01 -1.357071997900000042e+02 7.259084676370000011e+01 1.337261336980000124e+02
-9.886217741720000618e-03 1.930085056860000037e-01 -2.514626009770000170e-01 -1.352583487329999912e+02 7.251082399470000439e+01 1.335818227130000082e+02
-2.419210996729999948e-03 1.903859420660000135e-01 -2.528711171260000223e-01 -1.364418863500000043e+02 7.256391472459999648e+01 1.329576315049999948e+02
-3.693133027330000161e-03 1.921080881639999904e-01 -2.482712981219999948e-01 -1.366606642000000136e+02 7.229172305890000416e+01 1.331381669140000099e+02
-6.922774805449999694e-03 1.927332166590000062e-01 -2.517106290539999902e-01 -1.357881580389999954e+02 7.275493741610000598e+01 1.333191827569999930e+02
-6.809255567999999634e-03 1.931181694080000011e-01 -2.541977546240000163e-01 -1.356081870110000125e+02 7.229981785910000269e+01 1.330832571239999993e+02
-6.538783085439999962e-03 1.926226716190000132e-01 -2.444059720439999972e-01 -1.365966168630000084e+02 7.177677427220000084e+01 1.330202744199999927e+02
-1.098052499120000074e-02 1.942780922850000092e-01 -2.450405793459999870e-01 -1.356272611120000136e+02 7.190396084389999487e+01 1.335002099650000105e+02
-8.681331713260000138e-03 1.960334602519999969e-01 -2.446313986510000038e-01 -1.359231388679999952e+02 7.146029806389999806e+01 1.328973256730000116e+02
-7.242326326640000089e-03 1.915421185600000020e-01 -2.514963533810000151e-01 -1.361175000080000075e+02 7.258546664189999831e+01 1.334557180459999870e+02
-6.172331166120000219e-03 1.934528583319999884e-01 -2.455225558670000030e-01 -1.362987172980000139e+02 7.175702262139999732e+01 1.331624440349999929e+02
-5.397138055290000118e-03 1.956100560800000110e-01 -2.493115919910000033e-01 -1.362873422490000053e+02 7.208494591810000429e+01 1.329390333300000009e+02
-4.601620869890000153e-03 1.950312060590000118e-01 -2.506156659650000118e-01 -1.364136474590000034e+02 7.203484744979999732e+01 1.330267241360000128e+02
-7.407804359439999937e-03 1.901612184350000012e-01 -2.501229893179999775e-01 -1.363294906280000021e+02 7.268550528950000000e+01 1.332880670270000110e+02
-4.058233901040000056e-03 1.873798894779999946e-01 -2.516146503939999945e-01 -1.363073280099999920e+02 7.319335365230000434e+01 1.332742814689999875e+02
-6.680911984920000039e-03 1.928930238569999955e-01 -2.470970038889999942e-01 -1.366267311160000020e+02 7.216023746269999606e+01 1.331326547079999898e+02
-7.678705861309999964e-03 1.909789553200000045e-01 -2.526895609570000145e-01 -1.359906425190000050e+02 7.275562073080000403e+01 1.332901560740000093e+02
-8.944010593189999792e-04 1.932417220529999979e-01 -2.504711412980000218e-01 -1.367476495290000003e+02 7.218088038439999821e+01 1.324871197109999912e+02
-5.956393959849999760e-03 1.882768327909999928e-01 -2.441791130590000025e-01 -1.367436859530000106e+02 7.244039824840000108e+01 1.336816250610000054e+02
-4.386438880389999934e-03 1.922536264220000013e-01 -2.465107757399999933e-01 -1.361457597099999930e+02 7.235000806809999574e+01 1.332335641900000098e+02
-9.547066513210000424e-03 1.900391544299999957e-01 -2.512543456399999875e-01 -1.358730131229999927e+02 7.316521593640000276e+01 1.333750189239999884e+02
-4.701579623029999988e-03 1.956835380030000071e-01 -2.500338017700000082e-01 -1.360866841689999944e+02 7.211076964720000149e+01 1.329195266410000045e+02
-6.404879016750000299e-03 1.903473230620000012e-01 -2.493886715280000110e-01 -1.363168051359999993e+02 7.270556270119999454e+01 1.331775509480000039e+02
-6.794100486440000225e-03 1.883973505350000077e-01 -2.475968004230000019e-01 -1.365257955909999907e+02 7.291865545020000638e+01 1.335371094610000000e+02
2.304107025070000121e-04 1.898601258959999871e-01 -2.538270392929999897e-01 -1.366655661160000079e+02 7.295612910209999313e+01 1.326803804440000079e+02
-7.525657225840000179e-03 1.917186423039999865e-01 -2.502477415959999951e-01 -1.359690847340000062e+02 7.213345032670000023e+01 1.331985041400000114e+02
-2.131689453940000152e-03 1.926947529770000056e-01 -2.472540734289999931e-01 -1.373451449149999917e+02 7.223360307800000157e+01 1.327645186530000103e+02
-4.180672736420000361e-03 1.904018335409999874e-01 -2.524449640129999839e-01 -1.359411986130000116e+02 7.287005474720000109e+01 1.333620927590000065e+02
-7.552845507740000089e-03 1.926172512980000029e-01 -2.465847068239999940e-01 -1.362089535739999917e+02 7.241577684489999456e+01 1.330564860290000126e+02
-1.143642377290000033e-02 1.946282443239999993e-01 -2.462667094669999945e-01 -1.354671068430000105e+02 7.168786748830000022e+01 1.333416076329999953e+02
-7.994283359409999623e-03 1.913032818550000069e-01 -2.459129157599999893e-01 -1.364203735529999904e+02 7.235271090659999516e+01 1.331327180119999980e+02
-2.067585157399999974e-03 1.961901189399999912e-01 -2.525209638579999916e-01 -1.363840253740000037e+02 7.207560251930000561e+01 1.323852737390000129e+02
-1.493288214939999994e-03 1.928648696070000002e-01 -2.554767971510000235e-01 -1.366213170510000054e+02 7.307953796869999508e+01 1.328268790250000109e+02
-4.975834029950000105e-03 1.907849559070000089e-01 -2.517772294799999755e-01 -1.362716300639999929e+02 7.335021967299999801e+01 1.334649556610000047e+02
-7.846449650210000556e-03 1.871723804890000065e-01 -2.492640482669999935e-01 -1.360063440220000075e+02 7.277291216310000266e+01 1.336676977639999961e+02
-9.995935951909999673e-03 1.882881207830000014e-01 -2.504142200869999835e-01 -1.355318126230000075e+02 7.299856486340000572e+01 1.335462191960000098e+02
-7.608802551380000265e-03 1.906626099440000000e-01 -2.487900413620000029e-01 -1.363082279390000053e+02 7.260798709220000546e+01 1.333624011439999890e+02
-3.804566277410000030e-03 1.917431992059999979e-01 -2.447909093420000126e-01 -1.365384809710000127e+02 7.208871773750000500e+01 1.330122218260000011e+02
-1.469185051199999991e-03 1.912788585090000049e-01 -2.430374828230000006e-01 -1.375580228599999941e+02 7.232701933280000617e+01 1.329460203829999898e+02
-9.005228492519999281e-03 1.900287249519999888e-01 -2.499668154789999874e-01 -1.354215589750000106e+02 7.237412882510000145e+01 1.334669866080000133e+02
-7.988571993830000800e-03 1.899691163070000022e-01 -2.528584236140000163e-01 -1.359980404529999873e+02 7.294766538349999507e+01 1.331748028259999899e+02
-1.305172039459999954e-02 1.924223194040000084e-01 -2.482567052920000017e-01 -1.352627754170000003e+02 7.257551501620000067e+01 1.335073668199999872e+02
-6.958294900360000382e-03 1.925052374940000033e-01 -2.429910337429999900e-01 -1.365299817640000128e+02 7.183003011019999917e+01 1.333348051300000066e+02
-1.336527394419999987e-02 1.909542554689999949e-01 -2.548362168869999778e-01 -1.349337170089999915e+02 7.290268958219999718e+01 1.336060330390000104e+02
-5.301302578849999975e-03 1.939949332460000064e-01 -2.447567379839999946e-01 -1.368217370799999912e+02 7.206424637429999791e+01 1.331796133130000044e+02
-9.796344480699999135e-03 1.917734753750000021e-01 -2.461130865439999926e-01 -1.359830540719999874e+02 7.224861299020000160e+01 1.335998540230000060e+02
-3.077585747060000102e-03 1.892817627099999955e-01 -2.471056644129999980e-01 -1.367300021030000039e+02 7.252986339950000172e+01 1.332104519480000135e+02
-2.733294265219999870e-03 1.911703411679999964e-01 -2.512844994499999762e-01 -1.361855714090000049e+02 7.302942473720000294e+01 1.329653330079999876e+02
-6.233091202350000103e-03 1.936113443080000052e-01 -2.511514877039999760e-01 -1.363815544690000081e+02 7.234377910409999402e+01 1.327637214210000138e+02
-4.652054278009999655e-03 1.912563727319999962e-01 -2.491540614420000022e-01 -1.361986345230000097e+02 7.242623817480000525e+01 1.330565242119999994e+02
-5.168633418269999967e-03 1.911062101580000006e-01 -2.465426429379999895e-01 -1.366788702450000130e+02 7.247576885510000011e+01 1.329015368759999944e+02
-4.430475728830000383e-03 1.935555901359999886e-01 -2.483419299419999948e-01 -1.365194779599999890e+02 7.228476686770000015e+01 1.328048807890000091e+02
-1.792738358680000081e-03 1.882877041419999953e-01 -2.453268231379999997e-01 -1.372528395820000071e+02 7.289904885919999344e+01 1.330662731459999861e+02
-2.423965624249999930e-03 1.917002990670000073e-01 -2.476407870279999923e-01 -1.367299996110000109e+02 7.225325877240000239e+01 1.329166017219999958e+02
-5.630608581819999785e-03 1.958633070859999992e-01 -2.474979006549999916e-01 -1.360814787680000109e+02 7.179958160500000020e+01 1.328954529830000126e+02
-3.825318062029999921e-03 1.913788165460000024e-01 -2.501100102470000253e-01 -1.363834519689999922e+02 7.311290347390000477e+01 1.329308699039999908e+02
-7.829049353779999471e-03 1.924841255610000024e-01 -2.483446914150000129e-01 -1.364628784820000078e+02 7.227244999869999731e+01 1.331101039780000121e+02
-7.768638399149999964e-03 1.927397544070000024e-01 -2.558652883499999975e-01 -1.355433508060000065e+02 7.263613904070000160e+01 1.333196469670000113e+02
-1.036572677169999949e-02 1.913498461710000098e-01 -2.518871408810000045e-01 -1.357509239809999997e+02 7.252741067780000606e+01 1.334288956800000108e+02
-6.585412666419999603e-03 1.909551125720000131e-01 -2.478516447609999951e-01 -1.360603916670000046e+02 7.256204690890000109e+01 1.332310530960000108e+02
-2.551744028829999907e-03 1.945808878589999902e-01 -2.503731670350000105e-01 -1.365926989079999885e+02 7.238433609850000039e+01 1.329098895889999881e+02
-6.454948671929999771e-03 1.945503139030000106e-01 -2.493762780269999924e-01 -1.359509930670000131e+02 7.264748475220000046e+01 1.330605432399999870e+02
-5.876557009760000234e-03 1.931078470229999899e-01 -2.479166124759999978e-01 -1.364079891080000095e+02 7.258706856080000591e+01 1.330569108610000058e+02
-3.554393371099999997e-03 1.891841295239999887e-01 -2.491983558270000065e-01 -1.365162511940000059e+02 7.269769804339999553e+01 1.332223354779999909e+02
-1.526558451589999895e-03 1.896777064759999909e-01 -2.495931599379999921e-01 -1.372156506160000049e+02 7.284805653179999752e+01 1.330925944130000005e+02
-2.829592375229999981e-03 1.929287440770000028e-01 -2.567744194639999811e-01 -1.362503995270000132e+02 7.288624473999999509e+01 1.326198403770000027e+02
-5.402681837410000174e-03 1.849685279119999970e-01 -2.474966592389999942e-01 -1.365435303099999942e+02 7.364880773429999294e+01 1.336135216090000029e+02
-3.553856606290000178e-03 1.960739945870000056e-01 -2.525855600470000017e-01 -1.363484146570000064e+02 7.241163632289999441e+01 1.325182821260000026e+02
-3.946039524530000307e-03 1.899596998620000088e-01 -2.496974529659999886e-01 -1.368008621989999938e+02 7.326507838000000561e+01 1.334177333069999918e+02
-9.157161049549999987e-03 1.891943900539999890e-01 -2.538192183010000158e-01 -1.356923138090000123e+02 7.308454734020000387e+01 1.332234808700000031e+02
-6.620438315339999963e-03 1.904350484560000112e-01 -2.488269368599999865e-01 -1.364886138139999900e+02 7.237084521670000470e+01 1.334049376160000122e+02
-3.596928418739999810e-03 1.891023907630000056e-01 -2.504516425769999777e-01 -1.365886849519999942e+02 7.266764233339999635e+01 1.327723792909999929e+02
-8.786634589850000204e-03 1.887273226110000035e-01 -2.472864116830000014e-01 -1.358881898010000100e+02 7.284665116600000090e+01 1.336843270010000140e+02
-6.098770678329999695e-03 1.863379384459999955e-01 -2.408687761639999869e-01 -1.367423410549999971e+02 7.284649577989999614e+01 1.334922685600000136e+02
-8.922003613480000705e-03 1.892711496460000031e-01 -2.457038552119999997e-01 -1.361860858340000107e+02 7.233774870290000081e+01 1.333339370820000056e+02
-9.541643831380000260e-03 1.907842729080000133e-01 -2.529905320649999956e-01 -1.353139481730000000e+02 7.295615163120000091e+01 1.333243358150000120e+02
-5.084578590309999854e-03 1.934635216339999908e-01 -2.470749078020000045e-01 -1.362995440189999954e+02 7.244865941700000178e+01 1.327700046550000081e+02
-3.621674054909999798e-03 1.951942512600000068e-01 -2.526257868430000220e-01 -1.365317733839999903e+02 7.243312194450000163e+01 1.327570302279999908e+02
-5.436832901449999665e-03 1.931594304450000021e-01 -2.524219505670000085e-01 -1.361405735339999978e+02 7.294035405069999456e+01 1.331836221750000107e+02
-8.441812700200000338e-03 1.926891383179999973e-01 -2.544876821909999864e-01 -1.356834323189999907e+02 7.283064380109999547e+01 1.333816901190000124e+02
-6.684364662400000233e-03 1.923893181709999955e-01 -2.502114446690000271e-01 -1.361907262699999990e+02 7.254232647889999441e+01 1.332954030159999945e+02
-5.900107117120000251e-03 1.947442282010000136e-01 -2.522453297610000034e-01 -1.364274739249999868e+02 7.255405978640000342e+01 1.329487057960000129e+02
-7.794089565539999952e-03 1.864502117319999930e-01 -2.478217421639999918e-01 -1.358593425450000041e+02 7.339767565299999319e+01 1.338463247400000000e+02
-7.367692204559999920e-04 1.860062333149999914e-01 -2.502659401869999911e-01 -1.368633728449999865e+02 7.371794197379999503e+01 1.331055441240000050e+02
-3.966048347670000224e-03 1.938998951779999924e-01 -2.450210155520000099e-01 -1.369160364839999886e+02 7.197517176019999852e+01 1.325793087300000082e+02
-5.996782354480000021e-03 1.930003455769999932e-01 -2.470471800890000069e-01 -1.366086830940000141e+02 7.219635883979999846e+01 1.333790273289999959e+02
-6.915279215380000163e-03 1.930306916260000061e-01 -2.528085756149999752e-01 -1.361544519059999914e+02 7.229512020740000366e+01 1.333304049809999867e+02
-4.355710570839999886e-03 1.884018514159999935e-01 -2.451207250559999939e-01 -1.368211931749999906e+02 7.274086849479999728e+01 1.334530763779999916e+02
-9.868740402080000348e-03 1.922103201719999876e-01 -2.469989957310000095e-01 -1.362695503140000142e+02 7.239164713399999584e+01 1.332458102660000065e+02
-3.450252831739999797e-03 1.913488277569999896e-01 -2.488630643070000037e-01 -1.359945119840000132e+02 7.281247983999999462e+01 1.330773590510000020e+02
-5.446422106200000425e-03 1.916674596850000134e-01 -2.511119030739999980e-01 -1.366046006580000096e+02 7.277399201670000650e+01 1.332800666999999919e+02
-3.218294093449999924e-03 1.918971026809999925e-01 -2.469629632739999969e-01 -1.366523718690000067e+02 7.255475303260000430e+01 1.327843204899999989e+02
-8.639915477559999973e-03 1.929080311889999899e-01 -2.439361595700000052e-01 -1.361771081070000093e+02 7.200463801799999430e+01 1.330697388730000057e+02
-6.355076206890000225e-03 1.962197145169999879e-01 -2.475533084169999898e-01 -1.361507112820000032e+02 7.200127068790000351e+01 1.330631439180000086e+02
-2.507991253239999930e-03 1.899286131260000121e-01 -2.479862668839999951e-01 -1.369060249949999957e+02 7.243206824470000527e+01 1.332145036389999859e+02
-9.360250688889999379e-03 1.909278937120000019e-01 -2.524107211469999723e-01 -1.359772866790000023e+02 7.254579931540000359e+01 1.333639385529999970e+02
-4.047944445059999639e-03 1.930832708480000048e-01 -2.471618075670000136e-01 -1.366227863139999954e+02 7.232434980409999525e+01 1.325228613719999942e+02
-2.557366877440000151e-03 1.867136103229999899e-01 -2.541432866139999858e-01 -1.365207575080000026e+02 7.350514590880000299e+01 1.329947155700000110e+02
-6.658861835949999620e-03 1.903488675420000054e-01 -2.422642957330000124e-01 -1.364700745380000058e+02 7.211577917990000230e+01 1.334785076759999924e+02
-3.861535272480000076e-03 1.932023848290000123e-01 -2.467416861510000059e-01 -1.363152730829999939e+02 7.228933523140000261e+01 1.330956773100000134e+02
-4.401830795990000281e-03 1.959617484089999917e-01 -2.477974329840000045e-01 -1.363222586439999873e+02 7.185047263629999748e+01 1.328730095800000015e+02
-5.755550562719999839e-03 1.922617594480000025e-01 -2.476635769589999869e-01 -1.362826312930000086e+02 7.297428288179999356e+01 1.333815124809999872e+02
-9.746173565130000424e-03 1.931860960919999926e-01 -2.482997047140000080e-01 -1.357599087309999959e+02 7.211687685280000437e+01 1.332511641019999900e+02
-7.587617319139999643e-03 1.919631854159999929e-01 -2.473737949179999895e-01 -1.362823004489999903e+02 7.242616419840000219e+01 1.331972542839999960e+02
-2.372106865849999899e-03 1.904540771700000135e-01 -2.564467483389999969e-01 -1.360638757689999920e+02 7.295039113049999457e+01 1.329319856070000014e+02
-6.894433366309999853e-03 1.919938368419999986e-01 -2.484069514560000025e-01 -1.359039586540000073e+02 7.240618399439999564e+01 1.331321304809999901e+02
-9.567037653369999187e-03 1.932542468279999925e-01 -2.490785330899999983e-01 -1.358437769550000098e+02 7.248687099980000426e+01 1.330618725239999947e+02
-5.756658331359999770e-03 1.837712025730000032e-01 -2.503925816500000012e-01 -1.362036572069999920e+02 7.372890776859999562e+01 1.338277349839999886e+02
-1.022294062099999949e-02 1.923168877379999864e-01 -2.507713524799999871e-01 -1.353169675380000001e+02 7.222412987309999721e+01 1.332925380720000135e+02
-3.113388554990000057e-03 1.904126272359999983e-01 -2.478054698499999875e-01 -1.370816636929999959e+02 7.245398033040000030e+01 1.329924059250000141e+02
-8.288058777140000846e-03 1.922039967249999926e-01 -2.491336860589999924e-01 -1.361209801619999951e+02 7.292180185419999816e+01 1.333936826769999868e+02
-5.034108317950000341e-03 1.900199377200000039e-01 -2.503474835089999906e-01 -1.366520560749999902e+02 7.248259879699999431e+01 1.332676798070000075e+02
