6.491035637049999973e-01 -2.826241002089999871e-02 2.086911673540000067e-01 -2.191929484740000045e-01 -1.369031819319999954e+02 6.780256404879999366e+01 1.403884698200000116e+02
1.084863933979999945e-01 -3.168943739530000192e-02 2.088164611660000003e-01 -2.238927989810000074e-01 -1.358340702000000135e+02 6.788478816469999799e+01 1.406715926120000120e+02
1.007333792790000015e-01 -2.943336609279999933e-02 1.999032443210000121e-01 -2.176545852369999867e-01 -1.368047763780000139e+02 6.900344365979999850e+01 1.412516878410000061e+02
1.339510978869999924e-01 -2.683184823500000052e-02 2.074664323390000009e-01 -2.183545085680000108e-01 -1.370852682089999917e+02 6.813895034499999781e+01 1.402787551000000121e+02
2.575263691499999896e-01 -3.534136176460000306e-02 2.069583284150000035e-01 -2.192686959679999992e-01 -1.359191813859999911e+02 6.846411156169999401e+01 1.406819404469999881e+02
1.063949752240000018e-01 -3.152893790950000302e-02 2.022937397790000036e-01 -2.169014577499999985e-01 -1.363214917889999924e+02 6.859454580669999757e+01 1.411293882539999913e+02
2.782829323170000202e-01 -3.475983986439999673e-02 2.049777839309999961e-01 -2.201514692579999988e-01 -1.355946509359999936e+02 6.799836095509999723e+01 1.410506151989999921e+02
1.463534300160000134e-01 -3.153760162730000205e-02 2.080770190440000000e-01 -2.224419909110000038e-01 -1.363280806740000060e+02 6.824564549900000543e+01 1.409618728959999885e+02
1.110914043640000015e-01 -3.077671689780000011e-02 2.085347497570000097e-01 -2.226512880779999981e-01 -1.359813074920000133e+02 6.851353399490000129e+01 1.405953983969999967e+02
1.869746700490000080e-01 -3.658130803939999703e-02 2.018862334700000094e-01 -2.249508435539999962e-01 -1.349523176250000063e+02 6.904736698739999667e+01 1.414898678019999920e+02
1.032876815669999948e-01 -3.470617001469999963e-02 2.054084492330000011e-01 -2.225006398580000044e-01 -1.359413365149999890e+02 6.825598482239999498e+01 1.410354420310000023e+02
2.156451952729999955e-01 -3.240620723910000306e-02 2.046117114719999963e-01 -2.225515091539999879e-01 -1.354833921299999986e+02 6.867658544750000260e+01 1.412009837960000027e+02
1.339033760480000113e-01 -2.914200405829999938e-02 2.069892200050000020e-01 -2.196888754959999968e-01 -1.368138170549999870e+02 6.803942867109999781e+01 1.404031418810000105e+02
1.176073141450000026e-01 -2.972844525459999998e-02 2.073142324339999898e-01 -2.210288032730000074e-01 -1.366971784929999956e+02 6.827478852190000680e+01 1.402482310770000140e+02
2.792876471560000184e-01 -3.729304536400000064e-02 2.025850161509999969e-01 -2.204801417900000005e-01 -1.351109680509999862e+02 6.837858188750000465e+01 1.414609793559999957e+02
1.256865554190000067e-01 -3.257705361680000161e-02 2.071622797340000044e-01 -2.161512276070000071e-01 -1.364107955880000134e+02 6.782788228409999931e+01 1.410525338829999953e+02
1.043065514229999935e-01 -3.227676089099999757e-02 2.054216194479999980e-01 -2.199304768080000139e-01 -1.360627065820000041e+02 6.854470947869999975e+01 1.411964845200000127e+02
1.831032371990000129e-01 -3.448350793700000194e-02 2.097140391329999909e-01 -2.220677099210000005e-01 -1.355026157050000108e+02 6.807280888069999492e+01 1.403607756529999904e+02
4.452116854589999728e-01 -2.940816543800000085e-02 2.045161840699999956e-01 -2.259852577220000103e-01 -1.362338620289999938e+02 6.908803371339999444e+01 1.412707000460000017e+02
1.734199093899999877e-01 -3.808113660040000209e-02 2.037184705029999876e-01 -2.239247522599999984e-01 -1.348572279420000086e+02 6.865028891910000652e+01 1.414731039879999912e+02
1.142520197779999941e-01 -3.813483687369999958e-02 2.050044343250000123e-01 -2.243688849350000125e-01 -1.349684884330000045e+02 6.888158922700000630e+01 1.413867274010000017e+02
3.683635944499999981e-01 -3.681416597369999849e-02 2.034385443060000020e-01 -2.225676393780000040e-01 -1.350541963660000135e+02 6.890508466190000547e+01 1.416055041669999923e+02
4.753340008570000053e-01 -3.070183198079999912e-02 2.058551521249999960e-01 -2.168799127080000000e-01 -1.364274411499999928e+02 6.792606775870000035e+01 1.409981150899999989e+02
4.881242136569999834e-01 -3.509901979720000259e-02 2.087560204460000013e-01 -2.203810998590000070e-01 -1.356384563290000074e+02 6.804504575139999645e+01 1.408426153050000096e+02
1.238277435320000036e-01 -3.826979028000000033e-02 2.049367176359999931e-01 -2.166783074410000010e-01 -1.356119189609999864e+02 6.825705216330000269e+01 1.413379345060000105e+02
1.183623920689999970e-01 -3.432188371380000269e-02 1.998052054549999956e-01 -2.254627846739999941e-01 -1.355675245090000089e+02 6.980427392229999839e+01 1.414224736369999960e+02
2.127989022050000012e-01 -3.569802524000000032e-02 2.043135864779999922e-01 -2.206715635089999961e-01 -1.354379421820000005e+02 6.813260797789999401e+01 1.412166424579999955e+02
1.706432868470000030e-01 -3.242574612190000233e-02 2.019855646220000134e-01 -2.175881633800000048e-01 -1.363008909300000084e+02 6.874243589259999965e+01 1.412088265920000083e+02
1.665834142050000022e-01 -3.408943391929999955e-02 2.125609341520000029e-01 -2.236674272749999970e-01 -1.355833459760000039e+02 6.788247315620000677e+01 1.405317122849999976e+02
1.359421931439999953e-01 -3.044792193750000056e-02 2.065211838379999998e-01 -2.256042989070000115e-01 -1.364391047100000094e+02 6.876560176869999452e+01 1.406855649629999903e+02
4.123223713499999943e-01 -3.177676155030000060e-02 2.060194383939999985e-01 -2.233077589699999921e-01 -1.356342114729999935e+02 6.842280808389999436e+01 1.413001217119999922e+02
3.794303082470000255e-01 -2.870208606210000041e-02 2.050899045239999996e-01 -2.229510633029999911e-01 -1.366177391040000089e+02 6.885306887100000495e+01 1.405982471309999937e+02
1.060130848899999978e-01 -3.331232163989999995e-02 2.102228338480000014e-01 -2.178179152370000038e-01 -1.360361371930000018e+02 6.721146360170000378e+01 1.405951649939999868e+02
1.838807487540000118e-01 -3.103560792089999840e-02 2.037747319019999892e-01 -2.189569006150000052e-01 -1.364580910459999927e+02 6.841366296399999669e+01 1.410688001229999884e+02
2.162753054850000134e-01 -3.326397022639999979e-02 2.097616620830000111e-01 -2.231316640859999922e-01 -1.354929751280000119e+02 6.803513994280000077e+01 1.409380461160000095e+02
1.438126119500000022e-01 -3.549225156579999957e-02 2.044782721520000124e-01 -2.202793466980000059e-01 -1.353983287670000095e+02 6.850678970399999912e+01 1.410541887159999987e+02
4.250829828820000267e-01 -3.572862461989999988e-02 2.079253409980000022e-01 -2.200626073370000046e-01 -1.355179003769999895e+02 6.828002650829999709e+01 1.415020962399999860e+02
1.331982441500000058e-01 -3.310210581300000038e-02 2.057710000559999919e-01 -2.233003466410000137e-01 -1.351143276999999898e+02 6.855634926310000310e+01 1.412845528089999902e+02
5.206958361269999891e-01 -2.918200567829999995e-02 2.077170158589999871e-01 -2.243021512689999941e-01 -1.365912590620000060e+02 6.815681034630000568e+01 1.407065147669999874e+02
7.639065634399999638e-01 -3.213407036160000063e-02 2.066679802449999936e-01 -2.204484435209999871e-01 -1.361186753050000107e+02 6.808223245770000176e+01 1.407128011389999926e+02
2.661083129049999774e-01 -3.139942976289999965e-02 2.017695195810000064e-01 -2.188716656730000099e-01 -1.364056361990000141e+02 6.881819076620000430e+01 1.411765819649999969e+02
1.527258702610000130e-01 -3.688144235319999742e-02 2.058925360349999900e-01 -2.154642403129999884e-01 -1.358510083820000034e+02 6.822702352129999781e+01 1.413067355620000001e+02
1.025717792029999936e-01 -3.270172931160000157e-02 2.072296319760000005e-01 -2.185631668959999996e-01 -1.363462209669999936e+02 6.781142777430000024e+01 1.410981536390000031e+02
3.063094668479999783e-01 -3.555421109169999705e-02 2.053982198650000091e-01 -2.247924549360000024e-01 -1.354384194010000044e+02 6.911423489839999945e+01 1.414640944719999993e+02
1.573785874330000112e-01 -3.739052922410000118e-02 2.054868845670000110e-01 -2.174352087579999870e-01 -1.351050711030000002e+02 6.818847628029999441e+01 1.412409400390000087e+02
2.637099121820000169e-01 -3.304311512670000256e-02 2.031142408770000019e-01 -2.187398448639999993e-01 -1.359805003090000071e+02 6.805519329279999852e+01 1.413262358489999997e+02
1.614659094919999871e-01 -3.503407552289999893e-02 2.062642659570000092e-01 -2.262491074469999974e-01 -1.350226733590000094e+02 6.872596825840000179e+01 1.411912105730000064e+02
1.178822438610000051e-01 -3.221644183459999866e-02 2.060445679189999990e-01 -2.157246738799999952e-01 -1.360670326329999966e+02 6.775541898950000075e+01 1.408112052449999965e+02
1.825753779440000002e-01 -3.481441871060000220e-02 2.063945374510000041e-01 -2.207413596310000004e-01 -1.360922133919999908e+02 6.810605930510000405e+01 1.411671649429999889e+02
1.407096980879999903e-01 -2.946306722889999868e-02 2.075606443470000007e-01 -2.170962392730000079e-01 -1.366845974919999946e+02 6.786590330299999607e+01 1.403020258909999995e+02
1.194403888070000030e-01 -3.241059229300000122e-02 2.036592038720000108e-01 -2.234014503300000010e-01 -1.356195578010000133e+02 6.852587743499999817e+01 1.414047309770000140e+02
2.647561291030000041e-01 -3.519053506500000039e-02 2.082044518820000134e-01 -2.232193944779999883e-01 -1.354866711509999959e+02 6.873123837910000589e+01 1.410238186580000104e+02
2.164266071239999978e-01 -3.368818050820000104e-02 2.074101846259999993e-01 -2.240485790160000046e-01 -1.355559869719999995e+02 6.849272628839999300e+01 1.411810221320000096e+02
1.035383180039999990e-01 -4.295999511810000282e-02 2.068686255770000038e-01 -2.191684452750000123e-01 -1.343317133989999945e+02 6.818943355490000613e+01 1.415667102410000098e+02
2.950913822160000088e-01 -2.934254579540000046e-02 2.067832182350000103e-01 -2.233746218519999938e-01 -1.360941568609999877e+02 6.823967578299999559e+01 1.407833347119999985e+02
1.242977316320000025e-01 -3.882273917250000234e-02 2.096099308409999917e-01 -2.283005833429999909e-01 -1.345290087360000086e+02 6.830114251850000073e+01 1.409148929499999952e+02
1.927194778309999912e-01 -3.118268817869999932e-02 2.046885003389999902e-01 -2.242184317579999919e-01 -1.362632362340000043e+02 6.901470995969999933e+01 1.410015643300000079e+02
2.752672544929999798e+00 -3.413869865559999994e-02 2.063152473329999959e-01 -2.279367643340000082e-01 -1.355036803209999903e+02 6.907265657009999416e+01 1.411457102949999864e+02
2.140389799119999936e-01 -3.477567338419999821e-02 2.033808006429999871e-01 -2.204882432880000132e-01 -1.362035433759999989e+02 6.864485260620000417e+01 1.411062271460000090e+02
1.759467342749999885e-01 -3.416923604429999983e-02 2.052895828009999868e-01 -2.184142193030000068e-01 -1.360841370130000030e+02 6.798805641529999377e+01 1.409091985809999983e+02
1.914899753000000038e-01 -3.133717327240000128e-02 2.048250480290000064e-01 -2.190859634969999914e-01 -1.366129164310000021e+02 6.810848556700000245e+01 1.410286528679999947e+02
1.151072404349999939e-01 -3.047461075279999862e-02 2.020131914330000056e-01 -2.269708415870000107e-01 -1.359572251970000138e+02 6.976504506320000587e+01 1.411009865519999948e+02
1.618968642230000088e-01 -3.438369516760000216e-02 2.070150592099999909e-01 -2.272261286510000033e-01 -1.351476680549999969e+02 6.887328836230000206e+01 1.410379162069999950e+02
1.207370401289999950e-01 -3.499104917319999924e-02 2.088381360500000117e-01 -2.237367877230000135e-01 -1.355811059840000041e+02 6.804662632219999807e+01 1.408159910610000054e+02
1.028833365390000032e-01 -3.537643514350000129e-02 2.015691634529999943e-01 -2.255264129710000121e-01 -1.354340238270000043e+02 6.974372920259999376e+01 1.416287361699999963e+02
2.132947084010000105e-01 -2.925010252080000039e-02 2.037594534150000136e-01 -2.264882020489999981e-01 -1.362570995009999990e+02 6.942194391280000332e+01 1.409130043780000108e+02
8.219454727999999655e-01 -3.415249693470000236e-02 2.005506756429999982e-01 -2.268018516210000002e-01 -1.355113659399999904e+02 6.968745720629999596e+01 1.415937266470000111e+02
1.665231437739999876e-01 -3.379529787309999700e-02 2.057723829230000134e-01 -2.125216704429999937e-01 -1.364882224319999864e+02 6.741512447050000389e+01 1.409451419620000081e+02
1.260870110969999902e-01 -3.758661666629999759e-02 2.028412297409999954e-01 -2.145135943110000054e-01 -1.353621474169999885e+02 6.805670170339999459e+01 1.416451034479999862e+02
1.050895589120000029e-01 -3.866291333340000219e-02 2.044642171240000084e-01 -2.162490579830000093e-01 -1.352195361029999958e+02 6.789055564529999742e+01 1.413226877870000067e+02
4.180736072440000006e-01 -3.900655679259999731e-02 2.065264025920000024e-01 -2.230767628429999871e-01 -1.351591126790000033e+02 6.859983350070000085e+01 1.412197564129999989e+02
4.114928074509999756e-01 -3.189298735079999780e-02 2.042343913770000019e-01 -2.242117650600000123e-01 -1.361777083100000141e+02 6.883885690770000565e+01 1.413424207529999990e+02
1.523666073870000026e-01 -3.416604549070000052e-02 2.057022909189999971e-01 -2.207993839110000134e-01 -1.359924199170000065e+02 6.795106021310000699e+01 1.411992657790000010e+02
3.395379552719999805e-01 -3.536807008600000024e-02 2.065939344290000090e-01 -2.222654966279999922e-01 -1.354998769560000085e+02 6.829886233439999899e+01 1.410566079460000140e+02
2.171453178989999899e-01 -3.539309841160000192e-02 2.059684275229999861e-01 -2.139102190169999973e-01 -1.359248295740000003e+02 6.788939253949999397e+01 1.414165782729999989e+02
3.591813251159999831e-01 -3.081915011140000035e-02 2.114531088959999972e-01 -2.177731767930000117e-01 -1.362754894580000098e+02 6.741731735080000476e+01 1.403542330669999956e+02
1.883025505819999890e-01 -3.446268668619999892e-02 2.049871681579999994e-01 -2.196868108199999947e-01 -1.361430584690000103e+02 6.870820718529999738e+01 1.412242927869999960e+02
2.645670734969999827e-01 -3.369469307350000248e-02 2.051318518970000060e-01 -2.211953286849999978e-01 -1.355417976310000086e+02 6.825891072289999784e+01 1.410702332609999985e+02
2.862011318250000103e-01 -3.531989750339999817e-02 2.021197912419999965e-01 -2.199254981719999946e-01 -1.356370109739999918e+02 6.904366862599999877e+01 1.413401205369999900e+02
1.439772778700000033e-01 -3.254625877049999866e-02 2.067499421110000069e-01 -2.185849284120000013e-01 -1.360668811170000083e+02 6.872762312230000248e+01 1.409971208219999994e+02
2.946654935219999993e-01 -3.181940706840000188e-02 2.057161793130000138e-01 -2.226394206339999959e-01 -1.358092466660000071e+02 6.837076055340000380e+01 1.404878359880000005e+02
1.688815765470000008e+00 -3.717972470050000255e-02 2.060812645150000011e-01 -2.176230518920000134e-01 -1.355573730719999901e+02 6.787514039299999524e+01 1.413620856420000109e+02
2.381800657139999944e-01 -3.764150317920000183e-02 2.039881900739999865e-01 -2.217130529430000052e-01 -1.349649635920000037e+02 6.863084242060000406e+01 1.413331698160000087e+02
1.547778539770000017e-01 -3.634079566509999804e-02 2.051469857609999892e-01 -2.166303338649999966e-01 -1.361012487410000062e+02 6.802246927420000588e+01 1.411233367510000107e+02
1.964444768220000026e-01 -3.283919061849999849e-02 2.042226830649999936e-01 -2.177863511620000136e-01 -1.362189955439999949e+02 6.831075234399999374e+01 1.413578145980000045e+02
1.278132650069999932e-01 -2.770224557890000119e-02 2.062793803009999871e-01 -2.239055968660000062e-01 -1.365349767310000004e+02 6.901679897430000210e+01 1.406869898930000033e+02
1.052588788780000062e-01 -3.913306126280000075e-02 2.050818568760000016e-01 -2.220204165770000015e-01 -1.347429184400000111e+02 6.871358090859999379e+01 1.414709801749999940e+02
8.826678426359999552e-01 -3.491971748360000322e-02 2.111961996439999933e-01 -2.278822602760000038e-01 -1.349411998969999900e+02 6.803652902090000509e+01 1.405618410259999962e+02
1.213897635380000034e-01 -2.901219446499999841e-02 2.038356934739999904e-01 -2.260772531920000050e-01 -1.362282171370000015e+02 6.912324179419999837e+01 1.409807301030000133e+02
2.389225192449999924e-01 -3.268653092590000087e-02 2.073291774990000114e-01 -2.219557944899999968e-01 -1.361882856080000010e+02 6.830755406059999757e+01 1.402108784160000141e+02
1.508210854200000006e-01 -3.561993920320000173e-02 2.034214722359999894e-01 -2.197102251630000114e-01 -1.359385410890000117e+02 6.836375204700000552e+01 1.414827316310000072e+02
1.106601852090000060e-01 -3.067651549160000171e-02 2.093092844180000078e-01 -2.252329096579999967e-01 -1.358180233569999871e+02 6.824485666719999699e+01 1.405685752239999999e+02
1.760003630470000080e-01 -3.270929434500000066e-02 2.076691454000000048e-01 -2.244855386730000013e-01 -1.356485874749999994e+02 6.893143892259999461e+01 1.406752692450000097e+02
4.972156357740000199e-01 -3.662349505189999715e-02 2.071379153959999886e-01 -2.189540374629999897e-01 -1.352828688239999906e+02 6.792302843640000276e+01 1.409285157500000025e+02
1.066434889750000059e-01 -3.600554733970000310e-02 2.078013608179999916e-01 -2.208476380240000092e-01 -1.357668633940000120e+02 6.830423808540000152e+01 1.407373086389999912e+02
7.555623023169999453e-01 -3.163573935470000154e-02 2.064243560010000089e-01 -2.279160065820000081e-01 -1.356351713120000113e+02 6.914005181660000687e+01 1.406079088879999972e+02
1.696238299820000073e+00 -3.778121791649999978e-02 2.075988554679999987e-01 -2.209008881210000053e-01 -1.358241041279999877e+02 6.804135101800000029e+01 1.411877700150000123e+02
1.844370656440000034e-01 -3.527303371340000104e-02 2.044125941140000069e-01 -2.268110921210000075e-01 -1.349628693180000027e+02 6.925837730759999999e+01 1.411313279489999957e+02
1.373805527660000025e-01 -3.538641115459999903e-02 2.124243522619999880e-01 -2.241844245780000022e-01 -1.351885318699999914e+02 6.790803669240000318e+01 1.405362189429999944e+02
1.170164665160000061e-01 -3.042204575090000016e-02 2.088899499400000137e-01 -2.225341162910000059e-01 -1.365280513200000030e+02 6.775783460930000501e+01 1.405076664020000123e+02
1.932814611889999978e-01 -3.620617107360000336e-02 2.088012713719999969e-01 -2.214368030390000130e-01 -1.355315463409999950e+02 6.848272274170000173e+01 1.411394381720000126e+02
6.540075612879999944e+00 -3.570232908419999907e-02 2.022870963210000039e-01 -2.268882615249999957e-01 -1.350513746249999940e+02 6.963615116639999769e+01 1.415961995639999884e+02
2.231006530300000124e-01 -3.018726343940000140e-02 2.089192745469999890e-01 -2.198668717760000058e-01 -1.366447903970000084e+02 6.825176678520000451e+01 1.404427201850000131e+02
1.028527267170000065e-01 -3.312228395660000296e-02 2.051554880850000040e-01 -2.209916705219999999e-01 -1.353988635219999992e+02 6.877250628619999873e+01 1.408676646430000119e+02
2.648630951859999860e-01 -3.382532268880000109e-02 2.078068396830000109e-01 -2.193616915459999928e-01 -1.361763975089999974e+02 6.805722599419999597e+01 1.407232751280000116e+02
2.162401228289999866e-01 -3.220695852120000063e-02 2.067243480069999861e-01 -2.211995526489999864e-01 -1.357407721840000079e+02 6.793101418839999894e+01 1.403961971740000081e+02
3.955574066890000129e+00 -3.243412682289999877e-02 2.068267357970000053e-01 -2.256836869030000026e-01 -1.356154931629999965e+02 6.886132079210000256e+01 1.406611281360000021e+02
1.667327086429999938e-01 -3.637745361929999727e-02 2.078245993979999928e-01 -2.232865946660000100e-01 -1.350188341749999950e+02 6.806074804300000380e+01 1.409567825359999915e+02
1.395054696789999882e-01 -3.467886634379999805e-02 1.992239540609999915e-01 -2.204395793399999970e-01 -1.359811102900000037e+02 6.948521680359999664e+01 1.415662939709999932e+02
1.279427335530000098e-01 -3.149457134380000134e-02 2.032094493100000121e-01 -2.215364589419999974e-01 -1.361285155029999885e+02 6.863311722560000305e+01 1.408951769010000135e+02
1.602470359269999867e-01 -3.656731278369999838e-02 2.066307783709999957e-01 -2.154285052970000003e-01 -1.358614105649999999e+02 6.767361865530000387e+01 1.408197080939999921e+02
1.146152932700000016e-01 -3.695889058750000122e-02 2.039454220270000007e-01 -2.204766956499999986e-01 -1.353304661260000046e+02 6.871044659560000412e+01 1.415818105440000068e+02
3.764029890939999956e-01 -3.247279061370000192e-02 2.067789521819999865e-01 -2.248310407620000007e-01 -1.355414564110000128e+02 6.830440107059999377e+01 1.412250000569999884e+02
1.359339069290000090e-01 -3.118120952880000171e-02 2.026196974579999865e-01 -2.196181826599999942e-01 -1.363919917220000002e+02 6.853461703829999863e+01 1.408922045269999899e+02
1.050036926359999984e-01 -3.567511494509999909e-02 2.083355025299999941e-01 -2.176152627569999942e-01 -1.354744913170000018e+02 6.750876374470000485e+01 1.409895371480000108e+02
1.361528071379999871e-01 -2.808067540880000018e-02 2.046793143600000031e-01 -2.197641211380000070e-01 -1.371711127009999984e+02 6.870332813219999935e+01 1.406913343109999914e+02
2.031693547919999898e-01 -3.656725723039999654e-02 2.059032730139999934e-01 -2.168994953299999973e-01 -1.359844860560000086e+02 6.816845967630000303e+01 1.412241255659999979e+02
2.388626905200000039e-01 -2.946469268010000128e-02 2.088184777830000005e-01 -2.230416736580000114e-01 -1.364394384830000035e+02 6.844578202040000292e+01 1.402245908360000044e+02
3.015558766299999971e-01 -3.261426104699999967e-02 2.070684906749999943e-01 -2.164566890069999916e-01 -1.366676927770000134e+02 6.778623070509999593e+01 1.409487353000000098e+02
1.607777948880000085e-01 -3.419017019520000089e-02 2.061223741110000118e-01 -2.241396298409999988e-01 -1.352715260759999865e+02 6.850789699870000504e+01 1.411206038859999978e+02
1.310086190480000135e-01 -3.277627800820000215e-02 2.086534212760000062e-01 -2.227246034079999881e-01 -1.355364050039999881e+02 6.817684948090000319e+01 1.408614135290000036e+02
4.694506155040000239e-01 -3.008253186399999918e-02 2.073579556609999874e-01 -2.208611603310000060e-01 -1.367207075329999952e+02 6.795643419019999953e+01 1.406545070800000019e+02
1.014573706650000046e-01 -3.615071127029999970e-02 2.082946856200000030e-01 -2.177542994320000036e-01 -1.356899906339999973e+02 6.743795548399999973e+01 1.409737815580000131e+02
1.922044339129999890e-01 -3.247510276630000137e-02 2.016030126649999976e-01 -2.210463585609999948e-01 -1.363879051799999900e+02 6.916739088650000156e+01 1.410685415050000131e+02
1.016661163099999987e-01 -3.102976086660000007e-02 2.065254493339999942e-01 -2.205486154359999895e-01 -1.359601218390000099e+02 6.783755347000000313e+01 1.406936626080000110e+02
1.306213814249999883e-01 -3.704812357599999995e-02 2.075853943000000035e-01 -2.199285862079999876e-01 -1.356143074409999940e+02 6.783315712380000662e+01 1.411119996630000060e+02
1.961837661030000068e-01 -3.137201444459999933e-02 2.075712511280000117e-01 -2.221950238400000055e-01 -1.367590181930000028e+02 6.804855288669999425e+01 1.407002566019999961e+02
1.097220711759999967e-01 -3.703516952730000200e-02 2.079211143069999990e-01 -2.214405674190000062e-01 -1.354651110089999975e+02 6.776852927029999307e+01 1.410399000740000020e+02
1.727331789379999982e-01 -3.461576347459999897e-02 2.050278405569999907e-01 -2.166698526359999988e-01 -1.360327288169999917e+02 6.848550408520000587e+01 1.412194945960000041e+02
1.495766424040000098e-01 -3.411309323379999731e-02 2.032032143820000081e-01 -2.190879471570000014e-01 -1.358017681560000085e+02 6.839975353089999999e+01 1.412995440329999894e+02
2.177345290669999989e-01 -3.801004934160000237e-02 2.061576267230000037e-01 -2.187210296290000022e-01 -1.353964873660000023e+02 6.808262443220000648e+01 1.416351906849999978e+02
1.173368584610000043e-01 -2.982336854039999846e-02 2.078951858629999871e-01 -2.186226429049999975e-01 -1.367882790580000005e+02 6.786376696610000181e+01 1.408841369609999958e+02
1.296446988330000050e-01 -3.628678973140000291e-02 2.058854691789999969e-01 -2.176023741629999897e-01 -1.354886283849999984e+02 6.817287045640000542e+01 1.416236669680000091e+02
1.106194647329999947e-01 -3.227837308679999684e-02 2.071582394729999943e-01 -2.235477857669999902e-01 -1.359827944890000140e+02 6.870192873230000430e+01 1.409929965510000045e+02
3.056375854169999795e-01 -2.983224511350000135e-02 2.064160683790000061e-01 -2.150117992189999883e-01 -1.369744518550000123e+02 6.774900811220000207e+01 1.409183617669999933e+02
1.048047729870000000e-01 -3.754497597309999768e-02 2.038370236900000076e-01 -2.214462092099999946e-01 -1.352583735210000100e+02 6.864898880249999991e+01 1.415373903159999998e+02
1.395308522469999868e-01 -4.020269246170000282e-02 2.088926192589999897e-01 -2.240474221490000029e-01 -1.344519019470000103e+02 6.796515476099999375e+01 1.410476034570000081e+02
1.319918373410000068e-01 -3.248145508929999731e-02 2.063370934669999934e-01 -2.232076218250000077e-01 -1.353933757069999899e+02 6.868425381919999495e+01 1.414235753540000076e+02
2.813068276790000044e-01 -3.402921523360000200e-02 2.047835186549999964e-01 -2.214294295389999945e-01 -1.359441797919999999e+02 6.840314987189999840e+01 1.410794435839999892e+02
1.132536323340000095e+00 -3.544024353769999885e-02 2.048015998030000007e-01 -2.199428728599999994e-01 -1.358417107649999878e+02 6.891747906989999706e+01 1.412305193420000080e+02
1.716783058459999955e-01 -3.097040533469999982e-02 2.064263843180000058e-01 -2.197198440429999899e-01 -1.361720012840000038e+02 6.821174433909999379e+01 1.408135435009999981e+02
1.851188492670000074e-01 -3.775299958440000297e-02 2.047895397750000013e-01 -2.186804943650000055e-01 -1.356702837390000127e+02 6.857236769239999319e+01 1.414467071230000101e+02
1.134532613719999999e-01 -3.293208730779999954e-02 2.072397328410000017e-01 -2.226082096239999919e-01 -1.353586859559999880e+02 6.852771781500000259e+01 1.407222940979999919e+02
2.017126497229999871e-01 -3.695558849890000219e-02 2.036655534900000120e-01 -2.167112011990000031e-01 -1.356933743669999899e+02 6.844369886559999827e+01 1.416024479149999991e+02
1.689089090130000137e-01 -3.747209220699999899e-02 2.114302616629999965e-01 -2.182866323940000075e-01 -1.354112555499999928e+02 6.736782674469999677e+01 1.407293684809999945e+02
5.748880609580000467e-01 -3.619655484740000317e-02 2.075608644130000069e-01 -2.200316568969999942e-01 -1.353797737900000016e+02 6.847847287300000119e+01 1.410991176450000069e+02
1.142213848649999974e-01 -3.893491988739999909e-02 2.021493883890000121e-01 -2.204724079640000001e-01 -1.347523708470000088e+02 6.895369689999999707e+01 1.416834092299999952e+02
1.387263153799999926e-01 -3.078951290329999882e-02 2.066734033060000086e-01 -2.201390781320000101e-01 -1.362965670890000069e+02 6.785184269970000059e+01 1.408692765460000089e+02
1.454167233520000102e-01 -2.988041759750000026e-02 2.089711629550000116e-01 -2.208837974110000046e-01 -1.362368708429999913e+02 6.796209673639999949e+01 1.407500281080000093e+02
5.733139787859999892e-01 -3.236541185689999905e-02 2.055066361719999901e-01 -2.199765667149999882e-01 -1.361560897470000100e+02 6.860013485419999313e+01 1.409993306199999950e+02
1.002571143910000045e-01 -3.647502951280000294e-02 2.094735846790000133e-01 -2.216493057149999946e-01 -1.356592492219999997e+02 6.775325803810000025e+01 1.406613761330000045e+02
1.897135279000000119e-01 -3.503741913660000235e-02 2.048403988099999906e-01 -2.230384866529999954e-01 -1.351659793940000043e+02 6.888748114780000265e+01 1.413186614409999891e+02
1.201478192390000033e-01 -3.270739356610000148e-02 2.043117643300000064e-01 -2.222887617930000004e-01 -1.360926135599999895e+02 6.907657511390000593e+01 1.412037846059999993e+02
8.617128887449999608e-01 -3.683929884030000268e-02 2.079192097969999875e-01 -2.250844209950000063e-01 -1.348145741390000012e+02 6.833431745139999691e+01 1.411238367589999996e+02
1.000413263680000053e-01 -3.129168700559999822e-02 2.093173426219999966e-01 -2.220676956740000041e-01 -1.360186002119999955e+02 6.821506860990000121e+01 1.407084671700000058e+02
1.468274321030000051e-01 -3.299968490289999917e-02 2.056121617480000108e-01 -2.212860146379999893e-01 -1.359173551060000023e+02 6.807127419440000438e+01 1.414089579879999974e+02
1.735394045360000026e-01 -3.143804442789999848e-02 2.068820408429999924e-01 -2.199005483750000045e-01 -1.363970829589999880e+02 6.838460663920000115e+01 1.405401094210000110e+02
1.114732586629999939e-01 -3.416333267800000101e-02 2.099790923460000125e-01 -2.208309759160000108e-01 -1.352481175949999965e+02 6.806555924430000459e+01 1.409593681540000034e+02
5.554378545579999882e-01 -3.995410791119999999e-02 2.054551981109999925e-01 -2.201377321630000050e-01 -1.349158644770000137e+02 6.836720044170000676e+01 1.412355220640000084e+02
1.486889971110000042e-01 -3.178858657590000192e-02 2.060429488839999879e-01 -2.227806778449999969e-01 -1.354355759260000127e+02 6.872011985620000019e+01 1.410469375739999975e+02
3.893717032649999799e-01 -3.535139225859999790e-02 2.031354709930000002e-01 -2.211214429470000076e-01 -1.356300997209999935e+02 6.875641592019999848e+01 1.414132516900000098e+02
6.318300470630000554e-01 -3.138955313100000311e-02 2.080676967489999973e-01 -2.181855314410000024e-01 -1.365678411510000103e+02 6.790867559870000036e+01 1.405370891640000082e+02
3.814271617810000015e-01 -3.566126213060000216e-02 2.068869937310000018e-01 -2.245405530410000128e-01 -1.353288752379999949e+02 6.831076282610000305e+01 1.412328564910000068e+02
1.689988433300000092e-01 -2.753712222380000005e-02 2.083209750860000042e-01 -2.261345262220000041e-01 -1.364657203760000073e+02 6.851142540780000445e+01 1.407260593400000062e+02
1.699584714269999908e-01 -3.168450055119999970e-02 2.073945832280000012e-01 -2.220600817160000018e-01 -1.361134235609999905e+02 6.751849434650000603e+01 1.417152505599999870e+02
1.137724839820000028e-01 -3.179934615120000307e-02 2.033020195609999969e-01 -2.211930198569999895e-01 -1.362035223309999878e+02 6.893568042680000474e+01 1.413969365130000142e+02
1.454302822770000003e-01 -3.075800027370000078e-02 2.011417681100000077e-01 -2.242809417849999931e-01 -1.362029760419999889e+02 6.954892144039999380e+01 1.409810952629999861e+02
1.485484086989999897e-01 -3.430993371709999823e-02 2.063317957240000111e-01 -2.189175925869999983e-01 -1.358948132920000091e+02 6.816087231839999561e+01 1.412388587549999954e+02
1.738739230449999895e-01 -3.373295613130000009e-02 2.062088027790000000e-01 -2.232356123049999974e-01 -1.355821946830000115e+02 6.877338640879999332e+01 1.408387442110000052e+02
1.565108331989999990e-01 -3.352451803639999728e-02 2.071209178589999977e-01 -2.238249120230000055e-01 -1.359132642870000041e+02 6.871259193209999694e+01 1.407535437399999978e+02
6.638488352570000028e-01 -3.218964704309999758e-02 2.047136748410000040e-01 -2.215996575370000055e-01 -1.357973429179999982e+02 6.865708553599999675e+01 1.412866102810000086e+02
1.194093426380000017e-01 -3.382896364980000209e-02 2.035375425139999972e-01 -2.218744693939999901e-01 -1.355076395090000005e+02 6.872204809740000542e+01 1.417579723100000137e+02
1.029392518260000000e-01 -3.114782870489999841e-02 2.033604793609999906e-01 -2.268164345610000077e-01 -1.357074583620000112e+02 6.891870850470000676e+01 1.411134349010000051e+02
1.170545404690000041e-01 -3.303287012540000178e-02 2.009267682979999914e-01 -2.182863145180000131e-01 -1.359528603820000114e+02 6.876204248419999487e+01 1.413084250109999971e+02
8.471389394580000065e-01 -3.009717100910000095e-02 2.047893485639999955e-01 -2.229295476750000060e-01 -1.364576392529999964e+02 6.852109309399999404e+01 1.409474711619999994e+02
1.177573138979999962e-01 -3.557383628900000205e-02 2.049870444159999916e-01 -2.246554542449999969e-01 -1.354757133150000072e+02 6.888270172020000359e+01 1.408020166070000130e+02
1.408907485860000086e-01 -3.369679567170000278e-02 2.055062084300000036e-01 -2.228041244060000037e-01 -1.362676872049999872e+02 6.843960482490000174e+01 1.409176064240000130e+02
2.159787530529999888e-01 -3.435416505830000272e-02 2.089561880970000063e-01 -2.220440210709999918e-01 -1.355497330610000120e+02 6.849736634670000512e+01 1.407263941950000117e+02
2.161930169500000165e+00 -3.068325122970000027e-02 2.065835730070000043e-01 -2.252301081660000037e-01 -1.361209870529999932e+02 6.920692772270000148e+01 1.408983973400000025e+02
2.501506027770000196e-01 -3.057398708510000035e-02 2.052266486429999981e-01 -2.244838488950000044e-01 -1.356854546190000121e+02 6.909277814159999309e+01 1.412093813120000050e+02
1.165607673780000020e-01 -3.230044214089999866e-02 2.052825889279999982e-01 -2.259925158860000005e-01 -1.355343146120000029e+02 6.913458068389999767e+01 1.412332475540000019e+02
2.388939531510000103e-01 -3.459650658309999793e-02 2.063735831859999925e-01 -2.217557492560000010e-01 -1.354719482110000115e+02 6.839458442830000706e+01 1.410222292889999949e+02
1.418227415880000120e-01 -3.319180902329999655e-02 2.025085833170000016e-01 -2.204384197760000108e-01 -1.359790461759999971e+02 6.883549180849999516e+01 1.409491166269999951e+02
1.002373549429999983e-01 -3.503403904099999799e-02 2.078891698389999931e-01 -2.250739142400000059e-01 -1.355606355889999861e+02 6.887048392830000410e+01 1.410788869799999929e+02
1.098056616930000035e-01 -3.541165723339999988e-02 2.003422132749999862e-01 -2.249755469849999967e-01 -1.355403690850000089e+02 6.948607704699999488e+01 1.416097012600000085e+02
1.415815457329999971e-01 -3.479638777380000131e-02 2.037712334110000079e-01 -2.219538478299999951e-01 -1.355191685810000024e+02 6.873708230069999559e+01 1.415084030550000023e+02
5.352873082179999686e-01 -3.442621276470000241e-02 2.064835676279999921e-01 -2.236357343070000114e-01 -1.350491638620000003e+02 6.861808441419999838e+01 1.412407489420000104e+02
1.136707718470000017e-01 -3.054041887269999880e-02 2.075455447750000071e-01 -2.199844369639999964e-01 -1.362508635810000044e+02 6.857560539979999703e+01 1.406603953260000139e+02
1.611893794320000128e-01 -3.385907290799999858e-02 2.092876568840000007e-01 -2.222281755870000042e-01 -1.356379180190000113e+02 6.771664945419999526e+01 1.410039501409999900e+02
1.436909339349999870e-01 -3.285070663850000322e-02 2.042994301380000044e-01 -2.221480794600000086e-01 -1.356328530680000028e+02 6.847256247439999299e+01 1.414780363060000070e+02
4.831368835589999744e-01 -3.360984301119999962e-02 2.057535676720000095e-01 -2.174213934270000093e-01 -1.359804694569999981e+02 6.788942302290000441e+01 1.414152807989999872e+02
3.257643295120000171e-01 -3.213203178610000293e-02 2.039557646050000062e-01 -2.167481773030000003e-01 -1.361188558720000117e+02 6.824227430569999342e+01 1.411340732390000028e+02
2.976891963330000057e-01 -3.690928366909999869e-02 2.076790692859999954e-01 -2.158660673949999997e-01 -1.355847351049999929e+02 6.793570395390000272e+01 1.409234626809999895e+02
1.505801897219999907e-01 -3.177767069350000140e-02 2.049480930650000032e-01 -2.234543762910000120e-01 -1.363353944270000113e+02 6.877932127740000112e+01 1.409976693330000046e+02
2.468846923030000029e-01 -3.254509568839999978e-02 2.074863464099999943e-01 -2.204357238659999940e-01 -1.359710707929999955e+02 6.767231787369999552e+01 1.408807240449999938e+02
1.143532647559999949e-01 -3.332239556689999688e-02 2.057582955210000009e-01 -2.266662054570000029e-01 -1.353037934349999887e+02 6.898654801230000544e+01 1.407999146420000045e+02
1.494722860219999949e-01 -3.384883197440000102e-02 2.057645605270000122e-01 -2.223712872289999865e-01 -1.356069822830000078e+02 6.889520054630000345e+01 1.412863786110000035e+02
1.865336429879999869e-01 -3.313856460930000164e-02 2.046621891709999863e-01 -2.234147824169999963e-01 -1.359661283640000136e+02 6.846862975029999632e+01 1.409614415140000006e+02
1.069108743509999959e-01 -3.250114247960000230e-02 2.038254284790000093e-01 -2.198951442269999890e-01 -1.360705179750000013e+02 6.810610369959999844e+01 1.412821775920000107e+02
7.174562188180000355e+00 -3.568615211969999867e-02 2.028184052639999957e-01 -2.245272035049999948e-01 -1.351182400490000077e+02 6.902721752029999891e+01 1.414701805459999946e+02
3.489476267519999730e-01 -3.184684636659999846e-02 2.064593852330000034e-01 -2.230448926259999964e-01 -1.354788767039999868e+02 6.736217385640000543e+01 1.406873198250000030e+02
1.077517286659999962e-01 -3.361100558269999872e-02 2.086849248950000124e-01 -2.167082849889999940e-01 -1.359220483459999969e+02 6.807495833299999788e+01 1.408603655400000036e+02
3.274924376930000158e-01 -3.232751382460000156e-02 2.065433844900000093e-01 -2.206024361549999979e-01 -1.362632968830000095e+02 6.842763876659999767e+01 1.408879242689999955e+02
4.287867153170000223e-01 -3.656089128840000341e-02 2.002091696880000105e-01 -2.136060502990000110e-01 -1.358123231739999994e+02 6.871433618300000035e+01 1.417404643669999871e+02
2.794144193299999968e-01 -3.192630683090000310e-02 2.069447868239999988e-01 -2.220990899380000105e-01 -1.354858070120000093e+02 6.747038362070000517e+01 1.418472869100000082e+02
1.296540336650000014e-01 -3.386289258229999849e-02 2.028262211799999881e-01 -2.196135306139999910e-01 -1.356063987670000017e+02 6.843792873149999423e+01 1.412251996100000042e+02
2.138936129039999967e-01 -3.698408929270000089e-02 2.032412719510000021e-01 -2.204473236329999863e-01 -1.355407758709999939e+02 6.885340899310000395e+01 1.413706230569999889e+02
1.041202562060000031e-01 -3.960796310620000316e-02 2.077029702829999991e-01 -2.196922082080000060e-01 -1.349733760029999985e+02 6.805206034680000471e+01 1.412588337439999862e+02
5.159919226939999604e-01 -3.157146390449999673e-02 2.054969613629999969e-01 -2.228259807409999904e-01 -1.361285093770000003e+02 6.870810548059999689e+01 1.398159099339999898e+02
1.469805997159999988e-01 -2.858996410170000155e-02 2.077432060680000081e-01 -2.273025653190000051e-01 -1.362500834129999987e+02 6.890256565270000522e+01 1.404201876170000105e+02
2.037219203629999920e-01 -3.369420774509999938e-02 2.051525877060000058e-01 -2.184644913830000035e-01 -1.362063463290000129e+02 6.798351406720000512e+01 1.407395113149999872e+02
1.018135051120000051e-01 -3.389004649550000220e-02 2.063883722790000042e-01 -2.230294614320000035e-01 -1.356356125490000011e+02 6.893498371740000152e+01 1.410831581820000054e+02
1.092536313559999972e-01 -3.238146577900000156e-02 2.048263400049999960e-01 -2.184712127969999917e-01 -1.363511052899999925e+02 6.861621197530000416e+01 1.409872358469999938e+02
4.684003453300000230e-01 -3.168978555890000076e-02 2.057453444500000062e-01 -2.224782811500000124e-01 -1.370098016309999878e+02 6.886435343750000015e+01 1.405767378820000033e+02
1.165871890190000038e-01 -3.736400078260000007e-02 2.068222964810000064e-01 -2.207107970570000022e-01 -1.356269872620000001e+02 6.788024397079999517e+01 1.410423286250000103e+02
3.825058994039999827e-01 -3.360063451200000217e-02 2.029043534420000017e-01 -2.222439694070000027e-01 -1.359451094089999970e+02 6.895771995929999321e+01 1.412926826890000029e+02
2.558440628670000105e+00 -3.371094204200000138e-02 2.092814000880000025e-01 -2.179931951269999946e-01 -1.356457139480000080e+02 6.791626203869999756e+01 1.406639439699999912e+02
1.559652211299999980e-01 -3.468944605879999837e-02 2.019010805089999916e-01 -2.188113824019999876e-01 -1.360904483729999868e+02 6.895770303880000540e+01 1.414912592780000011e+02
1.214943891549999933e-01 -3.412052744960000078e-02 2.071538056330000099e-01 -2.175376403529999947e-01 -1.359088658070000122e+02 6.754777389230000040e+01 1.412596684700000083e+02
1.056918411459999985e-01 -2.991146601769999885e-02 2.064477663360000104e-01 -2.242305359329999914e-01 -1.364953761429999872e+02 6.822293237969999780e+01 1.408513361580000094e+02
2.144868081380000013e-01 -3.170463222770000117e-02 2.053495009190000054e-01 -2.234879739060000037e-01 -1.360689634510000019e+02 6.916240066119999597e+01 1.411005059430000017e+02
1.077213607240000010e-01 -3.442614462790000163e-02 2.078171347820000070e-01 -2.194544945690000137e-01 -1.356320188320000000e+02 6.780104639220000706e+01 1.408162747940000088e+02
2.731974815479999985e-01 -3.165487632069999974e-02 2.117492624429999915e-01 -2.231668086830000119e-01 -1.358501600859999883e+02 6.761114228140000648e+01 1.405440435760000071e+02
3.355258173539999689e+01 -3.145971889719999942e-02 2.054981080459999943e-01 -2.225957852159999861e-01 -1.363958721850000018e+02 6.857236148270000342e+01 1.407179295889999935e+02
1.039875695300000041e-01 -3.453012044010000253e-02 2.084563238840000110e-01 -2.177037318410000033e-01 -1.361327792620000139e+02 6.753883874960000355e+01 1.407748488130000055e+02
1.319583330540000099e-01 -3.466420393510000197e-02 2.022137885710000027e-01 -2.192312581039999875e-01 -1.355849435659999926e+02 6.905913513890000388e+01 1.414682648490000076e+02
3.374489420630000236e-01 -3.577686468860000191e-02 2.072395673730000054e-01 -2.247057639910000071e-01 -1.352067939039999942e+02 6.877039776050000341e+01 1.413056522299999926e+02
2.151716964229999918e-01 -3.136848950119999757e-02 2.021213139240000123e-01 -2.239011589359999888e-01 -1.358104992860000095e+02 6.926205283710000060e+01 1.414828673019999883e+02
6.438453355100000053e-01 -4.219422808059999919e-02 2.092983374459999879e-01 -2.213624187790000086e-01 -1.343649480269999970e+02 6.796334928970000533e+01 1.413493674320000082e+02
1.452477951529999867e-01 -3.438516302689999943e-02 2.088528176140000137e-01 -2.219414329659999963e-01 -1.355866614139999911e+02 6.807890435650000427e+01 1.412425202439999907e+02
6.687448133679999573e-01 -3.462293002910000334e-02 2.056329743260000009e-01 -2.144836529099999889e-01 -1.362351695069999948e+02 6.794220254729999908e+01 1.408557016180000119e+02
1.482900298740000011e-01 -3.154638358609999915e-02 2.055608475069999885e-01 -2.228470008979999972e-01 -1.361949163730000123e+02 6.932075571250000223e+01 1.414912130719999936e+02
1.032097242830000011e-01 -3.529973011399999833e-02 2.082347463729999903e-01 -2.183458657269999881e-01 -1.356967932800000085e+02 6.784548003870000343e+01 1.411013707449999970e+02
4.534624358350000106e-01 -3.330646276739999967e-02 2.075767883809999936e-01 -2.235967622260000010e-01 -1.351519438750000006e+02 6.823060801399999775e+01 1.409051198040000088e+02
3.645224090679999862e-01 -2.902840480669999917e-02 2.031156858979999980e-01 -2.184174153929999973e-01 -1.368838644459999898e+02 6.864543392779999920e+01 1.408524363930000050e+02
2.276231833609999866e-01 -3.395241769579999958e-02 2.057199696460000060e-01 -2.209124855219999906e-01 -1.354517245060000050e+02 6.830614178560000482e+01 1.411777998459999992e+02
1.042629886090000041e-01 -3.369068185339999660e-02 2.046271901449999986e-01 -2.217703430069999926e-01 -1.363411563049999984e+02 6.901006223650000493e+01 1.410167999129999998e+02
3.283385652620000039e-01 -3.789599774960000084e-02 2.051690821690000111e-01 -2.239404170469999900e-01 -1.348728328439999871e+02 6.873346961459999704e+01 1.410059493599999882e+02
1.151816818699999967e-01 -3.658267761689999731e-02 2.074624282879999893e-01 -2.206878539709999920e-01 -1.355442917549999891e+02 6.769671641809999585e+01 1.408218172420000087e+02
2.974000001800000126e-01 -3.449059548809999681e-02 2.025888199139999901e-01 -2.235978004409999997e-01 -1.353125879689999920e+02 6.906422467250000352e+01 1.411542342749999932e+02
2.211825083869999875e-01 -3.388289441430000076e-02 2.049307891140000060e-01 -2.299222004560000088e-01 -1.352573559260000025e+02 6.956081962400000407e+01 1.411432528729999945e+02
3.564249491450000029e-01 -3.358257453710000034e-02 2.041331384360000056e-01 -2.257142495099999924e-01 -1.354504392389999907e+02 6.900102293729999303e+01 1.414620204850000107e+02
2.006809813650000107e-01 -3.317603555629999867e-02 2.067293805559999864e-01 -2.236327354790000055e-01 -1.357312093120000043e+02 6.906178187410000646e+01 1.412294474750000006e+02
9.920936196190000000e-01 -3.620655535180000023e-02 2.082974020889999944e-01 -2.163853011619999989e-01 -1.356556572759999995e+02 6.756722772439999858e+01 1.411999532570000042e+02
1.001294236590000025e-01 -3.335715848270000283e-02 2.081713937509999945e-01 -2.255037006049999959e-01 -1.357288026180000031e+02 6.813379658680000261e+01 1.408062008839999919e+02
5.241870188949999676e-01 -3.866463499359999723e-02 2.046890673679999939e-01 -2.233685399500000002e-01 -1.347392550989999904e+02 6.880749052170000368e+01 1.416091653679999922e+02
1.282454942600000092e-01 -3.453473283490000184e-02 2.063943398549999975e-01 -2.272185900839999995e-01 -1.349773897709999915e+02 6.907364026429999626e+01 1.411976643920000072e+02
1.407279861200000093e-01 -3.579604703500000040e-02 2.056576351190000096e-01 -2.122150037290000124e-01 -1.360165974930000061e+02 6.785444401620000576e+01 1.411750133840000103e+02
1.783518639849999976e-01 -3.327857574890000225e-02 2.057074490409999956e-01 -2.217589990640000119e-01 -1.359626089960000002e+02 6.867220261490000155e+01 1.414853652170000089e+02
2.892744877569999873e-01 -3.155690961810000278e-02 2.085972593019999877e-01 -2.206591452339999870e-01 -1.360735835080000129e+02 6.774888947370000380e+01 1.406623736340000050e+02
2.613730672619999917e-01 -3.097566765079999909e-02 2.110003362969999907e-01 -2.191511110819999997e-01 -1.364540843199999927e+02 6.779435104940000656e+01 1.402728724989999876e+02
1.045440592580000050e-01 -3.171537675069999868e-02 2.053814476489999874e-01 -2.214932815160000068e-01 -1.357734879340000020e+02 6.857476424460000430e+01 1.411153867499999990e+02
1.030732528420000016e-01 -3.309315917260000073e-02 2.081476731330000052e-01 -2.181154696160000073e-01 -1.358118627739999908e+02 6.739166001179999910e+01 1.408951977810000074e+02
1.659518504789999904e-01 -3.200814334870000222e-02 2.127838586090000095e-01 -2.256313133299999996e-01 -1.359101759790000017e+02 6.793997838619999641e+01 1.404721004810000125e+02
1.081521067169999989e-01 -3.576283938529999790e-02 2.088288874060000022e-01 -2.205373876239999920e-01 -1.354224241949999907e+02 6.776712278799999467e+01 1.411265867989999947e+02
1.257501043910000116e-01 -3.429493788779999774e-02 2.020432595810000009e-01 -2.226407452059999958e-01 -1.358501639849999947e+02 6.918902310660000410e+01 1.414571408209999959e+02
4.443877491429999993e-01 -3.283298688090000028e-02 2.003200159229999999e-01 -2.252162322990000076e-01 -1.356806818389999876e+02 6.971265627360000394e+01 1.414907560979999914e+02
1.042736622730000007e-01 -3.340996906879999812e-02 2.048958997199999965e-01 -2.277157300880000013e-01 -1.354966449030000035e+02 6.913617422650000321e+01 1.412314617240000132e+02
1.284804728879999913e-01 -3.540324146119999682e-02 2.032445692029999917e-01 -2.171896573830000010e-01 -1.355681414549999886e+02 6.849675875510000367e+01 1.413419848489999993e+02
1.798887205849999948e-01 -3.258179732350000024e-02 2.055433302980000099e-01 -2.213432612959999879e-01 -1.358772419320000040e+02 6.878938556190000497e+01 1.408692774790000044e+02
2.324600220470000034e-01 -3.327766814619999985e-02 2.018460968000000133e-01 -2.279859458919999970e-01 -1.356761826569999982e+02 6.952934611329999370e+01 1.412755495010000004e+02
2.349324900260000015e-01 -3.060279838520000087e-02 2.139389270829999967e-01 -2.239300826249999987e-01 -1.359656779020000101e+02 6.742484368549999374e+01 1.401574196310000104e+02
1.118808092729999953e-01 -3.128690154210000268e-02 2.064801809859999893e-01 -2.219581562609999892e-01 -1.360594723629999976e+02 6.843319299530000421e+01 1.407416356429999951e+02
5.561079050660000078e+00 -3.135208484600000151e-02 2.089780045179999990e-01 -2.168615655159999989e-01 -1.365342655620000016e+02 6.753012466280000581e+01 1.406748139279999918e+02
1.003109440089999943e-01 -3.828218036489999809e-02 2.088117736100000010e-01 -2.215376385710000062e-01 -1.350928900989999875e+02 6.796640299359999915e+01 1.410334575910000012e+02
1.188298884139999956e-01 -3.093751238240000090e-02 2.059896748520000098e-01 -2.235237618929999948e-01 -1.362622156340000004e+02 6.853142293470000368e+01 1.410784964640000112e+02
4.027407491650000226e-01 -3.109922784549999999e-02 2.082497884049999970e-01 -2.206141886209999903e-01 -1.363629007959999910e+02 6.773744530769999983e+01 1.408254002719999960e+02
1.052512135460000053e-01 -3.266213043019999818e-02 2.044123356410000036e-01 -2.207035025599999867e-01 -1.357564474890000099e+02 6.884367571699999644e+01 1.411865867619999904e+02
2.914303459379999905e-01 -3.385479184489999932e-02 2.059131918050000065e-01 -2.204402764679999904e-01 -1.358042828529999895e+02 6.794945999179999774e+01 1.411429872779999926e+02
3.343930274329999786e-01 -3.469562210839999966e-02 2.065431163429999883e-01 -2.199705273099999969e-01 -1.356406432009999889e+02 6.878062279750000130e+01 1.409102975860000129e+02
1.811771469500000065e-01 -2.997263787239999935e-02 2.011675471480000033e-01 -2.213713550270000052e-01 -1.364996201449999944e+02 6.917877564500000176e+01 1.412987865190000036e+02
1.149476122290000041e-01 -2.877697563259999994e-02 2.062797792849999923e-01 -2.274424528750000063e-01 -1.358933220979999987e+02 6.898909228940000560e+01 1.409046523030000060e+02
2.899876351200000091e+00 -3.032386876750000140e-02 2.072347800790000083e-01 -2.216812996420000070e-01 -1.361362572030000138e+02 6.821191512229999887e+01 1.406132928609999908e+02
4.623380483930000229e-01 -3.335527417910000292e-02 2.046815230950000120e-01 -2.220232450719999973e-01 -1.356188818500000082e+02 6.834915003060000060e+01 1.410503203279999980e+02
1.291430908270000122e-01 -3.127286224959999889e-02 2.034264229290000114e-01 -2.249965610480000044e-01 -1.357602220919999922e+02 6.894922636239999747e+01 1.411604309120000096e+02
1.398050722489999897e-01 -2.700630517769999836e-02 2.075724020559999994e-01 -2.231321128959999900e-01 -1.365125377930000070e+02 6.833201874329999725e+01 1.403508938500000056e+02
1.338290452170000089e+00 -3.254429169350000345e-02 2.051915190609999995e-01 -2.213652702539999906e-01 -1.360177992069999959e+02 6.861601981340000123e+01 1.405438789060000033e+02
4.582029973260000055e-01 -3.311402958120000101e-02 2.035193504489999916e-01 -2.224880831499999878e-01 -1.355998019399999919e+02 6.881249264630000084e+01 1.411377733310000053e+02
1.316014653889999997e-01 -3.701441934619999902e-02 2.069420936549999923e-01 -2.250074928549999909e-01 -1.350815114309999956e+02 6.857105880049999769e+01 1.414035323770000048e+02
1.079428638219999959e-01 -3.584341704130000056e-02 2.071905813300000121e-01 -2.200582359730000048e-01 -1.356584992090000128e+02 6.812933859950000226e+01 1.408912431580000089e+02
1.246952163349999976e-01 -3.238653378430000201e-02 2.059787282780000117e-01 -2.200172079830000071e-01 -1.357442763479999996e+02 6.839553938269999378e+01 1.409442804930000079e+02
1.224203471290000039e-01 -3.654135825160000073e-02 2.021778873950000055e-01 -2.190246589119999865e-01 -1.354175623529999939e+02 6.844375675480000609e+01 1.417427682310000137e+02
1.109182224879999984e-01 -3.779541332510000240e-02 2.016012726470000072e-01 -2.198520049159999878e-01 -1.351730192370000054e+02 6.887811665489999768e+01 1.420368431189999967e+02
2.647099023949999741e-01 -3.193550682449999845e-02 2.056420361580000022e-01 -2.215143861730000108e-01 -1.353363886360000095e+02 6.861604779140000687e+01 1.410690956550000124e+02
1.197523041250000003e-01 -3.167668031680000162e-02 2.036450758760000035e-01 -2.209567430469999982e-01 -1.363632905030000018e+02 6.851190505959999655e+01 1.413151013869999986e+02
3.421205423850000038e-01 -3.557076503759999675e-02 2.080907894469999908e-01 -2.215890171519999952e-01 -1.351270886679999990e+02 6.856101124590000495e+01 1.410186737470000082e+02
1.082942977069999979e-01 -3.395032042679999723e-02 2.091818259780000022e-01 -2.183286920020000021e-01 -1.355075188579999974e+02 6.775983012669999539e+01 1.407658253959999968e+02
1.064511063849999939e-01 -3.411667072329999800e-02 2.093253519319999978e-01 -2.205729889649999942e-01 -1.361114919629999918e+02 6.764873882119999848e+01 1.409632972850000101e+02
1.818229574409999938e-01 -3.108840961589999854e-02 2.024996182390000066e-01 -2.178873837270000058e-01 -1.365926047959999892e+02 6.873464805310000258e+01 1.413838779319999901e+02
3.637127259010000113e-01 -3.370842597760000114e-02 2.055408252110000056e-01 -2.204880024189999899e-01 -1.354946580630000028e+02 6.801003690400000323e+01 1.408396023749999983e+02
1.336854387020000035e-01 -3.351916275209999851e-02 2.075807006990000037e-01 -2.205906565269999953e-01 -1.359705844359999958e+02 6.846729687939999565e+01 1.407004272279999952e+02
1.997040063799999932e-01 -3.343177589620000001e-02 2.061015807909999942e-01 -2.211707633849999965e-01 -1.360221936350000078e+02 6.856329136729999618e+01 1.410792789429999914e+02
1.441233578780000135e-01 -3.139186493619999796e-02 2.038641324259999887e-01 -2.170200197169999956e-01 -1.363507094510000002e+02 6.851261662340000669e+01 1.411454325990000029e+02
6.637826795569999883e-01 -3.147334994539999903e-02 2.041070118999999961e-01 -2.183011011690000058e-01 -1.362827479359999927e+02 6.840297758810000062e+01 1.411605444049999960e+02
1.014139356939999931e-01 -3.393028877209999794e-02 2.043963012639999910e-01 -2.199921846279999926e-01 -1.359596002380000073e+02 6.896276840390000018e+01 1.412011717780000026e+02
2.386155663260000059e-01 -3.267014048229999884e-02 2.063819468970000126e-01 -2.195025039790000077e-01 -1.357600256869999953e+02 6.795113316159999783e+01 1.412828898019999997e+02
1.149044807009999974e-01 -3.500665974659999957e-02 2.066139352480000080e-01 -2.176457121679999940e-01 -1.361716574870000045e+02 6.813288758720000260e+01 1.411123033290000137e+02
1.585511498040000078e-01 -3.104630884600000085e-02 2.054736443240000043e-01 -2.209719122659999924e-01 -1.362589175610000041e+02 6.880606207440000333e+01 1.408552703569999949e+02
9.221538110860000304e-01 -3.174347961280000324e-02 2.023540414459999992e-01 -2.188880654189999941e-01 -1.366759098459999962e+02 6.860018511090000004e+01 1.413799999919999948e+02
1.319864237149999953e-01 -3.403911238320000282e-02 2.065970814699999991e-01 -2.221249438590000014e-01 -1.353886364340000057e+02 6.882351820430000089e+01 1.409774295599999903e+02
2.856320859640000265e-01 -3.273089665099999934e-02 2.058263318770000017e-01 -2.227999461830000028e-01 -1.361478022279999891e+02 6.880883036769999705e+01 1.411722041120000029e+02
6.000730364799999883e-01 -3.202619532139999725e-02 2.090155887600000095e-01 -2.229099991569999939e-01 -1.354609176589999890e+02 6.804299896969999395e+01 1.405512669469999878e+02
1.878736509989999970e-01 -3.588527744100000055e-02 2.031117695909999965e-01 -2.204964858129999927e-01 -1.359672241869999993e+02 6.873719683699999905e+01 1.413117576630000087e+02
1.173217960159999990e-01 -3.305360426179999866e-02 2.059402681380000100e-01 -2.227825696329999994e-01 -1.353693663610000044e+02 6.826552004849999378e+01 1.411410083300000053e+02
1.142550410209999950e-01 -3.242837393789999717e-02 2.066536118789999987e-01 -2.220690982150000103e-01 -1.357667042479999964e+02 6.815821681980000335e+01 1.405825948229999938e+02
1.764830925460000033e-01 -3.102558184960000146e-02 2.064270819980000005e-01 -2.240628998729999877e-01 -1.365157384809999996e+02 6.879696534859999701e+01 1.407179449479999960e+02
1.506455235430000095e-01 -3.314058773559999671e-02 2.055285661010000098e-01 -2.231546112139999871e-01 -1.357220454000000132e+02 6.810401696869999455e+01 1.411567866949999939e+02
1.507853441410000050e-01 -3.412008419430000161e-02 2.064895841009999899e-01 -2.204390604300000001e-01 -1.356068610560000138e+02 6.844236548809999476e+01 1.413759381899999994e+02
3.471018564180000099e-01 -3.155492770139999709e-02 2.039558187249999877e-01 -2.264175596359999931e-01 -1.359936555499999997e+02 6.910265915790000690e+01 1.408830209209999964e+02
2.471684328679999987e-01 -3.044645656119999988e-02 2.053128697469999986e-01 -2.185980042690000014e-01 -1.367053430400000025e+02 6.801694168710000099e+01 1.410845097769999938e+02
3.297261586110000198e-01 -3.462314964169999759e-02 2.022994844069999909e-01 -2.248524764100000017e-01 -1.354319216570000037e+02 6.948638592109999479e+01 1.413715844609999976e+02
1.475824209659999942e-01 -3.290089509050000277e-02 2.046779995390000106e-01 -2.202876276509999898e-01 -1.356263960910000037e+02 6.836171387449999770e+01 1.413330957590000025e+02
1.651536859190000095e-01 -3.402575542800000130e-02 2.074141641960000060e-01 -2.223916970990000019e-01 -1.357058934840000006e+02 6.846434803190000196e+01 1.408751082260000089e+02
1.110221122560000051e-01 -3.281113213379999866e-02 2.073084963179999962e-01 -2.182561943530000048e-01 -1.359835849430000110e+02 6.807129477389999295e+01 1.410761215109999966e+02
1.582594904169999928e-01 -3.270349916999999718e-02 2.058464050350000130e-01 -2.209222754469999939e-01 -1.359299787580000043e+02 6.848765178879999382e+01 1.408900071749999938e+02
3.301826646039999757e-01 -3.043389717949999962e-02 2.043149166569999953e-01 -2.238489338790000116e-01 -1.362808980380000037e+02 6.875325914239999747e+01 1.408026159629999938e+02
4.528232610730000274e-01 -2.768015598799999921e-02 2.086835742429999918e-01 -2.247550111740000134e-01 -1.364795061069999917e+02 6.849913353540000571e+01 1.403276145869999993e+02
2.726179680549999929e-01 -3.314364360870000054e-02 2.064371833970000125e-01 -2.239474062400000076e-01 -1.354105327270000032e+02 6.833830963139999426e+01 1.410530308339999976e+02
1.193395742249999947e-01 -3.576772880330000154e-02 2.024576668860000039e-01 -2.209370274030000025e-01 -1.359280565480000007e+02 6.888858911260000184e+01 1.414232957149999947e+02
1.445918007219999968e+00 -3.394406373060000065e-02 2.078426982580000026e-01 -2.241562960719999942e-01 -1.354388435559999948e+02 6.899029685569999515e+01 1.409103011939999988e+02
1.563383527399999917e-01 -3.142006907500000112e-02 2.062241052700000132e-01 -2.215063682470000128e-01 -1.366333666559999926e+02 6.811182946549999428e+01 1.405286527190000072e+02
1.104601695130000005e-01 -3.236236393999999961e-02 2.075351429620000132e-01 -2.187854195679999891e-01 -1.363134869970000125e+02 6.808515976649999857e+01 1.409082586629999980e+02
1.307687024480000126e-01 -3.168270530339999808e-02 2.056534797969999939e-01 -2.213804139180000075e-01 -1.362323142099999984e+02 6.794663044829999876e+01 1.407403934209999932e+02
4.494181104550000194e-01 -3.350074806390000021e-02 2.067913262149999876e-01 -2.210930555660000074e-01 -1.354322350079999921e+02 6.870772248080000111e+01 1.408925642279999977e+02
1.024034928789999965e-01 -3.239141574169999982e-02 2.074779158539999946e-01 -2.215169824550000111e-01 -1.353447566760000029e+02 6.780564406300000257e+01 1.408982835520000094e+02
3.449456846699999746e-01 -3.539283930240000320e-02 2.115150567250000113e-01 -2.154974156580000133e-01 -1.358846852789999957e+02 6.688440479029999608e+01 1.405279357770000104e+02
2.879111877330000069e-01 -2.501971032950000076e-02 2.082805176059999985e-01 -2.242117840179999877e-01 -1.369667053059999944e+02 6.828134540669999808e+01 1.402078488079999943e+02
7.033566090680000160e-01 -3.269005728999999777e-02 2.084858747109999966e-01 -2.212827680779999862e-01 -1.357873677419999865e+02 6.788200232020000158e+01 1.405950130230000070e+02
2.255706856899999946e-01 -3.012105274770000146e-02 2.090307642570000124e-01 -2.196513622369999919e-01 -1.365802113739999868e+02 6.774028269209999564e+01 1.403436131439999883e+02
1.009917830649999931e-01 -3.447962553620000092e-02 2.062385313220000127e-01 -2.212768330540000050e-01 -1.354984641890000034e+02 6.802752015970000343e+01 1.409868250369999885e+02
1.033373683110000024e-01 -3.194563886059999941e-02 2.043883922289999877e-01 -2.252773336389999881e-01 -1.359955993840000019e+02 6.883805367470000647e+01 1.412419357050000031e+02
2.864353917479999789e-01 -3.072549654070000011e-02 2.071379856520000062e-01 -2.217563866389999916e-01 -1.364951363360000016e+02 6.813774783700000626e+01 1.409286069220000002e+02
1.573163154470000047e-01 -3.467447664059999934e-02 1.993789691669999864e-01 -2.181293718469999865e-01 -1.358257729629999915e+02 6.914603526119999799e+01 1.417888975790000075e+02
1.039013334100000047e-01 -3.499835592469999895e-02 2.086418748290000125e-01 -2.134326980219999892e-01 -1.360860208750000027e+02 6.736733472400000267e+01 1.408942075049999971e+02
1.184192598879999947e+00 -3.131919880850000254e-02 2.057436206169999948e-01 -2.207267194009999989e-01 -1.363203072930000133e+02 6.849638093379999759e+01 1.406092950169999938e+02
3.373152023520000209e-01 -3.005696592169999903e-02 2.053321234649999882e-01 -2.243527253489999984e-01 -1.361731859269999916e+02 6.883415261369999882e+01 1.410146046229999968e+02
3.904617517039999930e-01 -3.118930139919999858e-02 2.007844978220000021e-01 -2.288774655459999974e-01 -1.357723991720000072e+02 6.979478416770000138e+01 1.411885212100000047e+02
2.003183880930000105e-01 -3.576681319339999887e-02 2.045207704610000066e-01 -2.211888231330000065e-01 -1.352388020260000019e+02 6.892385131550000210e+01 1.411574190849999866e+02
1.021426396019999988e-01 -3.330552090830000284e-02 2.050436786100000019e-01 -2.185383940989999996e-01 -1.360200040809999962e+02 6.870137143840000249e+01 1.414995936150000091e+02
9.182391961410000247e-01 -3.363611200310000215e-02 2.051536237540000085e-01 -2.209743943449999914e-01 -1.350810433119999914e+02 6.867503081770000506e+01 1.412102743179999891e+02
9.076996193840000116e-01 -3.385186815170000002e-02 2.066641970239999904e-01 -2.216962941829999922e-01 -1.353904632180000078e+02 6.849387970130000269e+01 1.412608902249999971e+02
1.494617779970000004e+00 -3.090393677760000166e-02 2.044512026749999989e-01 -2.206665388250000082e-01 -1.363698497949999933e+02 6.879423760509999397e+01 1.411696773280000059e+02
1.150449883550000024e-01 -3.286050452230000057e-02 2.018016602209999899e-01 -2.223075488300000069e-01 -1.362448113380000052e+02 6.922023110400000689e+01 1.413118128819999981e+02
1.178682756440000007e-01 -3.316922282080000256e-02 2.049315866770000105e-01 -2.232057062879999887e-01 -1.354076501140000062e+02 6.822159978940000258e+01 1.410664762510000116e+02
2.876403555689999725e-01 -3.445778145489999944e-02 2.070643265840000080e-01 -2.213631903530000056e-01 -1.358230645589999881e+02 6.853028482119999865e+01 1.408460314749999895e+02
1.211916455920000052e-01 -3.134922780410000220e-02 2.070300666719999960e-01 -2.228331497219999957e-01 -1.358440182569999877e+02 6.860722005610000451e+01 1.409028688520000117e+02
1.638093480610000041e-01 -3.425974108810000279e-02 2.067072902319999905e-01 -2.261736262119999896e-01 -1.350562346989999867e+02 6.860847054740000317e+01 1.410099575309999977e+02
1.427697400269999917e-01 -2.952426743139999893e-02 2.027638999970000078e-01 -2.240351138370000050e-01 -1.362646620499999983e+02 6.921882098950000284e+01 1.410942605379999861e+02
1.537442196490000079e-01 -3.226703916200000105e-02 2.088294169809999934e-01 -2.283404571869999955e-01 -1.356586148810000054e+02 6.832311921270000710e+01 1.406650143470000103e+02
1.307649693569999938e-01 -3.028600912519999883e-02 2.126964034940000137e-01 -2.174255529430000056e-01 -1.366273627639999972e+02 6.708102853249999953e+01 1.403841318819999913e+02
1.786698639869999938e-01 -3.757592986910000127e-02 2.028737723550000094e-01 -2.201445206700000101e-01 -1.353516673899999887e+02 6.869974009039999885e+01 1.413333289980000131e+02
1.208798771919999959e-01 -3.645813148759999983e-02 2.053786239840000027e-01 -2.249126017560000024e-01 -1.349663102170000002e+02 6.889582703860000379e+01 1.413355217760000073e+02
1.572905490500000059e-01 -3.352697873879999929e-02 2.095911063260000040e-01 -2.233291024580000006e-01 -1.357299142390000100e+02 6.851552696839999612e+01 1.408345516230000101e+02
3.748384861290000036e-01 -3.159997405030000317e-02 2.063124404510000010e-01 -2.233814018929999867e-01 -1.359555336239999974e+02 6.845125397159999636e+01 1.407632435540000131e+02
2.865335089030000004e-01 -3.340909770380000310e-02 2.097843682009999933e-01 -2.293827820090000025e-01 -1.352231451469999968e+02 6.850606162869999594e+01 1.408273441100000127e+02
3.040712012010000076e-01 -3.059642905140000022e-02 2.055652409669999903e-01 -2.190826253300000026e-01 -1.366123819789999914e+02 6.838648075230000245e+01 1.408206996559999880e+02
1.453137222979999921e-01 -3.527525406209999770e-02 2.044436272469999927e-01 -2.138183020920000066e-01 -1.360074225339999998e+02 6.803646579159999419e+01 1.414742635020000137e+02
1.003691125659999933e-01 -3.244074663040000250e-02 2.078510454580000111e-01 -2.202994667260000095e-01 -1.360576206220000017e+02 6.834871147549999648e+01 1.405126275979999946e+02
1.920379700239999987e-01 -3.304313410109999821e-02 2.060709945109999996e-01 -2.218208072400000008e-01 -1.361412608679999892e+02 6.846803004109999335e+01 1.411846606489999942e+02
1.667957054070000056e-01 -3.479172518260000013e-02 2.028571897660000067e-01 -2.144630142299999986e-01 -1.360878261230000135e+02 6.828934230500000524e+01 1.411757219300000088e+02
1.038149811079999985e-01 -3.375159654180000246e-02 2.069139502229999927e-01 -2.189226726680000013e-01 -1.356209176469999989e+02 6.785625039389999813e+01 1.410143415070000117e+02
1.141385205599999980e-01 -3.374329356289999804e-02 2.089206027709999969e-01 -2.209575810809999985e-01 -1.357071249189999946e+02 6.802111537940000119e+01 1.408478969260000042e+02
1.760569609079999931e-01 -3.416707267929999792e-02 2.105611165279999974e-01 -2.233088690689999933e-01 -1.355970862309999916e+02 6.784328049329999999e+01 1.403637467689999880e+02
1.094072356539999985e-01 -3.567996729430000097e-02 2.059983763690000080e-01 -2.191625343899999967e-01 -1.361145521539999947e+02 6.861972213759999306e+01 1.410919864999999902e+02
3.375516695920000032e-01 -3.306774832750000032e-02 2.074661640640000082e-01 -2.200948294429999896e-01 -1.359795861720000119e+02 6.785897512059999315e+01 1.404584420699999896e+02
1.080760242980000063e-01 -2.921696425479999859e-02 2.087412163429999967e-01 -2.242200717860000081e-01 -1.360320172669999863e+02 6.809163677889999633e+01 1.406160074800000075e+02
1.100633269869999986e-01 -3.226986903560000175e-02 2.062743158629999907e-01 -2.228039978370000007e-01 -1.356676914699999941e+02 6.845335116409999898e+01 1.407592163969999888e+02
1.499813916359999943e-01 -2.882715689309999982e-02 2.079931195929999865e-01 -2.248229535290000025e-01 -1.368144017580000025e+02 6.843211245569999335e+01 1.404145043050000083e+02
2.028065358460000023e-01 -3.350793607210000163e-02 2.055653338350000026e-01 -2.268394759900000113e-01 -1.355764960749999943e+02 6.924528510199999687e+01 1.411685080940000034e+02
1.721602452440000042e-01 -3.274362808009999987e-02 2.035990206759999976e-01 -2.227633413819999908e-01 -1.359540140379999968e+02 6.846710017799999548e+01 1.409608458179999957e+02
2.407479776370000102e-01 -3.113533165929999874e-02 2.055569545619999883e-01 -2.231755804070000015e-01 -1.361803952729999878e+02 6.890460069200000248e+01 1.410952720690000035e+02
2.578611288800000123e-01 -3.432496567920000075e-02 2.058676776420000076e-01 -2.211770901329999928e-01 -1.356509664980000025e+02 6.784025203769999735e+01 1.411983699890000139e+02
3.642596415850000158e-01 -3.402639880339999867e-02 2.086324391640000109e-01 -2.194263839939999960e-01 -1.359403550750000136e+02 6.742792727290000698e+01 1.405973097099999904e+02
1.480038733150000063e-01 -3.562209849629999897e-02 2.036710417729999945e-01 -2.241010553439999886e-01 -1.356576727519999963e+02 6.872579880780000394e+01 1.413852508530000023e+02
1.707579970629999888e-01 -3.423513603290000151e-02 2.069720875889999867e-01 -2.242643449170000081e-01 -1.358565454319999901e+02 6.894140805179999631e+01 1.408029973909999910e+02
1.384613554240000100e-01 -3.248962784309999963e-02 2.050315367970000080e-01 -2.236463522319999953e-01 -1.353638888199999997e+02 6.851640865550000115e+01 1.411935482579999928e+02
1.214394018030000022e-01 -3.206972589499999804e-02 2.025209616449999972e-01 -2.200738613930000032e-01 -1.361113115910000033e+02 6.897461021750000043e+01 1.412605231960000083e+02
1.337604345910000103e-01 -3.513613720920000238e-02 2.076064575200000095e-01 -2.200798615170000139e-01 -1.360691070649999972e+02 6.810853992379999511e+01 1.412818542420000085e+02
1.145170791270000016e-01 -3.484755381119999940e-02 2.034378330259999923e-01 -2.207287080639999954e-01 -1.359869651440000098e+02 6.867105220450000047e+01 1.413163557919999960e+02
1.267312514820000047e+01 -3.772883059059999739e-02 2.081217655879999961e-01 -2.209933094890000060e-01 -1.354487847919999979e+02 6.828073914150000689e+01 1.411205965119999917e+02
1.165948169930000056e-01 -3.236205283199999894e-02 1.998417629689999975e-01 -2.247188628460000115e-01 -1.360727004439999916e+02 6.980172040799999422e+01 1.416055173700000012e+02
1.186847940110000027e-01 -3.223585146440000049e-02 2.071629517209999938e-01 -2.242853486270000030e-01 -1.355306746269999962e+02 6.831498809490000212e+01 1.409706490309999936e+02
1.931875374179999882e-01 -3.818253263290000143e-02 2.026138632339999912e-01 -2.193360376369999920e-01 -1.351241238720000126e+02 6.889100229880000370e+01 1.417626146050000102e+02
2.225308631650000091e-01 -3.425108746359999817e-02 2.022585795340000048e-01 -2.178846578230000108e-01 -1.361908281210000098e+02 6.868378292859999590e+01 1.413976713080000138e+02
2.758174852170000024e-01 -3.080095461490000089e-02 2.066164916799999862e-01 -2.204718526999999983e-01 -1.361861569840000072e+02 6.814744390660000306e+01 1.403574325280000039e+02
1.726513951599999985e-01 -3.401706613049999828e-02 2.074045079609999898e-01 -2.206109975190000128e-01 -1.359846711319999883e+02 6.868432748700000445e+01 1.409321361400000114e+02
1.311827502550000080e-01 -3.577449877609999856e-02 2.053389768730000120e-01 -2.217414602330000095e-01 -1.357164670150000063e+02 6.850090380379999999e+01 1.416719017130000111e+02
1.084710450520000036e-01 -3.786694305120000270e-02 2.069358259600000138e-01 -2.199914885279999899e-01 -1.356070078349999903e+02 6.822264934349999521e+01 1.412691519379999932e+02
9.200588088950000243e-01 -3.027537054450000001e-02 2.069387885539999972e-01 -2.207919273429999885e-01 -1.363005669099999864e+02 6.824116729649999513e+01 1.404560555559999955e+02
1.226903848550000009e-01 -3.078323169539999918e-02 2.055006885740000011e-01 -2.243944075369999902e-01 -1.358942864869999880e+02 6.848318171580000069e+01 1.412091835829999980e+02
1.229212431789999949e-01 -3.171331456780000085e-02 2.030779552860000059e-01 -2.217974111609999910e-01 -1.360656242999999961e+02 6.917889353489999849e+01 1.409136159020000036e+02
1.460880994060000104e-01 -3.437659847880000091e-02 2.085255599239999869e-01 -2.202811534109999914e-01 -1.358489035979999926e+02 6.829686728350000635e+01 1.409154369359999919e+02
1.499702462720000073e-01 -3.419589249749999810e-02 2.029398669480000084e-01 -2.182207966670000054e-01 -1.355509347560000037e+02 6.846050160199999368e+01 1.415110790409999879e+02
1.025953309289999948e+00 -3.872919272300000271e-02 2.062429747869999885e-01 -2.201462088120000049e-01 -1.353769263080000087e+02 6.829190408520000233e+01 1.414545986150000090e+02
1.601343622929999877e-01 -3.141481841149999787e-02 2.055277432239999980e-01 -2.238016419770000043e-01 -1.360989587859999972e+02 6.884100748490000399e+01 1.411182253849999881e+02
1.795254720620000077e-01 -3.605959552150000275e-02 2.078523440330000138e-01 -2.239591374229999987e-01 -1.353809934450000014e+02 6.811114890880000416e+01 1.410464304779999907e+02
3.092518517599999739e-01 -3.087263762800000061e-02 2.055568252140000107e-01 -2.223811315700000013e-01 -1.355595475329999999e+02 6.857620090419999315e+01 1.403371546710000075e+02
1.315615976139999921e-01 -3.448128617170000132e-02 2.046750000210000031e-01 -2.162244954529999874e-01 -1.361661661109999955e+02 6.827205526919999556e+01 1.413191252029999987e+02
3.750337210069999827e+01 -3.182187938270000099e-02 2.072988935389999954e-01 -2.222889355509999887e-01 -1.356310303120000071e+02 6.802616750100000331e+01 1.412022339410000029e+02
5.324903775160000352e-01 -2.776968643789999927e-02 2.026134887040000054e-01 -2.178108820830000070e-01 -1.368838799030000075e+02 6.870924440679999634e+01 1.410040544789999899e+02
1.539992399160000081e-01 -3.101946560859999980e-02 2.023268672469999974e-01 -2.247841502079999942e-01 -1.357169053249999990e+02 6.927343214229999546e+01 1.411632723680000083e+02
1.379185925039999872e-01 -3.398105716000000137e-02 2.036033309889999920e-01 -2.214908857250000029e-01 -1.360114513299999999e+02 6.887867842030000531e+01 1.409245684990000029e+02
1.348612780350000040e-01 -3.031005987269999938e-02 2.028959813210000074e-01 -2.237886928570000100e-01 -1.364713188149999894e+02 6.895192534059999900e+01 1.409758169419999945e+02
1.244474599670000042e-01 -3.362019663130000335e-02 2.079676792129999952e-01 -2.244666249720000117e-01 -1.354191522870000028e+02 6.866912082579999321e+01 1.409965730389999976e+02
1.532289189530000040e-01 -3.058937089779999868e-02 2.070426042000000078e-01 -2.225954885460000032e-01 -1.363299756430000116e+02 6.819958672890000173e+01 1.409706575360000045e+02
1.110083448719999949e-01 -3.349639225130000147e-02 2.068278732620000004e-01 -2.231442837170000137e-01 -1.354940768630000036e+02 6.876788619149999704e+01 1.409192104159999985e+02
4.276348730219999839e-01 -3.263034058230000062e-02 2.018804248319999994e-01 -2.145465508649999908e-01 -1.363052979349999987e+02 6.850115633209999544e+01 1.413902860139999973e+02
1.886505165559999864e-01 -3.542520633799999680e-02 2.082962652850000040e-01 -2.221242071010000041e-01 -1.352275002019999874e+02 6.817926032600000497e+01 1.413036782679999988e+02
1.416829390010000134e-01 -3.492782890760000314e-02 2.053015128329999939e-01 -2.206642965220000085e-01 -1.354817680619999862e+02 6.824034742829999800e+01 1.415880772600000057e+02
1.126721137210000001e-01 -3.323946569249999761e-02 2.052614528160000007e-01 -2.244971231210000084e-01 -1.357505569600000115e+02 6.876009486440000273e+01 1.412135659610000005e+02
1.370179076130000062e-01 -3.187831818129999856e-02 2.048983750729999886e-01 -2.241440481539999918e-01 -1.362352883419999898e+02 6.873634581359999629e+01 1.408850390469999923e+02
2.492088475960000105e-01 -3.661376745569999702e-02 2.084499667230000075e-01 -2.253350767639999974e-01 -1.352355458279999993e+02 6.838173556050000457e+01 1.408891386070000067e+02
4.363688777629999849e-01 -3.896919613850000075e-02 2.033387937570000081e-01 -2.167106651500000092e-01 -1.349396215650000102e+02 6.826054819610000379e+01 1.416339520209999989e+02
4.049298965740000256e-01 -2.840056377330000062e-02 2.104553769409999997e-01 -2.246246599479999884e-01 -1.363967222560000039e+02 6.817758664660000534e+01 1.404370305850000022e+02
3.414782889679999767e-01 -3.439776605759999745e-02 2.075216937740000100e-01 -2.262255983410000060e-01 -1.350422011599999905e+02 6.837175329359999409e+01 1.409288350630000082e+02
1.915818665759999873e-01 -3.486215936010000210e-02 2.032893403059999882e-01 -2.207154334660000050e-01 -1.357216054630000031e+02 6.835622022740000148e+01 1.412740363110000033e+02
1.279721572270000052e-01 -3.107436997749999860e-02 2.075269736120000097e-01 -2.206770799989999920e-01 -1.363779786220000005e+02 6.792415664669999842e+01 1.405936898390000067e+02
1.830255729799999953e-01 -3.125307494719999774e-02 2.084040864549999983e-01 -2.199900690730000052e-01 -1.361719759140000008e+02 6.801296177419999367e+01 1.404092753360000074e+02
2.910604727339999864e-01 -3.235950902950000124e-02 2.067344201669999992e-01 -2.215494655290000114e-01 -1.361031619439999929e+02 6.821183057579999343e+01 1.407520675830000130e+02
1.501235042540000064e-01 -3.178995699659999813e-02 2.084799291830000123e-01 -2.217894876189999975e-01 -1.363495094269999868e+02 6.821053679930000158e+01 1.408047694200000137e+02
3.817928930080000116e-01 -3.161957042840000259e-02 2.037329529490000124e-01 -2.229855546220000095e-01 -1.357740152149999915e+02 6.914318455560000132e+01 1.411011840889999860e+02
2.191451019900000075e-01 -3.428189169850000273e-02 2.086869500840000113e-01 -2.207247925770000063e-01 -1.359013879459999998e+02 6.822809021339999447e+01 1.411128759650000006e+02
5.039549477229999797e-01 -3.220390077879999730e-02 2.092178986179999978e-01 -2.185781059449999897e-01 -1.361252296449999903e+02 6.783256511170000636e+01 1.407728714239999874e+02
1.249352621039999944e-01 -3.291621902880000061e-02 2.061406182069999982e-01 -2.224705223079999905e-01 -1.353943856870000104e+02 6.901593646089999368e+01 1.409406937359999858e+02
1.522068752840000094e-01 -3.197724832550000174e-02 2.058909695489999914e-01 -2.202298105390000094e-01 -1.359767321520000110e+02 6.839780434070000581e+01 1.407132493640000064e+02
5.103609125920000045e-01 -3.274109256339999968e-02 2.034869711379999890e-01 -2.214558496800000109e-01 -1.363516020079999862e+02 6.873487152079999873e+01 1.408776146609999955e+02
2.659149620530000258e-01 -3.345169510360000015e-02 2.055096083740000079e-01 -2.193610943879999997e-01 -1.353324960010000098e+02 6.821532471529999953e+01 1.411488051700000028e+02
4.145114407939999857e-01 -3.602510313590000235e-02 2.061024866960000090e-01 -2.185285797879999992e-01 -1.354550024929999950e+02 6.794297380790000318e+01 1.410044758880000018e+02
2.240164602649999948e-01 -3.387768797219999767e-02 2.040295351080000097e-01 -2.285223401800000054e-01 -1.354474019950000070e+02 6.950313599860000124e+01 1.413537446279999870e+02
2.696591907709999791e-01 -3.350962469499999680e-02 2.079089892619999935e-01 -2.121434211769999967e-01 -1.364005658609999898e+02 6.724410438980000038e+01 1.408464879139999937e+02
1.429213232340000028e-01 -3.398375942609999784e-02 2.038785272299999951e-01 -2.199333302850000060e-01 -1.360307544720000124e+02 6.845075742250000417e+01 1.410986690039999871e+02
1.368284678080000094e-01 -3.113815211240000130e-02 2.087569744339999867e-01 -2.204645005860000062e-01 -1.366584203779999882e+02 6.794725258990000327e+01 1.408798706929999867e+02
1.712035098430000069e-01 -3.546208919720000158e-02 2.108625858419999888e-01 -2.222266057070000078e-01 -1.353198907629999894e+02 6.792731556690000616e+01 1.408307687410000142e+02
1.069560729360000018e+00 -3.574093964970000148e-02 2.097673639709999871e-01 -2.212163702349999872e-01 -1.351816956360000006e+02 6.801230958669999893e+01 1.408026233880000007e+02
6.212523763759999484e-01 -3.116674919819999862e-02 2.055175355470000020e-01 -2.224578487639999880e-01 -1.362016260569999986e+02 6.817204040260000397e+01 1.398758756649999953e+02
1.224686612759999932e-01 -3.639965026389999775e-02 2.085316979279999983e-01 -2.217456983839999896e-01 -1.355748384290000104e+02 6.786826873959999773e+01 1.412174540739999884e+02
1.616937921419999924e+00 -3.212228116939999656e-02 2.056272839549999898e-01 -2.212727142339999953e-01 -1.359622077250000132e+02 6.794625439530000222e+01 1.406026025849999996e+02
2.219034763359999940e-01 -3.095196016009999981e-02 2.044769271669999999e-01 -2.195999042189999972e-01 -1.362062218190000067e+02 6.851777028559999394e+01 1.412820350060000010e+02
1.542165188890000094e-01 -3.583724159550000232e-02 2.065803725450000017e-01 -2.169997590759999984e-01 -1.357180836699999986e+02 6.758802799859999766e+01 1.410059485440000060e+02
1.166048420840000016e-01 -3.206047334280000272e-02 2.078086969340000034e-01 -2.214681228650000056e-01 -1.361738547680000124e+02 6.833333842800000468e+01 1.406516975300000070e+02
3.390920234629999919e-01 -3.328364024689999673e-02 2.060288129779999922e-01 -2.179020794269999894e-01 -1.360726207650000106e+02 6.820471055880000222e+01 1.412791106999999897e+02
1.208521333019999949e-01 -3.560332531819999924e-02 2.097979538049999926e-01 -2.248998240020000094e-01 -1.349375596570000084e+02 6.822288539550000053e+01 1.410980860569999891e+02
2.294288079310000117e-01 -3.469084991049999761e-02 2.041144750090000126e-01 -2.180897185039999964e-01 -1.358443894399999863e+02 6.834418804080000598e+01 1.416492619290000050e+02
1.002548443040000015e-01 -3.583729004890000291e-02 2.032501049169999907e-01 -2.223202348190000122e-01 -1.355361595749999992e+02 6.892743586539999967e+01 1.415423806709999894e+02
3.749823002439999775e-01 -3.480285984280000189e-02 2.029129072020000035e-01 -2.195774905600000049e-01 -1.361647959969999988e+02 6.838652038130000221e+01 1.411980191080000111e+02
1.077613155830000058e-01 -3.068769623529999865e-02 2.071484075920000112e-01 -2.227633134460000053e-01 -1.363798051189999967e+02 6.820263295620000576e+01 1.407521577459999946e+02
1.517658807019999889e+00 -3.342536940250000199e-02 2.094368951799999989e-01 -2.209792694390000090e-01 -1.360467752399999881e+02 6.825619459710000569e+01 1.405940786779999883e+02
2.030451293730000106e-01 -3.076934174530000093e-02 2.054969900399999938e-01 -2.222195251920000003e-01 -1.364376254750000044e+02 6.905297634849999611e+01 1.412092630530000008e+02
1.694706563429999868e-01 -3.615216791579999728e-02 2.056430156869999970e-01 -2.217726995790000044e-01 -1.349817439269999966e+02 6.843904119740000169e+01 1.415636861440000018e+02
1.008205098169999980e-01 -3.568100352910000272e-02 2.049249139100000061e-01 -2.193454956750000018e-01 -1.358632548170000121e+02 6.864771607039999424e+01 1.413920067589999974e+02
3.907136125490000000e-01 -3.185361277379999967e-02 2.055191252259999934e-01 -2.167519664900000032e-01 -1.363740704980000089e+02 6.786413761430000591e+01 1.410488923789999944e+02
2.944911653949999764e-01 -2.884706254650000121e-02 2.104390976549999903e-01 -2.277974997240000132e-01 -1.359363658739999892e+02 6.841480276229999902e+01 1.405589735359999963e+02
3.000152509549999791e-01 -3.409991427269999653e-02 2.081395012080000106e-01 -2.201570817890000087e-01 -1.355736041860000114e+02 6.785894190160000505e+01 1.408821273759999997e+02
3.434596272730000011e-01 -3.342704570470000219e-02 2.032370040220000118e-01 -2.192641994229999891e-01 -1.365259079909999969e+02 6.865873120119999840e+01 1.409615421149999861e+02
3.154641104290000220e-01 -3.218572896159999780e-02 2.080186465639999871e-01 -2.240170013140000138e-01 -1.358779656520000003e+02 6.878986941440000180e+01 1.412505818120000072e+02
1.059019002569999979e-01 -3.018889434909999975e-02 2.039229207849999892e-01 -2.149654568890000117e-01 -1.370767824499999961e+02 6.841215989799999875e+01 1.409849399189999986e+02
1.057357069710000014e-01 -3.036015633769999916e-02 2.072224920690000083e-01 -2.265276744939999920e-01 -1.361167709240000079e+02 6.868163491010000143e+01 1.405007365820000018e+02
1.045463051239999969e-01 -3.621999319819999702e-02 2.057445115029999938e-01 -2.144665891199999952e-01 -1.356573412740000038e+02 6.799455264569999713e+01 1.410996624670000017e+02
1.897283698820000086e-01 -2.846319305509999870e-02 2.051638843989999905e-01 -2.244984864250000045e-01 -1.363548146969999948e+02 6.897973743480000053e+01 1.408047176359999924e+02
1.299281752299999981e+00 -3.380185730949999967e-02 2.070969781770000129e-01 -2.182645027310000096e-01 -1.362032291239999893e+02 6.750340647299999830e+01 1.409964700980000032e+02
2.494886546420000129e-01 -3.353310384489999879e-02 2.074305561479999893e-01 -2.233547887690000011e-01 -1.354235952139999881e+02 6.841410205660000088e+01 1.409778026429999898e+02
1.332957905740000115e-01 -3.110942711720000170e-02 2.073175000230000065e-01 -2.249809749610000020e-01 -1.362577257709999969e+02 6.899149530219999349e+01 1.409441286560000037e+02
8.041380354099999517e-01 -2.939626424050000020e-02 2.083060216940000042e-01 -2.176834054560000120e-01 -1.366736174650000066e+02 6.799061239479999585e+01 1.406005473259999974e+02
3.147729205989999723e-01 -3.907298531319999824e-02 2.100000948319999949e-01 -2.258971621420000075e-01 -1.346577095629999974e+02 6.819055823879999423e+01 1.409725682179999922e+02
1.545471746600000085e-01 -3.759756152839999893e-02 2.085498323980000124e-01 -2.153098843300000065e-01 -1.356367497020000030e+02 6.751009227020000480e+01 1.410788825980000070e+02
2.688286273600000165e-01 -2.958358586280000063e-02 2.134059776359999994e-01 -2.183295463599999875e-01 -1.365222894139999994e+02 6.714856116619999682e+01 1.400648547369999903e+02
1.166175081270000025e-01 -3.035559212349999911e-02 2.006828129809999917e-01 -2.258100859709999964e-01 -1.361834302229999878e+02 6.960158384310000201e+01 1.412626885820000098e+02
1.117299754460000072e+00 -3.422809608940000081e-02 2.100825716789999908e-01 -2.209522007109999964e-01 -1.356814539169999989e+02 6.808198735189999695e+01 1.406079297039999858e+02
2.796062341189999856e-01 -3.256721661849999727e-02 2.069075829960000112e-01 -2.183827071530000108e-01 -1.364059557500000039e+02 6.817607228999999336e+01 1.408937962589999984e+02
1.627812527030000067e-01 -3.836319242519999756e-02 2.056621823370000102e-01 -2.222201182569999989e-01 -1.347236595550000118e+02 6.848260149610000269e+01 1.410904078229999925e+02
1.901200011209999985e-01 -3.452896640510000337e-02 2.051965946119999884e-01 -2.214380220759999962e-01 -1.353266188849999878e+02 6.824502221299999860e+01 1.415814775409999982e+02
1.402747704619999869e-01 -3.247944839909999715e-02 2.077737678669999977e-01 -2.214149467200000054e-01 -1.360253349289999960e+02 6.774131330490000380e+01 1.408836344919999988e+02
1.354688291599999983e-01 -3.079206017079999871e-02 2.048030472709999883e-01 -2.165006417489999946e-01 -1.366080086190000031e+02 6.799879014809999944e+01 1.410642965629999992e+02
1.181070927570000012e-01 -3.126081932679999897e-02 2.043012228830000110e-01 -2.194785598969999918e-01 -1.363298720450000019e+02 6.896483787149999500e+01 1.413228485040000066e+02
6.258428192430000259e+00 -3.344720118830000338e-02 2.039827207309999890e-01 -2.185941778459999929e-01 -1.360911390939999990e+02 6.884359828169999673e+01 1.413805802770000071e+02
3.279131791329999990e-01 -3.638075365860000271e-02 2.098025379360000109e-01 -2.219892494179999953e-01 -1.353130843719999916e+02 6.790065328549999890e+01 1.410629068240000095e+02
2.386056598780000038e-01 -3.177763462710000292e-02 2.076421884530000039e-01 -2.231430515289999916e-01 -1.363309448029999942e+02 6.855973685259999684e+01 1.407382217759999889e+02
1.647985324079999925e-01 -3.470503994000000147e-02 2.066469792070000089e-01 -2.187381360879999959e-01 -1.360775352400000031e+02 6.832022902929999475e+01 1.407877631229999906e+02
1.313879324890000033e+00 -3.407363843109999929e-02 2.025778366240000017e-01 -2.190983455380000056e-01 -1.361997227109999926e+02 6.884234819729999799e+01 1.413601214720000030e+02
1.471756089509999865e-01 -3.013172217279999968e-02 2.079275667920000015e-01 -2.282699963829999956e-01 -1.358955219300000010e+02 6.909698595429999557e+01 1.407526463510000099e+02
7.436271494280000116e-01 -3.086786179730000024e-02 2.058775936270000051e-01 -2.197984849690000075e-01 -1.363322237550000011e+02 6.824637760310000090e+01 1.408041645490000064e+02
1.281415511369999871e-01 -3.475169899680000118e-02 2.064131691739999885e-01 -2.193727885239999953e-01 -1.354009182949999968e+02 6.809143439640000395e+01 1.411051486579999903e+02
1.202523143210000034e-01 -3.200042439470000138e-02 2.098059838670000010e-01 -2.208017297880000007e-01 -1.358138274460000048e+02 6.815399784109999359e+01 1.404309599830000082e+02
5.048514530190000293e-01 -2.882660928910000045e-02 2.043701881770000062e-01 -2.161644177029999891e-01 -1.368544500760000062e+02 6.813441620810000643e+01 1.407813726980000126e+02
2.880557677139999884e-01 -3.722580776880000247e-02 2.100393857550000021e-01 -2.236633776380000105e-01 -1.350544136039999898e+02 6.791288899219999564e+01 1.411590736580000112e+02
1.392743839779999881e-01 -3.183728248380000153e-02 2.097220843179999905e-01 -2.251376073069999983e-01 -1.354712438109999937e+02 6.840219716020000362e+01 1.407697073319999959e+02
1.593042658899999908e-01 -3.652780057019999749e-02 2.099136625999999950e-01 -2.198970969619999938e-01 -1.353919747969999889e+02 6.780284942439999440e+01 1.410527380229999892e+02
1.216715378290000038e-01 -3.652004515650000144e-02 2.095345454280000130e-01 -2.175886359280000126e-01 -1.355434190489999935e+02 6.750127684020000629e+01 1.409390033480000000e+02
1.920278840659999930e-01 -3.232649242880000079e-02 2.059976150960000085e-01 -2.200485282830000056e-01 -1.362416106800000080e+02 6.802719700670000691e+01 1.406382178959999862e+02
4.197113858159999822e-01 -3.498451626259999753e-02 2.049106368220000030e-01 -2.230984208479999953e-01 -1.351210083109999971e+02 6.827046618859999683e+01 1.411491516270000091e+02
1.926297340939999991e-01 -3.466241894279999819e-02 2.081812892890000100e-01 -2.243881454689999888e-01 -1.352424972659999867e+02 6.783993405740000071e+01 1.409046177909999926e+02
2.627598596169999912e-01 -3.213826811380000176e-02 2.068353105509999901e-01 -2.238309329740000020e-01 -1.356286777359999860e+02 6.883974405829999910e+01 1.409356740359999947e+02
3.981541298919999972e-01 -3.163638937479999746e-02 2.094691774730000067e-01 -2.195108473919999970e-01 -1.361541280499999971e+02 6.756697023830000148e+01 1.407747868129999915e+02
1.492189507999999998e-01 -3.410127994739999696e-02 2.085618314200000101e-01 -2.179670862589999925e-01 -1.359584094020000009e+02 6.755723521080000182e+01 1.406675396379999938e+02
1.179531522049999948e-01 -2.875696250299999979e-02 2.071240057319999883e-01 -2.245594120069999977e-01 -1.365595039609999901e+02 6.891259917739999707e+01 1.406435851850000063e+02
2.382430510459999928e-01 -3.461088264429999783e-02 2.058992038280000048e-01 -2.182407077169999932e-01 -1.354702640399999893e+02 6.828229452089999540e+01 1.412010774919999960e+02
1.161016443859999997e-01 -3.535286861109999956e-02 2.066029147229999918e-01 -2.205956051159999876e-01 -1.357556309969999973e+02 6.836508205009999983e+01 1.413612392240000020e+02
1.133020362839999989e-01 -3.388614730160000033e-02 2.050668290369999924e-01 -2.229461740010000026e-01 -1.358506036779999988e+02 6.900886398629999974e+01 1.411447915889999933e+02
1.973772343809999941e-01 -3.165709755309999845e-02 2.040964757039999966e-01 -2.283990419609999989e-01 -1.355685330819999876e+02 6.926097489100000359e+01 1.408192951290000110e+02
1.189364538349999972e-01 -3.335646998879999992e-02 2.074960390770000107e-01 -2.217329926069999957e-01 -1.361538150000000087e+02 6.830057776959999671e+01 1.407915064420000135e+02
1.071229410809999977e-01 -3.116353614750000042e-02 2.046460798099999923e-01 -2.190379142409999980e-01 -1.358279340750000017e+02 6.859050488929999290e+01 1.411880775950000100e+02
2.368664081280000000e-01 -3.353980146289999714e-02 2.056614600180000085e-01 -2.230772061640000081e-01 -1.354574606429999903e+02 6.828141818550000153e+01 1.408425957620000020e+02
1.063143657979999934e-01 -3.349314414170000143e-02 2.079212343279999986e-01 -2.219608771350000120e-01 -1.360493442789999960e+02 6.808186743580000666e+01 1.405531280209999920e+02
8.172496580550000500e-01 -2.935464102249999915e-02 2.107738657540000060e-01 -2.225703306369999912e-01 -1.362402032280000128e+02 6.785432421400000180e+01 1.401949692990000074e+02
1.046569017829999948e-01 -3.720269290880000301e-02 2.035050912609999985e-01 -2.184489044990000073e-01 -1.358114936059999991e+02 6.844938692409999703e+01 1.412024605940000015e+02
2.321427128430000042e-01 -3.260824317560000185e-02 2.081312206979999968e-01 -2.251798939340000083e-01 -1.354687652439999965e+02 6.832950427510000679e+01 1.408575083009999958e+02
2.289988329679999990e-01 -4.217336046959999779e-02 2.087080579950000014e-01 -2.184651233930000047e-01 -1.345563783949999959e+02 6.765542783179999731e+01 1.411842847609999865e+02
1.696045135679999927e-01 -3.525361426259999986e-02 2.061509190180000062e-01 -2.176175609240000031e-01 -1.357570087349999994e+02 6.770146688089999998e+01 1.414509181909999995e+02
1.263820534729999945e-01 -2.950064386900000044e-02 2.065058279280000131e-01 -2.191971924580000119e-01 -1.368352029090000030e+02 6.821537187250000045e+01 1.404905083579999996e+02
1.186063858090000034e+00 -3.204365421890000010e-02 2.064992109350000105e-01 -2.236819774669999983e-01 -1.360687794300000064e+02 6.905882599219999918e+01 1.409381388730000140e+02
