6.491035637049999973e-01 -1.514742908330000137e-01 2.608779766000000055e-01 -7.642161826389999579e-02 -1.280566278130000057e+02 4.453399990329999980e+01 1.652539877069999932e+02
1.084863933979999945e-01 -1.538290226089999990e-01 2.612491865630000021e-01 -8.069480638239999448e-02 -1.268430444589999979e+02 4.496545348349999927e+01 1.659766398650000099e+02
1.007333792790000015e-01 -1.523667992440000118e-01 2.531952966659999915e-01 -7.389054074470000066e-02 -1.274855067649999967e+02 4.569055718639999952e+01 1.664025566599999877e+02
1.339510978869999924e-01 -1.502439974639999953e-01 2.599271919360000016e-01 -7.566538840469999583e-02 -1.282871604629999922e+02 4.478157890589999823e+01 1.651614739100000122e+02
2.575263691499999896e-01 -1.573315886589999879e-01 2.598566014340000230e-01 -7.624701891860000136e-02 -1.264438053789999969e+02 4.545438726630000303e+01 1.654765797089999921e+02
1.063949752240000018e-01 -1.539597145190000071e-01 2.552042227429999754e-01 -7.337798675649999380e-02 -1.269186842200000029e+02 4.530984059109999862e+01 1.660176501470000119e+02
2.782829323170000202e-01 -1.564531909150000122e-01 2.574782102879999979e-01 -7.668280996849999309e-02 -1.261011297499999984e+02 4.502869088900000349e+01 1.660687793600000077e+02
1.463534300160000134e-01 -1.541182834679999947e-01 2.607148889049999974e-01 -7.900744780429999614e-02 -1.272711536980000062e+02 4.507098910530000069e+01 1.661552597650000109e+02
1.110914043640000015e-01 -1.530869560589999956e-01 2.614882415309999764e-01 -7.956256552500000356e-02 -1.270571468159999995e+02 4.546697959269999956e+01 1.657904611909999915e+02
1.869746700490000080e-01 -1.576250898819999968e-01 2.555459617199999922e-01 -8.081924502630000173e-02 -1.253421661729999954e+02 4.644011643940000056e+01 1.671139226269999938e+02
1.032876815669999948e-01 -1.567402047479999894e-01 2.582191359639999795e-01 -7.896426259439999484e-02 -1.264961566690000012e+02 4.542804550900000038e+01 1.662755747999999869e+02
2.156451952729999955e-01 -1.540982240980000029e-01 2.578359110099999740e-01 -7.882271834519999354e-02 -1.262091493110000044e+02 4.589416019099999744e+01 1.665040111469999999e+02
1.339033760480000113e-01 -1.522265166679999948e-01 2.594303965749999996e-01 -7.684639582510000011e-02 -1.278664838760000038e+02 4.484171448029999851e+01 1.653829903150000007e+02
1.176073141450000026e-01 -1.527294026059999865e-01 2.600107915339999742e-01 -7.830096682560000465e-02 -1.278298990130000021e+02 4.514448687290000350e+01 1.653054937450000068e+02
2.792876471560000184e-01 -1.584152475399999982e-01 2.554876432359999838e-01 -7.657263565789999837e-02 -1.253528121399999975e+02 4.551568952310000071e+01 1.665814642839999919e+02
1.256865554190000067e-01 -1.551030965649999871e-01 2.593324603320000254e-01 -7.289682481829999616e-02 -1.270790551359999938e+02 4.451970363360000249e+01 1.655501650459999894e+02
1.043065514229999935e-01 -1.545354447199999981e-01 2.584058509919999747e-01 -7.636865569919999708e-02 -1.268335223600000035e+02 4.550616093290000208e+01 1.661235746659999961e+02
1.831032371990000129e-01 -1.561943845240000017e-01 2.623047153659999742e-01 -7.928936483659999868e-02 -1.262763372879999935e+02 4.516102303249999750e+01 1.653593191109999907e+02
4.452116854589999728e-01 -1.519746567899999956e-01 2.581378269540000048e-01 -8.202638620100000111e-02 -1.273236566810000028e+02 4.627679797889999946e+01 1.670087784559999875e+02
1.734199093899999877e-01 -1.589936143950000103e-01 2.569830428600000105e-01 -7.991796606749999865e-02 -1.251755472979999979e+02 4.601118605770000158e+01 1.668583710000000053e+02
1.142520197779999941e-01 -1.591697639859999958e-01 2.584904810540000208e-01 -8.046339146089999395e-02 -1.253414070670000058e+02 4.626611360969999964e+01 1.667454515590000028e+02
3.683635944499999981e-01 -1.579381469480000133e-01 2.568801564709999874e-01 -7.847436168860000283e-02 -1.254236907439999982e+02 4.614065190209999656e+01 1.668809389049999936e+02
4.753340008570000053e-01 -1.533133685330000107e-01 2.581206634400000088e-01 -7.358149362259999715e-02 -1.272234534149999945e+02 4.459748264169999743e+01 1.657018880319999994e+02
4.881242136569999834e-01 -1.568772915659999989e-01 2.612815810269999983e-01 -7.721645236940000157e-02 -1.262771294719999986e+02 4.506003569660000352e+01 1.656617700920000118e+02
1.238277435320000036e-01 -1.598049838280000134e-01 2.576072079269999815e-01 -7.312178557189999428e-02 -1.257669673670000066e+02 4.519553953460000173e+01 1.658978419869999925e+02
1.183623920689999970e-01 -1.560073552819999931e-01 2.541600887129999986e-01 -8.129329124249999594e-02 -1.260852459310000029e+02 4.715888161190000005e+01 1.672519405310000025e+02
2.127989022050000012e-01 -1.572038320770000053e-01 2.569691936099999796e-01 -7.701656809010000437e-02 -1.258555842260000048e+02 4.522555957160000162e+01 1.663048986979999881e+02
1.706432868470000030e-01 -1.548023746420000013e-01 2.550708730630000254e-01 -7.396601412330000569e-02 -1.268283496159999970e+02 4.554025848930000109e+01 1.661585235569999952e+02
1.665834142050000022e-01 -1.559478668339999985e-01 2.650172443809999945e-01 -8.075867419469999475e-02 -1.265354626480000064e+02 4.506221198149999907e+01 1.655199814080000067e+02
1.359421931439999953e-01 -1.531889885939999862e-01 2.598437271319999908e-01 -8.224324946250000101e-02 -1.275134731549999998e+02 4.598123798990000211e+01 1.663170470489999957e+02
4.123223713499999943e-01 -1.538583858650000025e-01 2.587996029660000197e-01 -7.938215331600000091e-02 -1.269743191900000028e+02 4.502234269529999722e+01 1.669251106229999948e+02
3.794303082470000255e-01 -1.516401654969999901e-01 2.583950450099999907e-01 -7.973226585239999442e-02 -1.277386049539999959e+02 4.585570204929999960e+01 1.660433817750000003e+02
1.060130848899999978e-01 -1.555243364059999966e-01 2.618648137530000253e-01 -7.500454653719999809e-02 -1.268071141319999953e+02 4.398466221790000219e+01 1.651206408109999870e+02
1.838807487540000118e-01 -1.536578837529999908e-01 2.565791830499999926e-01 -7.545144316860000200e-02 -1.272062250860000034e+02 4.525015965370000259e+01 1.660949376039999947e+02
2.162753054850000134e-01 -1.550276580150000139e-01 2.623260550420000170e-01 -7.977688617799999493e-02 -1.263912208400000026e+02 4.512039862169999793e+01 1.660368136849999985e+02
1.438126119500000022e-01 -1.569723150590000005e-01 2.574660950489999767e-01 -7.679364570329999529e-02 -1.258432449499999990e+02 4.557403302670000045e+01 1.660960886109999990e+02
4.250829828820000267e-01 -1.573592360620000019e-01 2.606652213310000077e-01 -7.629585603680000272e-02 -1.260768033420000052e+02 4.528774986030000349e+01 1.662740487910000127e+02
1.331982441500000058e-01 -1.544297084779999996e-01 2.588527413410000033e-01 -7.946998600179999706e-02 -1.257411232729999995e+02 4.566293721200000277e+01 1.667098081160000049e+02
5.206958361269999891e-01 -1.521126309680000122e-01 2.604040946999999773e-01 -8.101121467010000132e-02 -1.277691505180000036e+02 4.521988544589999748e+01 1.661397574179999879e+02
7.639065634399999638e-01 -1.544512481460000031e-01 2.592062556690000186e-01 -7.733681535330000356e-02 -1.269177259589999949e+02 4.502214114969999770e+01 1.656612135119999891e+02
2.661083129049999774e-01 -1.539291414310000050e-01 2.549582666069999948e-01 -7.520900125809999726e-02 -1.270470729769999991e+02 4.566771282519999886e+01 1.663020306370000014e+02
1.527258702610000130e-01 -1.586932737839999996e-01 2.584731236109999997e-01 -7.200318406800000626e-02 -1.261214023069999968e+02 4.503831453330000301e+01 1.657095415729999957e+02
1.025717792029999936e-01 -1.551789849130000010e-01 2.594545050000000019e-01 -7.516869807560000449e-02 -1.270109275450000013e+02 4.463164368099999990e+01 1.658515585840000028e+02
3.063094668479999783e-01 -1.571310887479999974e-01 2.590746210459999865e-01 -8.078890028919999411e-02 -1.260294801229999990e+02 4.642818659609999798e+01 1.668889924339999880e+02
1.573785874330000112e-01 -1.585133805149999964e-01 2.581122105179999848e-01 -7.394687121739999813e-02 -1.253881783270000057e+02 4.515598379349999902e+01 1.658696685010000067e+02
2.637099121820000169e-01 -1.551289063090000031e-01 2.556120399510000141e-01 -7.500184628410000442e-02 -1.265284681379999938e+02 4.494960188440000337e+01 1.663262206690000085e+02
1.614659094919999871e-01 -1.562802293560000000e-01 2.596168663449999747e-01 -8.245615449840000555e-02 -1.257360891269999996e+02 4.610104616240000297e+01 1.667509309739999992e+02
1.178822438610000051e-01 -1.544241936519999969e-01 2.581349315300000002e-01 -7.266103366670000063e-02 -1.267233454940000001e+02 4.441015409829999783e+01 1.653660722070000020e+02
1.825753779440000002e-01 -1.569797965730000133e-01 2.590028199680000087e-01 -7.719193675749999595e-02 -1.266364807289999987e+02 4.516231724779999723e+01 1.661467186609999942e+02
1.407096980879999903e-01 -1.523896462479999991e-01 2.597622219010000122e-01 -7.446419145919999649e-02 -1.276551442150000071e+02 4.452331484749999646e+01 1.649918037440000091e+02
1.194403888070000030e-01 -1.542440096159999885e-01 2.567408380219999842e-01 -7.940970794639999608e-02 -1.263608215210000054e+02 4.570660465659999971e+01 1.668857798630000104e+02
2.647561291030000041e-01 -1.568468793799999983e-01 2.614549877189999982e-01 -7.975882386009999769e-02 -1.261719412310000052e+02 4.591666568530000347e+01 1.661609489619999920e+02
2.164266071239999978e-01 -1.554593853379999946e-01 2.604476922610000078e-01 -8.036130430979999961e-02 -1.263313483010000056e+02 4.566342870670000309e+01 1.664999025870000082e+02
1.035383180039999990e-01 -1.631995444450000110e-01 2.596077568240000022e-01 -7.540749782760000630e-02 -1.243044310850000045e+02 4.542602278990000286e+01 1.661736769030000005e+02
2.950913822160000088e-01 -1.518038116290000017e-01 2.595229078960000213e-01 -8.001928427259999421e-02 -1.272463972080000048e+02 4.524945027830000299e+01 1.661763659400000108e+02
1.242977316320000025e-01 -1.595419859839999899e-01 2.626687023809999855e-01 -8.482710212110000647e-02 -1.251472602660000035e+02 4.592196391440000269e+01 1.664070345179999890e+02
1.927194778309999912e-01 -1.536924139660000022e-01 2.582268125150000149e-01 -8.056833152419999589e-02 -1.271841222070000015e+02 4.620300600630000076e+01 1.665894580899999937e+02
2.752672544929999798e+00 -1.558833801969999877e-01 2.600313351329999745e-01 -8.412064991680000270e-02 -1.263308711530000039e+02 4.652719183490000177e+01 1.668761509429999990e+02
2.140389799119999936e-01 -1.570081547570000013e-01 2.565011588780000129e-01 -7.691880730080000172e-02 -1.266427061870000017e+02 4.572078767050000181e+01 1.662167397489999985e+02
1.759467342749999885e-01 -1.563185749209999864e-01 2.577104199479999802e-01 -7.515261603990000538e-02 -1.265891275310000026e+02 4.488107917539999647e+01 1.657366461629999890e+02
1.914899753000000038e-01 -1.540990299780000128e-01 2.573494748879999738e-01 -7.565239639779999803e-02 -1.273616173220000007e+02 4.495990909039999650e+01 1.659936016219999999e+02
1.151072404349999939e-01 -1.527216671169999984e-01 2.563190432479999781e-01 -8.306877776170000505e-02 -1.269041271440000003e+02 4.706638733529999996e+01 1.670529463780000015e+02
1.618968642230000088e-01 -1.557937247629999911e-01 2.605174089069999810e-01 -8.355826587490000623e-02 -1.259711542609999952e+02 4.627085997540000051e+01 1.666592866329999936e+02
1.207370401289999950e-01 -1.567539227920000111e-01 2.614680265059999842e-01 -8.045627993779999598e-02 -1.263053686749999969e+02 4.525651007180000107e+01 1.660022651909999922e+02
1.028833365390000032e-01 -1.569207232890000026e-01 2.558777567780000095e-01 -8.123137414070000228e-02 -1.259352236609999949e+02 4.713851538200000135e+01 1.673322714870000141e+02
2.132947084010000105e-01 -1.518396887110000093e-01 2.577111250599999903e-01 -8.281408250510000069e-02 -1.273472640420000062e+02 4.664975820930000339e+01 1.667593834570000126e+02
8.219454727999999655e-01 -1.558182023140000094e-01 2.548322770140000193e-01 -8.244674591639999939e-02 -1.261045763709999932e+02 4.710810187589999742e+01 1.675120176929999900e+02
1.665231437739999876e-01 -1.562818392470000095e-01 2.574687097910000055e-01 -6.946681626990000580e-02 -1.269052795740000050e+02 4.394109733220000180e+01 1.651484792050000010e+02
1.260870110969999902e-01 -1.588673333120000086e-01 2.552499704480000187e-01 -7.068659314210000433e-02 -1.254396028910000069e+02 4.482509470259999773e+01 1.661105603219999978e+02
1.050895589120000029e-01 -1.598116773069999941e-01 2.567880606040000013e-01 -7.270765185460000002e-02 -1.253208969970000055e+02 4.481052716090000132e+01 1.658712779159999968e+02
4.180736072440000006e-01 -1.601899657180000103e-01 2.597181003730000270e-01 -7.942925669670000688e-02 -1.254890754850000008e+02 4.593972155360000187e+01 1.663478262399999892e+02
4.114928074509999756e-01 -1.542754213180000111e-01 2.576227319639999847e-01 -8.025132481820000663e-02 -1.269890964650000029e+02 4.605993714990000143e+01 1.669062120419999928e+02
1.523666073870000026e-01 -1.562500728189999966e-01 2.581677210400000200e-01 -7.719437831360000113e-02 -1.265498484209999930e+02 4.499599700769999799e+01 1.662303527949999875e+02
3.395379552719999805e-01 -1.569897672149999923e-01 2.594324484739999881e-01 -7.876096993530000423e-02 -1.260640325810000064e+02 4.545562976480000117e+01 1.661927531519999945e+02
2.171453178989999899e-01 -1.573172061629999896e-01 2.581629374170000268e-01 -7.039666622630000314e-02 -1.262744495000000029e+02 4.454119463680000024e+01 1.656853054899999904e+02
3.591813251159999831e-01 -1.533699401649999960e-01 2.632597756730000182e-01 -7.519378696169999599e-02 -1.272940516550000041e+02 4.414031143719999761e+01 1.648755222789999948e+02
1.883025505819999890e-01 -1.566675679560000090e-01 2.581212665520000171e-01 -7.608815812239999588e-02 -1.266603831729999996e+02 4.569711167090000004e+01 1.661593497499999899e+02
2.645670734969999827e-01 -1.553823974619999992e-01 2.579020423480000157e-01 -7.765576639419999316e-02 -1.261422339840000006e+02 4.533505680350000233e+01 1.662124698229999922e+02
2.862011318250000103e-01 -1.569926116879999944e-01 2.555997029920000219e-01 -7.612184383990000525e-02 -1.260015470820000019e+02 4.609540624030000089e+01 1.664636226220000026e+02
1.439772778700000033e-01 -1.547894625579999961e-01 2.598301709399999937e-01 -7.527020194399999808e-02 -1.268200065500000022e+02 4.556234179329999989e+01 1.657703908500000125e+02
2.946654935219999993e-01 -1.542640874779999949e-01 2.585128664449999891e-01 -7.898724779769999982e-02 -1.277954539020000055e+02 4.577367238229999913e+01 1.664357160760000056e+02
1.688815765470000008e+00 -1.587319491599999965e-01 2.584067406950000256e-01 -7.402964698979999647e-02 -1.258563843719999937e+02 4.481777871279999914e+01 1.659839575389999879e+02
2.381800657139999944e-01 -1.586495514269999907e-01 2.571587420040000183e-01 -7.792233851160000613e-02 -1.252714767660000064e+02 4.584529261410000345e+01 1.664942148160000102e+02
1.547778539770000017e-01 -1.584030394060000069e-01 2.575764390999999986e-01 -7.325994365950000420e-02 -1.263999462390000019e+02 4.489939368579999979e+01 1.657157146149999960e+02
1.964444768220000026e-01 -1.551607675359999994e-01 2.569082445609999765e-01 -7.410630400249999805e-02 -1.268108912510000010e+02 4.512237856939999858e+01 1.661582563190000030e+02
1.278132650069999932e-01 -1.506225735489999940e-01 2.597407949139999839e-01 -8.060009173469999399e-02 -1.277881920359999981e+02 4.601953632200000044e+01 1.661683971790000101e+02
1.052588788780000062e-01 -1.598994328180000091e-01 2.583518837300000093e-01 -7.814345575150000167e-02 -1.249932283859999984e+02 4.599180716549999914e+01 1.665557073969999919e+02
8.826678426359999552e-01 -1.561830810579999951e-01 2.639417388570000078e-01 -8.475355188689999431e-02 -1.258949653490000031e+02 4.549494041789999699e+01 1.660298315189999983e+02
1.213897635380000034e-01 -1.515828398940000099e-01 2.574950059860000029e-01 -8.235648024630000397e-02 -1.273303689570000046e+02 4.631609182300000072e+01 1.667861856929999931e+02
2.389225192449999924e-01 -1.549987949199999882e-01 2.601121198029999748e-01 -7.923939893270000312e-02 -1.268731039780000032e+02 4.531831264939999926e+01 1.653679079960000138e+02
1.508210854200000006e-01 -1.575650888019999862e-01 2.562616661589999789e-01 -7.582893361310000246e-02 -1.262943833519999970e+02 4.540051577509999703e+01 1.664940445189999991e+02
1.106601852090000060e-01 -1.528633749549999921e-01 2.621148514469999746e-01 -8.209583197089999340e-02 -1.269641959949999972e+02 4.539828179669999741e+01 1.659775569349999955e+02
1.760003630470000080e-01 -1.546256966469999883e-01 2.611111094679999800e-01 -8.124241364739999416e-02 -1.265556273250000032e+02 4.610087298199999850e+01 1.660632834969999863e+02
4.972156357740000199e-01 -1.579779010669999928e-01 2.595393103870000107e-01 -7.573171698090000459e-02 -1.257122348280000068e+02 4.492442306019999876e+01 1.656589130419999947e+02
1.066434889750000059e-01 -1.578619864119999994e-01 2.606059010199999748e-01 -7.773709237549999984e-02 -1.263203023169999994e+02 4.540615335140000042e+01 1.656506514719999927e+02
7.555623023169999453e-01 -1.536077727630000000e-01 2.601740204019999947e-01 -8.456977742469999615e-02 -1.266773740739999994e+02 4.651673174740000150e+01 1.664103383739999913e+02
1.696238299820000073e+00 -1.595940214590000072e-01 2.602439290490000112e-01 -7.739980334469999390e-02 -1.261729036480000019e+02 4.531747814370000071e+01 1.660362827650000099e+02
1.844370656440000034e-01 -1.564420359979999953e-01 2.582875111090000009e-01 -8.300116364069999586e-02 -1.256213760610000065e+02 4.668676115190000075e+01 1.668412480940000080e+02
1.373805527660000025e-01 -1.568364396980000131e-01 2.649370859610000184e-01 -8.125872229029999783e-02 -1.260576483340000067e+02 4.516076269330000059e+01 1.655603249030000086e+02
1.170164665160000061e-01 -1.532491836880000013e-01 2.611455850850000204e-01 -7.954056363610000069e-02 -1.276205335709999957e+02 4.471471639739999659e+01 1.656804409290000137e+02
1.932814611889999978e-01 -1.578589056199999896e-01 2.617763642450000039e-01 -7.797038591909999372e-02 -1.261257894620000002e+02 4.559501527359999784e+01 1.660280697670000052e+02
6.540075612879999944e+00 -1.569075119570000065e-01 2.565304318450000176e-01 -8.259472660970000601e-02 -1.255969110919999991e+02 4.709543387349999932e+01 1.673935226940000121e+02
2.231006530300000124e-01 -1.530948455009999987e-01 2.615560169380000133e-01 -7.704617270739999579e-02 -1.276788130789999940e+02 4.506563235040000137e+01 1.653132397869999863e+02
1.028527267170000065e-01 -1.547189159240000000e-01 2.583845327020000138e-01 -7.766758395410000571e-02 -1.260889789760000070e+02 4.581129998539999804e+01 1.659561263989999986e+02
2.648630951859999860e-01 -1.561247557740000069e-01 2.603047804659999742e-01 -7.631110906820000317e-02 -1.268460154969999962e+02 4.498674353250000024e+01 1.655068977699999948e+02
2.162401228289999866e-01 -1.541584296700000134e-01 2.591666161880000208e-01 -7.836891139280000029e-02 -1.264973800789999956e+02 4.497111678960000347e+01 1.653853086949999920e+02
3.955574066890000129e+00 -1.543348139600000113e-01 2.602532354139999726e-01 -8.238017440690000026e-02 -1.265459343339999947e+02 4.612028916599999917e+01 1.662257342610000137e+02
1.667327086429999938e-01 -1.575529657770000092e-01 2.604794480329999939e-01 -7.987734785250000247e-02 -1.256001484549999958e+02 4.529892617109999975e+01 1.661202644020000037e+02
1.395054696789999882e-01 -1.566614807120000064e-01 2.531270897110000084e-01 -7.631393481110000654e-02 -1.262994130560000059e+02 4.654224124960000353e+01 1.669069234540000082e+02
1.279427335530000098e-01 -1.538169021549999904e-01 2.563222673080000069e-01 -7.807296315709999490e-02 -1.268937176729999976e+02 4.567627207710000192e+01 1.662242691920000084e+02
1.602470359269999867e-01 -1.584111931259999939e-01 2.586950143439999961e-01 -7.242689621539999401e-02 -1.261802647429999951e+02 4.447672202990000301e+01 1.652228161339999986e+02
1.146152932700000016e-01 -1.583131227840000044e-01 2.571402698149999888e-01 -7.650485653140000342e-02 -1.256460847919999964e+02 4.582469522449999744e+01 1.666070822679999992e+02
3.764029890939999956e-01 -1.542867661850000072e-01 2.596602598609999979e-01 -8.103582433509999572e-02 -1.264240818039999965e+02 4.549760784050000240e+01 1.667072275849999983e+02
1.359339069290000090e-01 -1.537270534029999969e-01 2.555665889509999844e-01 -7.620779627120000121e-02 -1.271004118510000040e+02 4.542635623049999793e+01 1.660705021729999942e+02
1.050036926359999984e-01 -1.572463788900000103e-01 2.602911180540000147e-01 -7.441571273239999673e-02 -1.259867641310000010e+02 4.438460394919999885e+01 1.655350312749999944e+02
1.361528071379999871e-01 -1.515011189799999880e-01 2.577351255600000002e-01 -7.657301914370000240e-02 -1.282088322529999971e+02 4.548821811239999846e+01 1.658214640230000043e+02
2.031693547919999898e-01 -1.585292333399999920e-01 2.584727378330000103e-01 -7.345733381110000626e-02 -1.263104705850000045e+02 4.505844965269999847e+01 1.657780129349999925e+02
2.388626905200000039e-01 -1.522507827500000077e-01 2.617286654859999895e-01 -8.027974700199999591e-02 -1.276216324730000053e+02 4.543544704890000219e+01 1.654723051740000130e+02
3.015558766299999971e-01 -1.553731015950000072e-01 2.592147769759999831e-01 -7.327762478070000418e-02 -1.273234040159999978e+02 4.450891715889999745e+01 1.654953827319999959e+02
1.607777948880000085e-01 -1.556637415619999965e-01 2.592011300270000151e-01 -8.046718987209999785e-02 -1.259632497919999992e+02 4.573557967979999717e+01 1.665250036850000015e+02
1.310086190480000135e-01 -1.545707610519999886e-01 2.613201228950000066e-01 -7.941237015619999340e-02 -1.264043887779999977e+02 4.519296945170000157e+01 1.660054034309999906e+02
4.694506155040000239e-01 -1.530722663059999877e-01 2.597461908550000032e-01 -7.778273901250000455e-02 -1.277615353350000049e+02 4.480265156229999945e+01 1.656461749910000094e+02
1.014573706650000046e-01 -1.578984437100000027e-01 2.601980020640000113e-01 -7.456601170349999586e-02 -1.261546195579999932e+02 4.434682627840000180e+01 1.655285760639999921e+02
1.922044339129999890e-01 -1.549617935479999931e-01 2.552041050509999964e-01 -7.740385933280000130e-02 -1.269847475870000011e+02 4.620409291320000023e+01 1.664056774350000012e+02
1.016661163099999987e-01 -1.532582004299999912e-01 2.588365137270000060e-01 -7.742765415289999675e-02 -1.268875171810000069e+02 4.476204483059999717e+01 1.657001667330000032e+02
1.306213814249999883e-01 -1.587064234929999873e-01 2.599429814409999762e-01 -7.652483368689999566e-02 -1.260425552970000069e+02 4.492048494059999797e+01 1.658863814720000107e+02
1.961837661030000068e-01 -1.543648628890000041e-01 2.596581670170000078e-01 -7.886090195879999487e-02 -1.274557019389999937e+02 4.426709540920000308e+01 1.662317360309999970e+02
1.097220711759999967e-01 -1.585953470850000047e-01 2.602696210909999919e-01 -7.802359442179999938e-02 -1.259795658550000041e+02 4.495525714109999882e+01 1.660156320830000141e+02
1.727331789379999982e-01 -1.566869520870000088e-01 2.578582545149999961e-01 -7.319506750460000322e-02 -1.264783448729999975e+02 4.528843989450000151e+01 1.658411539210000001e+02
1.495766424040000098e-01 -1.559898020130000007e-01 2.560341509990000097e-01 -7.537417474639999948e-02 -1.262786180939999952e+02 4.533355006240000051e+01 1.663064582259999895e+02
2.177345290669999989e-01 -1.593937240680000089e-01 2.587196321160000201e-01 -7.484724845899999590e-02 -1.256629698539999964e+02 4.511776567780000136e+01 1.663313858960000005e+02
1.173368584610000043e-01 -1.528486928070000028e-01 2.601398666070000032e-01 -7.541651042949999717e-02 -1.277696382670000048e+02 4.460888823020000160e+01 1.656687804729999982e+02
1.296446988330000050e-01 -1.578139759219999994e-01 2.584720039580000184e-01 -7.376112651119999530e-02 -1.258646368760000058e+02 4.507601304949999843e+01 1.662488560769999992e+02
1.106194647329999947e-01 -1.544851260750000066e-01 2.603426010470000218e-01 -8.000924073409999837e-02 -1.268361154490000047e+02 4.576692013769999789e+01 1.663507847959999992e+02
3.056375854169999795e-01 -1.529648582810000101e-01 2.584460346779999806e-01 -7.186794329199999720e-02 -1.277946777779999934e+02 4.428221577920000129e+01 1.654193036110000037e+02
1.048047729870000000e-01 -1.588192143859999961e-01 2.570171039440000138e-01 -7.747996049369999805e-02 -1.255487504519999931e+02 4.584930042650000104e+01 1.666590750969999988e+02
1.395308522469999868e-01 -1.607392695160000107e-01 2.615302692470000134e-01 -8.059892638610000049e-02 -1.248249928219999987e+02 4.538300175210000020e+01 1.661362505969999859e+02
1.319918373410000068e-01 -1.540966724919999864e-01 2.595055213760000257e-01 -7.925573040220000587e-02 -1.261356744509999999e+02 4.573011236920000044e+01 1.668182300310000130e+02
2.813068276790000044e-01 -1.560741119429999990e-01 2.576988254209999774e-01 -7.787329945739999981e-02 -1.265084899539999981e+02 4.550697951090000259e+01 1.662476748640000039e+02
1.132536323340000095e+00 -1.573285443680000062e-01 2.581505448090000154e-01 -7.632966831319999701e-02 -1.262862365670000031e+02 4.595560635260000026e+01 1.661869209420000004e+02
1.716783058459999955e-01 -1.533823634389999968e-01 2.590452554639999794e-01 -7.651584461100000012e-02 -1.270640670439999980e+02 4.505795768370000332e+01 1.657418606630000113e+02
1.851188492670000074e-01 -1.593803644129999919e-01 2.578099670469999882e-01 -7.493784603080000384e-02 -1.259063830449999983e+02 4.561611322819999970e+01 1.662235085700000070e+02
1.134532613719999999e-01 -1.544974570759999888e-01 2.602418421609999921e-01 -7.936977719929999564e-02 -1.260854251789999978e+02 4.554855412149999694e+01 1.659783882959999914e+02
2.017126497229999871e-01 -1.586006049910000104e-01 2.564945819400000215e-01 -7.286104791030000027e-02 -1.259025173269999982e+02 4.533293029770000260e+01 1.662502731220000101e+02
1.689089090130000137e-01 -1.589672597100000029e-01 2.632939274200000179e-01 -7.540465769800000495e-02 -1.259259021130000065e+02 4.435368575359999710e+01 1.651550250020000021e+02
5.748880609580000467e-01 -1.576762431350000049e-01 2.604996581449999793e-01 -7.662519530540000401e-02 -1.258921112719999940e+02 4.552303492370000271e+01 1.659045268870000029e+02
1.142213848649999974e-01 -1.596610872080000132e-01 2.556014863669999748e-01 -7.637042167990000519e-02 -1.248704569599999985e+02 4.613839996650000330e+01 1.667685141499999872e+02
1.387263153799999926e-01 -1.533329761720000073e-01 2.589717084900000077e-01 -7.687366880649999790e-02 -1.272209563699999961e+02 4.472210365960000189e+01 1.658309930830000098e+02
1.454167233520000102e-01 -1.524435171400000122e-01 2.613623841639999834e-01 -7.774262172769999535e-02 -1.273405128020000063e+02 4.480926364809999995e+01 1.657183499070000039e+02
5.733139787859999892e-01 -1.546797599829999870e-01 2.585237469800000243e-01 -7.657718337329999514e-02 -1.268747577999999976e+02 4.553643640439999984e+01 1.659669561739999892e+02
1.002571143910000045e-01 -1.582398235049999879e-01 2.617881653699999922e-01 -7.862465132559999514e-02 -1.262428751599999970e+02 4.490091538970000329e+01 1.655760549599999933e+02
1.897135279000000119e-01 -1.563337005240000022e-01 2.582493261159999887e-01 -7.923825761540000123e-02 -1.256995656069999967e+02 4.607689029880000220e+01 1.665870604899999989e+02
1.201478192390000033e-01 -1.549465453699999939e-01 2.578765350880000140e-01 -7.856098717499999939e-02 -1.267666160659999974e+02 4.622454603629999781e+01 1.664970032319999973e+02
8.617128887449999608e-01 -1.578332362619999929e-01 2.608873040010000199e-01 -8.146422357759999788e-02 -1.254217153769999982e+02 4.569136094080000277e+01 1.664396402129999899e+02
1.000413263680000053e-01 -1.536092907469999991e-01 2.619839257150000100e-01 -7.893811658209999582e-02 -1.270434006370000048e+02 4.515799732389999832e+01 1.657605989760000114e+02
1.468274321030000051e-01 -1.550658351870000118e-01 2.581870016000000212e-01 -7.745871963259999549e-02 -1.265752155419999951e+02 4.510369507059999705e+01 1.665260590530000115e+02
1.735394045360000026e-01 -1.540413287350000104e-01 2.596713283120000160e-01 -7.696324008549999818e-02 -1.272594118920000028e+02 4.526240303889999694e+01 1.654465191760000096e+02
1.114732586629999939e-01 -1.556598571399999964e-01 2.625213763090000207e-01 -7.759009116590000199e-02 -1.260585702270000041e+02 4.505601367949999769e+01 1.657387021810000078e+02
5.554378545579999882e-01 -1.608306762710000060e-01 2.583587831949999969e-01 -7.656753550639999739e-02 -1.250631578779999984e+02 4.557155424430000323e+01 1.661019493649999959e+02
1.486889971110000042e-01 -1.535163962439999863e-01 2.591220223699999825e-01 -7.917637704520000264e-02 -1.264070731599999959e+02 4.555630458729999788e+01 1.664101848589999975e+02
3.893717032649999799e-01 -1.570396009900000001e-01 2.563834051459999985e-01 -7.723322741289999349e-02 -1.260494131140000036e+02 4.587427920820000082e+01 1.666041785539999864e+02
6.318300470630000554e-01 -1.541454135429999872e-01 2.603621731099999836e-01 -7.533209688349999655e-02 -1.274221866970000008e+02 4.468921820050000093e+01 1.652535444639999866e+02
3.814271617810000015e-01 -1.571479263979999874e-01 2.598101006690000103e-01 -8.079773218419999958e-02 -1.259510108279999940e+02 4.560926400849999851e+01 1.665742264760000069e+02
1.689988433300000092e-01 -1.504374930780000008e-01 2.613745831390000274e-01 -8.276958301509999838e-02 -1.278298114990000016e+02 4.563470858249999651e+01 1.663187299370000005e+02
1.699584714269999908e-01 -1.540336870100000033e-01 2.595089192480000140e-01 -7.856722878579999736e-02 -1.267640327889999980e+02 4.481896662159999778e+01 1.658172845299999949e+02
1.137724839820000028e-01 -1.541711505849999997e-01 2.566823685879999761e-01 -7.729629711680000015e-02 -1.269299466479999978e+02 4.595679507869999725e+01 1.666435744620000037e+02
1.454302822770000003e-01 -1.531785986370000074e-01 2.551754242590000277e-01 -8.056162702619999727e-02 -1.270203772330000049e+02 4.671421103090000315e+01 1.667205407639999919e+02
1.485484086989999897e-01 -1.563041877889999876e-01 2.589240624999999962e-01 -7.537106324270000102e-02 -1.264568400179999941e+02 4.508131379780000003e+01 1.660356477189999964e+02
1.738739230449999895e-01 -1.554939535510000137e-01 2.594998451070000267e-01 -7.985696786200000008e-02 -1.262755321570000007e+02 4.593891014009999907e+01 1.661575748969999893e+02
1.565108331989999990e-01 -1.556207838070000071e-01 2.603685603340000210e-01 -8.052594516760000487e-02 -1.266720243059999973e+02 4.590934698150000060e+01 1.660918800309999881e+02
6.638488352570000028e-01 -1.541911310229999998e-01 2.578694936400000026e-01 -7.785142717430000581e-02 -1.265563123839999946e+02 4.575873130970000346e+01 1.664473584019999919e+02
1.194093426380000017e-01 -1.554797639590000113e-01 2.567573776309999833e-01 -7.764390960089999350e-02 -1.260832634679999984e+02 4.582829037879999845e+01 1.670070563490000097e+02
1.029392518260000000e-01 -1.531521353849999989e-01 2.568818300960000189e-01 -8.294722906130000406e-02 -1.266383470829999993e+02 4.622497800469999873e+01 1.669817833280000059e+02
1.170545404690000041e-01 -1.550577698020000061e-01 2.540637274179999849e-01 -7.451345291250000002e-02 -1.264133329729999957e+02 4.562047974640000092e+01 1.663869156259999897e+02
8.471389394580000065e-01 -1.528406717209999932e-01 2.578224054500000140e-01 -7.938980114120000597e-02 -1.274809781590000028e+02 4.560847225189999676e+01 1.663764860450000072e+02
1.177573138979999962e-01 -1.571784131249999994e-01 2.584566214949999829e-01 -8.124432317270000037e-02 -1.260491019330000029e+02 4.621255917149999703e+01 1.662796065830000032e+02
1.408907485860000086e-01 -1.560646623549999945e-01 2.584857661100000148e-01 -7.935428284430000312e-02 -1.268830566010000069e+02 4.560100133169999737e+01 1.662167942270000083e+02
2.159787530529999888e-01 -1.561008813009999996e-01 2.619356207719999996e-01 -7.891202707710000264e-02 -1.263019244519999944e+02 4.557388375760000088e+01 1.657396424400000114e+02
2.161930169500000165e+00 -1.531200067969999967e-01 2.602928124250000197e-01 -8.170818664390000485e-02 -1.271845435280000061e+02 4.637758931009999941e+01 1.664438393709999957e+02
2.501506027770000196e-01 -1.525952722389999905e-01 2.588175916109999863e-01 -8.065280627840000494e-02 -1.267049114569999944e+02 4.621649322959999751e+01 1.667697528209999973e+02
1.165607673780000020e-01 -1.541160457819999996e-01 2.589808964109999723e-01 -8.211065585059999783e-02 -1.264303659729999936e+02 4.641943213759999765e+01 1.668866401180000025e+02
2.388939531510000103e-01 -1.562094013270000081e-01 2.592753642130000147e-01 -7.829123948459999760e-02 -1.260653106559999941e+02 4.549295372019999917e+01 1.661289293389999955e+02
1.418227415880000120e-01 -1.552798095569999925e-01 2.557893144010000008e-01 -7.696109495700000080e-02 -1.265437786859999960e+02 4.585480341880000310e+01 1.661694348219999995e+02
1.002373549429999983e-01 -1.567816045759999888e-01 2.613277910440000018e-01 -8.147924830380000316e-02 -1.262946477400000020e+02 4.616763034240000252e+01 1.664249775760000034e+02
1.098056616930000035e-01 -1.570264802599999898e-01 2.543992779329999898e-01 -8.068005113310000587e-02 -1.259677180120000060e+02 4.684702510700000033e+01 1.673291916700000002e+02
1.415815457329999971e-01 -1.564210990719999972e-01 2.570166651710000250e-01 -7.796194649580000247e-02 -1.260245582289999930e+02 4.587907172759999952e+01 1.667515513879999958e+02
5.352873082179999686e-01 -1.556825816699999865e-01 2.596425814619999772e-01 -7.989178290329999876e-02 -1.257195814060000032e+02 4.580296126519999689e+01 1.665508392760000049e+02
1.136707718470000017e-01 -1.530654005700000098e-01 2.604940123009999997e-01 -7.694023401720000155e-02 -1.272408407409999995e+02 4.540934914620000029e+01 1.655657645489999936e+02
1.611893794320000128e-01 -1.557095307609999979e-01 2.615409068349999755e-01 -7.883740446669999791e-02 -1.264277847609999981e+02 4.477489283149999721e+01 1.660272397329999876e+02
1.436909339349999870e-01 -1.546638768199999903e-01 2.572996437210000042e-01 -7.817849132189999550e-02 -1.263120530159999930e+02 4.560019293119999872e+01 1.667433624809999912e+02
4.831368835589999744e-01 -1.556899526530000077e-01 2.580380108979999920e-01 -7.375096169479999908e-02 -1.265433486219999963e+02 4.468789104169999860e+01 1.660886058959999900e+02
3.257643295120000171e-01 -1.543731118689999904e-01 2.565361553880000089e-01 -7.328676183950000311e-02 -1.267283939910000043e+02 4.496216042870000251e+01 1.658936776090000080e+02
2.976891963330000057e-01 -1.585065306569999888e-01 2.599978310969999762e-01 -7.279090807320000300e-02 -1.259387690669999955e+02 4.476852178160000051e+01 1.652931252049999955e+02
1.505801897219999907e-01 -1.542913620880000114e-01 2.582880353879999924e-01 -7.981054318159999661e-02 -1.270993405349999961e+02 4.603623687900000050e+01 1.665869798550000098e+02
2.468846923030000029e-01 -1.547090412329999998e-01 2.596366945069999987e-01 -7.718854012520000307e-02 -1.267420225439999939e+02 4.459083301399999755e+01 1.657887124609999887e+02
1.143532647559999949e-01 -1.549014873569999895e-01 2.593506046729999737e-01 -8.318194389159999647e-02 -1.261622696029999986e+02 4.634566861230000256e+01 1.664867281219999882e+02
1.494722860219999949e-01 -1.556074282380000007e-01 2.591437893299999851e-01 -7.861886462780000306e-02 -1.262352145950000022e+02 4.601045433310000021e+01 1.664850404789999914e+02
1.865336429879999869e-01 -1.552575440620000136e-01 2.576973079070000172e-01 -7.985888425789999800e-02 -1.266397910569999965e+02 4.567916793199999859e+01 1.664056561079999881e+02
1.069108743509999959e-01 -1.547120984789999987e-01 2.563965555209999914e-01 -7.617011145719999876e-02 -1.267153487319999954e+02 4.505140914500000093e+01 1.663717338149999989e+02
7.174562188180000355e+00 -1.569296282769999940e-01 2.564249599749999775e-01 -8.045062085140000652e-02 -1.256079291300000023e+02 4.634828382940000324e+01 1.670149354019999919e+02
3.489476267519999730e-01 -1.534282396290000128e-01 2.584583250990000192e-01 -7.968821534469999746e-02 -1.260969295310000007e+02 4.454668580290000079e+01 1.663063453579999873e+02
1.077517286659999962e-01 -1.556749174339999986e-01 2.611078472280000118e-01 -7.366193062020000293e-02 -1.265951600920000004e+02 4.482915222719999804e+01 1.653198917740000127e+02
3.274924376930000158e-01 -1.547410424979999977e-01 2.594105894400000056e-01 -7.731523910080000117e-02 -1.269877810849999946e+02 4.538043453200000243e+01 1.658573022340000023e+02
4.287867153170000223e-01 -1.582479874759999960e-01 2.531907672129999898e-01 -6.963857082789999542e-02 -1.258396285599999942e+02 4.539667786190000243e+01 1.662690845140000135e+02
2.794144193299999968e-01 -1.536610433009999999e-01 2.590991335630000170e-01 -7.798553247190000148e-02 -1.263298195490000069e+02 4.469168128340000123e+01 1.667471269979999988e+02
1.296540336650000014e-01 -1.555774552889999940e-01 2.557158594019999787e-01 -7.592519838000000298e-02 -1.261138055800000046e+02 4.541450498559999716e+01 1.663323419500000000e+02
2.138936129039999967e-01 -1.585213232350000112e-01 2.565748067120000031e-01 -7.664757589970000451e-02 -1.258262475079999945e+02 4.598176598650000102e+01 1.664425576669999884e+02
1.041202562060000031e-01 -1.605752426550000056e-01 2.602832524970000172e-01 -7.618576435780000100e-02 -1.252145014860000032e+02 4.520023498439999798e+01 1.659532837389999997e+02
5.159919226939999604e-01 -1.538707750749999936e-01 2.587062020890000258e-01 -7.995152359549999310e-02 -1.269625859469999938e+02 4.580692743070000006e+01 1.658946947670000043e+02
1.469805997159999988e-01 -1.512565712339999924e-01 2.612128673369999987e-01 -8.416626501879999334e-02 -1.275494705149999959e+02 4.614178715650000129e+01 1.661501623540000026e+02
2.037219203629999920e-01 -1.559765003870000055e-01 2.575621286659999787e-01 -7.534424611300000185e-02 -1.267489463919999935e+02 4.485682559140000336e+01 1.656092958979999992e+02
1.018135051120000051e-01 -1.556912567840000039e-01 2.598162950460000120e-01 -7.945246736529999743e-02 -1.263092167220000022e+02 4.607453186909999943e+01 1.663321681820000038e+02
1.092536313559999972e-01 -1.548609268039999876e-01 2.578078708040000278e-01 -7.511212991379999371e-02 -1.270277792899999980e+02 4.545277860739999909e+01 1.658609136320000061e+02
4.684003453300000230e-01 -1.546333340000000112e-01 2.589307009199999787e-01 -7.939450353700000518e-02 -1.274304444349999983e+02 4.569528938869999735e+01 1.658279247529999907e+02
1.165871890190000038e-01 -1.590174103030000119e-01 2.592660304669999749e-01 -7.730963826759999769e-02 -1.260161001190000007e+02 4.504944072410000189e+01 1.659582881080000050e+02
3.825058994039999827e-01 -1.556596436990000110e-01 2.563605081459999768e-01 -7.840031931110000296e-02 -1.265230422030000028e+02 4.610275217169999706e+01 1.666477278549999994e+02
2.558440628670000105e+00 -1.555401936639999871e-01 2.615938191009999914e-01 -7.508983873560000355e-02 -1.263720024269999982e+02 4.473967961150000150e+01 1.652416696669999965e+02
1.559652211299999980e-01 -1.567860168830000067e-01 2.552586116569999786e-01 -7.490550650999999727e-02 -1.264534055219999971e+02 4.592004075239999850e+01 1.665040854810000042e+02
1.214943891549999933e-01 -1.561323004569999950e-01 2.591264765049999808e-01 -7.405073417259999680e-02 -1.264809377720000043e+02 4.436572099410000192e+01 1.658681337239999891e+02
1.056918411459999985e-01 -1.527153096230000062e-01 2.592114481980000162e-01 -8.076834552230000019e-02 -1.275845397289999994e+02 4.531658750390000279e+01 1.663517745860000048e+02
2.144868081380000013e-01 -1.539878021649999928e-01 2.589867897279999887e-01 -7.970531729259999754e-02 -1.269033700439999990e+02 4.621866930179999855e+01 1.667979766390000123e+02
1.077213607240000010e-01 -1.561991888439999976e-01 2.600875358820000094e-01 -7.631627039549999936e-02 -1.262548679169999986e+02 4.475116885380000298e+01 1.656066826590000005e+02
2.731974815479999985e-01 -1.538380573510000071e-01 2.639082803389999898e-01 -8.021615871699999678e-02 -1.269428288290000069e+02 4.466975038190000191e+01 1.655850492719999920e+02
3.355258173539999689e+01 -1.540616476420000047e-01 2.585945197000000251e-01 -7.932568701740000394e-02 -1.272446017869999935e+02 4.570760792250000293e+01 1.660387958130000072e+02
1.039875695300000041e-01 -1.567497053430000065e-01 2.604315161879999785e-01 -7.469265555090000286e-02 -1.267216385199999991e+02 4.439434444270000313e+01 1.653482904980000114e+02
1.319583330540000099e-01 -1.563038215919999863e-01 2.556829222029999849e-01 -7.533475334189999872e-02 -1.259714271980000007e+02 4.608209578320000332e+01 1.665239927739999928e+02
3.374489420630000236e-01 -1.571570379570000064e-01 2.605850185479999803e-01 -8.090504811340000491e-02 -1.258529093009999968e+02 4.606702194830000252e+01 1.666280057209999939e+02
2.151716964229999918e-01 -1.534128026580000026e-01 2.558791996099999966e-01 -7.977287862369999982e-02 -1.266100916070000011e+02 4.641272193329999851e+01 1.670954567850000103e+02
6.438453355100000053e-01 -1.625525849239999876e-01 2.618758973470000084e-01 -7.777752222750000666e-02 -1.245416706479999931e+02 4.529242621430000071e+01 1.660775740340000084e+02
1.452477951529999867e-01 -1.561560796839999987e-01 2.614457673739999932e-01 -7.834557891450000255e-02 -1.263109572839999970e+02 4.514877567999999997e+01 1.662184872619999965e+02
6.687448133679999573e-01 -1.568654851630000013e-01 2.578921797379999936e-01 -7.143899969799999417e-02 -1.266445895100000030e+02 4.462063688610000156e+01 1.652503140000000030e+02
1.482900298740000011e-01 -1.538893167819999908e-01 2.585679287359999856e-01 -7.876411235819999468e-02 -1.270522368820000025e+02 4.526879446129999707e+01 1.665902177840000036e+02
1.032097242830000011e-01 -1.570946847080000042e-01 2.605187489410000223e-01 -7.501274862989999737e-02 -1.262471698330000009e+02 4.475124566310000063e+01 1.657202956659999984e+02
4.534624358350000106e-01 -1.547212096360000011e-01 2.603435129769999801e-01 -8.017080719909999709e-02 -1.259615039600000017e+02 4.533910977549999899e+01 1.662185437219999926e+02
3.645224090679999862e-01 -1.521073738389999985e-01 2.560901585440000239e-01 -7.508828862270000570e-02 -1.277472749909999976e+02 4.537496573739999661e+01 1.659166836089999890e+02
2.276231833609999866e-01 -1.555584777029999921e-01 2.585063768249999949e-01 -7.732016749020000079e-02 -1.260581871280000001e+02 4.532886311800000101e+01 1.662236848850000115e+02
1.042629886090000041e-01 -1.561143188499999890e-01 2.581119745039999747e-01 -7.825339768380000505e-02 -1.269293069160000016e+02 4.612938934860000018e+01 1.662281234820000009e+02
3.283385652620000039e-01 -1.588541337609999937e-01 2.585024315439999887e-01 -8.040112369450000407e-02 -1.252729383709999951e+02 4.608690854929999858e+01 1.663372135580000020e+02
1.151816818699999967e-01 -1.582047440709999919e-01 2.597166824820000275e-01 -7.749762017260000690e-02 -1.260289505620000057e+02 4.482216597770000277e+01 1.657343730620000031e+02
2.974000001800000126e-01 -1.559534792760000066e-01 2.561932554410000229e-01 -7.982690039390000214e-02 -1.258781470159999998e+02 4.630730982970000298e+01 1.666563890259999994e+02
2.211825083869999875e-01 -1.554190881499999954e-01 2.591641424669999805e-01 -8.599828406119999769e-02 -1.261219393300000036e+02 4.713226868590000151e+01 1.671360005209999997e+02
3.564249491450000029e-01 -1.552473258469999895e-01 2.577195035400000056e-01 -8.161403595129999855e-02 -1.261833363639999988e+02 4.631461571509999686e+01 1.671108783290000019e+02
2.006809813650000107e-01 -1.551082734420000109e-01 2.602785756220000191e-01 -7.989060601429999464e-02 -1.265001948350000021e+02 4.620444190119999917e+01 1.665542090190000124e+02
9.920936196190000000e-01 -1.579097529909999909e-01 2.602760613669999890e-01 -7.304747111930000314e-02 -1.260932485040000017e+02 4.439192552810000336e+01 1.655960102820000088e+02
1.001294236590000025e-01 -1.553318428619999969e-01 2.609196906549999806e-01 -8.212444663899999553e-02 -1.266009690080000070e+02 4.539571778079999831e+01 1.662521327750000069e+02
5.241870188949999676e-01 -1.594550122039999906e-01 2.580817223890000123e-01 -7.929703408429999989e-02 -1.250435347030000059e+02 4.614531127699999757e+01 1.668569603990000019e+02
1.282454942600000092e-01 -1.557734348840000005e-01 2.600898779060000221e-01 -8.339270103069999773e-02 -1.257699697350000037e+02 4.648556905249999716e+01 1.668326933699999870e+02
1.407279861200000093e-01 -1.577665670339999937e-01 2.577749409389999968e-01 -6.898243997279999984e-02 -1.262820683300000013e+02 4.442814780100000149e+01 1.652900340539999888e+02
1.783518639849999976e-01 -1.553751688760000027e-01 2.588570971549999933e-01 -7.785190669380000206e-02 -1.266054939370000056e+02 4.573929803560000096e+01 1.666014215479999905e+02
2.892744877569999873e-01 -1.538837882469999974e-01 2.607967582879999746e-01 -7.761967851569999410e-02 -1.269974891479999997e+02 4.461494892219999997e+01 1.655773076270000104e+02
2.613730672619999917e-01 -1.536926177719999953e-01 2.632010675370000108e-01 -7.658184652629999867e-02 -1.274762246439999984e+02 4.460631781509999882e+01 1.649550155350000011e+02
1.045440592580000050e-01 -1.537493432929999959e-01 2.584440621910000235e-01 -7.794142084499999790e-02 -1.266495474320000056e+02 4.563719528219999688e+01 1.662141135740000095e+02
1.030732528420000016e-01 -1.550815603590000036e-01 2.599773090920000085e-01 -7.495360282669999430e-02 -1.265280467799999968e+02 4.420395925100000056e+01 1.655578460849999942e+02
1.659518504789999904e-01 -1.542694107900000056e-01 2.653306066139999864e-01 -8.269165164569999837e-02 -1.270691900820000058e+02 4.517347104240000277e+01 1.656850110640000082e+02
1.081521067169999989e-01 -1.573178371800000031e-01 2.611087079489999851e-01 -7.711342392730000106e-02 -1.260129890350000039e+02 4.480693704069999939e+01 1.659374994309999920e+02
1.257501043910000116e-01 -1.562340926640000127e-01 2.557331106390000053e-01 -7.861426855349999687e-02 -1.263588532499999957e+02 4.637325917270000275e+01 1.668739097540000103e+02
4.443877491429999993e-01 -1.546875554480000026e-01 2.545586459379999833e-01 -8.099342191689999637e-02 -1.263297970160000006e+02 4.699186260529999970e+01 1.672987625920000028e+02
1.042736622730000007e-01 -1.551583149040000054e-01 2.586643245079999764e-01 -8.377839251579999313e-02 -1.263288017750000023e+02 4.656314544410000167e+01 1.670357678880000094e+02
1.284804728879999913e-01 -1.569964357770000096e-01 2.561201415289999783e-01 -7.352959773290000667e-02 -1.259021592130000045e+02 4.536083518489999733e+01 1.661107123799999954e+02
1.798887205849999948e-01 -1.546236306540000049e-01 2.587744394420000149e-01 -7.802107185140000345e-02 -1.265719687550000003e+02 4.580324920359999652e+01 1.659557032710000044e+02
2.324600220470000034e-01 -1.551597787129999906e-01 2.560017378550000222e-01 -8.390750577500000196e-02 -1.264136822739999957e+02 4.698788174900000314e+01 1.672733832849999942e+02
2.349324900260000015e-01 -1.529682354349999884e-01 2.659387382060000027e-01 -8.136034809940000112e-02 -1.272331969469999962e+02 4.451330404290000331e+01 1.651893754769999987e+02
1.118808092729999953e-01 -1.536674865969999970e-01 2.594481360959999816e-01 -7.875421738530000160e-02 -1.271457438810000014e+02 4.569778367229999816e+01 1.658929125509999949e+02
5.561079050660000078e+00 -1.540744399650000040e-01 2.608747498369999862e-01 -7.396066296269999951e-02 -1.273856248700000009e+02 4.422160575710000074e+01 1.652017230859999870e+02
1.003109440089999943e-01 -1.594360025940000092e-01 2.613292077689999826e-01 -7.816272521729999978e-02 -1.254988547229999938e+02 4.512894682160000315e+01 1.659510352450000141e+02
1.188298884139999956e-01 -1.535028715869999894e-01 2.590179138429999917e-01 -7.983540826170000548e-02 -1.273200503789999942e+02 4.558371931399999966e+01 1.665965953799999966e+02
4.027407491650000226e-01 -1.537118932210000122e-01 2.604386506199999896e-01 -7.741958411669999651e-02 -1.273171393890000047e+02 4.460277771269999647e+01 1.657375219710000067e+02
1.052512135460000053e-01 -1.545956160239999877e-01 2.576969556620000157e-01 -7.706918052109999751e-02 -1.264475426519999957e+02 4.585796264529999888e+01 1.662878855170000065e+02
2.914303459379999905e-01 -1.557857460600000077e-01 2.583537931620000228e-01 -7.690947304379999738e-02 -1.264049413320000070e+02 4.494638146310000337e+01 1.661230868499999929e+02
3.343930274329999786e-01 -1.564571779529999873e-01 2.597445175690000219e-01 -7.669630844899999467e-02 -1.262237565129999979e+02 4.577621540629999686e+01 1.657987388479999993e+02
1.811771469500000065e-01 -1.526646920170000032e-01 2.547509122809999971e-01 -7.746770334270000613e-02 -1.272938985149999951e+02 4.612569171540000212e+01 1.667394999070000097e+02
1.149476122290000041e-01 -1.510930404830000129e-01 2.598383163849999899e-01 -8.381463158320000273e-02 -1.271380674870000007e+02 4.623244390039999985e+01 1.667101009859999863e+02
2.899876351200000091e+00 -1.528030260430000009e-01 2.598960286190000191e-01 -7.858987313099999317e-02 -1.272702275310000033e+02 4.513024486879999841e+01 1.657513466620000031e+02
4.623380483930000229e-01 -1.551320991400000071e-01 2.575629900779999870e-01 -7.845801051829999484e-02 -1.262483854759999957e+02 4.547791460290000032e+01 1.663071373509999944e+02
1.291430908270000122e-01 -1.533044841379999912e-01 2.569247167420000144e-01 -8.115155750980000693e-02 -1.266441662309999998e+02 4.616184466699999689e+01 1.668477744719999976e+02
1.398050722489999897e-01 -1.499387951170000066e-01 2.603636626199999915e-01 -8.019285096740000340e-02 -1.278370159800000039e+02 4.526166104250000188e+01 1.657205998139999963e+02
1.338290452170000089e+00 -1.547126210539999935e-01 2.582965755900000215e-01 -7.831628560400000216e-02 -1.266899372400000061e+02 4.569898665219999856e+01 1.656985441269999910e+02
4.582029973260000055e-01 -1.548871030610000088e-01 2.568446387309999968e-01 -7.878681870940000553e-02 -1.262548213970000006e+02 4.596173065400000013e+01 1.665100007679999976e+02
1.316014653889999997e-01 -1.582296673019999989e-01 2.601351942560000130e-01 -8.111032582909999400e-02 -1.256255278090000047e+02 4.593987097880000192e+01 1.667407272670000111e+02
1.079428638219999959e-01 -1.575856435970000025e-01 2.598122879440000199e-01 -7.682020340169999628e-02 -1.261702756789999995e+02 4.518341781430000026e+01 1.657505945750000080e+02
1.246952163349999976e-01 -1.543284967359999926e-01 2.587912081320000168e-01 -7.670997225379999618e-02 -1.264970097279999948e+02 4.530103870340000327e+01 1.658571814629999892e+02
1.224203471290000039e-01 -1.579521053590000057e-01 2.550824795850000215e-01 -7.490106017210000633e-02 -1.256579029829999996e+02 4.545979117369999756e+01 1.667287410659999978e+02
1.109182224879999984e-01 -1.589349406220000038e-01 2.549498926970000245e-01 -7.542499257599999396e-02 -1.253257457090000031e+02 4.598397889249999793e+01 1.670928116499999874e+02
2.647099023949999741e-01 -1.535565086669999912e-01 2.587158691449999992e-01 -7.800781048600000100e-02 -1.262099421310000054e+02 4.563208676819999710e+01 1.661598622729999875e+02
1.197523041250000003e-01 -1.542008086839999903e-01 2.566223967349999802e-01 -7.715587111169999734e-02 -1.270952717079999985e+02 4.551235756189999648e+01 1.665141591139999946e+02
3.421205423850000038e-01 -1.568674487239999915e-01 2.611388114350000067e-01 -7.819835112879999772e-02 -1.257524548739999943e+02 4.565942628650000046e+01 1.659846259299999929e+02
1.082942977069999979e-01 -1.556283244059999959e-01 2.613747670000000078e-01 -7.529203173050000308e-02 -1.261834816660000058e+02 4.464336396539999896e+01 1.654357064600000058e+02
1.064511063849999939e-01 -1.563729756549999961e-01 2.614724150000000136e-01 -7.729993470809999601e-02 -1.268293078229999935e+02 4.462447469610000184e+01 1.657835926200000074e+02
1.818229574409999938e-01 -1.537996689289999885e-01 2.555654977140000006e-01 -7.409886541210000677e-02 -1.272528134540000053e+02 4.549685067019999707e+01 1.663502202189999934e+02
3.637127259010000113e-01 -1.553600679059999878e-01 2.580483000150000095e-01 -7.722018417770000476e-02 -1.261067631580000068e+02 4.502736634059999687e+01 1.658618567670000061e+02
1.336854387020000035e-01 -1.556466656330000031e-01 2.604855253689999928e-01 -7.750601961120000272e-02 -1.266816398480000032e+02 4.544046517489999815e+01 1.656261088800000039e+02
1.997040063799999932e-01 -1.555848930419999887e-01 2.591285669760000077e-01 -7.767498664510000261e-02 -1.266692580720000052e+02 4.559435344229999743e+01 1.661224203630000034e+02
1.441233578780000135e-01 -1.538806340199999900e-01 2.566941995129999876e-01 -7.352908838549999937e-02 -1.270278051850000054e+02 4.522569800859999845e+01 1.659486506449999865e+02
6.637826795569999883e-01 -1.539139463649999984e-01 2.568794953329999742e-01 -7.475516053840000619e-02 -1.269952126780000015e+02 4.520095135300000067e+01 1.660795510869999987e+02
1.014139356939999931e-01 -1.559865514240000028e-01 2.577743231429999726e-01 -7.637720097099999494e-02 -1.265172871449999974e+02 4.595878793970000231e+01 1.662163982689999955e+02
2.386155663260000059e-01 -1.546186789660000116e-01 2.587729342549999756e-01 -7.588696637609999851e-02 -1.264838471919999989e+02 4.483448871550000092e+01 1.661512022990000048e+02
1.149044807009999974e-01 -1.572182742840000091e-01 2.591482929450000250e-01 -7.428200063119999585e-02 -1.266566424709999978e+02 4.500539436809999927e+01 1.657451718620000065e+02
1.585511498040000078e-01 -1.535599414019999942e-01 2.587119959790000201e-01 -7.765942097359999907e-02 -1.272032441829999954e+02 4.579357149190000342e+01 1.659395296060000078e+02
9.221538110860000304e-01 -1.545092819209999968e-01 2.553421234739999823e-01 -7.506303719699999877e-02 -1.272905083400000024e+02 4.545984167219999961e+01 1.664507999100000006e+02
1.319864237149999953e-01 -1.556013650899999989e-01 2.598925311990000209e-01 -7.868647109510000515e-02 -1.260413349269999941e+02 4.590670295179999982e+01 1.661245090799999957e+02
2.856320859640000265e-01 -1.550107036649999992e-01 2.591229558989999737e-01 -7.911565140310000688e-02 -1.268021226000000041e+02 4.590513079729999646e+01 1.664594470220000062e+02
6.000730364799999883e-01 -1.538032414240000090e-01 2.615563501020000126e-01 -7.987353322989999838e-02 -1.264402672070000051e+02 4.505149465200000236e+01 1.657341640699999914e+02
1.878736509989999970e-01 -1.578525397499999927e-01 2.563299303009999863e-01 -7.673369870370000401e-02 -1.263177770030000033e+02 4.584149717479999708e+01 1.664222718860000043e+02
1.173217960159999990e-01 -1.545917329120000128e-01 2.587523809480000159e-01 -7.913170511269999874e-02 -1.259555390849999981e+02 4.539351617110000348e+01 1.664155192300000010e+02
1.142550410209999950e-01 -1.543447889010000074e-01 2.593496276200000228e-01 -7.898932737290000061e-02 -1.264055379720000047e+02 4.525072821490000052e+01 1.657712759279999943e+02
1.764830925460000033e-01 -1.537991063899999955e-01 2.597260444500000265e-01 -8.072527463489999333e-02 -1.275083472459999996e+02 4.591383582089999749e+01 1.662083378730000049e+02
1.506455235430000095e-01 -1.550276771390000086e-01 2.582098668469999803e-01 -7.945317856099999576e-02 -1.263767274060000005e+02 4.528581735070000036e+01 1.665258246319999955e+02
1.507853441410000050e-01 -1.558726826259999865e-01 2.593807560470000051e-01 -7.671659977540000452e-02 -1.262299567240000044e+02 4.543073676049999676e+01 1.663020355330000086e+02
3.471018564180000099e-01 -1.538086941759999882e-01 2.576400282610000203e-01 -8.279576100409999362e-02 -1.269001846400000062e+02 4.640884926820000089e+01 1.666772932719999858e+02
2.471684328679999987e-01 -1.533355589440000000e-01 2.577204459960000249e-01 -7.513911218150000348e-02 -1.275397716530000025e+02 4.479616476260000013e+01 1.659865626000000134e+02
3.297261586110000198e-01 -1.562071648320000061e-01 2.563356409009999726e-01 -8.082666733780000112e-02 -1.260255854870000007e+02 4.680886052679999665e+01 1.670073993329999951e+02
1.475824209659999942e-01 -1.547026171570000108e-01 2.574982137199999799e-01 -7.654142106849999572e-02 -1.262920552399999963e+02 4.533778448729999866e+01 1.663797594410000045e+02
1.651536859190000095e-01 -1.558954281390000085e-01 2.603788176099999796e-01 -7.906083011560000040e-02 -1.263933657070000010e+02 4.555798661819999751e+01 1.660125163300000111e+02
1.110221122560000051e-01 -1.549613360740000056e-01 2.597672089949999985e-01 -7.490593900479999845e-02 -1.267039729340000065e+02 4.488289339570000180e+01 1.657720522730000141e+02
1.582594904169999928e-01 -1.548003791629999903e-01 2.587904390560000212e-01 -7.760599173929999539e-02 -1.266347247749999951e+02 4.548597029879999809e+01 1.659230168999999933e+02
3.301826646039999757e-01 -1.529876848199999972e-01 2.575941462329999765e-01 -8.038646844140000247e-02 -1.272499614519999938e+02 4.589812462449999941e+01 1.663722176020000063e+02
4.528232610730000274e-01 -1.505824861349999988e-01 2.616839848040000138e-01 -8.181676037549999447e-02 -1.278231334559999937e+02 4.554830934879999660e+01 1.657798569740000119e+02
2.726179680549999929e-01 -1.547829324359999981e-01 2.593358625759999980e-01 -8.033032100560000277e-02 -1.261757094109999997e+02 4.550862857140000273e+01 1.664784395140000015e+02
1.193395742249999947e-01 -1.577014155889999991e-01 2.558322084660000217e-01 -7.703303150359999685e-02 -1.262792482539999952e+02 4.601956550199999896e+01 1.666156165959999953e+02
1.445918007219999968e+00 -1.556113044059999895e-01 2.613426765640000093e-01 -8.073561924159999847e-02 -1.262372406239999947e+02 4.617785763839999902e+01 1.662037207749999936e+02
1.563383527399999917e-01 -1.542463063610000074e-01 2.588397519940000002e-01 -7.852381165289999687e-02 -1.274754879169999953e+02 4.515368635410000309e+01 1.655774780769999950e+02
1.104601695130000005e-01 -1.548419553969999918e-01 2.600196409900000227e-01 -7.556728872569999644e-02 -1.270827930800000019e+02 4.492071099790000233e+01 1.656700141439999925e+02
1.307687024480000126e-01 -1.541428075600000114e-01 2.581242373029999926e-01 -7.817900553169999933e-02 -1.271385331590000050e+02 4.499289031339999667e+01 1.658421549109999944e+02
4.494181104550000194e-01 -1.551244918930000105e-01 2.599355620809999934e-01 -7.779566937279999705e-02 -1.261272091969999991e+02 4.570001736169999873e+01 1.658892014850000010e+02
1.024034928789999965e-01 -1.539460613739999928e-01 2.597631108560000124e-01 -7.828059581490000307e-02 -1.260144805080000054e+02 4.474103215200000250e+01 1.656916370319999885e+02
3.449456846699999746e-01 -1.573753617059999999e-01 2.628210298179999849e-01 -7.289081587800000372e-02 -1.264830808079999969e+02 4.364140607190000054e+01 1.647178725809999946e+02
2.879111877330000069e-01 -1.484603825730000104e-01 2.610370747799999891e-01 -8.136850211609999994e-02 -1.284737979139999879e+02 4.522107608740000018e+01 1.656864168129999939e+02
7.033566090680000160e-01 -1.546987884859999940e-01 2.608387286609999967e-01 -7.828348344909999423e-02 -1.266027101810000062e+02 4.481672632000000078e+01 1.655741253550000067e+02
2.255706856899999946e-01 -1.529750176180000032e-01 2.611911428650000033e-01 -7.693999512940000174e-02 -1.276228584440000020e+02 4.455041696389999828e+01 1.651830629330000022e+02
1.009917830649999931e-01 -1.561139423229999934e-01 2.587857107559999870e-01 -7.785893872049999553e-02 -1.260792409550000031e+02 4.509572102439999952e+01 1.660565011539999887e+02
1.033373683110000024e-01 -1.541756618329999939e-01 2.577963900160000210e-01 -8.137954010679999961e-02 -1.268478706350000067e+02 4.608890245909999805e+01 1.668928221749999921e+02
2.864353917479999789e-01 -1.535382212720000084e-01 2.597516889329999912e-01 -7.842184266620000344e-02 -1.277389653139999979e+02 4.513366165909999950e+01 1.658318550470000048e+02
1.573163154470000047e-01 -1.564904924730000091e-01 2.528873235490000093e-01 -7.389372855280000596e-02 -1.260900429050000042e+02 4.604341532910000012e+01 1.668764346209999871e+02
1.039013334100000047e-01 -1.571199765540000071e-01 2.603299863399999858e-01 -7.048902711759999495e-02 -1.265558640280000020e+02 4.398633978409999656e+01 1.650058305260000111e+02
1.184192598879999947e+00 -1.538569642840000029e-01 2.586833425510000062e-01 -7.766508940199999544e-02 -1.271846979030000000e+02 4.546699786319999959e+01 1.656486532680000039e+02
3.373152023520000209e-01 -1.525532403290000005e-01 2.586774899950000095e-01 -8.070695313879999722e-02 -1.272463210930000059e+02 4.596207937100000152e+01 1.665726899599999911e+02
3.904617517039999930e-01 -1.532396719520000006e-01 2.551920938819999818e-01 -8.479672291800000039e-02 -1.266611284669999975e+02 4.723763663830000326e+01 1.673758710859999894e+02
2.003183880930000105e-01 -1.571006207279999900e-01 2.579207815699999795e-01 -7.757995125159999894e-02 -1.256938818670000018e+02 4.604531354760000283e+01 1.662735279450000121e+02
1.021426396019999988e-01 -1.554430857140000066e-01 2.581057307429999725e-01 -7.472755976280000267e-02 -1.266280477069999932e+02 4.554472682650000337e+01 1.663168544529999906e+02
9.182391961410000247e-01 -1.549166966049999872e-01 2.582901117129999813e-01 -7.733956645349999992e-02 -1.257267454179999930e+02 4.570877419269999820e+01 1.662746106250000082e+02
9.076996193840000116e-01 -1.554191542639999923e-01 2.596366984310000126e-01 -7.802576223219999385e-02 -1.260441233469999958e+02 4.553948325110000184e+01 1.663305931060000091e+02
1.494617779970000004e+00 -1.534852239920000139e-01 2.576656455520000000e-01 -7.703457434709999607e-02 -1.272177647919999970e+02 4.574656622090000013e+01 1.663006368039999927e+02
1.150449883550000024e-01 -1.552150601149999976e-01 2.554958849289999945e-01 -7.840431447949999799e-02 -1.268486739260000036e+02 4.634524434619999766e+01 1.667467062169999963e+02
1.178682756440000007e-01 -1.547717543699999865e-01 2.577303932289999877e-01 -7.956866913639999705e-02 -1.260818708139999984e+02 4.542234862910000004e+01 1.664778395449999948e+02
2.876403555689999725e-01 -1.564069572260000096e-01 2.600702497640000055e-01 -7.810053725210000519e-02 -1.264478838680000052e+02 4.559430940570000246e+01 1.658712721269999975e+02
1.211916455920000052e-01 -1.535496105780000120e-01 2.600993194460000102e-01 -7.932102443400000646e-02 -1.269352886340000026e+02 4.558296976550000323e+01 1.663866208960000108e+02
1.638093480610000041e-01 -1.555733986639999955e-01 2.599374039139999981e-01 -8.255207011590000310e-02 -1.258463311139999945e+02 4.595149991369999753e+01 1.665684913780000045e+02
1.427697400269999917e-01 -1.520745557419999894e-01 2.564608303989999727e-01 -8.025846063699999811e-02 -1.272416999790000034e+02 4.631625253379999663e+01 1.667411322359999986e+02
1.537442196490000079e-01 -1.542646182970000002e-01 2.618324305310000266e-01 -8.500463128240000332e-02 -1.267266818439999980e+02 4.573263737079999913e+01 1.663605945220000137e+02
1.307649693569999938e-01 -1.531899500920000101e-01 2.641749278480000074e-01 -7.486425519059999867e-02 -1.277071611650000023e+02 4.377410297389999982e+01 1.648119495210000025e+02
1.786698639869999938e-01 -1.589074892959999874e-01 2.560647285739999779e-01 -7.638365499679999893e-02 -1.255718471219999941e+02 4.583012248720000059e+01 1.663890219740000020e+02
1.208798771919999959e-01 -1.575684068269999905e-01 2.588686550179999935e-01 -8.102764482860000395e-02 -1.254996230710000020e+02 4.624491277159999925e+01 1.667685402719999956e+02
1.572905490500000059e-01 -1.554950375699999943e-01 2.626140152759999791e-01 -8.006050369860000238e-02 -1.266019152060000010e+02 4.563661156079999870e+01 1.659534586279999928e+02
3.748384861290000036e-01 -1.538268625920000132e-01 2.592565001220000220e-01 -7.998854862420000378e-02 -1.268927174070000063e+02 4.548781315970000350e+01 1.662759183260000100e+02
2.865335089030000004e-01 -1.549867991930000133e-01 2.629965676450000123e-01 -8.590483530999999673e-02 -1.262750393339999988e+02 4.600617711449999803e+01 1.665282181309999885e+02
3.040712012010000076e-01 -1.534071790640000044e-01 2.583325090499999921e-01 -7.585995798309999594e-02 -1.274726777909999953e+02 4.520653289309999678e+01 1.657534542399999964e+02
1.453137222979999921e-01 -1.572567910140000025e-01 2.567757352769999835e-01 -7.020623293399999576e-02 -1.263021598140000066e+02 4.468331883970000007e+01 1.658218355090000102e+02
1.003691125659999933e-01 -1.546992879849999891e-01 2.606170646250000056e-01 -7.740460146930000507e-02 -1.268689223469999945e+02 4.525393738540000044e+01 1.654038459559999978e+02
1.920379700239999987e-01 -1.553139253970000078e-01 2.590285510559999782e-01 -7.819379259210000599e-02 -1.268015579599999967e+02 4.553055286859999740e+01 1.663115852130000007e+02
1.667957054070000056e-01 -1.568520199940000026e-01 2.554458926479999947e-01 -7.104120038719999308e-02 -1.263775148139999942e+02 4.496903052759999753e+01 1.657104807249999965e+02
1.038149811079999985e-01 -1.555298179680000004e-01 2.592123907219999746e-01 -7.558869088609999898e-02 -1.262660222290000007e+02 4.474528277480000327e+01 1.658097668659999897e+02
1.141385205599999980e-01 -1.556447740640000132e-01 2.614232774260000225e-01 -7.775832356549999824e-02 -1.264684871740000034e+02 4.501802052029999857e+01 1.657432891519999885e+02
1.760569609079999931e-01 -1.560021676589999906e-01 2.629747805379999970e-01 -8.050198050550000373e-02 -1.264542336420000055e+02 4.500065745490000069e+01 1.654483049819999962e+02
1.094072356539999985e-01 -1.578185026439999916e-01 2.590460387540000076e-01 -7.574463968460000418e-02 -1.265619751739999970e+02 4.561988736880000062e+01 1.659023490349999861e+02
3.375516695920000032e-01 -1.552147271809999896e-01 2.597927210259999842e-01 -7.724368421480000413e-02 -1.267015693599999935e+02 4.479673460619999759e+01 1.653578749840000057e+02
1.080760242980000063e-01 -1.516452045070000032e-01 2.613575097449999940e-01 -8.104752881839999423e-02 -1.272535753060000019e+02 4.513479278110000337e+01 1.659845114500000136e+02
1.100633269869999986e-01 -1.541292514910000133e-01 2.592108836299999997e-01 -7.947042723529999797e-02 -1.263924910479999966e+02 4.543942357259999909e+01 1.661556395130000112e+02
1.499813916359999943e-01 -1.519828942270000094e-01 2.609496453999999854e-01 -8.178654246289999985e-02 -1.280350110630000131e+02 4.552709686600000083e+01 1.658971463800000095e+02
2.028065358460000023e-01 -1.553223825549999992e-01 2.594058155239999941e-01 -8.301289327689999331e-02 -1.263979021269999947e+02 4.662268282889999682e+01 1.668481853590000128e+02
1.721602452440000042e-01 -1.548616120409999908e-01 2.566146359140000222e-01 -7.920318309920000577e-02 -1.266390664359999931e+02 4.563404296120000225e+01 1.663931926349999912e+02
2.407479776370000102e-01 -1.536936873410000015e-01 2.589051076839999910e-01 -7.940368407459999500e-02 -1.274277099229999948e+02 4.586163444569999825e+01 1.667122059419999971e+02
2.578611288800000123e-01 -1.560967125449999882e-01 2.582403647370000166e-01 -7.755529816829999368e-02 -1.262176818819999937e+02 4.490144812660000184e+01 1.662766081960000122e+02
3.642596415850000158e-01 -1.561107631939999962e-01 2.605465146709999846e-01 -7.650740487819999991e-02 -1.266200960379999998e+02 4.435272537179999830e+01 1.653646401139999966e+02
1.480038733150000063e-01 -1.573617521710000133e-01 2.569690464470000268e-01 -8.014968819539999845e-02 -1.261370612639999962e+02 4.599274762209999778e+01 1.668286091950000127e+02
1.707579970629999888e-01 -1.562583023839999863e-01 2.604519391780000248e-01 -8.091185914149999492e-02 -1.265803648689999932e+02 4.618497052120000035e+01 1.661586221050000063e+02
1.384613554240000100e-01 -1.540853830889999942e-01 2.581178957899999959e-01 -7.984435479840000516e-02 -1.261157802489999966e+02 4.576337563519999918e+01 1.667407403189999968e+02
1.214394018030000022e-01 -1.543244459829999915e-01 2.558991546139999795e-01 -7.631975043729999353e-02 -1.267632535839999974e+02 4.591984026989999990e+01 1.664429039039999907e+02
1.337604345910000103e-01 -1.572869161259999871e-01 2.601910311519999852e-01 -7.649511284059999638e-02 -1.266402395420000033e+02 4.512376641689999701e+01 1.661042333690000135e+02
1.145170791270000016e-01 -1.568847140500000126e-01 2.565763220530000166e-01 -7.694229088699999775e-02 -1.264520900729999937e+02 4.572588755550000172e+01 1.664760001900000077e+02
1.267312514820000047e+01 -1.592278398370000070e-01 2.609186950480000267e-01 -7.755371296709999418e-02 -1.258804764690000013e+02 4.542479794460000164e+01 1.659756757270000094e+02
1.165948169930000056e-01 -1.545819344880000057e-01 2.541441015279999882e-01 -8.039365154609999509e-02 -1.267172385350000070e+02 4.704094340089999804e+01 1.673872590919999936e+02
1.186847940110000027e-01 -1.540531835360000046e-01 2.600221013449999785e-01 -8.074106881129999858e-02 -1.264462490370000012e+02 4.544444410829999725e+01 1.664142254280000088e+02
1.931875374179999882e-01 -1.592714733120000059e-01 2.559596494859999738e-01 -7.521570802370000641e-02 -1.252780369580000013e+02 4.598024300569999667e+01 1.667094392099999993e+02
2.225308631650000091e-01 -1.564538544580000023e-01 2.553237415819999967e-01 -7.410734771910000573e-02 -1.265788136630000054e+02 4.556800255710000158e+01 1.663092538699999920e+02
2.758174852170000024e-01 -1.532550529270000073e-01 2.592056839469999985e-01 -7.766370781360000530e-02 -1.271480266549999953e+02 4.506038029730000005e+01 1.653594366990000140e+02
1.726513951599999985e-01 -1.561344539420000121e-01 2.605204565740000255e-01 -7.731276246399999830e-02 -1.266496310889999961e+02 4.568412980240000110e+01 1.658494115489999956e+02
1.311827502550000080e-01 -1.575564797600000067e-01 2.583608908080000099e-01 -7.766819263349999947e-02 -1.261837467170000053e+02 4.565069384209999725e+01 1.667705775990000063e+02
1.084710450520000036e-01 -1.594746550739999935e-01 2.596709989270000185e-01 -7.643072498210000398e-02 -1.259456050179999949e+02 4.534923276340000342e+01 1.660575074639999968e+02
9.200588088950000243e-01 -1.528720283870000085e-01 2.596201997970000175e-01 -7.788465091950000363e-02 -1.273519351420000021e+02 4.515983575709999798e+01 1.654849925089999942e+02
1.226903848550000009e-01 -1.529854395249999888e-01 2.585285022570000257e-01 -8.056907042249999984e-02 -1.268910247069999997e+02 4.562471302720000210e+01 1.667651851109999939e+02
1.229212431789999949e-01 -1.539694841110000045e-01 2.567076498790000216e-01 -7.830630938900000337e-02 -1.268216432269999956e+02 4.625088506219999829e+01 1.662641929890000085e+02
1.460880994060000104e-01 -1.563724807300000130e-01 2.612715194360000215e-01 -7.704650551580000117e-02 -1.265327405540000001e+02 4.528185721740000247e+01 1.657312384599999859e+02
1.499702462720000073e-01 -1.558282859450000057e-01 2.558031947389999838e-01 -7.434774058500000227e-02 -1.259941059260000031e+02 4.534790537810000188e+01 1.664167351359999998e+02
1.025953309289999948e+00 -1.600835949970000061e-01 2.590576124889999998e-01 -7.639159727460000104e-02 -1.256296839949999935e+02 4.545141959739999749e+01 1.662832060780000063e+02
1.601343622929999877e-01 -1.537779351259999927e-01 2.588772652299999866e-01 -8.004225197360000099e-02 -1.270481391170000052e+02 4.596108413099999979e+01 1.667222706990000063e+02
1.795254720620000077e-01 -1.575853099360000065e-01 2.605705538679999878e-01 -8.044185419030000506e-02 -1.259922511230000026e+02 4.538128386460000030e+01 1.662738156609999862e+02
3.092518517599999739e-01 -1.528568730909999895e-01 2.586176110399999728e-01 -7.946455526199999730e-02 -1.267179998320000038e+02 4.562595385449999696e+01 1.656712809299999947e+02
1.315615976139999921e-01 -1.566694194680000041e-01 2.572943480620000223e-01 -7.266244782899999866e-02 -1.265899647100000038e+02 4.504575009199999869e+01 1.659177746930000126e+02
3.750337210069999827e+01 -1.537316773669999970e-01 2.598070466010000135e-01 -7.864079667840000176e-02 -1.265395106919999932e+02 4.498182636010000124e+01 1.663599399340000105e+02
5.324903775160000352e-01 -1.508865796880000110e-01 2.556078189479999985e-01 -7.433803558109999821e-02 -1.278140670129999990e+02 4.534351522600000095e+01 1.660573473830000069e+02
1.539992399160000081e-01 -1.530063473140000074e-01 2.561175619150000138e-01 -8.091396770030000185e-02 -1.265819681440000011e+02 4.646333117719999706e+01 1.668839503119999961e+02
1.379185925039999872e-01 -1.560838196429999991e-01 2.569652580160000088e-01 -7.803949418689999640e-02 -1.265599557099999970e+02 4.599367421849999715e+01 1.661681123220000131e+02
1.348612780350000040e-01 -1.530140082399999990e-01 2.563549880759999899e-01 -8.013798665820000278e-02 -1.273698321920000041e+02 4.608046295070000298e+01 1.665861684710000077e+02
1.244474599670000042e-01 -1.552979667430000044e-01 2.611745550680000250e-01 -8.094275494239999702e-02 -1.262760114649999963e+02 4.586231736389999725e+01 1.663476345999999921e+02
1.532289189530000040e-01 -1.532616619949999925e-01 2.597284999369999792e-01 -7.910032926740000192e-02 -1.275002841550000028e+02 4.519355609130000317e+01 1.663026649589999977e+02
1.110083448719999949e-01 -1.551892463890000018e-01 2.600945548079999781e-01 -7.971435626280000408e-02 -1.262181453080000040e+02 4.588993990289999658e+01 1.661895303169999920e+02
4.276348730219999839e-01 -1.549664746220000000e-01 2.546381376579999745e-01 -7.087436348379999584e-02 -1.267305497880000047e+02 4.509858983029999990e+01 1.660239036330000033e+02
1.886505165559999864e-01 -1.568238778970000025e-01 2.610026664730000223e-01 -7.845036253919999980e-02 -1.258691405200000020e+02 4.529783869749999781e+01 1.663221202910000045e+02
1.416829390010000134e-01 -1.565164660320000067e-01 2.580338605460000267e-01 -7.669996650329999333e-02 -1.259945916169999975e+02 4.528322385069999712e+01 1.666021791899999869e+02
1.126721137210000001e-01 -1.551844206290000083e-01 2.585824686750000101e-01 -8.068987676430000588e-02 -1.264893846730000035e+02 4.599741961809999680e+01 1.667201468840000018e+02
1.370179076130000062e-01 -1.543203565440000036e-01 2.581852905079999871e-01 -8.060959237770000396e-02 -1.270661507589999957e+02 4.594406674110000210e+01 1.664572250150000059e+02
2.492088475960000105e-01 -1.580135186659999968e-01 2.614641632179999786e-01 -8.193321268099999777e-02 -1.258801650709999933e+02 4.574975936940000310e+01 1.662139144040000076e+02
4.363688777629999849e-01 -1.598396936020000103e-01 2.560246958479999724e-01 -7.283638443249999816e-02 -1.249960700489999965e+02 4.521301308700000021e+01 1.662699397910000130e+02
4.049298965740000256e-01 -1.512151862349999931e-01 2.631541615199999851e-01 -8.165197315059999350e-02 -1.277335498850000022e+02 4.523304584000000261e+01 1.657561047560000134e+02
3.414782889679999767e-01 -1.557040243080000108e-01 2.605292689340000245e-01 -8.270092795120000118e-02 -1.258504950389999948e+02 4.571121445400000027e+01 1.664503704560000017e+02
1.915818665759999873e-01 -1.566543471240000041e-01 2.561565956499999852e-01 -7.696585728080000688e-02 -1.261783191130000006e+02 4.544755970749999818e+01 1.664387564129999930e+02
1.279721572270000052e-01 -1.536971368210000022e-01 2.598986716050000201e-01 -7.768543656580000067e-02 -1.273206614519999960e+02 4.480932240469999783e+01 1.655174997539999993e+02
1.830255729799999953e-01 -1.536795087670000115e-01 2.608358358669999877e-01 -7.720258748239999802e-02 -1.271144431520000069e+02 4.486036315810000019e+01 1.652755177429999947e+02
2.910604727339999864e-01 -1.546109069709999950e-01 2.594447588559999907e-01 -7.837503766940000227e-02 -1.267866788089999943e+02 4.524901089259999765e+01 1.657831988819999935e+02
1.501235042540000064e-01 -1.543654668220000026e-01 2.611178576029999920e-01 -7.857361462039999522e-02 -1.272592659080000033e+02 4.510600414000000313e+01 1.658401193470000123e+02
3.817928930080000116e-01 -1.536371498890000131e-01 2.573759112599999788e-01 -7.928818891460000240e-02 -1.266092895010000063e+02 4.631178822220000058e+01 1.665492845299999942e+02
2.191451019900000075e-01 -1.563347014400000012e-01 2.613797453450000252e-01 -7.729195795590000639e-02 -1.266040199020000045e+02 4.523356925750000102e+01 1.659704087130000119e+02
5.039549477229999797e-01 -1.545391063390000042e-01 2.614514758870000177e-01 -7.553517925420000223e-02 -1.269730441309999946e+02 4.463812994810000134e+01 1.654421318649999932e+02
1.249352621039999944e-01 -1.544974680539999978e-01 2.596163031420000156e-01 -7.902703333020000276e-02 -1.260498630630000036e+02 4.608233848540000110e+01 1.661872517840000114e+02
1.522068752840000094e-01 -1.541618406899999960e-01 2.587241526690000071e-01 -7.709504873759999433e-02 -1.267722222560000063e+02 4.533820110100000278e+01 1.656961297269999989e+02
5.103609125920000045e-01 -1.552080754140000018e-01 2.567077018139999889e-01 -7.803475688130000198e-02 -1.269941942749999981e+02 4.582396912699999802e+01 1.661486167840000121e+02
2.659149620530000258e-01 -1.549647517109999928e-01 2.581565269760000003e-01 -7.584681393629999491e-02 -1.259728861199999983e+02 4.512466095770000152e+01 1.660576406369999916e+02
4.145114407939999857e-01 -1.575410208530000078e-01 2.585068562119999802e-01 -7.521526222799999883e-02 -1.258746369379999948e+02 4.490463025159999688e+01 1.657600070009999911e+02
2.240164602649999948e-01 -1.555600957090000069e-01 2.581707068899999902e-01 -8.442669903499999684e-02 -1.262354853519999978e+02 4.699549487920000246e+01 1.672591671769999948e+02
2.696591907709999791e-01 -1.559552519430000006e-01 2.594247666610000058e-01 -6.925753873909999692e-02 -1.269201694930000031e+02 4.373419205630000306e+01 1.648992893260000017e+02
1.429213232340000028e-01 -1.560929800899999997e-01 2.567881618160000046e-01 -7.638921856699999735e-02 -1.265514483660000025e+02 4.545446937069999649e+01 1.661654532700000004e+02
1.368284678080000094e-01 -1.540202899339999931e-01 2.611313349430000041e-01 -7.723732217999999816e-02 -1.276063807010000062e+02 4.480354685660000058e+01 1.657582195630000115e+02
1.712035098430000069e-01 -1.569854407350000092e-01 2.633318207709999803e-01 -7.906061321820000154e-02 -1.260681583599999982e+02 4.505296550669999789e+01 1.657305306149999922e+02
1.069560729360000018e+00 -1.571011903810000110e-01 2.622899014489999958e-01 -7.808680368400000571e-02 -1.258462275389999974e+02 4.508621902659999847e+01 1.656524862809999945e+02
6.212523763759999484e-01 -1.540560978019999971e-01 2.583514792839999852e-01 -7.983802683179999637e-02 -1.277728641660000051e+02 4.556705133980000255e+01 1.656099030009999922e+02
1.224686612759999932e-01 -1.580812673829999904e-01 2.609558042160000091e-01 -7.817946991040000682e-02 -1.261396288419999934e+02 4.501311858369999896e+01 1.661708885680000094e+02
1.616937921419999924e+00 -1.542800634760000122e-01 2.580948585910000093e-01 -7.819709814950000226e-02 -1.267266349039999938e+02 4.499837464739999859e+01 1.657066084200000091e+02
2.219034763359999940e-01 -1.533675092879999979e-01 2.573917236170000233e-01 -7.590176900829999351e-02 -1.270194692249999946e+02 4.538025254970000333e+01 1.663125847000000022e+02
1.542165188890000094e-01 -1.575936723370000014e-01 2.586024568790000200e-01 -7.375830476139999536e-02 -1.261295534190000041e+02 4.444766422819999718e+01 1.655804388310000093e+02
1.166048420840000016e-01 -1.544287704600000033e-01 2.605494094820000051e-01 -7.842408875669999724e-02 -1.269807694499999968e+02 4.520046475310000034e+01 1.656251806170000123e+02
3.390920234629999919e-01 -1.554746399040000115e-01 2.586145010870000149e-01 -7.434363390690000573e-02 -1.266946911779999994e+02 4.502194995840000047e+01 1.659950645250000036e+02
1.208521333019999949e-01 -1.567844703809999907e-01 2.626285674939999870e-01 -8.135594848430000026e-02 -1.257094676560000011e+02 4.550902304550000110e+01 1.663139563729999963e+02
2.294288079310000117e-01 -1.565798459009999921e-01 2.568635300259999865e-01 -7.413950043269999790e-02 -1.262649165720000042e+02 4.523228055639999923e+01 1.664493688580000139e+02
1.002548443040000015e-01 -1.574357388900000099e-01 2.566969783090000123e-01 -7.827991018150000369e-02 -1.259569546120000041e+02 4.612760010529999732e+01 1.668230315879999921e+02
3.749823002439999775e-01 -1.569806892479999882e-01 2.557658054990000207e-01 -7.593403893899999813e-02 -1.265612196240000031e+02 4.539921492650000090e+01 1.662616947489999859e+02
1.077613155830000058e-01 -1.533920285819999896e-01 2.598348152639999853e-01 -7.944782791380000653e-02 -1.274971834330000036e+02 4.518681676509999789e+01 1.661339910570000029e+02
1.517658807019999889e+00 -1.556649917700000108e-01 2.621487760760000119e-01 -7.802369137560000167e-02 -1.268631562529999997e+02 4.524436482469999987e+01 1.654800495460000036e+02
2.030451293730000106e-01 -1.535274968110000027e-01 2.589926443689999913e-01 -7.856649372469999559e-02 -1.275295734240000058e+02 4.610640679130000308e+01 1.663498971090000111e+02
1.694706563429999868e-01 -1.572531188619999964e-01 2.586054653389999736e-01 -7.780582458389999345e-02 -1.254562302439999968e+02 4.558119842260000354e+01 1.666574216719999981e+02
1.008205098169999980e-01 -1.575732848879999870e-01 2.580072510349999959e-01 -7.561694631970000691e-02 -1.262726211599999999e+02 4.565554882579999685e+01 1.662631230460000040e+02
3.907136125490000000e-01 -1.543599059369999971e-01 2.577404198059999874e-01 -7.341367234600000569e-02 -1.270541781719999932e+02 4.457179381929999806e+01 1.657301376329999982e+02
2.944911653949999764e-01 -1.512506306359999997e-01 2.634625732729999892e-01 -8.460148132349999683e-02 -1.273173332719999991e+02 4.567464068440000347e+01 1.661719210919999909e+02
3.000152509549999791e-01 -1.558465871530000102e-01 2.604744723290000064e-01 -7.693797631609999854e-02 -1.262599052409999985e+02 4.482107640849999797e+01 1.657305721790000064e+02
3.434596272730000011e-01 -1.560017279910000110e-01 2.563179960540000191e-01 -7.584467016679999340e-02 -1.270503195299999959e+02 4.561842607780000236e+01 1.660152077509999913e+02
3.154641104290000220e-01 -1.543321242010000094e-01 2.612939904020000204e-01 -8.027034017449999337e-02 -1.268163366670000016e+02 4.588120251630000013e+01 1.665586880820000033e+02
1.059019002569999979e-01 -1.533667429389999892e-01 2.565778821460000247e-01 -7.169056928649999993e-02 -1.277757345079999993e+02 4.496282417060000114e+01 1.656058354330000100e+02
1.057357069710000014e-01 -1.528209378100000015e-01 2.604853420950000165e-01 -8.333742334740000535e-02 -1.272420589670000055e+02 4.593019857830000063e+01 1.661652281990000120e+02
1.045463051239999969e-01 -1.578698108830000058e-01 2.580691528199999807e-01 -7.121885263980000380e-02 -1.259568726210000023e+02 4.471743039260000074e+01 1.654421675680000021e+02
1.897283698820000086e-01 -1.511791389200000113e-01 2.586264984070000272e-01 -8.103114841319999928e-02 -1.275228335399999935e+02 4.605157545179999801e+01 1.663998306139999954e+02
1.299281752299999981e+00 -1.561021712719999899e-01 2.590513546070000173e-01 -7.498127505309999663e-02 -1.268066364959999959e+02 4.436515234870000057e+01 1.657087323549999951e+02
2.494886546420000129e-01 -1.551723946759999972e-01 2.603669351339999993e-01 -7.988228406910000134e-02 -1.261744691269999947e+02 4.552352677639999712e+01 1.662352497260000064e+02
1.332957905740000115e-01 -1.536555112359999919e-01 2.608123442490000166e-01 -8.145296234280000047e-02 -1.272884713570000059e+02 4.613945043420000047e+01 1.664108763199999999e+02
8.041380354099999517e-01 -1.523319290050000052e-01 2.606322694629999992e-01 -7.477989879370000592e-02 -1.276929445859999959e+02 4.466583838550000252e+01 1.652910561230000042e+02
3.147729205989999723e-01 -1.598788177419999956e-01 2.628834503249999899e-01 -8.247292062309999339e-02 -1.252061985149999970e+02 4.567582838530000089e+01 1.662015513769999870e+02
1.545471746600000085e-01 -1.592203528370000065e-01 2.604633524639999864e-01 -7.214513033949999932e-02 -1.259499544319999984e+02 4.433101595219999780e+01 1.653282271790000095e+02
2.688286273600000165e-01 -1.524391821380000067e-01 2.649673684319999722e-01 -7.603707202310000524e-02 -1.277124408109999933e+02 4.387777843850000181e+01 1.645800464700000134e+02
1.166175081270000025e-01 -1.527825034879999877e-01 2.548059667379999893e-01 -8.175992292610000101e-02 -1.270482650990000053e+02 4.683415855700000208e+01 1.671744059659999948e+02
1.117299754460000072e+00 -1.561054548159999944e-01 2.626377648789999797e-01 -7.800696320750000190e-02 -1.264562159219999984e+02 4.508457711020000147e+01 1.654483141460000013e+02
2.796062341189999856e-01 -1.551115266560000039e-01 2.594761229870000130e-01 -7.518266996410000180e-02 -1.271380752169999937e+02 4.501701949569999783e+01 1.656329639680000128e+02
1.627812527030000067e-01 -1.591527570869999963e-01 2.587146295639999871e-01 -7.868808763130000217e-02 -1.250613240039999994e+02 4.574793210269999832e+01 1.662088960129999862e+02
1.901200011209999985e-01 -1.559925070550000070e-01 2.579577540899999910e-01 -7.744052645360000042e-02 -1.258768778169999933e+02 4.533163790329999898e+01 1.666929878660000099e+02
1.402747704619999869e-01 -1.546798235390000054e-01 2.599976547169999819e-01 -7.814842249030000410e-02 -1.267638771600000069e+02 4.467744134950000046e+01 1.658549787770000137e+02
1.354688291599999983e-01 -1.535450196189999950e-01 2.571303349310000153e-01 -7.312476184549999980e-02 -1.273386929320000007e+02 4.465759942270000238e+01 1.657836000970000043e+02
1.181070927570000012e-01 -1.537694585920000023e-01 2.576305277470000155e-01 -7.574971137909999874e-02 -1.271028092359999988e+02 4.583296651530000076e+01 1.663297507480000093e+02
6.258428192430000259e+00 -1.556271116580000002e-01 2.571968368900000024e-01 -7.485512695960000462e-02 -1.266417919999999953e+02 4.572871171290000092e+01 1.662732963189999964e+02
3.279131791329999990e-01 -1.578415312570000117e-01 2.622540884019999852e-01 -7.859503242960000358e-02 -1.259354159359999983e+02 4.504328439959999741e+01 1.659728742450000141e+02
2.386056598780000038e-01 -1.543387811220000017e-01 2.606575094799999937e-01 -7.984474385199999413e-02 -1.272460375160000012e+02 4.556102658870000255e+01 1.660747584019999863e+02
1.647985324079999925e-01 -1.568534665859999955e-01 2.593870852460000154e-01 -7.562513045190000227e-02 -1.266167180890000026e+02 4.525267755320000163e+01 1.655546360760000084e+02
1.313879324890000033e+00 -1.563095882109999946e-01 2.558294077730000060e-01 -7.531473389970000376e-02 -1.266460998889999985e+02 4.580110558309999647e+01 1.663853377929999908e+02
1.471756089509999865e-01 -1.524232565870000111e-01 2.616208511240000201e-01 -8.481650636090000417e-02 -1.271090980150000007e+02 4.643398708309999989e+01 1.665143593470000098e+02
7.436271494280000116e-01 -1.534253539260000132e-01 2.585419930169999825e-01 -7.657889173870000010e-02 -1.272116150300000044e+02 4.511992770799999874e+01 1.657813549269999953e+02
1.281415511369999871e-01 -1.562819876569999933e-01 2.589596004649999950e-01 -7.593460118370000400e-02 -1.259562882169999938e+02 4.504668074020000290e+01 1.659467342990000134e+02
1.202523143210000034e-01 -1.540930637890000066e-01 2.623940485399999800e-01 -7.799888360079999805e-02 -1.267717075219999998e+02 4.506673673080000242e+01 1.653185474510000006e+02
5.048514530190000293e-01 -1.518779805959999951e-01 2.567883386400000023e-01 -7.302393916150000386e-02 -1.277190887849999967e+02 4.470566865739999685e+01 1.655533735690000015e+02
2.880557677139999884e-01 -1.584384392809999875e-01 2.625679075230000215e-01 -8.013342090319999778e-02 -1.256685806649999932e+02 4.518965796130000001e+01 1.662011377039999900e+02
1.392743839779999881e-01 -1.536633368800000010e-01 2.626783672249999868e-01 -8.184573154089999636e-02 -1.265449312450000008e+02 4.557654784799999703e+01 1.661075663279999901e+02
1.593042658899999908e-01 -1.580367877320000003e-01 2.622127700449999876e-01 -7.660764474490000531e-02 -1.259602784220000018e+02 4.483045828110000031e+01 1.657195233260000009e+02
1.216715378290000038e-01 -1.581377576409999930e-01 2.614904154919999724e-01 -7.447984520799999508e-02 -1.260349581319999999e+02 4.440794006849999676e+01 1.654007228700000098e+02
1.920278840659999930e-01 -1.547319003360000111e-01 2.584871774999999983e-01 -7.696933054990000300e-02 -1.269765754210000068e+02 4.497055445939999885e+01 1.656398332789999870e+02
4.197113858159999822e-01 -1.562711178810000101e-01 2.577583711729999894e-01 -7.940448331140000093e-02 -1.256942527329999990e+02 4.548253192060000316e+01 1.664994559030000119e+02
1.926297340939999991e-01 -1.561209543540000022e-01 2.606385185449999753e-01 -8.097123211789999941e-02 -1.259791574099999991e+02 4.507327820660000128e+01 1.662167221020000056e+02
2.627598596169999912e-01 -1.540435375330000134e-01 2.601492090829999881e-01 -8.031116913579999794e-02 -1.265482277870000019e+02 4.590582702710000262e+01 1.663785433580000017e+02
3.981541298919999972e-01 -1.540334616930000011e-01 2.614752893469999839e-01 -7.643144018780000104e-02 -1.270737646329999961e+02 4.439899665779999793e+01 1.655387461980000126e+02
1.492189507999999998e-01 -1.561838080290000041e-01 2.605575708399999746e-01 -7.504118887440000552e-02 -1.265988487620000029e+02 4.441311349109999895e+01 1.652798538339999936e+02
1.179531522049999948e-01 -1.516756035390000035e-01 2.605188010789999953e-01 -8.129975073709999611e-02 -1.277750708770000045e+02 4.598830445069999939e+01 1.661325896319999913e+02
2.382430510459999928e-01 -1.561936471210000066e-01 2.585858662650000195e-01 -7.474612107799999405e-02 -1.259942546829999941e+02 4.516695659719999867e+01 1.659422811240000044e+02
1.161016443859999997e-01 -1.571944846480000102e-01 2.594484476050000210e-01 -7.688799825950000388e-02 -1.262822242459999984e+02 4.542002012110000209e+01 1.662885434369999871e+02
1.133020362839999989e-01 -1.558708810920000076e-01 2.585854581390000240e-01 -7.927491425129999658e-02 -1.264823615509999968e+02 4.619439156509999833e+01 1.664568620809999970e+02
1.973772343809999941e-01 -1.535410075839999944e-01 2.579860370140000247e-01 -8.477277681629999395e-02 -1.265346031520000025e+02 4.667846257499999751e+01 1.667905322020000085e+02
1.189364538349999972e-01 -1.556502846370000082e-01 2.602768087580000222e-01 -7.851011084690000252e-02 -1.268561534010000003e+02 4.532834106629999837e+01 1.658545461360000104e+02
1.071229410809999977e-01 -1.532223308900000081e-01 2.576075366339999895e-01 -7.545579451110000224e-02 -1.266319288619999952e+02 4.541247800000000012e+01 1.661505136689999915e+02
2.368664081280000000e-01 -1.551753552440000017e-01 2.585003772999999727e-01 -7.967493462730000642e-02 -1.261078954890000006e+02 4.544866706770000064e+01 1.662041684579999981e+02
1.063143657979999934e-01 -1.556984135620000098e-01 2.605063975229999773e-01 -7.895179394640000625e-02 -1.267734346849999980e+02 4.512575242129999964e+01 1.656442028179999966e+02
8.172496580550000500e-01 -1.519740056680000118e-01 2.631177451330000139e-01 -7.991240239190000594e-02 -1.274727575999999942e+02 4.481245102489999965e+01 1.652891447940000091e+02
1.046569017829999948e-01 -1.589607813109999990e-01 2.564053681949999830e-01 -7.489026253250000154e-02 -1.260313482920000041e+02 4.547050766329999760e+01 1.660589094460000013e+02
2.321427128430000042e-01 -1.543769718659999957e-01 2.610340302129999790e-01 -8.175678120399999804e-02 -1.264140110480000061e+02 4.552734778699999652e+01 1.662884518879999973e+02
2.289988329679999990e-01 -1.626669331539999930e-01 2.609167061220000194e-01 -7.512464033219999615e-02 -1.246328381330000070e+02 4.482439502110000262e+01 1.656608877520000078e+02
1.696045135679999927e-01 -1.570668122230000074e-01 2.582890853359999794e-01 -7.392975696820000553e-02 -1.262046505729999950e+02 4.457148684279999884e+01 1.660984508210000001e+02
1.263820534729999945e-01 -1.525765844239999891e-01 2.591013339229999990e-01 -7.628546286100000573e-02 -1.278240902820000002e+02 4.500433467509999730e+01 1.654291053080000040e+02
1.186063858090000034e+00 -1.543384113730000007e-01 2.600343131849999767e-01 -8.016217387940000050e-02 -1.269339147379999986e+02 4.616467942869999774e+01 1.663652641650000135e+02
