6.491035637049999973e-01 2.484872712550000029e-02 1.600258907250000084e-01 3.431657925730000058e-02 -1.632983433999999932e+02 -2.832673509780000032e+01 -1.718710049720000086e+02
1.084863933979999945e-01 4.025955153530000330e-02 1.617267480969999949e-01 4.455602723430000106e-02 -1.630599338380000063e+02 -2.505747230000000059e+01 -1.708775732180000091e+02
1.007333792790000015e-01 2.269565885939999958e-02 1.634916882930000093e-01 2.604067904939999858e-02 -1.624587446870000065e+02 -3.164591206449999916e+01 -1.712932601359999865e+02
1.339510978869999924e-01 8.961343261109999681e-02 1.731826197259999922e-01 1.000722148470000045e-01 -1.579889630979999993e+02 -1.452520054850000086e+01 -1.651165981000000045e+02
2.575263691499999896e-01 4.285865698690000114e-02 1.664099112719999995e-01 4.920536417890000042e-02 -1.617757957249999947e+02 -2.542712676120000026e+01 -1.704404425650000121e+02
1.063949752240000018e-01 5.291182218320000102e-02 1.718474995189999965e-01 4.970236545060000011e-02 -1.611529703580000046e+02 -2.516120317400000062e+01 -1.690802549729999953e+02
2.782829323170000202e-01 4.604329042659999899e-02 1.649799642370000097e-01 5.535114891600000087e-02 -1.620765030080000031e+02 -2.338170594300000005e+01 -1.701357973949999973e+02
1.463534300160000134e-01 3.871465450960000221e-02 1.692253174680000138e-01 3.701659489649999912e-02 -1.619313650880000068e+02 -2.880236873340000159e+01 -1.698703012619999981e+02
1.110914043640000015e-01 6.325090833730000195e-02 1.695109518950000116e-01 7.606008072309999868e-02 -1.601916078950000042e+02 -1.998465649499999941e+01 -1.682332673880000016e+02
1.869746700490000080e-01 4.470901019020000200e-02 1.660037813720000033e-01 4.859689738850000301e-02 -1.620851632149999944e+02 -2.501763183439999949e+01 -1.702368610890000014e+02
1.032876815669999948e-01 3.828221851250000057e-02 1.604681009289999905e-01 3.785783784240000227e-02 -1.636621421950000013e+02 -2.577799292279999932e+01 -1.710009654570000066e+02
2.156451952729999955e-01 4.766564207699999778e-02 1.743427282309999993e-01 5.204822999119999849e-02 -1.603632387110000082e+02 -2.647569122399999841e+01 -1.691282981010000128e+02
1.339033760480000113e-01 6.948967973259999320e-02 1.653250251260000026e-01 8.013496169660000445e-02 -1.605974022789999935e+02 -1.719050951859999898e+01 -1.681794395370000075e+02
1.176073141450000026e-01 3.559763452019999719e-02 1.670710051279999941e-01 4.786749129520000146e-02 -1.618508812260000127e+02 -2.680901993799999872e+01 -1.704171294909999972e+02
2.792876471560000184e-01 3.289799383940000127e-02 1.604235493080000130e-01 4.795254493150000186e-02 -1.624800389419999931e+02 -2.541099156459999975e+01 -1.717969591389999948e+02
1.256865554190000067e-01 2.262183090439999836e-02 1.587768517060000051e-01 2.794165801719999953e-02 -1.638140721839999969e+02 -3.010479661760000170e+01 -1.716987787490000130e+02
1.043065514229999935e-01 7.667910558719999436e-02 1.787822181719999903e-01 8.823186109139999345e-02 -1.580064278330000036e+02 -1.867149995280000141e+01 -1.660668156270000111e+02
1.831032371990000129e-01 6.231256838330000158e-02 1.744802923869999967e-01 6.343619293850000229e-02 -1.600925957949999940e+02 -2.239913946860000138e+01 -1.681540882589999910e+02
4.452116854589999728e-01 5.404437880710000197e-02 1.720717201580000133e-01 5.854018761879999783e-02 -1.607816683009999963e+02 -2.377977631090000088e+01 -1.688503368769999895e+02
1.734199093899999877e-01 4.750703626620000203e-02 1.655592812680000137e-01 5.513817369320000300e-02 -1.619048480360000042e+02 -2.335945931050000013e+01 -1.701232475950000094e+02
1.142520197779999941e-01 6.380120790639999540e-02 1.707426337090000024e-01 6.626598943170000644e-02 -1.607222726640000019e+02 -2.066106260849999998e+01 -1.683472211039999991e+02
3.683635944499999981e-01 5.743086627360000085e-02 1.659797298769999929e-01 6.646966031539999764e-02 -1.613959658800000057e+02 -2.060805476879999887e+01 -1.692368606599999907e+02
4.753340008570000053e-01 5.144894184200000248e-02 1.678503089410000038e-01 5.284949899710000149e-02 -1.617193190549999997e+02 -2.353440410860000043e+01 -1.695734124230000077e+02
4.881242136569999834e-01 4.568357402110000132e-02 1.639986069790000112e-01 4.770103845209999749e-02 -1.630602280059999885e+02 -2.387616522360000104e+01 -1.700133841690000054e+02
1.238277435320000036e-01 2.670200675579999933e-02 1.629283689059999873e-01 2.280890987149999938e-02 -1.633583198469999900e+02 -3.072314891239999923e+01 -1.708445552439999915e+02
1.183623920689999970e-01 5.569212483919999679e-02 1.666535941710000079e-01 6.207022971549999713e-02 -1.616636536199999910e+02 -2.164762007959999934e+01 -1.691883128210000109e+02
2.127989022050000012e-01 6.069050110410000032e-02 1.698166886370000017e-01 7.189147048949999508e-02 -1.602458258860000058e+02 -2.061173526350000174e+01 -1.686793004099999962e+02
1.706432868470000030e-01 6.429562799830000619e-02 1.722368951530000025e-01 6.339134807360000123e-02 -1.606195152360000122e+02 -2.151888879710000069e+01 -1.681703474889999939e+02
1.665834142050000022e-01 3.213873015250000298e-02 1.656721205589999912e-01 3.743691095679999720e-02 -1.619335594860000072e+02 -2.854894895709999858e+01 -1.710913981520000107e+02
1.359421931439999953e-01 7.117897747250000184e-02 1.650160903660000122e-01 7.548443872280000133e-02 -1.610140773360000139e+02 -1.710413865740000006e+01 -1.681943618980000110e+02
4.123223713499999943e-01 -3.106322788360000101e-02 1.463579715960000027e-01 -3.181723387910000145e-02 -1.629637237489999961e+02 -4.696483410369999945e+01 -1.694083118370000136e+02
3.794303082470000255e-01 4.051065488540000342e-02 1.678841960109999920e-01 5.151610423869999733e-02 -1.613198674669999946e+02 -2.572399146520000102e+01 -1.703703776469999980e+02
1.060130848899999978e-01 4.317816292380000087e-02 1.679675475240000049e-01 4.354346979539999718e-02 -1.622145811270000024e+02 -2.613575819100000075e+01 -1.698783454580000125e+02
1.838807487540000118e-01 4.219335613389999656e-02 1.638987733589999940e-01 5.126644943699999735e-02 -1.620293645810000100e+02 -2.436971329289999844e+01 -1.707916537160000132e+02
2.162753054850000134e-01 5.105332370900000222e-02 1.665013576849999899e-01 5.583391606700000009e-02 -1.619962777970000047e+02 -2.304973780299999930e+01 -1.695372278359999996e+02
1.438126119500000022e-01 3.635671203580000121e-02 1.628685195550000075e-01 4.282842848570000277e-02 -1.626697204570000110e+02 -2.606223230690000037e+01 -1.710524637890000008e+02
4.250829828820000267e-01 6.013242910750000308e-02 1.705426202760000065e-01 6.298664301339999827e-02 -1.606208145189999925e+02 -2.214145197630000084e+01 -1.688012822910000068e+02
1.331982441500000058e-01 6.275342171809999980e-02 1.692527974440000138e-01 6.648800992959999490e-02 -1.612246498929999916e+02 -2.034419775880000003e+01 -1.683438109559999987e+02
5.206958361269999891e-01 6.221491805979999928e-02 1.695361963600000021e-01 7.021829107240000478e-02 -1.604869108720000099e+02 -2.054955977799999900e+01 -1.685716013610000061e+02
7.639065634399999638e-01 5.443373139259999847e-03 1.580203165869999982e-01 7.243604338830000357e-03 -1.632200091020000059e+02 -3.629909453709999667e+01 -1.717398169610000025e+02
2.661083129049999774e-01 3.946894875080000226e-02 1.621153537030000091e-01 4.393803013829999937e-02 -1.632919756910000046e+02 -2.514859636790000152e+01 -1.706403393390000076e+02
1.527258702610000130e-01 2.531409848600000081e-02 1.633029161429999931e-01 2.394824937419999869e-02 -1.630631564450000042e+02 -3.091546625300000173e+01 -1.709648622249999903e+02
1.025717792029999936e-01 3.460704708000000157e-02 1.657678445599999884e-01 2.540951170479999882e-02 -1.632267529720000141e+02 -2.953579066329999847e+01 -1.700792620070000112e+02
3.063094668479999783e-01 5.730646840579999707e-02 1.657907653550000082e-01 7.372474383839999756e-02 -1.607767901269999982e+02 -2.015709899289999996e+01 -1.691117663670000013e+02
1.573785874330000112e-01 5.818830533520000237e-02 1.698481140639999942e-01 6.780158921399999372e-02 -1.602033053479999865e+02 -2.171901765950000041e+01 -1.690563205779999976e+02
2.637099121820000169e-01 4.937321602949999721e-02 1.704031840209999926e-01 5.359668595730000124e-02 -1.613607245750000061e+02 -2.458975075869999927e+01 -1.692638485440000125e+02
1.614659094919999871e-01 6.727231972960000250e-02 1.696082443820000063e-01 7.715352330590000141e-02 -1.598501084650000053e+02 -1.919683298969999896e+01 -1.681933277150000094e+02
1.178822438610000051e-01 6.268516646810000370e-02 1.664000377110000095e-01 7.915184837729999368e-02 -1.605195152169999915e+02 -1.862655456319999914e+01 -1.685072841109999899e+02
1.825753779440000002e-01 4.315630760869999805e-02 1.691239288810000019e-01 3.906878941869999788e-02 -1.624052333440000098e+02 -2.692984600790000016e+01 -1.695202332460000036e+02
1.407096980879999903e-01 4.894798070240000132e-02 1.692529027989999879e-01 5.629209884579999823e-02 -1.608937759529999880e+02 -2.417508922380000058e+01 -1.698271657539999921e+02
1.194403888070000030e-01 -3.532086191879999990e-03 1.566272260209999878e-01 2.335187621710000175e-03 -1.630117431300000135e+02 -3.829527453229999878e+01 -1.718195493300000010e+02
2.647561291030000041e-01 3.356074646880000123e-02 1.684169372900000128e-01 3.766162611280000211e-02 -1.614101895789999901e+02 -2.943677387179999982e+01 -1.706566744030000109e+02
2.164266071239999978e-01 3.394339941079999728e-02 1.609415477589999921e-01 4.044528711110000063e-02 -1.632633882469999946e+02 -2.648001932700000083e+01 -1.711947887910000077e+02
1.035383180039999990e-01 3.429795589179999993e-02 1.619847869809999952e-01 4.301253879380000089e-02 -1.626638873980000142e+02 -2.651629954619999907e+01 -1.713149686030000112e+02
2.950913822160000088e-01 2.668178123180000097e-02 1.624524969620000092e-01 2.671347617410000166e-02 -1.632533811739999976e+02 -3.033615667180000131e+01 -1.709872246140000129e+02
1.242977316320000025e-01 2.458062874299999853e-02 1.602545730659999945e-01 2.587185423830000094e-02 -1.638360671140000022e+02 -2.974950437700000094e+01 -1.712810036060000130e+02
1.927194778309999912e-01 7.651272989019999859e-02 1.789456320620000096e-01 8.307839622800000656e-02 -1.582486185589999934e+02 -1.921622696640000072e+01 -1.663453038190000086e+02
2.752672544929999798e+00 4.398788695019999889e-02 1.640703486629999930e-01 5.416903250409999676e-02 -1.618577768400000139e+02 -2.377835626010000070e+01 -1.706887922969999920e+02
2.140389799119999936e-01 3.556054290780000238e-02 1.647507583839999956e-01 4.019983352570000168e-02 -1.622484114810000051e+02 -2.723389213970000000e+01 -1.710405545159999861e+02
1.759467342749999885e-01 4.746630014790000074e-02 1.663453863990000114e-01 5.353923666000000303e-02 -1.620146321629999875e+02 -2.366912792129999943e+01 -1.699005455340000026e+02
1.914899753000000038e-01 2.457144402930000124e-02 1.603128023110000078e-01 2.468426037380000090e-02 -1.637761071559999948e+02 -3.041570582800000011e+01 -1.712909515249999970e+02
1.151072404349999939e-01 7.283875981769999397e-02 1.650173600429999943e-01 7.466757550590000236e-02 -1.608514446389999932e+02 -1.715979438959999825e+01 -1.682642250279999985e+02
1.618968642230000088e-01 4.310679822490000312e-02 1.658513280149999936e-01 4.871098275809999933e-02 -1.619752592240000126e+02 -2.525689846010000039e+01 -1.704372941960000105e+02
1.207370401289999950e-01 3.683987555950000298e-02 1.647993022810000097e-01 4.752126794830000001e-02 -1.618569500829999868e+02 -2.643667334379999900e+01 -1.709482861170000092e+02
1.028833365390000032e-01 2.625688879900000064e-02 1.641195383129999963e-01 3.477531303689999909e-02 -1.620479735639999888e+02 -2.981810705190000022e+01 -1.715404520410000089e+02
2.132947084010000105e-01 4.560594511410000218e-02 1.728363781430000135e-01 5.091445800279999906e-02 -1.607277003300000047e+02 -2.660756379300000063e+01 -1.693615572909999969e+02
8.219454727999999655e-01 6.782695011229999960e-02 1.683357557129999960e-01 8.106088381760000183e-02 -1.601197766329999865e+02 -1.834607378360000141e+01 -1.678727750200000060e+02
1.665231437739999876e-01 3.022277223559999976e-02 1.657436640109999915e-01 2.908907587340000059e-02 -1.626662832419999916e+02 -3.002597015139999925e+01 -1.705152492549999863e+02
1.260870110969999902e-01 5.484447855240000280e-02 1.725434809090000132e-01 5.643223391050000010e-02 -1.609205250370000044e+02 -2.376405177670000057e+01 -1.687185548589999939e+02
1.050895589120000029e-01 3.795796328420000115e-02 1.646937460569999900e-01 5.053598756390000057e-02 -1.620116708799999969e+02 -2.544445585589999936e+01 -1.707777095440000039e+02
4.180736072440000006e-01 3.186510128100000089e-02 1.625831782019999949e-01 4.303561458050000205e-02 -1.624366015509999954e+02 -2.729734859110000045e+01 -1.713451661430000001e+02
4.114928074509999756e-01 5.258794560749999875e-02 1.667715078310000043e-01 6.540784839289999486e-02 -1.607364181089999988e+02 -2.223284560060000103e+01 -1.698482014680000134e+02
1.523666073870000026e-01 6.025204756569999681e-02 1.659318115320000120e-01 6.254296542730000685e-02 -1.616848546710000107e+02 -2.078544918229999894e+01 -1.690698035919999995e+02
3.395379552719999805e-01 7.444320057120000500e-02 1.744242232429999984e-01 8.259487703810000636e-02 -1.591418943449999972e+02 -1.839155398180000134e+01 -1.667659819330000062e+02
2.171453178989999899e-01 5.720539622850000228e-02 1.682818292250000125e-01 6.140437765540000120e-02 -1.611793511639999963e+02 -2.191080471389999929e+01 -1.691264585849999946e+02
3.591813251159999831e-01 3.166919909609999806e-02 1.593585015329999910e-01 3.835124162809999682e-02 -1.631930643540000005e+02 -2.680012400840000097e+01 -1.718218301119999865e+02
1.883025505819999890e-01 2.330627441109999962e-02 1.592109833199999991e-01 2.519370784890000159e-02 -1.638497322689999862e+02 -3.004915380499999955e+01 -1.716195542179999904e+02
2.645670734969999827e-01 6.305015655630000215e-02 1.695925155040000076e-01 7.125394083550000424e-02 -1.605322257450000052e+02 -2.037600012209999889e+01 -1.683361901780000096e+02
2.862011318250000103e-01 2.866920216520000078e-02 1.617739329690000005e-01 3.088599023069999935e-02 -1.630743424320000088e+02 -2.918422645149999894e+01 -1.713696783089999940e+02
1.439772778700000033e-01 3.721255047360000345e-02 1.688330913230000063e-01 3.951575069620000269e-02 -1.617528417270000034e+02 -2.861632231609999977e+01 -1.702381597570000054e+02
2.946654935219999993e-01 2.227498884950000063e-02 1.631687187299999953e-01 1.918942053070000001e-02 -1.631245288730000027e+02 -3.266914904730000302e+01 -1.708337470250000081e+02
1.688815765470000008e+00 4.652528557129999645e-03 1.572879727669999894e-01 7.130742263500000275e-03 -1.635235451380000029e+02 -3.604864697739999713e+01 -1.717215640850000113e+02
2.381800657139999944e-01 4.274647837039999981e-02 1.649824927959999965e-01 5.172562491010000013e-02 -1.620052856149999911e+02 -2.492819443910000032e+01 -1.704614325990000054e+02
1.547778539770000017e-01 5.733141752069999958e-02 1.681580193689999891e-01 6.438329810640000539e-02 -1.609935868270000014e+02 -2.159525469180000101e+01 -1.691183827899999983e+02
1.964444768220000026e-01 1.314611066520000003e-02 1.556816415900000028e-01 2.445220293180000101e-02 -1.635273064099999942e+02 -3.171090497970000044e+01 -1.727969074709999973e+02
1.278132650069999932e-01 3.509428597320000259e-02 1.664417851370000034e-01 3.395411300870000010e-02 -1.626347949270000015e+02 -2.876078070319999824e+01 -1.702983740909999995e+02
1.052588788780000062e-01 4.195926963100000268e-02 1.636858240359999883e-01 4.966730357370000015e-02 -1.622577425709999943e+02 -2.439542273969999897e+01 -1.708224461400000109e+02
8.826678426359999552e-01 7.130302663529999863e-02 1.707645617830000073e-01 7.366170055170000175e-02 -1.602323937810000132e+02 -1.882306630409999926e+01 -1.677584125639999968e+02
1.213897635380000034e-01 2.528706134069999903e-02 1.622808466879999967e-01 2.777623464020000099e-02 -1.632950050089999934e+02 -3.000561099209999938e+01 -1.711637812890000134e+02
2.389225192449999924e-01 4.278900734629999952e-02 1.715236003839999968e-01 4.261042626989999804e-02 -1.612897584650000056e+02 -2.766321441290000038e+01 -1.696377774569999985e+02
1.508210854200000006e-01 6.368055034220000687e-02 1.704939385060000034e-01 7.505887767339999850e-02 -1.598725648390000060e+02 -2.027021453960000130e+01 -1.683866879720000043e+02
1.106601852090000060e-01 2.029476882740000043e-02 1.559267362869999896e-01 2.154404881629999949e-02 -1.641237843719999887e+02 -3.073998227170000064e+01 -1.722866116289999923e+02
1.760003630470000080e-01 3.056558344229999905e-02 1.589573947039999990e-01 2.854911724939999951e-02 -1.640898482489999992e+02 -2.796643352419999928e+01 -1.714158814539999867e+02
4.972156357740000199e-01 4.910308363270000226e-02 1.632489038759999955e-01 6.256050128039999936e-02 -1.616845329580000055e+02 -2.189403661140000068e+01 -1.703014878300000134e+02
1.066434889750000059e-01 5.659963251559999714e-02 1.634365269149999911e-01 6.877022374779999392e-02 -1.615742661079999891e+02 -1.975978954940000065e+01 -1.695898055520000014e+02
7.555623023169999453e-01 4.326146340169999965e-02 1.655440415870000070e-01 5.642045214699999839e-02 -1.615343074570000113e+02 -2.397370041980000011e+01 -1.705238856530000078e+02
1.696238299820000073e+00 6.325317399209999525e-02 1.687446566069999987e-01 6.888128659709999435e-02 -1.607672709729999951e+02 -2.041065519529999861e+01 -1.685279243450000024e+02
1.844370656440000034e-01 1.310935726379999951e-02 1.590976454930000117e-01 1.534829242679999935e-02 -1.637711422099999936e+02 -3.316800085999999936e+01 -1.715282848129999991e+02
1.373805527660000025e-01 3.888166877469999977e-02 1.639181180150000028e-01 4.794850035210000000e-02 -1.622392881270000089e+02 -2.589224553649999905e+01 -1.707956797839999865e+02
1.170164665160000061e-01 4.217786561049999966e-02 1.607275773899999871e-01 5.672760473990000329e-02 -1.627058345849999910e+02 -2.257348033790000130e+01 -1.708141692680000006e+02
1.932814611889999978e-01 4.893349909639999745e-02 1.732192507829999895e-01 5.245711010600000168e-02 -1.607665087750000055e+02 -2.580798174670000122e+01 -1.690846486179999886e+02
6.540075612879999944e+00 3.318195325079999897e-02 1.613486075070000025e-01 4.687143428289999858e-02 -1.621652306070000122e+02 -2.628971332280000084e+01 -1.717706829409999898e+02
2.231006530300000124e-01 8.306526324240000314e-02 1.699518415390000037e-01 9.928709039800000247e-02 -1.587823712750000027e+02 -1.464002854339999971e+01 -1.657167183439999860e+02
1.028527267170000065e-01 2.051616860789999899e-02 1.619609791870000037e-01 2.063618664259999833e-02 -1.633105181550000111e+02 -3.227477098170000147e+01 -1.710571228459999986e+02
2.648630951859999860e-01 1.582784534420000064e-03 1.538458318129999891e-01 9.636463007040000153e-03 -1.637793066739999972e+02 -3.558236882629999798e+01 -1.725978146500000037e+02
2.162401228289999866e-01 3.414210891640000189e-02 1.648702675060000067e-01 3.441570582529999978e-02 -1.629613066459999970e+02 -2.820916246519999859e+01 -1.704639731380000001e+02
3.955574066890000129e+00 5.159885874250000337e-02 1.680729395849999974e-01 5.829927384280000208e-02 -1.615421535870000014e+02 -2.271933649469999850e+01 -1.694609788209999977e+02
1.667327086429999938e-01 2.647077259970000152e-02 1.649324046610000094e-01 2.699058403190000149e-02 -1.626366656739999996e+02 -3.107995498360000042e+01 -1.707601351229999977e+02
1.395054696789999882e-01 2.946106117990000134e-02 1.602489932130000128e-01 4.354173567050000082e-02 -1.623852966640000091e+02 -2.690656498619999937e+01 -1.721220375640000100e+02
1.279427335530000098e-01 1.300828563309999915e-02 1.513337984339999942e-01 2.224346865740000137e-02 -1.646620055120000075e+02 -3.055609345330000082e+01 -1.732945651299999952e+02
1.602470359269999867e-01 5.866200732739999812e-02 1.677327591259999973e-01 6.309421692949999938e-02 -1.612251798169999972e+02 -2.137720342369999926e+01 -1.690585165699999948e+02
1.146152932700000016e-01 1.402162693610000017e-02 1.613562730529999878e-01 1.213270939789999961e-02 -1.634253087879999953e+02 -3.425660841749999719e+01 -1.710235169530000121e+02
3.764029890939999956e-01 3.007011721470000121e-02 1.599330158080000119e-01 4.210530769950000113e-02 -1.626396157320000100e+02 -2.673623749009999884e+01 -1.720391742939999915e+02
1.359339069290000090e-01 3.990825487019999777e-03 1.545083444579999910e-01 1.094434584769999989e-02 -1.638534367830000065e+02 -3.499417011860000315e+01 -1.725328563049999957e+02
1.050036926359999984e-01 5.973695766559999898e-02 1.721204058109999935e-01 6.532323419839999867e-02 -1.600708029280000062e+02 -2.220534421720000040e+01 -1.687711598710000089e+02
1.361528071379999871e-01 7.762969319019999426e-02 1.737669522270000044e-01 8.463121160059999815e-02 -1.589073165130000120e+02 -1.752162398700000168e+01 -1.667724570899999890e+02
2.031693547919999898e-01 3.819372451470000318e-02 1.639291701479999863e-01 5.191187779900000021e-02 -1.619994938979999972e+02 -2.507876666010000122e+01 -1.709188825010000130e+02
2.388626905200000039e-01 6.788401227939999671e-02 1.696595716940000054e-01 7.329696809869999663e-02 -1.605863449549999871e+02 -1.912743453679999917e+01 -1.679008289980000086e+02
3.015558766299999971e-01 4.547413531769999712e-02 1.667557039960000098e-01 5.195442595889999959e-02 -1.618392907289999982e+02 -2.443463705570000144e+01 -1.700451488289999986e+02
1.607777948880000085e-01 7.343153802009999565e-02 1.751450971719999972e-01 8.572057325340000367e-02 -1.587231875530000025e+02 -1.858906122979999864e+01 -1.667251670949999891e+02
1.310086190480000135e-01 5.723642450980000185e-02 1.692236568080000003e-01 7.111662917819999707e-02 -1.604826188000000116e+02 -2.091150823439999940e+01 -1.688530456080000022e+02
4.694506155040000239e-01 6.586891659759999684e-02 1.640612034199999958e-01 8.128167340809999697e-02 -1.608488843529999883e+02 -1.719388919049999842e+01 -1.683208389440000019e+02
1.014573706650000046e-01 2.698134855809999899e-02 1.665746421310000114e-01 2.829516975890000036e-02 -1.621698519239999996e+02 -3.092248115670000175e+01 -1.706683660699999905e+02
1.922044339129999890e-01 3.806962903160000106e-02 1.623552421299999937e-01 4.433771244040000253e-02 -1.627336716750000107e+02 -2.553607021050000014e+01 -1.711069168889999901e+02
1.016661163099999987e-01 7.050517102719999762e-02 1.707986793719999952e-01 7.279515134779999952e-02 -1.604486224359999937e+02 -1.899167742979999929e+01 -1.676602456519999862e+02
1.306213814249999883e-01 3.818521708650000207e-02 1.641248083840000094e-01 3.439357953629999798e-02 -1.631551077819999875e+02 -2.740765019779999889e+01 -1.704711303809999947e+02
1.961837661030000068e-01 5.282837139510000030e-02 1.634905014080000052e-01 5.781725073809999838e-02 -1.619310037209999962e+02 -2.193444404430000105e+01 -1.701726384799999892e+02
1.097220711759999967e-01 4.030381820750000149e-02 1.638533277030000124e-01 4.028717483170000252e-02 -1.626896775799999944e+02 -2.622419110250000074e+01 -1.707401706189999970e+02
1.727331789379999982e-01 1.259713781209999967e-02 1.559964724890000043e-01 1.903424214419999899e-02 -1.638442842880000114e+02 -3.201137738999999982e+01 -1.725058905989999971e+02
1.495766424040000098e-01 6.279271880400000283e-02 1.707682026050000024e-01 7.489414475580000174e-02 -1.602876136399999893e+02 -2.003005197059999887e+01 -1.680497518360000129e+02
2.177345290669999989e-01 3.749230775469999943e-02 1.711000466840000012e-01 3.349803205779999793e-02 -1.618759172350000028e+02 -2.951602553640000082e+01 -1.695191842540000096e+02
1.173368584610000043e-01 -5.352438234939999907e-03 1.553437448989999914e-01 -3.762945156049999924e-03 -1.634239603880000118e+02 -3.914192258399999957e+01 -1.713764011970000070e+02
1.296446988330000050e-01 4.058370696020000001e-02 1.678774806209999970e-01 3.933653604370000029e-02 -1.620930679440000119e+02 -2.724368738209999918e+01 -1.701962207210000031e+02
1.106194647329999947e-01 4.362191278489999796e-02 1.603803035599999927e-01 6.197331841099999739e-02 -1.624004289449999874e+02 -2.179487997720000081e+01 -1.707294750679999993e+02
3.056375854169999795e-01 3.060909938050000029e-02 1.650594662169999893e-01 3.100701250180000132e-02 -1.628562232470000026e+02 -2.934986578750000064e+01 -1.705784570289999920e+02
1.048047729870000000e-01 5.406353647210000030e-02 1.721850262450000113e-01 5.010648840919999791e-02 -1.613507124969999893e+02 -2.457415340820000083e+01 -1.688310271029999967e+02
1.395308522469999868e-01 5.285683907359999684e-02 1.746932213319999927e-01 5.541835708650000303e-02 -1.601474306849999891e+02 -2.527574773699999966e+01 -1.688592904760000124e+02
1.319918373410000068e-01 2.462337142689999953e-02 1.692291273750000102e-01 2.210165366229999845e-02 -1.621460076120000053e+02 -3.284393877969999664e+01 -1.699742551189999915e+02
2.813068276790000044e-01 2.221149067820000003e-02 1.615979770179999941e-01 1.574827178609999878e-02 -1.637414821419999953e+02 -3.210999908320000173e+01 -1.708766689779999979e+02
1.132536323340000095e+00 4.001648161139999965e-02 1.660492482800000058e-01 5.028022912970000341e-02 -1.613660223690000066e+02 -2.586704285700000128e+01 -1.708472659029999932e+02
1.716783058459999955e-01 3.674785296150000213e-02 1.660236481269999897e-01 3.396264542940000131e-02 -1.629560487370000033e+02 -2.793609675569999951e+01 -1.701253946479999968e+02
1.851188492670000074e-01 6.013683402109999687e-02 1.727383251830000022e-01 6.594254202020000122e-02 -1.600057823600000120e+02 -2.224668606670000059e+01 -1.685794502800000032e+02
1.134532613719999999e-01 2.869548645779999851e-02 1.688804250050000011e-01 2.505890586500000156e-02 -1.620648116380000090e+02 -3.168813846129999945e+01 -1.701731480130000023e+02
2.017126497229999871e-01 2.601859378090000049e-02 1.627863382480000121e-01 3.142037445479999719e-02 -1.626569488190000072e+02 -2.973622541010000120e+01 -1.714934682489999886e+02
1.689089090130000137e-01 4.373808395829999890e-02 1.701288099790000119e-01 5.249623211780000270e-02 -1.610519646570000134e+02 -2.591583008050000103e+01 -1.698031520199999989e+02
5.748880609580000467e-01 5.298882833949999926e-02 1.646321733639999896e-01 6.714897436139999343e-02 -1.611649132320000035e+02 -2.117086725029999883e+01 -1.698731062829999985e+02
1.142213848649999974e-01 4.459685734899999920e-02 1.678452081869999946e-01 4.526496771550000270e-02 -1.619432812500000125e+02 -2.604802839690000127e+01 -1.699711416789999987e+02
1.387263153799999926e-01 1.200931016320000086e-02 1.528150374629999864e-01 2.776025275100000092e-02 -1.642240185899999858e+02 -3.000543005389999962e+01 -1.732921451820000129e+02
1.454167233520000102e-01 4.982107401230000121e-02 1.672238946210000132e-01 5.479250108500000049e-02 -1.618227150630000040e+02 -2.351548122970000065e+01 -1.696487573679999912e+02
5.733139787859999892e-01 2.761910420479999836e-02 1.594453244919999957e-01 3.646887861610000059e-02 -1.629501832770000078e+02 -2.831956077910000147e+01 -1.720668518340000048e+02
1.002571143910000045e-01 8.816268400510000533e-03 1.562813101910000002e-01 1.034574097539999946e-02 -1.638121421900000030e+02 -3.477331595439999745e+01 -1.720384563650000018e+02
1.897135279000000119e-01 2.448662757870000151e-02 1.607721508069999972e-01 3.168677542190000140e-02 -1.630053917459999866e+02 -2.970433173059999987e+01 -1.718058769520000055e+02
1.201478192390000033e-01 3.926891720680000114e-02 1.699609294220000011e-01 3.849318834709999915e-02 -1.618109524330000113e+02 -2.869458400079999905e+01 -1.697543317539999919e+02
8.617128887449999608e-01 5.384142664219999930e-02 1.696200789910000117e-01 5.617389285879999944e-02 -1.610364855519999878e+02 -2.354132517120000045e+01 -1.693639629580000019e+02
1.000413263680000053e-01 2.052626749740000048e-02 1.605093155250000014e-01 3.133468689720000228e-02 -1.626934160110000107e+02 -3.068117181050000042e+01 -1.720710357460000068e+02
1.468274321030000051e-01 4.559352804410000265e-02 1.578811199019999889e-01 5.313746328659999657e-02 -1.631362940820000063e+02 -2.203803073510000132e+01 -1.712331325190000086e+02
1.735394045360000026e-01 4.538274027150000084e-02 1.685718721280000110e-01 5.027297617950000214e-02 -1.615344768770000030e+02 -2.566013900940000170e+01 -1.698671168779999903e+02
1.114732586629999939e-01 7.236696765660000086e-02 1.705197475520000006e-01 7.521268774450000361e-02 -1.603162666599999966e+02 -1.846156257750000051e+01 -1.675163919409999949e+02
5.554378545579999882e-01 5.293398337420000127e-02 1.677801520639999877e-01 6.289455209239999678e-02 -1.611983355069999959e+02 -2.226278670590000175e+01 -1.693971023850000108e+02
1.486889971110000042e-01 3.602215452799999856e-02 1.609093167239999955e-01 4.042087238540000016e-02 -1.634140346080000086e+02 -2.620709263759999885e+01 -1.710450729560000127e+02
3.893717032649999799e-01 6.508153740779999696e-02 1.733585850019999930e-01 7.434076300920000602e-02 -1.595207463090000033e+02 -2.068427246090000082e+01 -1.680002299150000056e+02
6.318300470630000554e-01 5.490448856960000040e-02 1.622544152690000019e-01 5.718218519539999822e-02 -1.625854310949999899e+02 -2.084853637009999971e+01 -1.699859808550000082e+02
3.814271617810000015e-01 3.268254429649999904e-02 1.629524286129999944e-01 3.415667725950000122e-02 -1.632121334999999931e+02 -2.794384277860000054e+01 -1.708384619120000139e+02
1.689988433300000092e-01 7.322621014060000204e-03 1.562676912840000043e-01 9.656340170199999295e-03 -1.640732099429999948e+02 -3.468472145690000019e+01 -1.718718761659999927e+02
1.699584714269999908e-01 5.202667946480000333e-02 1.728159767480000053e-01 5.497872446680000108e-02 -1.608304561870000100e+02 -2.459126173479999977e+01 -1.689479569149999918e+02
1.137724839820000028e-01 5.319062129379999865e-02 1.677328528289999954e-01 6.221935696469999694e-02 -1.614343822660000001e+02 -2.226920484360000074e+01 -1.692885928149999870e+02
1.454302822770000003e-01 -6.392849397689999782e-03 1.519127306020000012e-01 -2.611648837460000053e-03 -1.642135110000000111e+02 -3.841963012949999978e+01 -1.718200261590000082e+02
1.485484086989999897e-01 5.080118300360000200e-02 1.660897721809999894e-01 5.198275031650000100e-02 -1.622869214870000008e+02 -2.305597646680000068e+01 -1.697420235349999871e+02
1.738739230449999895e-01 6.550774693820000244e-03 1.531786249210000117e-01 1.325944754859999936e-02 -1.642815213179999887e+02 -3.341569582910000236e+01 -1.728016546000000062e+02
1.565108331989999990e-01 9.005961320399999762e-03 1.509090872209999934e-01 2.401732106519999937e-02 -1.643535304270000097e+02 -3.087441658470000050e+01 -1.736898622129999978e+02
6.638488352570000028e-01 1.448734520689999930e-02 1.620138717000000061e-01 1.979296249249999987e-02 -1.627212147019999975e+02 -3.373849826600000057e+01 -1.714683410410000022e+02
1.194093426380000017e-01 6.468032598209999540e-02 1.647890594280000121e-01 7.587589099060000619e-02 -1.609964954170000055e+02 -1.801537623109999942e+01 -1.687017878940000060e+02
1.029392518260000000e-01 3.254984979009999807e-02 1.672787351670000089e-01 4.011343189750000288e-02 -1.616606840770000133e+02 -2.878727688469999890e+01 -1.707743607859999884e+02
1.170545404690000041e-01 4.789675101870000118e-02 1.656317724770000055e-01 4.992248641779999802e-02 -1.623919993929999919e+02 -2.393824909889999830e+01 -1.699903923130000010e+02
8.471389394580000065e-01 4.219559736270000160e-03 1.569173625309999986e-01 7.697833557780000419e-03 -1.633300305539999897e+02 -3.603572609719999775e+01 -1.720203952909999998e+02
1.177573138979999962e-01 4.206164319479999830e-02 1.653928830739999911e-01 4.455919080689999673e-02 -1.623245317090000128e+02 -2.609511985059999972e+01 -1.704240086270000063e+02
1.408907485860000086e-01 5.139508755790000299e-02 1.684623251840000058e-01 5.752906613000000058e-02 -1.611956680479999875e+02 -2.342515794370000037e+01 -1.695923733360000085e+02
2.159787530529999888e-01 5.196267068490000030e-02 1.616637819260000053e-01 6.686077081159999547e-02 -1.617875315699999987e+02 -2.028219337150000001e+01 -1.702420762710000020e+02
2.161930169500000165e+00 2.385523479110000095e-02 1.547489204170000021e-01 2.940144767000000062e-02 -1.645811890740000081e+02 -2.788870513399999851e+01 -1.724144245029999922e+02
2.501506027770000196e-01 6.943950891109999801e-02 1.676013472250000025e-01 7.795634511269999845e-02 -1.605234007230000088e+02 -1.782835309249999867e+01 -1.679391814150000073e+02
1.165607673780000020e-01 4.911972545650000049e-02 1.673525920820000124e-01 5.696256342389999922e-02 -1.613874568759999875e+02 -2.369593134779999843e+01 -1.698571985250000012e+02
2.388939531510000103e-01 3.371899232839999788e-02 1.642714817460000087e-01 3.752912741730000251e-02 -1.624422023390000049e+02 -2.802092826290000005e+01 -1.710535965400000009e+02
1.418227415880000120e-01 1.917471180649999926e-02 1.601232312499999977e-01 1.639906552660000058e-02 -1.640614973810000095e+02 -3.229545152240000050e+01 -1.709914539090000005e+02
1.002373549429999983e-01 5.254246399749999685e-02 1.700172807479999881e-01 5.066390630659999700e-02 -1.616082673170000135e+02 -2.424499934680000024e+01 -1.691631902059999959e+02
1.098056616930000035e-01 3.283748341530000336e-02 1.660329827889999998e-01 4.051709166720000171e-02 -1.619215730390000090e+02 -2.830054691469999995e+01 -1.708856946230000062e+02
1.415815457329999971e-01 4.800554908159999738e-03 1.549678775130000075e-01 2.046855985759999871e-03 -1.644732535649999932e+02 -3.597477724190000004e+01 -1.714359084170000074e+02
5.352873082179999686e-01 5.092116314499999657e-02 1.688503331710000110e-01 5.465453171189999654e-02 -1.617390360160000000e+02 -2.358338726059999857e+01 -1.693256025620000003e+02
1.136707718470000017e-01 6.749213354850000512e-02 1.661230634089999880e-01 7.077849375080000338e-02 -1.610168868689999897e+02 -1.864359545230000137e+01 -1.685658977330000141e+02
1.611893794320000128e-01 1.533398915830000084e-02 1.625699069590000045e-01 1.480989276890000081e-02 -1.630128170309999973e+02 -3.428860152469999889e+01 -1.709864160129999959e+02
1.436909339349999870e-01 4.342877078830000015e-02 1.687290397410000087e-01 4.538199846839999912e-02 -1.617212202419999869e+02 -2.639117086690000136e+01 -1.699696353020000004e+02
4.831368835589999744e-01 4.950092604069999958e-02 1.652946288940000119e-01 5.778604997779999974e-02 -1.619367902660000027e+02 -2.272503485700000070e+01 -1.699038914150000039e+02
3.257643295120000171e-01 2.666228674980000019e-02 1.604406885349999867e-01 3.913549567530000273e-02 -1.628905908879999913e+02 -2.795435959490000144e+01 -1.718502248270000052e+02
2.976891963330000057e-01 4.116366650759999829e-02 1.685534342749999970e-01 3.763712243459999690e-02 -1.623275658290000081e+02 -2.782046774089999985e+01 -1.697307606740000097e+02
1.505801897219999907e-01 3.682018001279999814e-02 1.624038624430000077e-01 4.670779362570000315e-02 -1.623418281259999958e+02 -2.595974303010000028e+01 -1.712981708300000037e+02
2.468846923030000029e-01 2.632402350610000066e-02 1.605127039669999867e-01 2.525397587820000025e-02 -1.638858114440000122e+02 -2.976950610629999971e+01 -1.711965755249999859e+02
1.143532647559999949e-01 1.874395974319999908e-02 1.658407928350000005e-01 1.916447831359999882e-02 -1.622830180960000064e+02 -3.383321813879999951e+01 -1.707616268920000095e+02
1.494722860219999949e-01 5.918182995009999697e-02 1.749633239139999907e-01 5.860990706040000026e-02 -1.601874702480000110e+02 -2.358284161539999957e+01 -1.683907788120000077e+02
1.865336429879999869e-01 2.902875417840000000e-02 1.634209756130000080e-01 3.929553459730000115e-02 -1.622347182439999926e+02 -2.828484339079999899e+01 -1.714803721829999859e+02
1.069108743509999959e-01 4.059857051040000053e-02 1.600424286840000099e-01 5.109809329199999778e-02 -1.629085042799999883e+02 -2.350830413399999941e+01 -1.712089246179999975e+02
7.174562188180000355e+00 2.418742894910000038e-02 1.600479546599999914e-01 3.194189093750000180e-02 -1.634374287230000107e+02 -2.899306989760000164e+01 -1.717718488609999952e+02
3.489476267519999730e-01 2.501927259940000051e-02 1.608054976659999968e-01 2.412868296380000013e-02 -1.633365438920000088e+02 -3.061358589250000151e+01 -1.714409616359999973e+02
1.077517286659999962e-01 5.266123719799999797e-02 1.654848304369999912e-01 6.435711374539999918e-02 -1.616694882980000045e+02 -2.124499728669999854e+01 -1.694915484329999913e+02
3.274924376930000158e-01 3.615614630539999708e-02 1.659382205000000110e-01 3.628877724159999818e-02 -1.628790194940000049e+02 -2.766284913089999975e+01 -1.702130235219999861e+02
4.287867153170000223e-01 4.254732326519999885e-02 1.707776588819999997e-01 3.957054202199999926e-02 -1.617019841999999983e+02 -2.795761371689999919e+01 -1.695230899309999870e+02
2.794144193299999968e-01 1.512785745089999939e-02 1.536014568010000136e-01 1.665112275190000143e-02 -1.649374591970000097e+02 -3.143916351600000070e+01 -1.722923785000000123e+02
1.296540336650000014e-01 6.694626706950000672e-02 1.634202270379999933e-01 7.872545846459999552e-02 -1.610589381849999882e+02 -1.707763113040000036e+01 -1.685195566540000129e+02
2.138936129039999967e-01 7.470118626999999734e-02 1.682287682140000129e-01 8.617027214910000232e-02 -1.600786183410000092e+02 -1.647724222669999961e+01 -1.669920153669999934e+02
1.041202562060000031e-01 2.988122049060000160e-02 1.611169560769999953e-01 3.398227709329999791e-02 -1.633359781020000128e+02 -2.848210058520000132e+01 -1.712912911980000104e+02
5.159919226939999604e-01 4.591814529780000043e-02 1.638137653660000082e-01 4.628558444869999844e-02 -1.627276928779999992e+02 -2.429118294990000138e+01 -1.703931019709999930e+02
1.469805997159999988e-01 4.292526877390000217e-02 1.681018932510000008e-01 5.011508341249999721e-02 -1.615769531919999906e+02 -2.595813656079999987e+01 -1.700058857889999899e+02
2.037219203629999920e-01 3.263437384979999811e-03 1.576696580999999986e-01 1.056472351390000050e-02 -1.629711972409999987e+02 -3.632710088209999810e+01 -1.720986788410000088e+02
1.018135051120000051e-01 6.420949565109999868e-02 1.682152743670000117e-01 7.319136795580000188e-02 -1.607968211550000035e+02 -1.936698684830000161e+01 -1.682478410379999900e+02
1.092536313559999972e-01 5.309637325739999941e-02 1.695930704649999954e-01 5.686371687490000132e-02 -1.610648765900000114e+02 -2.353591615750000088e+01 -1.694150014880000015e+02
4.684003453300000230e-01 6.554410617729999888e-02 1.678501895720000137e-01 7.394580679279999513e-02 -1.604740141769999866e+02 -1.912506034829999990e+01 -1.685212371190000056e+02
1.165871890190000038e-01 1.611572586110000121e-02 1.570338576249999951e-01 2.536094598389999899e-02 -1.634349453769999911e+02 -3.133878195069999961e+01 -1.725343574160000060e+02
3.825058994039999827e-01 6.654676013839999626e-02 1.669688215150000044e-01 8.124734973279999772e-02 -1.601975851260000070e+02 -1.808164645020000094e+01 -1.682115477250000026e+02
2.558440628670000105e+00 4.501268892569999791e-02 1.619863965239999870e-01 5.572995320609999692e-02 -1.624664326950000088e+02 -2.250920129909999901e+01 -1.706311244329999965e+02
1.559652211299999980e-01 5.954739735580000248e-02 1.669046007140000121e-01 6.633520776859999635e-02 -1.612697469670000032e+02 -2.068933999340000085e+01 -1.689314088220000087e+02
1.214943891549999933e-01 3.450817186530000247e-02 1.634500258719999988e-01 4.247080861320000345e-02 -1.626464483379999990e+02 -2.662442061049999964e+01 -1.710009165349999876e+02
1.056918411459999985e-01 2.814332137890000057e-02 1.656829255420000091e-01 2.834614671710000006e-02 -1.625109240980000038e+02 -3.045262492179999825e+01 -1.706324131920000013e+02
2.144868081380000013e-01 2.917475412659999850e-02 1.625008768850000063e-01 4.326722522879999921e-02 -1.622403586899999937e+02 -2.751482576049999906e+01 -1.716347220570000047e+02
1.077213607240000010e-01 2.194934384279999956e-02 1.615331483559999948e-01 2.419474624690000006e-02 -1.632697280499999977e+02 -3.106189786650000073e+01 -1.713650348699999881e+02
2.731974815479999985e-01 1.261501049800000003e-02 1.573122079350000035e-01 5.866936031289999784e-03 -1.645842883980000124e+02 -3.427126103469999663e+01 -1.710537645150000117e+02
3.355258173539999689e+01 3.357089447819999739e-02 1.658997120450000085e-01 3.575411752020000306e-02 -1.621634224619999998e+02 -2.916472919499999961e+01 -1.707118425749999915e+02
1.039875695300000041e-01 4.229763709240000336e-02 1.644480833889999938e-01 5.236730973670000039e-02 -1.619416170380000040e+02 -2.429895571389999986e+01 -1.707019088799999906e+02
1.319583330540000099e-01 1.631742500389999836e-02 1.663437999350000085e-01 4.219555129960000060e-03 -1.628572818460000065e+02 -3.620472031149999736e+01 -1.695908556759999897e+02
3.374489420630000236e-01 4.440162395379999849e-02 1.664002878059999968e-01 4.967265789969999706e-02 -1.618950638459999993e+02 -2.541796523140000019e+01 -1.701606986319999919e+02
2.151716964229999918e-01 5.289210750190000143e-02 1.664127253200000101e-01 5.794822663279999841e-02 -1.617545170239999948e+02 -2.271243667670000121e+01 -1.695786207779999870e+02
6.438453355100000053e-01 1.004462395159999924e-02 1.593870524669999955e-01 1.471412254980000028e-02 -1.632230364620000103e+02 -3.430470612620000281e+01 -1.717927385680000043e+02
1.452477951529999867e-01 3.268189919279999855e-02 1.585336527289999964e-01 3.844697774690000042e-02 -1.636546910440000033e+02 -2.603210437719999959e+01 -1.717482559750000064e+02
6.687448133679999573e-01 2.870415109379999968e-02 1.689523028880000055e-01 2.633936389610000081e-02 -1.622918171679999944e+02 -3.134994813489999999e+01 -1.699429008420000002e+02
1.482900298740000011e-01 5.790831116339999890e-02 1.710965029729999975e-01 5.835111250700000113e-02 -1.609892160960000069e+02 -2.304763930540000061e+01 -1.687223045309999918e+02
1.032097242830000011e-01 6.468541729439999943e-02 1.687859479920000016e-01 7.514161785450000630e-02 -1.604496810500000095e+02 -1.923863649620000160e+01 -1.682698480120000113e+02
4.534624358350000106e-01 6.134925029559999687e-03 1.576433425800000121e-01 9.186843128160000066e-03 -1.634091131069999960e+02 -3.541466417150000012e+01 -1.719019897089999915e+02
3.645224090679999862e-01 3.922058629410000302e-02 1.636962202189999882e-01 3.952699807420000100e-02 -1.630724455769999963e+02 -2.628610781020000076e+01 -1.705356975079999984e+02
2.276231833609999866e-01 3.822592898269999706e-02 1.617656811029999919e-01 4.152420663809999746e-02 -1.634536122229999933e+02 -2.538179261220000171e+01 -1.707687042560000066e+02
1.042629886090000041e-01 2.567451288109999855e-02 1.613445091229999961e-01 3.680211970780000036e-02 -1.623606226050000032e+02 -2.896919333519999995e+01 -1.719855061369999873e+02
3.283385652620000039e-01 6.560947761410000634e-02 1.703252801969999952e-01 7.674972935439999810e-02 -1.600816126949999898e+02 -1.939599884860000145e+01 -1.679494118119999939e+02
1.151816818699999967e-01 3.501681502529999795e-02 1.627550561880000135e-01 3.951991767890000035e-02 -1.629847866519999968e+02 -2.703238861310000019e+01 -1.709601273899999967e+02
2.974000001800000126e-01 5.259784648910000027e-02 1.713435307039999911e-01 5.980497247919999704e-02 -1.604810769869999945e+02 -2.404636134380000101e+01 -1.692031144499999868e+02
2.211825083869999875e-01 6.040943140419999940e-02 1.680800205190000063e-01 6.193536695069999654e-02 -1.615115902899999867e+02 -2.109790333360000147e+01 -1.688037967969999897e+02
3.564249491450000029e-01 2.608451163870000034e-02 1.651054245930000108e-01 3.241568662589999761e-02 -1.622367608929999960e+02 -3.046601069909999993e+01 -1.710432160949999911e+02
2.006809813650000107e-01 2.641229845039999927e-02 1.608048359320000120e-01 3.445004142819999698e-02 -1.631992103380000003e+02 -2.902036491420000175e+01 -1.715016699900000106e+02
9.920936196190000000e-01 3.980405514299999864e-02 1.672318145130000100e-01 4.364685283929999743e-02 -1.622425948469999923e+02 -2.628109486660000016e+01 -1.701409848499999953e+02
1.001294236590000025e-01 1.799283072479999912e-02 1.585102982959999962e-01 2.548290249879999955e-02 -1.631285342799999967e+02 -3.126874105719999974e+01 -1.723314456139999891e+02
5.241870188949999676e-01 7.796665530360000207e-02 1.736344784909999994e-01 8.940226390269999379e-02 -1.585768141320000097e+02 -1.719353168949999855e+01 -1.665610622650000039e+02
1.282454942600000092e-01 4.377250632400000313e-02 1.699999763360000027e-01 3.814124442780000152e-02 -1.619139623220000033e+02 -2.739810249989999846e+01 -1.696528867170000012e+02
1.407279861200000093e-01 4.419801503720000024e-02 1.628924238280000103e-01 5.325072145209999719e-02 -1.626259624980000069e+02 -2.317824639059999825e+01 -1.704366502530000105e+02
1.783518639849999976e-01 2.743562458040000110e-02 1.674618458450000125e-01 3.592142657010000129e-02 -1.616336280799999940e+02 -3.030324509169999914e+01 -1.708699684210000100e+02
2.892744877569999873e-01 8.066952811640000498e-02 1.690631081929999946e-01 8.908145805200000378e-02 -1.597313850099999968e+02 -1.546621862399999969e+01 -1.664050651519999917e+02
2.613730672619999917e-01 6.687137553649999400e-02 1.726289336259999863e-01 7.523157876590000348e-02 -1.597928704969999956e+02 -2.007644615599999938e+01 -1.677299486459999969e+02
1.045440592580000050e-01 4.546106012579999994e-02 1.675719848999999984e-01 5.237294817799999919e-02 -1.617095592350000004e+02 -2.444007291530000003e+01 -1.699501910339999995e+02
1.030732528420000016e-01 6.542935179990000405e-02 1.709181392069999972e-01 7.738979313140000038e-02 -1.599574836779999885e+02 -1.967192022100000059e+01 -1.678985313420000125e+02
1.659518504789999904e-01 1.274243645419999987e-02 1.563697290259999928e-01 2.019861246580000047e-02 -1.638039876830000026e+02 -3.220512352109999910e+01 -1.723510843969999939e+02
1.081521067169999989e-01 4.580100596120000034e-02 1.727523434300000105e-01 5.024251248369999978e-02 -1.607109458509999911e+02 -2.656086338080000075e+01 -1.694677881329999991e+02
1.257501043910000116e-01 4.832007243320000228e-02 1.670499079170000012e-01 5.349977538100000179e-02 -1.615994276469999988e+02 -2.457574780339999876e+01 -1.699416423689999931e+02
4.443877491429999993e-01 4.428511792659999696e-02 1.669686653720000025e-01 4.078602044319999675e-02 -1.624874520159999918e+02 -2.617271433919999879e+01 -1.699081155369999863e+02
1.042736622730000007e-01 2.357907294500000139e-02 1.587285333900000095e-01 2.425448233460000130e-02 -1.639832188949999932e+02 -3.013715179240000097e+01 -1.716022179759999915e+02
1.284804728879999913e-01 1.309179496360000049e-02 1.524233897230000134e-01 1.590542268950000115e-02 -1.650380469060000053e+02 -3.134760817920000164e+01 -1.726122312429999965e+02
1.798887205849999948e-01 -7.414778649410000508e-04 1.592330794450000087e-01 7.049186012049999707e-03 -1.625261908889999916e+02 -3.779580365750000226e+01 -1.717437387619999924e+02
2.324600220470000034e-01 2.587524459050000170e-02 1.591501698180000091e-01 2.528083962900000078e-02 -1.637580985650000116e+02 -2.977463520479999914e+01 -1.716079546409999921e+02
2.349324900260000015e-01 8.511164508730000022e-02 1.737048231430000089e-01 1.038929541139999996e-01 -1.578833369909999931e+02 -1.504169527560000041e+01 -1.649762027810000120e+02
1.118808092729999953e-01 5.732614970930000053e-02 1.671107778760000107e-01 6.887421737530000088e-02 -1.610380101629999956e+02 -2.037707382529999833e+01 -1.691491932360000021e+02
5.561079050660000078e+00 1.690775496129999847e-02 1.576029708839999932e-01 2.476940211030000116e-02 -1.636731609500000104e+02 -3.097272966139999895e+01 -1.721734266939999998e+02
1.003109440089999943e-01 5.403357669259999801e-02 1.698793192030000065e-01 5.551736387729999667e-02 -1.613144700000000000e+02 -2.358238152770000085e+01 -1.691068960800000127e+02
1.188298884139999956e-01 3.477325529809999899e-02 1.620728356649999979e-01 3.823793556880000083e-02 -1.629788614910000035e+02 -2.717417468740000075e+01 -1.711479147359999899e+02
4.027407491650000226e-01 3.378331267480000344e-02 1.713903900189999996e-01 3.216714595950000144e-02 -1.616071024720000082e+02 -3.031752556440000035e+01 -1.697723633440000128e+02
1.052512135460000053e-01 4.642303854729999679e-02 1.639071926469999885e-01 5.151159214469999692e-02 -1.624539594229999864e+02 -2.391363156510000110e+01 -1.702334931910000080e+02
2.914303459379999905e-01 2.282579623710000172e-02 1.612386897139999886e-01 2.935426306339999902e-02 -1.628066516110000066e+02 -3.037979731529999938e+01 -1.717883987289999936e+02
3.343930274329999786e-01 6.327394485680000458e-02 1.695105939579999998e-01 6.740622265489999709e-02 -1.607410122789999889e+02 -2.030177903699999931e+01 -1.685264268519999860e+02
1.811771469500000065e-01 3.639254711229999995e-02 1.673437673339999987e-01 4.319747232739999665e-02 -1.617102594680000038e+02 -2.734742972560000140e+01 -1.706405923640000140e+02
1.149476122290000041e-01 2.712449409940000111e-02 1.611008052550000069e-01 3.061606810359999986e-02 -1.632793142339999974e+02 -2.943808359129999985e+01 -1.713993006919999971e+02
2.899876351200000091e+00 3.452448527810000195e-02 1.644306750800000050e-01 3.724451523769999745e-02 -1.627634483770000031e+02 -2.740817293759999984e+01 -1.708202219430000071e+02
4.623380483930000229e-01 1.756154267900000149e-02 1.546140278320000117e-01 2.213416763450000088e-02 -1.645069226859999958e+02 -3.020377263540000001e+01 -1.724830939759999922e+02
1.291430908270000122e-01 2.404775065199999881e-02 1.641373293199999972e-01 3.185044365260000093e-02 -1.623076394830000027e+02 -3.058954752780000064e+01 -1.713956721270000116e+02
1.398050722489999897e-01 3.638894774260000020e-02 1.621890327199999871e-01 3.892797654809999897e-02 -1.632442954359999874e+02 -2.611575954239999930e+01 -1.709497291330000053e+02
1.338290452170000089e+00 3.612265316419999844e-02 1.641177618349999867e-01 4.073103350320000232e-02 -1.626974023489999865e+02 -2.704452738970000070e+01 -1.707242394099999956e+02
4.582029973260000055e-01 7.612346246860000193e-03 1.585228313200000017e-01 9.785943661759999301e-03 -1.633414037930000120e+02 -3.542404146679999855e+01 -1.716896252779999941e+02
1.316014653889999997e-01 6.060865743350000306e-02 1.658908421770000086e-01 6.792100639270000351e-02 -1.614347718420000035e+02 -1.976731052499999919e+01 -1.689555618180000067e+02
1.079428638219999959e-01 6.993212996639999735e-02 1.669331476869999886e-01 7.759395836360000187e-02 -1.603481143550000070e+02 -1.792099340040000044e+01 -1.681736769190000018e+02
1.246952163349999976e-01 4.662645768209999764e-02 1.682386548149999994e-01 5.355736277749999913e-02 -1.615318356070000050e+02 -2.471275838009999859e+01 -1.697740736949999985e+02
1.224203471290000039e-01 2.563677713460000077e-02 1.642493061189999881e-01 3.111189870100000004e-02 -1.623400455739999870e+02 -3.025639246629999946e+01 -1.713048951789999990e+02
1.109182224879999984e-01 6.059497231589999755e-02 1.682080912059999989e-01 6.411894124990000221e-02 -1.612466978909999966e+02 -2.128025443989999843e+01 -1.687576400179999894e+02
2.647099023949999741e-01 6.557483159480000101e-02 1.667542983760000042e-01 8.035713812670000622e-02 -1.605149246130000051e+02 -1.811397271779999940e+01 -1.681023317190000057e+02
1.197523041250000003e-01 3.875693388120000221e-02 1.606139170279999862e-01 3.607019883180000164e-02 -1.637029602400000101e+02 -2.599845026939999926e+01 -1.709804828679999957e+02
3.421205423850000038e-01 3.784447829990000151e-02 1.630734580550000090e-01 4.214065666649999958e-02 -1.627398019880000106e+02 -2.601536125999999882e+01 -1.709725817300000017e+02
1.082942977069999979e-01 4.579943779290000100e-02 1.702377077849999976e-01 5.680718914429999655e-02 -1.607108041360000072e+02 -2.530211320929999985e+01 -1.697398064969999893e+02
1.064511063849999939e-01 7.361452804149999640e-02 1.685547674689999997e-01 8.185813143289999427e-02 -1.601753337709999983e+02 -1.713296922949999868e+01 -1.674231943359999946e+02
1.818229574409999938e-01 2.549931287259999887e-02 1.651974477529999930e-01 2.826130660419999899e-02 -1.622761264620000077e+02 -3.117782641419999834e+01 -1.709202075080000043e+02
3.637127259010000113e-01 1.901767999469999859e-02 1.571912717750000021e-01 2.054975475549999930e-02 -1.644562264429999914e+02 -3.101792848559999882e+01 -1.716703583610000123e+02
1.336854387020000035e-01 2.377246980240000154e-02 1.663601270349999994e-01 2.394027687459999998e-02 -1.623882963519999976e+02 -3.222863296359999907e+01 -1.705484485430000063e+02
1.997040063799999932e-01 1.670952633699999967e-02 1.598627186419999957e-01 2.003502537969999858e-02 -1.634374326299999893e+02 -3.235962182629999973e+01 -1.716721520760000033e+02
1.441233578780000135e-01 7.882639898750000429e-02 1.710438859739999984e-01 8.746355052550000564e-02 -1.592288035770000079e+02 -1.658075810529999927e+01 -1.667264781060000018e+02
6.637826795569999883e-01 4.696155888899999908e-02 1.663993050889999992e-01 5.571186673919999860e-02 -1.616651818690000084e+02 -2.368771517560000106e+01 -1.700087649280000051e+02
1.014139356939999931e-01 3.795313095640000245e-02 1.628898758120000123e-01 3.965719994729999948e-02 -1.628290903600000092e+02 -2.670830698110000156e+01 -1.709688496770000086e+02
2.386155663260000059e-01 5.625753177139999894e-02 1.715943719970000059e-01 5.587073161790000186e-02 -1.610281174159999864e+02 -2.361400053519999886e+01 -1.688078052339999999e+02
1.149044807009999974e-01 1.367249461560000011e-02 1.607714197129999911e-01 4.339360799119999779e-03 -1.639619455739999978e+02 -3.538913064529999986e+01 -1.703754298190000043e+02
1.585511498040000078e-01 4.380792139669999891e-02 1.620973858900000009e-01 4.922950303430000119e-02 -1.625177452240000093e+02 -2.412564638010000095e+01 -1.708850545969999928e+02
9.221538110860000304e-01 5.472502445159999757e-02 1.652874725050000049e-01 6.770178371000000472e-02 -1.610385228209999866e+02 -2.095007544430000124e+01 -1.697059417819999965e+02
1.319864237149999953e-01 5.256098881619999941e-02 1.710409010539999941e-01 5.731784156340000158e-02 -1.612169522309999934e+02 -2.356892721830000070e+01 -1.689578332899999964e+02
2.856320859640000265e-01 2.117450409760000124e-02 1.563747161759999893e-01 2.229261448190000133e-02 -1.644598802250000062e+02 -3.020969579209999978e+01 -1.719418781420000073e+02
6.000730364799999883e-01 2.460964666340000051e-02 1.650068616410000077e-01 2.294852582160000071e-02 -1.627945417839999891e+02 -3.212181110699999920e+01 -1.705427268139999910e+02
1.878736509989999970e-01 5.210707148899999808e-02 1.699421914329999894e-01 5.579096638259999769e-02 -1.611898350419999986e+02 -2.415229875749999877e+01 -1.692329141120000031e+02
1.173217960159999990e-01 2.689299257629999829e-02 1.620301655770000071e-01 2.556701290669999987e-02 -1.638214626150000015e+02 -2.975446378410000037e+01 -1.707810709540000005e+02
1.142550410209999950e-01 5.499281191879999697e-02 1.628554171959999963e-01 5.956519753850000182e-02 -1.624683706229999984e+02 -2.068326424119999984e+01 -1.697726831390000086e+02
1.764830925460000033e-01 2.067353005480000033e-02 1.632952322540000001e-01 2.258932721950000083e-02 -1.629536518360000059e+02 -3.204217590519999703e+01 -1.710889175320000106e+02
1.506455235430000095e-01 1.728445208820000162e-02 1.598213548250000116e-01 2.095848214630000039e-02 -1.635595120929999950e+02 -3.210777697950000231e+01 -1.716028704469999866e+02
1.507853441410000050e-01 4.464559099030000235e-03 1.545362272420000016e-01 1.035146646709999944e-02 -1.638095118690000049e+02 -3.516620116739999702e+01 -1.724555521650000003e+02
3.471018564180000099e-01 6.248777880930000278e-02 1.674724903179999891e-01 6.758041676039999723e-02 -1.610190666930000134e+02 -2.030114621810000131e+01 -1.687864783269999975e+02
2.471684328679999987e-01 1.317799741490000009e-02 1.583782017049999991e-01 1.297865862919999995e-02 -1.635672649839999906e+02 -3.383216369050000338e+01 -1.718177693240000110e+02
3.297261586110000198e-01 4.078383642629999917e-02 1.655844678820000138e-01 4.784662145529999799e-02 -1.619728336299999967e+02 -2.573112711339999947e+01 -1.705895533100000137e+02
1.475824209659999942e-01 6.135210658899999808e-02 1.696178127699999871e-01 6.254230424060000515e-02 -1.612944179080000140e+02 -2.108727517610000035e+01 -1.685121509610000032e+02
1.651536859190000095e-01 4.283255143959999872e-02 1.710112482449999971e-01 5.301313060989999715e-02 -1.606719510099999866e+02 -2.645478500740000172e+01 -1.698387391610000066e+02
1.110221122560000051e-01 5.646668299620000164e-02 1.621145856029999888e-01 7.452896403040000506e-02 -1.613397494429999881e+02 -1.876473530350000019e+01 -1.696009322630000042e+02
1.582594904169999928e-01 3.908380307940000076e-02 1.550224936169999901e-01 5.538116321489999772e-02 -1.635559636609999927e+02 -2.180952515990000151e+01 -1.718414415199999894e+02
3.301826646039999757e-01 1.443362110280000006e-02 1.550100877189999893e-01 1.473198320770000014e-02 -1.648274906050000084e+02 -3.196158263270000077e+01 -1.719542925110000056e+02
4.528232610730000274e-01 4.292101854790000143e-02 1.632362378599999941e-01 4.346320529730000187e-02 -1.628559736919999921e+02 -2.512915909830000061e+01 -1.705984880780000026e+02
2.726179680549999929e-01 6.111455568210000244e-02 1.653567257899999920e-01 6.745238629880000170e-02 -1.612514753769999913e+02 -1.981866354819999998e+01 -1.692343931629999929e+02
1.193395742249999947e-01 1.866102714499999829e-02 1.622533596129999978e-01 1.985440666240000096e-02 -1.630158727490000103e+02 -3.263812434169999932e+01 -1.712621545050000123e+02
1.445918007219999968e+00 4.261936886710000066e-02 1.671841353419999954e-01 4.144306142310000274e-02 -1.622215605890000063e+02 -2.680475799550000104e+01 -1.701271794959999966e+02
1.563383527399999917e-01 7.425915436070000542e-02 1.663761123320000035e-01 8.448728514610000240e-02 -1.600315126730000088e+02 -1.650709749920000036e+01 -1.676516165140000112e+02
1.104601695130000005e-01 5.081055270889999788e-03 1.605901770879999968e-01 4.008771600430000373e-03 -1.632056952979999949e+02 -3.699699740340000176e+01 -1.709233476089999897e+02
1.307687024480000126e-01 5.329089782410000031e-02 1.678870454689999903e-01 5.751530399419999690e-02 -1.613578719440000100e+02 -2.260352773960000050e+01 -1.695873372590000088e+02
4.494181104550000194e-01 3.789717978970000289e-02 1.656185730339999884e-01 3.222469260960000165e-02 -1.629593471700000009e+02 -2.813820170840000046e+01 -1.702042556579999939e+02
1.024034928789999965e-01 4.334360168339999875e-02 1.618307145600000052e-01 5.411275907089999754e-02 -1.621747386490000054e+02 -2.355415465840000167e+01 -1.710273329679999961e+02
3.449456846699999746e-01 3.644238921850000146e-02 1.613311755899999866e-01 3.611700038190000100e-02 -1.637561652960000060e+02 -2.633935675809999921e+01 -1.708041392140000028e+02
2.879111877330000069e-01 2.008387013550000030e-02 1.582900189479999886e-01 2.684678294679999910e-02 -1.635593687159999945e+02 -3.069933332849999985e+01 -1.720584267259999933e+02
7.033566090680000160e-01 1.463451207600000026e-02 1.642562849059999996e-01 1.034109996729999995e-02 -1.629132835709999938e+02 -3.546750562790000316e+01 -1.704114626369999996e+02
2.255706856899999946e-01 7.075583150040000435e-02 1.705611800440000048e-01 7.095839404770000469e-02 -1.603518372530000136e+02 -1.927893294189999907e+01 -1.679145549159999860e+02
1.009917830649999931e-01 5.865000532209999756e-02 1.623591130029999885e-01 8.012814306290000355e-02 -1.613100495500000022e+02 -1.802419538550000055e+01 -1.688495146850000026e+02
1.033373683110000024e-01 3.681997770070000175e-02 1.588676376429999926e-01 3.870226373920000046e-02 -1.638798094619999972e+02 -2.527663732890000148e+01 -1.713554459609999867e+02
2.864353917479999789e-01 5.672926278789999777e-02 1.660577699820000031e-01 6.075012586930000208e-02 -1.619206044020000093e+02 -2.122665066620000118e+01 -1.691931046610000067e+02
1.573163154470000047e-01 2.412743456179999857e-02 1.633525629270000112e-01 2.022573874610000128e-02 -1.632756296180000106e+02 -3.184471489330000082e+01 -1.706847879439999929e+02
1.039013334100000047e-01 2.788220625589999876e-02 1.646455945199999937e-01 2.855155729979999904e-02 -1.628537811680000118e+02 -3.018021303649999965e+01 -1.706984996299999864e+02
1.184192598879999947e+00 6.087101664780000115e-02 1.719910182659999953e-01 6.062432095919999958e-02 -1.608090177189999963e+02 -2.257804599119999978e+01 -1.683928725840000027e+02
3.373152023520000209e-01 3.118753819370000124e-02 1.628761965320000005e-01 4.029909481419999967e-02 -1.623307008989999929e+02 -2.789210209779999872e+01 -1.714989935369999898e+02
3.904617517039999930e-01 5.247992579249999984e-02 1.651079198179999930e-01 6.475235746080000576e-02 -1.612972675599999945e+02 -2.153629811600000110e+01 -1.698927957820000074e+02
2.003183880930000105e-01 5.793456791050000110e-02 1.726515546429999992e-01 4.977907244830000189e-02 -1.609608670830000108e+02 -2.431435809439999929e+01 -1.688149873819999982e+02
1.021426396019999988e-01 -8.556977273250000217e-04 1.571851823859999886e-01 2.621018382299999949e-03 -1.629977806869999881e+02 -3.804628657279999970e+01 -1.717496072330000061e+02
9.182391961410000247e-01 4.665033780140000197e-02 1.630245562540000026e-01 4.824471347349999772e-02 -1.627447790239999961e+02 -2.357790580649999868e+01 -1.704710498450000102e+02
9.076996193840000116e-01 3.598766460899999881e-02 1.630376425600000012e-01 4.548263209879999797e-02 -1.626207859760000076e+02 -2.614148999740000079e+01 -1.709505336109999973e+02
1.494617779970000004e+00 7.020781508230000689e-02 1.720322763940000110e-01 8.150115264899999989e-02 -1.596594426730000009e+02 -1.846071488449999976e+01 -1.672234722409999961e+02
1.150449883550000024e-01 2.510815449690000090e-02 1.609667248889999902e-01 2.690678881560000166e-02 -1.635050937780000027e+02 -3.019794452449999866e+01 -1.712638589430000025e+02
1.178682756440000007e-01 3.586006183829999749e-02 1.699772870010000103e-01 4.219767765279999749e-02 -1.610989237189999983e+02 -2.854850329570000156e+01 -1.704021795449999956e+02
2.876403555689999725e-01 3.518262679539999743e-02 1.624874842100000050e-01 4.394084365490000255e-02 -1.624824070640000002e+02 -2.656990759929999868e+01 -1.712454136240000082e+02
1.211916455920000052e-01 5.745449943650000196e-02 1.690843433989999978e-01 6.598746823249999893e-02 -1.604927438009999889e+02 -2.158720053449999909e+01 -1.692442317100000082e+02
1.638093480610000041e-01 4.389244129819999674e-02 1.726247301480000051e-01 4.176708570019999761e-02 -1.611938938810000082e+02 -2.781128233520000137e+01 -1.694238886059999913e+02
1.427697400269999917e-01 7.927196963150000275e-02 1.743927590219999935e-01 8.541263030010000368e-02 -1.587992119950000074e+02 -1.780137106700000160e+01 -1.664813677260000020e+02
1.537442196490000079e-01 8.005941536049999974e-02 1.776627861879999937e-01 8.847162684150000622e-02 -1.584095962050000139e+02 -1.771027086650000015e+01 -1.657668040359999964e+02
1.307649693569999938e-01 5.344013269290000256e-02 1.683726672939999947e-01 5.954122143170000048e-02 -1.614757433679999963e+02 -2.271242362479999954e+01 -1.692730436649999888e+02
1.786698639869999938e-01 6.120232537709999893e-02 1.695381418069999979e-01 7.112718614450000421e-02 -1.604447750180000014e+02 -2.026362092789999991e+01 -1.685782302259999881e+02
1.208798771919999959e-01 4.650194621740000311e-02 1.654632208010000105e-01 5.673997700049999982e-02 -1.615965941940000050e+02 -2.360845960969999879e+01 -1.703203398519999894e+02
1.572905490500000059e-01 4.582224268150000140e-02 1.672099606899999924e-01 5.339713139849999735e-02 -1.617442334259999939e+02 -2.442644524230000158e+01 -1.699433374669999921e+02
3.748384861290000036e-01 3.474423188419999836e-02 1.533521411859999906e-01 4.577337756219999887e-02 -1.643361132679999912e+02 -2.329346346399999845e+01 -1.723405986440000106e+02
2.865335089030000004e-01 2.286264286629999948e-02 1.518368598219999865e-01 3.505908383850000337e-02 -1.643831796620000034e+02 -2.681335636060000027e+01 -1.733017745059999868e+02
3.040712012010000076e-01 3.282528609759999966e-02 1.626302839440000036e-01 3.809831513430000233e-02 -1.628203430659999924e+02 -2.730885786440000018e+01 -1.712189985349999972e+02
1.453137222979999921e-01 1.544488265029999967e-02 1.600245666269999867e-01 1.621939317799999877e-02 -1.636614966489999858e+02 -3.345563708680000303e+01 -1.712623922569999877e+02
1.003691125659999933e-01 4.693246052330000279e-02 1.739068328939999963e-01 4.743100016079999925e-02 -1.608658448179999993e+02 -2.671391705350000123e+01 -1.691409536179999975e+02
1.920379700239999987e-01 4.288434456100000125e-02 1.667026459279999928e-01 4.279186766200000075e-02 -1.621778717740000104e+02 -2.631601581920000044e+01 -1.702668360069999949e+02
1.667957054070000056e-01 3.008320328789999831e-02 1.664399132280000027e-01 3.923286820690000121e-02 -1.615495909429999983e+02 -2.904626787480000161e+01 -1.711232368809999969e+02
1.038149811079999985e-01 3.266222849000000039e-02 1.598006416920000061e-01 4.254233579260000009e-02 -1.630495073959999957e+02 -2.592092431669999897e+01 -1.717815883009999993e+02
1.141385205599999980e-01 6.367677797290000052e-02 1.688237577560000036e-01 7.896514151990000063e-02 -1.602270707669999865e+02 -1.882775810309999898e+01 -1.681257372990000079e+02
1.760569609079999931e-01 1.400853606760000050e-02 1.610580346050000111e-01 1.440707683769999921e-02 -1.631303574609999885e+02 -3.421656760649999995e+01 -1.713092514639999990e+02
1.094072356539999985e-01 1.413750851609999956e-02 1.602725579139999967e-01 1.995526324490000045e-02 -1.629037775399999930e+02 -3.328403586990000207e+01 -1.718813133689999972e+02
3.375516695920000032e-01 6.669696056710000542e-02 1.699153156640000051e-01 7.125364931350000597e-02 -1.605500285200000121e+02 -1.973452708559999991e+01 -1.680969456589999993e+02
1.080760242980000063e-01 3.903751837239999994e-02 1.628402633409999911e-01 5.648981413959999753e-02 -1.616570471409999925e+02 -2.450501218610000009e+01 -1.711263966639999978e+02
1.100633269869999986e-01 5.686663206979999940e-02 1.694320821570000080e-01 6.314958216049999795e-02 -1.608185077500000091e+02 -2.218921496709999985e+01 -1.691154227039999967e+02
1.499813916359999943e-01 9.163051766320000346e-02 1.709218324900000086e-01 1.036052422810000012e-01 -1.581451034579999941e+02 -1.323545849519999962e+01 -1.648782703020000042e+02
2.028065358460000023e-01 4.589641562159999660e-02 1.650697105030000111e-01 5.225102249539999993e-02 -1.620056697029999953e+02 -2.445821489369999924e+01 -1.702609854910000138e+02
1.721602452440000042e-01 8.010915665289999876e-02 1.775411822740000090e-01 8.736647074450000494e-02 -1.582555656300000066e+02 -1.787105150729999892e+01 -1.659946958209999934e+02
2.407479776370000102e-01 3.163093724569999987e-02 1.666747024050000137e-01 3.806742364659999878e-02 -1.614348270430000127e+02 -2.901153042259999992e+01 -1.711774465229999862e+02
2.578611288800000123e-01 4.969652437170000298e-02 1.673139977760000063e-01 6.132970657370000189e-02 -1.610222155209999926e+02 -2.338629648810000106e+01 -1.698694790769999940e+02
3.642596415850000158e-01 1.898426157089999969e-02 1.597430865399999955e-01 2.179920598390000172e-02 -1.635369520819999991e+02 -3.174361356620000052e+01 -1.716933591469999953e+02
1.480038733150000063e-01 1.029021984350000050e-02 1.572671259679999933e-01 2.195475337680000139e-02 -1.634055191530000002e+02 -3.258891787620000002e+01 -1.724707947230000116e+02
1.707579970629999888e-01 2.930604611999999831e-02 1.613774782969999988e-01 3.724702143340000160e-02 -1.625557137440000020e+02 -2.846527265650000160e+01 -1.717357576569999935e+02
1.384613554240000100e-01 5.059652804579999746e-02 1.658826117770000053e-01 5.612763788010000088e-02 -1.618263911919999885e+02 -2.320048689800000119e+01 -1.698050279859999989e+02
1.214394018030000022e-01 1.121168248540000030e-02 1.535426543029999868e-01 1.205506440720000016e-02 -1.646276613580000117e+02 -3.296386888469999832e+01 -1.724417980000000057e+02
1.337604345910000103e-01 2.382898718419999839e-02 1.604120814439999876e-01 2.803941945489999907e-02 -1.634238721970000086e+02 -2.992781252420000015e+01 -1.715325581749999913e+02
1.145170791270000016e-01 2.593983802840000089e-02 1.618675577379999897e-01 3.496163700720000128e-02 -1.627638118030000101e+02 -2.921955900900000103e+01 -1.715916391209999858e+02
1.267312514820000047e+01 -3.158498632249999785e-03 1.508809956620000003e-01 -3.657599110890000265e-05 -1.645393687609999915e+02 -3.700635574199999667e+01 -1.722723107799999980e+02
1.165948169930000056e-01 2.495151784029999917e-02 1.647677977860000087e-01 3.037853280140000167e-02 -1.621752164789999995e+02 -3.077633398689999922e+01 -1.712559237039999971e+02
1.186847940110000027e-01 3.679911940560000316e-02 1.685047418629999905e-01 3.055978809749999858e-02 -1.625335345430000018e+02 -2.928811633369999967e+01 -1.698106660500000089e+02
1.931875374179999882e-01 6.520594706839999422e-02 1.666193919170000093e-01 7.632053571249999835e-02 -1.608080177420000041e+02 -1.830608674970000038e+01 -1.683229493100000127e+02
2.225308631650000091e-01 5.420244812399999806e-02 1.696496322019999947e-01 5.725527334489999981e-02 -1.611887685949999991e+02 -2.345673293089999945e+01 -1.692206943420000016e+02
2.758174852170000024e-01 4.030595816899999739e-02 1.646765775790000053e-01 4.651632160639999902e-02 -1.625054802379999899e+02 -2.552095751090000064e+01 -1.704041162569999983e+02
1.726513951599999985e-01 1.701180796009999939e-03 1.508311281730000120e-01 3.920022383849999965e-03 -1.648100783620000129e+02 -3.558775110439999878e+01 -1.725165881089999971e+02
1.311827502550000080e-01 3.097270675829999834e-02 1.618592815419999942e-01 4.282190629310000246e-02 -1.626412683800000138e+02 -2.689579158460000130e+01 -1.714759821119999970e+02
1.084710450520000036e-01 4.537994824589999809e-02 1.669553031690000078e-01 5.261671726110000308e-02 -1.613937538399999880e+02 -2.485723440050000121e+01 -1.703356849719999957e+02
9.200588088950000243e-01 3.468798339129999797e-02 1.682663662899999968e-01 3.996731187909999955e-02 -1.616408288490000018e+02 -2.834432395190000165e+01 -1.705772688300000084e+02
1.226903848550000009e-01 3.598061805600000218e-02 1.650868124579999985e-01 3.824720697319999863e-02 -1.626220308130000092e+02 -2.738420175999999984e+01 -1.706335022700000081e+02
1.229212431789999949e-01 4.225465711220000031e-02 1.660144538489999877e-01 4.255610748739999810e-02 -1.625292175209999925e+02 -2.628551101089999875e+01 -1.701525176009999996e+02
1.460880994060000104e-01 3.921389808560000328e-02 1.651020102740000106e-01 4.222499040100000101e-02 -1.626414351850000060e+02 -2.639455807679999921e+01 -1.704052818369999898e+02
1.499702462720000073e-01 7.878429447389999341e-02 1.704407008599999884e-01 8.508102839370000614e-02 -1.593728687669999999e+02 -1.658272459659999853e+01 -1.669704163209999876e+02
1.025953309289999948e+00 2.017481474080000045e-02 1.628180374690000043e-01 1.514456441999999931e-02 -1.634342683120000004e+02 -3.326291952529999918e+01 -1.706323897039999906e+02
1.601343622929999877e-01 5.116811775240000248e-02 1.640697527910000009e-01 6.704357034680000216e-02 -1.615212874890000023e+02 -2.109348148690000002e+01 -1.698443994390000000e+02
1.795254720620000077e-01 2.799604882590000024e-02 1.640867202400000113e-01 2.820297034749999834e-02 -1.628067633510000007e+02 -3.002476960379999937e+01 -1.709203561960000002e+02
3.092518517599999739e-01 7.520070209699999952e-02 1.658555694939999881e-01 8.405416348340000177e-02 -1.603049135100000058e+02 -1.609658396900000099e+01 -1.674962401969999917e+02
1.315615976139999921e-01 4.220442354250000111e-02 1.616849770159999866e-01 4.707233707059999689e-02 -1.630790870090000055e+02 -2.391869365630000033e+01 -1.708108176499999900e+02
3.750337210069999827e+01 4.471027936320000188e-04 1.583676950029999919e-01 -3.672799223600000090e-03 -1.634516852460000109e+02 -3.884363516349999657e+01 -1.706161939330000052e+02
5.324903775160000352e-01 1.128657301390000034e-02 1.551440898479999886e-01 1.923371682899999852e-02 -1.640206812300000081e+02 -3.216477413110000327e+01 -1.726212253010000097e+02
1.539992399160000081e-01 3.502898239030000083e-02 1.626732957149999992e-01 5.163709924660000311e-02 -1.619821455990000061e+02 -2.529395582440000112e+01 -1.714099356570000054e+02
1.379185925039999872e-01 6.279324487279999700e-02 1.688300062950000013e-01 7.218145493090000198e-02 -1.602359995200000071e+02 -2.044384123700000089e+01 -1.686896234170000071e+02
1.348612780350000040e-01 4.293489157389999977e-02 1.676276599169999881e-01 4.489126942419999905e-02 -1.619218458619999979e+02 -2.633847566669999907e+01 -1.701755906219999872e+02
1.244474599670000042e-01 5.110896260469999924e-02 1.668778390500000042e-01 6.272049458499999453e-02 -1.612403750009999897e+02 -2.219045639209999976e+01 -1.697406685580000101e+02
1.532289189530000040e-01 5.334250870440000042e-02 1.674631572389999878e-01 7.058886845810000144e-02 -1.604953244760000075e+02 -2.165773493300000041e+01 -1.694128226359999871e+02
1.110083448719999949e-01 1.056906446730000032e-02 1.597621129139999985e-01 9.445333431440000246e-03 -1.635195067390000077e+02 -3.545347155630000202e+01 -1.711792237200000102e+02
4.276348730219999839e-01 8.065767271099999599e-04 1.566945600640000102e-01 6.972946817739999678e-03 -1.633034320159999879e+02 -3.668778465710000347e+01 -1.720148966749999886e+02
1.886505165559999864e-01 -1.579478257249999993e-03 1.593410780220000100e-01 1.804438662100000049e-03 -1.625326565850000122e+02 -3.894457734710000096e+01 -1.712805286820000106e+02
1.416829390010000134e-01 5.157271798719999939e-02 1.653466188399999870e-01 6.270919478599999708e-02 -1.615324936300000047e+02 -2.195861759980000016e+01 -1.698417035870000120e+02
1.126721137210000001e-01 1.446006080690000022e-02 1.619293656830000094e-01 1.638268119499999842e-02 -1.627802318409999884e+02 -3.425987695679999945e+01 -1.714126641029999973e+02
1.370179076130000062e-01 4.434533071430000334e-02 1.699541782079999896e-01 4.945976167180000244e-02 -1.613580921409999860e+02 -2.604097785800000153e+01 -1.697678580179999983e+02
2.492088475960000105e-01 5.372005460490000134e-02 1.711965593049999956e-01 6.076757254040000139e-02 -1.605975611949999973e+02 -2.361319573160000118e+01 -1.691232696049999902e+02
4.363688777629999849e-01 4.176568200920000029e-02 1.624901986070000082e-01 4.962576047029999826e-02 -1.626690558010000132e+02 -2.437806631209999964e+01 -1.707397566790000099e+02
4.049298965740000256e-01 5.458528212199999924e-02 1.636099089530000106e-01 6.241470272130000135e-02 -1.618001467139999932e+02 -2.096351360099999894e+01 -1.698993872169999975e+02
3.414782889679999767e-01 3.007221786720000109e-02 1.643365815910000083e-01 3.247686973439999764e-02 -1.628047323330000040e+02 -2.925624643749999976e+01 -1.708227943729999936e+02
1.915818665759999873e-01 5.411057913589999852e-02 1.647498213680000101e-01 6.702302253509999364e-02 -1.614756521989999953e+02 -2.085537575540000077e+01 -1.695852347109999982e+02
1.279721572270000052e-01 5.430829462669999746e-02 1.722538539779999989e-01 5.710707296369999658e-02 -1.605144550649999928e+02 -2.431781014019999887e+01 -1.690193712360000120e+02
1.830255729799999953e-01 1.725643515469999986e-02 1.574422665530000043e-01 1.608132484290000080e-02 -1.640915225489999898e+02 -3.240775963139999760e+01 -1.717938824210000064e+02
2.910604727339999864e-01 2.213378400960000145e-02 1.636580829879999976e-01 2.439445020089999958e-02 -1.624988292749999914e+02 -3.169200373909999868e+01 -1.713290115739999919e+02
1.501235042540000064e-01 4.488078504779999950e-02 1.611451942480000010e-01 5.533584738459999819e-02 -1.628962955069999907e+02 -2.235087801730000123e+01 -1.705527048440000044e+02
3.817928930080000116e-01 4.565890510150000248e-02 1.706588212700000107e-01 5.255988609299999670e-02 -1.609434496879999870e+02 -2.564326419529999868e+01 -1.697334509869999977e+02
2.191451019900000075e-01 3.765611295880000320e-02 1.627483105180000111e-01 4.381941131440000164e-02 -1.627580500319999999e+02 -2.586534938380000170e+01 -1.709573592190000113e+02
5.039549477229999797e-01 3.435239312379999993e-02 1.600331223939999992e-01 3.727570165519999978e-02 -1.636350066050000009e+02 -2.645160930309999969e+01 -1.713044470860000104e+02
1.249352621039999944e-01 7.330591559990000394e-02 1.714461114539999886e-01 8.044091081319999781e-02 -1.593784885809999992e+02 -1.844585750599999940e+01 -1.674566117079999970e+02
1.522068752840000094e-01 3.210292934640000123e-02 1.621012321130000100e-01 4.309316442459999730e-02 -1.623944801789999985e+02 -2.734107436220000054e+01 -1.714921489360000066e+02
5.103609125920000045e-01 5.000281490090000003e-02 1.704172600140000104e-01 4.497381077589999998e-02 -1.618230314570000132e+02 -2.573278904829999902e+01 -1.691911824679999938e+02
2.659149620530000258e-01 5.736470187260000325e-02 1.670574759169999868e-01 6.927336732920000295e-02 -1.606472041670000124e+02 -2.077152815990000079e+01 -1.693783747100000028e+02
4.145114407939999857e-01 2.071543670569999870e-02 1.614176716550000112e-01 2.301268443640000147e-02 -1.634187214309999945e+02 -3.144613244030000132e+01 -1.712573904369999980e+02
2.240164602649999948e-01 -9.892760566930000187e-05 1.565623274700000123e-01 8.982602278919999197e-03 -1.630224728530000107e+02 -3.679077001449999784e+01 -1.722795821569999930e+02
2.696591907709999791e-01 1.750129468499999827e-02 1.591016648989999893e-01 1.864229361390000103e-02 -1.639586405969999987e+02 -3.222702658309999890e+01 -1.714255463480000117e+02
1.429213232340000028e-01 6.112181443149999893e-02 1.752375599980000032e-01 6.739637265629999652e-02 -1.596462650670000016e+02 -2.256368935849999957e+01 -1.680843703099999971e+02
1.368284678080000094e-01 9.314073787399999860e-02 1.751319656329999863e-01 1.009118342040000033e-01 -1.577273428590000037e+02 -1.424626567229999985e+01 -1.646392988389999914e+02
1.712035098430000069e-01 6.821689225310000049e-02 1.681509362320000034e-01 7.552616615519999743e-02 -1.605990552799999875e+02 -1.814384948709999890e+01 -1.681119478870000137e+02
1.069560729360000018e+00 2.817109666890000100e-02 1.570258039409999917e-01 3.820060340129999982e-02 -1.634869770720000020e+02 -2.703724317629999874e+01 -1.723487542469999880e+02
6.212523763759999484e-01 2.633369570690000105e-02 1.562381705010000010e-01 3.947283862849999825e-02 -1.636258229770000128e+02 -2.669673645709999832e+01 -1.724729624869999896e+02
1.224686612759999932e-01 3.530350428460000273e-02 1.619119225270000129e-01 4.144271907259999832e-02 -1.630366550150000080e+02 -2.635684089000000085e+01 -1.711210462679999864e+02
1.616937921419999924e+00 1.549297017790000029e-02 1.618128783299999929e-01 1.318992813049999976e-02 -1.630844161370000052e+02 -3.428372916949999905e+01 -1.711172022620000064e+02
2.219034763359999940e-01 3.154749756539999839e-02 1.660108295299999870e-01 1.991166900400000161e-02 -1.633092550309999922e+02 -3.099311594190000108e+01 -1.698964732070000139e+02
1.542165188890000094e-01 1.824244798440000093e-02 1.572487039849999879e-01 3.266032941469999840e-02 -1.629242446410000014e+02 -2.989966910120000065e+01 -1.728682658559999936e+02
1.166048420840000016e-01 5.298280821239999966e-02 1.632795655189999973e-01 6.540901859089999493e-02 -1.618968204329999878e+02 -2.074690154880000037e+01 -1.697587784460000080e+02
3.390920234629999919e-01 1.328800737520000053e-02 1.562331536849999869e-01 2.448140337679999973e-02 -1.638982089570000085e+02 -3.104356623420000005e+01 -1.725090458109999929e+02
1.208521333019999949e-01 5.646147266459999696e-03 1.588493150409999999e-01 3.577097566669999989e-03 -1.635349334830000032e+02 -3.672436650590000085e+01 -1.711945184829999960e+02
2.294288079310000117e-01 4.457773996330000044e-02 1.586493018640000030e-01 6.668708915439999774e-02 -1.624829851329999997e+02 -2.069663681420000145e+01 -1.707031640769999967e+02
1.002548443040000015e-01 2.686517973889999966e-02 1.655088044090000099e-01 2.370917845389999834e-02 -1.629148443709999867e+02 -3.134834989209999989e+01 -1.704415643529999898e+02
3.749823002439999775e-01 1.270857629560000028e-02 1.574329872359999938e-01 1.848207405409999990e-02 -1.636963597179999965e+02 -3.276059644099999701e+01 -1.721436452609999890e+02
1.077613155830000058e-01 3.408681585549999671e-02 1.636962299979999869e-01 3.356329028349999688e-02 -1.628900534660000119e+02 -2.823251396779999922e+01 -1.708612217429999873e+02
1.517658807019999889e+00 5.672537324670000325e-02 1.687842080189999872e-01 6.294144981299999719e-02 -1.609001028099999928e+02 -2.180847987519999975e+01 -1.692166156309999963e+02
2.030451293730000106e-01 5.124486115380000317e-02 1.678380483689999869e-01 5.802874970210000066e-02 -1.615689262680000127e+02 -2.336972447009999954e+01 -1.694110189799999944e+02
1.694706563429999868e-01 3.439265148759999835e-02 1.643936376119999876e-01 4.058738502189999930e-02 -1.621499873250000121e+02 -2.753757667209999838e+01 -1.711406198429999961e+02
1.008205098169999980e-01 2.611531119030000014e-02 1.626659057329999936e-01 2.543396327479999913e-02 -1.633374511449999886e+02 -3.046585642289999996e+01 -1.708979715000000112e+02
3.907136125490000000e-01 3.882257830590000319e-02 1.682571878190000092e-01 4.188924232960000021e-02 -1.618780569179999986e+02 -2.749948994140000025e+01 -1.702552598960000125e+02
2.944911653949999764e-01 3.614775227400000152e-02 1.634578704549999872e-01 2.901040389499999830e-02 -1.635493137420000096e+02 -2.820158877500000116e+01 -1.704189660520000018e+02
3.000152509549999791e-01 3.903886500780000268e-02 1.679319525550000136e-01 3.830590955720000051e-02 -1.622085283849999939e+02 -2.794923138980000132e+01 -1.701061944440000104e+02
3.434596272730000011e-01 2.439371503569999836e-02 1.666029433860000131e-01 2.905426969330000136e-02 -1.618608735809999928e+02 -3.163365060230000125e+01 -1.709165149570000040e+02
3.154641104290000220e-01 5.408840174730000089e-02 1.681453785400000012e-01 5.713704401090000107e-02 -1.616198310869999943e+02 -2.250590659030000040e+01 -1.692856968389999963e+02
1.059019002569999979e-01 3.354705764930000084e-02 1.631698427449999877e-01 3.834555603360000064e-02 -1.629566517570000030e+02 -2.758549606220000072e+01 -1.709005773089999991e+02
1.057357069710000014e-01 6.702207849890000346e-02 1.678031914869999863e-01 8.633934049970000413e-02 -1.598449519590000136e+02 -1.774594782510000002e+01 -1.677578123639999887e+02
1.045463051239999969e-01 4.081695267890000228e-02 1.613737668340000098e-01 5.522667204670000246e-02 -1.624827087049999932e+02 -2.366756810500000086e+01 -1.709099929529999997e+02
1.897283698820000086e-01 2.460770085069999974e-02 1.609838811160000105e-01 2.965082970590000172e-02 -1.631228801180000119e+02 -2.978632362509999965e+01 -1.716137950559999865e+02
1.299281752299999981e+00 6.088959126909999908e-02 1.732621320870000037e-01 6.440247328029999330e-02 -1.601937170569999864e+02 -2.229802498260000121e+01 -1.684113242939999964e+02
2.494886546420000129e-01 4.162007533159999689e-02 1.676572587669999947e-01 4.773298274789999907e-02 -1.618563006029999940e+02 -2.567325350180000143e+01 -1.701577778520000095e+02
1.332957905740000115e-01 3.685395753580000128e-02 1.660169664220000063e-01 3.950553500000000134e-02 -1.624774720139999999e+02 -2.725778014710000008e+01 -1.704643551329999980e+02
8.041380354099999517e-01 4.394876936360000291e-02 1.642687943549999974e-01 4.715686223409999711e-02 -1.623722462510000071e+02 -2.491903696629999843e+01 -1.705371163460000048e+02
3.147729205989999723e-01 6.553245883479999478e-02 1.693657479279999933e-01 6.438621797099999822e-02 -1.610035329600000011e+02 -2.055853693059999898e+01 -1.684192082280000022e+02
1.545471746600000085e-01 8.459858281899999832e-02 1.733562243310000084e-01 9.670966137299999432e-02 -1.583580382520000001e+02 -1.553013028220000002e+01 -1.655042378150000104e+02
2.688286273600000165e-01 3.648584469970000271e-02 1.575584435959999918e-01 3.793972224650000308e-02 -1.641121855519999997e+02 -2.508598836310000024e+01 -1.715634003600000028e+02
1.166175081270000025e-01 6.591635288470000520e-02 1.743102329569999887e-01 7.124825146249999519e-02 -1.598826980020000121e+02 -2.084412995439999960e+01 -1.676373367360000088e+02
1.117299754460000072e+00 6.417451988330000190e-02 1.677169322200000035e-01 6.541717035110000689e-02 -1.613722584120000079e+02 -1.976411368850000017e+01 -1.686010281249999991e+02
2.796062341189999856e-01 5.106563250490000344e-02 1.611061768400000038e-01 6.642943153720000382e-02 -1.621681791389999887e+02 -2.036853721390000160e+01 -1.700640831229999890e+02
1.627812527030000067e-01 3.667886799770000289e-02 1.623662243419999873e-01 4.278738876310000244e-02 -1.627613616040000011e+02 -2.634016517059999885e+01 -1.711174404820000063e+02
1.901200011209999985e-01 4.668251695830000214e-02 1.645036965589999900e-01 5.081604214390000179e-02 -1.622764445530000046e+02 -2.420593578309999927e+01 -1.702146582160000037e+02
1.402747704619999869e-01 1.926080791829999986e-02 1.565941095960000085e-01 2.599402178119999962e-02 -1.639333256189999872e+02 -2.993034684099999865e+01 -1.723836063569999908e+02
1.354688291599999983e-01 -6.047104394769999870e-03 1.503976866720000138e-01 -1.151300205000000028e-02 -1.647989786249999895e+02 -3.928192452580000094e+01 -1.711025791479999896e+02
1.181070927570000012e-01 6.616148109910000019e-03 1.539888370780000126e-01 1.025642499969999996e-02 -1.643063270789999990e+02 -3.451795191970000332e+01 -1.722991954359999909e+02
6.258428192430000259e+00 4.155940250159999988e-02 1.613123619759999905e-01 5.829899715080000266e-02 -1.622311897859999874e+02 -2.287152835370000048e+01 -1.709505354469999929e+02
3.279131791329999990e-01 2.602217731239999873e-02 1.653318637420000126e-01 2.693786425400000045e-02 -1.626241421999999943e+02 -3.081861893399999985e+01 -1.707035370199999988e+02
2.386056598780000038e-01 7.151964215580000617e-02 1.741938263760000050e-01 7.727962229700000019e-02 -1.595428291430000058e+02 -1.943334226960000066e+01 -1.671625324780000028e+02
1.647985324079999925e-01 6.641639250179999510e-02 1.701589643670000096e-01 7.526176905600000244e-02 -1.602946454810000034e+02 -1.910088848799999894e+01 -1.680032780630000104e+02
1.313879324890000033e+00 6.533285303109999387e-02 1.669680580210000098e-01 8.112450825469999516e-02 -1.604682870480000076e+02 -1.803100088789999944e+01 -1.680848637349999990e+02
1.471756089509999865e-01 4.575819010959999988e-02 1.657708301120000005e-01 5.387518792399999951e-02 -1.618657382279999979e+02 -2.403148408550000070e+01 -1.702064820649999888e+02
7.436271494280000116e-01 6.823552665099999470e-02 1.716010877739999885e-01 7.458692420970000625e-02 -1.602799859380000100e+02 -1.941873307730000064e+01 -1.675993147430000079e+02
1.281415511369999871e-01 2.609395296650000168e-02 1.558427185830000006e-01 3.315741620229999825e-02 -1.640675361749999865e+02 -2.725642402389999930e+01 -1.724521574510000050e+02
1.202523143210000034e-01 6.173103589529999741e-02 1.653110072479999915e-01 6.200741324000000332e-02 -1.617006760529999951e+02 -2.003671352090000113e+01 -1.692022173409999937e+02
5.048514530190000293e-01 2.207579146560000039e-02 1.651417285360000098e-01 1.726229506479999912e-02 -1.630178998959999888e+02 -3.321672451759999944e+01 -1.702905366450000031e+02
2.880557677139999884e-01 3.367503726470000291e-02 1.659060703770000034e-01 3.649276258990000188e-02 -1.623787818790000017e+02 -2.831405300169999961e+01 -1.707448704390000103e+02
1.392743839779999881e-01 5.997230894399999818e-02 1.681556339860000027e-01 7.278832325150000337e-02 -1.605668419499999970e+02 -2.048279554120000157e+01 -1.687499521080000022e+02
1.593042658899999908e-01 2.626164269720000083e-02 1.602266692329999964e-01 2.354152056820000075e-02 -1.638259018850000075e+02 -3.002813852390000093e+01 -1.712841971549999869e+02
1.216715378290000038e-01 2.414651139899999868e-02 1.599228720110000002e-01 2.749521973479999992e-02 -1.639685490049999999e+02 -2.976168700579999893e+01 -1.712811283089999961e+02
1.920278840659999930e-01 3.770630278829999876e-02 1.660091443960000079e-01 4.207575875800000087e-02 -1.620081197730000042e+02 -2.683771932089999979e+01 -1.707670547460000137e+02
4.197113858159999822e-01 6.229830945450000323e-02 1.682363640419999862e-01 6.856465189780000524e-02 -1.610083366359999957e+02 -2.018141085870000140e+01 -1.686145164049999892e+02
1.926297340939999991e-01 3.367092134199999726e-02 1.666635187059999912e-01 3.149023570659999910e-02 -1.627055105579999861e+02 -2.912747078110000132e+01 -1.701859559380000064e+02
2.627598596169999912e-01 -8.564198691369999741e-04 1.568313257720000131e-01 2.430109494569999929e-04 -1.634617810599999927e+02 -3.802226371500000113e+01 -1.713441602629999920e+02
3.981541298919999972e-01 3.166580977010000075e-02 1.680913589589999868e-01 3.632494361270000027e-02 -1.616858264470000108e+02 -2.943282508080000071e+01 -1.706323917260000087e+02
1.492189507999999998e-01 4.518985409960000338e-02 1.661827572650000084e-01 4.476285857119999961e-02 -1.622462805680000031e+02 -2.562174705469999836e+01 -1.701852960950000124e+02
1.179531522049999948e-01 4.827686401249999676e-02 1.626480852420000012e-01 6.196703661209999880e-02 -1.620896987780000131e+02 -2.199435641990000079e+01 -1.702135050859999978e+02
2.382430510459999928e-01 2.778202904920000146e-02 1.657177704360000003e-01 2.669955237730000167e-02 -1.626913267449999978e+02 -3.089938153279999966e+01 -1.704173572779999972e+02
1.161016443859999997e-01 7.265287584940000043e-02 1.658312465690000015e-01 8.146500402190000323e-02 -1.603950179990000038e+02 -1.677774321289999904e+01 -1.678292924959999937e+02
1.133020362839999989e-01 -2.017779049790000175e-03 1.554749127850000023e-01 -4.210669253549999790e-03 -1.636331829350000078e+02 -3.851917005650000192e+01 -1.712993666829999881e+02
1.973772343809999941e-01 2.724476719900000010e-02 1.660858473709999894e-01 2.833307452250000136e-02 -1.621970296469999937e+02 -3.088204327989999953e+01 -1.707962383130000035e+02
1.189364538349999972e-01 3.370836115109999975e-02 1.686588580170000073e-01 3.670933190290000259e-02 -1.616392240879999918e+02 -2.963356979730000162e+01 -1.703911238510000032e+02
1.071229410809999977e-01 4.096608299349999843e-02 1.660549947989999886e-01 4.298919354110000007e-02 -1.625047755470000084e+02 -2.574400647050000046e+01 -1.703141126970000130e+02
2.368664081280000000e-01 1.894456607949999982e-02 1.598679750229999863e-01 2.817972853069999895e-02 -1.630843947289999960e+02 -3.097030479540000059e+01 -1.719924408379999932e+02
1.063143657979999934e-01 2.621875254820000070e-02 1.616026821329999974e-01 2.996811997300000141e-02 -1.632995916540000110e+02 -2.957667792290000008e+01 -1.712856187639999916e+02
8.172496580550000500e-01 7.691682922749999707e-02 1.704804835150000031e-01 9.232226128459999903e-02 -1.588042433589999973e+02 -1.653220641080000064e+01 -1.667307251780000001e+02
1.046569017829999948e-01 2.400388581440000141e-02 1.617598024540000123e-01 3.106537750860000058e-02 -1.627684203549999893e+02 -2.999734544880000087e+01 -1.716661851140000010e+02
2.321427128430000042e-01 2.878910965459999943e-02 1.620316564710000129e-01 3.669451038549999961e-02 -1.631001683629999945e+02 -2.812152787060000136e+01 -1.712582402740000020e+02
2.289988329679999990e-01 4.574123297680000172e-02 1.571922337720000062e-01 5.485097697670000133e-02 -1.631793071980000036e+02 -2.147822097490000104e+01 -1.713341647229999865e+02
1.696045135679999927e-01 2.250741490479999871e-02 1.595735953480000024e-01 3.819691877180000222e-02 -1.625943783280000048e+02 -2.889165679290000099e+01 -1.723407705740000040e+02
1.263820534729999945e-01 4.526254985300000311e-02 1.662886895779999985e-01 4.338904656180000291e-02 -1.625384230809999906e+02 -2.572668687710000057e+01 -1.699412624470000139e+02
1.186063858090000034e+00 4.336373569270000200e-02 1.644723652679999926e-01 4.922514209759999704e-02 -1.626153106820000005e+02 -2.414178355059999959e+01 -1.703115865759999963e+02
