2.237525644320000062e-01 4.397433169960000138e-02 -4.184487006100000017e-01 -1.241876995079999944e+02 8.881919840400000510e+01 6.227133848559999763e+01
2.244979500239999981e-01 4.816904639999999849e-02 -4.165940393520000118e-01 -1.237362705390000031e+02 8.862422491319999551e+01 6.212532678150000010e+01
2.281853236789999906e-01 4.600780639410000095e-02 -4.250891444259999874e-01 -1.239353244379999950e+02 8.893602202149999414e+01 6.215859760869999917e+01
2.239218877680000108e-01 4.794915997399999685e-02 -4.190864968019999970e-01 -1.238477032259999930e+02 8.884598256680000361e+01 6.261882723810000329e+01
2.291499354460000137e-01 4.889733557789999879e-02 -4.167955943580000100e-01 -1.242796273000000014e+02 8.868605703149999897e+01 6.231888456400000109e+01
2.216643148000000119e-01 4.688325841499999674e-02 -4.202249094919999761e-01 -1.240032699650000012e+02 8.906685806439999453e+01 6.204227375560000013e+01
2.272358611289999886e-01 5.026135584090000302e-02 -4.162138018139999729e-01 -1.239773211159999988e+02 8.873073893459999795e+01 6.222853805039999742e+01
2.231236713950000006e-01 4.934102971720000230e-02 -4.230003047049999965e-01 -1.240716298490000042e+02 8.860392742630000384e+01 6.227388044989999827e+01
2.249730469959999868e-01 4.652336260469999707e-02 -4.185630045270000155e-01 -1.239062320750000055e+02 8.887570098240000505e+01 6.233643212820000201e+01
2.255283672639999959e-01 4.141360639899999835e-02 -4.168257631130000140e-01 -1.241462866699999950e+02 8.904551907069999572e+01 6.222672004009999824e+01
2.261751571819999862e-01 5.426467207300000178e-02 -4.188483678139999777e-01 -1.239091645949999929e+02 8.850916569279999635e+01 6.218642672499999691e+01
2.244539266360000007e-01 4.288590296719999723e-02 -4.228733464400000197e-01 -1.240342013369999989e+02 8.894328534880000348e+01 6.250802387990000142e+01
2.172795703590000016e-01 5.480628109619999772e-02 -4.205178624309999780e-01 -1.239039035689999935e+02 8.878098901369999396e+01 6.233773665159999666e+01
2.197695290720000083e-01 4.495208945970000092e-02 -4.210769562750000250e-01 -1.234195771069999950e+02 8.903127530890000685e+01 6.229656394629999738e+01
2.200217928529999978e-01 4.750571980860000126e-02 -4.170099193039999985e-01 -1.243676664380000005e+02 8.864998042989999760e+01 6.240723787019999946e+01
2.262941241679999882e-01 5.433109066680000265e-02 -4.245152752560000242e-01 -1.236488003289999966e+02 8.873917410079999968e+01 6.222257258489999998e+01
2.282387513009999924e-01 5.015422021850000217e-02 -4.191550745750000084e-01 -1.239123852360000058e+02 8.899449589520000359e+01 6.217506096559999662e+01
2.248895845920000081e-01 5.160428374260000312e-02 -4.194813630609999788e-01 -1.240272173679999952e+02 8.889297772090000649e+01 6.218071638600000028e+01
2.228726777349999966e-01 4.647641743599999903e-02 -4.199316098390000196e-01 -1.239376634430000053e+02 8.903893779429999711e+01 6.248443167229999773e+01
2.261523446129999892e-01 4.721139438079999945e-02 -4.196403460109999761e-01 -1.240050736689999979e+02 8.926827654640000276e+01 6.245687133420000237e+01
2.232801879050000105e-01 4.554876866839999844e-02 -4.212310150679999809e-01 -1.240380647460000034e+02 8.896992773920000275e+01 6.230381453310000239e+01
2.268283347299999975e-01 4.520037517690000256e-02 -4.183836635859999875e-01 -1.237034692860000007e+02 8.919968714770000418e+01 6.207922163879999999e+01
2.221592762090000006e-01 4.603893823210000041e-02 -4.179394971589999730e-01 -1.244536234440000015e+02 8.925429359689999842e+01 6.226704255109999764e+01
2.260903207659999969e-01 4.560953259469999882e-02 -4.144324467300000148e-01 -1.240349210699999958e+02 8.897511320069999385e+01 6.246440988389999660e+01
2.240967338390000008e-01 4.630857265479999818e-02 -4.202820462069999929e-01 -1.241580060050000043e+02 8.892900690609999970e+01 6.186116174789999889e+01
2.236099330019999942e-01 4.872029482410000084e-02 -4.220333105829999765e-01 -1.237943940669999989e+02 8.893771718989999897e+01 6.258386322700000193e+01
2.283239929900000020e-01 4.774764233510000316e-02 -4.186319626810000027e-01 -1.241743652520000012e+02 8.901390595639999503e+01 6.214215232560000146e+01
2.244850165389999930e-01 4.772823238329999829e-02 -4.177362949069999831e-01 -1.237479784829999971e+02 8.876099579370000470e+01 6.226810689869999749e+01
2.271777252739999864e-01 4.014185501280000123e-02 -4.213371353670000152e-01 -1.240396404560000008e+02 8.925628040220000514e+01 6.214163500219999747e+01
2.165690773329999874e-01 4.954438326530000158e-02 -4.096986499260000247e-01 -1.239967968760000048e+02 8.876255007349999460e+01 6.245317830289999961e+01
2.212412212600000094e-01 5.113992858509999739e-02 -4.201575762800000002e-01 -1.236134086670000016e+02 8.902071291910000639e+01 6.243127898030000011e+01
2.250353580910000040e-01 4.804077168029999984e-02 -4.171618240569999747e-01 -1.239865942050000029e+02 8.921308872669999346e+01 6.225375613909999828e+01
2.232805734449999913e-01 4.495895579059999703e-02 -4.200242763159999781e-01 -1.235765680620000069e+02 8.897769445529999643e+01 6.231075976310000186e+01
2.243030512310000002e-01 4.649474483330000296e-02 -4.193425238340000027e-01 -1.240858295940000033e+02 8.899920556380000392e+01 6.190713740559999678e+01
2.233138021999999945e-01 4.462762541290000301e-02 -4.186598487059999818e-01 -1.236632761120000055e+02 8.908860204769999314e+01 6.200664739999999853e+01
2.281467903440000111e-01 4.705632073129999843e-02 -4.194216069669999825e-01 -1.240121835639999972e+02 8.869088146320000021e+01 6.226569598769999914e+01
2.231490224390000054e-01 4.852972644510000072e-02 -4.199588296280000188e-01 -1.244287220780000069e+02 8.920321149500000502e+01 6.250568511259999838e+01
2.249837816249999900e-01 4.770386686010000266e-02 -4.211957137399999773e-01 -1.239799020469999959e+02 8.890397938060000627e+01 6.238702777099999963e+01
2.228196180420000116e-01 4.752218116919999791e-02 -4.144096003380000059e-01 -1.236538380740000065e+02 8.864076351379999608e+01 6.227839956140000055e+01
2.216789700709999866e-01 4.553404061619999860e-02 -4.182007312070000205e-01 -1.243713109589999988e+02 8.905901007859999652e+01 6.211605189370000346e+01
2.252541265780000079e-01 4.627896195390000106e-02 -4.152134771300000082e-01 -1.238312318010000013e+02 8.900127082299999870e+01 6.233824013819999976e+01
2.286855572270000136e-01 4.585163148549999818e-02 -4.133171902409999987e-01 -1.242590119120000054e+02 8.904610016450000387e+01 6.238978203309999770e+01
2.219468226970000013e-01 4.666779721619999932e-02 -4.238130779959999872e-01 -1.238006455069999987e+02 8.860940513379999572e+01 6.207549833830000097e+01
2.266839322570000093e-01 4.717608692929999709e-02 -4.216030296859999971e-01 -1.235138680350000016e+02 8.875257301009999367e+01 6.222875538609999779e+01
2.237875045580000055e-01 5.111234908509999786e-02 -4.190187452849999938e-01 -1.239891632369999996e+02 8.904433013940000308e+01 6.216551675390000042e+01
2.269099379170000097e-01 4.566357457879999943e-02 -4.224675533760000046e-01 -1.237234608889999947e+02 8.874802552350000440e+01 6.232522346740000074e+01
2.205408499000000022e-01 4.742708342830000146e-02 -4.240281878880000077e-01 -1.239204950580000002e+02 8.885917674099999886e+01 6.267078480939999707e+01
2.258219210150000100e-01 4.912473371179999770e-02 -4.158120921139999981e-01 -1.242558477660000023e+02 8.920124594760000036e+01 6.232044279109999962e+01
2.254675758180000045e-01 4.814581600989999849e-02 -4.198939382669999998e-01 -1.234189031039999946e+02 8.899688161609999781e+01 6.234560746199999670e+01
2.175584311569999929e-01 5.125477687070000010e-02 -4.145078992210000091e-01 -1.237749035540000051e+02 8.880775462809999965e+01 6.258641413859999858e+01
2.248378702580000055e-01 5.100278311320000091e-02 -4.174695164300000205e-01 -1.235519637099999954e+02 8.880511783439999363e+01 6.237967274390000227e+01
2.221131201650000109e-01 4.485374381309999853e-02 -4.184543248279999905e-01 -1.240716764870000048e+02 8.889888602819999619e+01 6.189285356149999728e+01
2.223212584960000127e-01 4.575768592010000246e-02 -4.192009609139999982e-01 -1.238389737709999991e+02 8.878815386210000327e+01 6.217447136700000243e+01
2.249576863430000073e-01 4.638259522180000066e-02 -4.157829773719999844e-01 -1.241915611790000042e+02 8.868511211569999375e+01 6.206451938619999709e+01
2.223712393510000052e-01 4.506026744750000340e-02 -4.160379243089999957e-01 -1.239387493809999938e+02 8.924143703199999322e+01 6.209467320200000273e+01
2.281125007320000120e-01 5.308843071799999869e-02 -4.225629801240000094e-01 -1.238314761030000000e+02 8.882077456810000626e+01 6.228645853769999974e+01
2.231917299720000136e-01 4.494369146479999799e-02 -4.204663880280000154e-01 -1.235572033419999940e+02 8.894906952840000258e+01 6.228059834340000123e+01
2.238151006730000059e-01 4.707349149330000010e-02 -4.179882425290000203e-01 -1.238058415010000033e+02 8.892743980269999327e+01 6.280373664630000263e+01
2.227562202900000010e-01 4.724503359740000324e-02 -4.193865387810000178e-01 -1.239980559880000044e+02 8.917832199529999571e+01 6.235312740439999857e+01
2.230321522379999921e-01 4.620231782360000039e-02 -4.154185234530000104e-01 -1.243759368519999953e+02 8.875404374750000613e+01 6.250532059820000086e+01
2.303086100120000090e-01 3.809468007620000346e-02 -4.207468711349999779e-01 -1.240942137389999971e+02 8.913346794640000326e+01 6.215815883249999985e+01
2.240754767470000131e-01 4.732991636719999923e-02 -4.189280697700000222e-01 -1.239344064189999983e+02 8.883905454569999449e+01 6.257211849640000167e+01
2.220799145790000040e-01 4.873847250010000104e-02 -4.198052757119999923e-01 -1.237686274840000067e+02 8.871933244189999357e+01 6.222343880990000287e+01
2.219911373289999990e-01 4.956938378299999975e-02 -4.181476956010000134e-01 -1.237569907729999983e+02 8.866968661190000489e+01 6.257426844670000321e+01
2.245892206560000104e-01 5.431692122989999899e-02 -4.188814109199999747e-01 -1.240332438509999946e+02 8.851027182970000240e+01 6.227133988149999766e+01
2.232824499419999997e-01 4.722934507100000345e-02 -4.235325932469999888e-01 -1.240778640940000059e+02 8.870714621519999810e+01 6.232445046899999852e+01
2.252245090930000138e-01 4.829145726269999661e-02 -4.156312343810000254e-01 -1.241316286840000060e+02 8.887568148229999565e+01 6.253738907670000202e+01
2.255874244920000049e-01 5.106977697650000314e-02 -4.187074742090000079e-01 -1.239943201499999930e+02 8.912845780279999985e+01 6.218559847590000089e+01
2.194019085629999866e-01 4.955251900100000190e-02 -4.204996483030000176e-01 -1.238133503650000051e+02 8.898131964739999944e+01 6.231514177039999680e+01
2.204263656650000125e-01 4.856486418549999656e-02 -4.195953937649999910e-01 -1.239107914660000063e+02 8.872217635629999677e+01 6.221730058109999817e+01
2.241061814799999996e-01 4.686751749540000317e-02 -4.218770108580000011e-01 -1.236121474659999961e+02 8.857531861510000226e+01 6.254552203619999773e+01
2.271318359460000047e-01 4.346053882329999757e-02 -4.195770648409999914e-01 -1.243197289289999929e+02 8.877723311889999991e+01 6.212450802619999735e+01
2.261836087200000123e-01 5.013639153039999713e-02 -4.230205265060000275e-01 -1.238338416429999995e+02 8.902228803709999738e+01 6.208974053619999722e+01
2.269846631859999964e-01 4.529892100300000196e-02 -4.198234513129999734e-01 -1.237612793729999936e+02 8.901038906339999812e+01 6.194339733839999695e+01
2.239087146779999982e-01 4.194906729270000273e-02 -4.185786065120000177e-01 -1.236338168869999947e+02 8.888051525010000375e+01 6.216325607710000156e+01
2.220087941830000133e-01 4.515041598049999994e-02 -4.159549995069999895e-01 -1.240834814050000006e+02 8.899151529899999957e+01 6.258456034940000023e+01
2.249967384849999863e-01 4.790396467719999773e-02 -4.215425789830000158e-01 -1.240506502650000016e+02 8.883284781720000467e+01 6.198157752689999711e+01
2.243312121870000009e-01 4.567670824830000198e-02 -4.167485324699999882e-01 -1.240053242519999941e+02 8.867585153849999813e+01 6.250958686610000115e+01
2.251769351519999907e-01 5.124181455369999916e-02 -4.169933193170000107e-01 -1.239739471940000044e+02 8.879057152560000077e+01 6.239924861570000303e+01
2.259552744849999961e-01 4.863426268099999700e-02 -4.142184672090000186e-01 -1.242047831219999949e+02 8.854931380710000610e+01 6.242936789529999686e+01
2.209558938850000043e-01 4.774017417870000252e-02 -4.142892784819999785e-01 -1.238860374540000038e+02 8.886773238760000027e+01 6.227542687070000227e+01
2.221276649720000107e-01 4.874505261510000270e-02 -4.197607154590000111e-01 -1.242222914129999936e+02 8.865028078400000311e+01 6.241786236099999741e+01
2.257139963400000005e-01 4.624871209880000028e-02 -4.206031369179999979e-01 -1.238198705030000042e+02 8.891803472290000343e+01 6.198594147899999740e+01
2.186526178659999875e-01 4.623402809419999843e-02 -4.182260149070000099e-01 -1.238618355790000010e+02 8.854154177009999671e+01 6.220605630509999884e+01
2.261850161450000007e-01 4.773056045130000258e-02 -4.162053744199999961e-01 -1.241605415490000013e+02 8.867769341279999651e+01 6.257524625880000002e+01
2.226259167119999938e-01 4.523635464510000065e-02 -4.195599191089999791e-01 -1.237934599409999947e+02 8.906701548130000390e+01 6.274547594909999759e+01
2.272258185580000034e-01 4.590224847379999890e-02 -4.202388234169999737e-01 -1.241596120070000069e+02 8.912548364529999390e+01 6.260594673050000125e+01
2.214354702119999962e-01 4.803384095549999983e-02 -4.161693615779999966e-01 -1.240575185959999942e+02 8.914431345779999560e+01 6.255317742279999749e+01
2.270954799949999880e-01 5.130913029249999785e-02 -4.168420636449999828e-01 -1.238582628310000047e+02 8.885152251360000264e+01 6.220141422070000203e+01
2.246438790589999901e-01 4.890510717609999891e-02 -4.223111972329999797e-01 -1.239075324349999931e+02 8.865888038469999799e+01 6.268034532050000252e+01
2.254346082639999971e-01 3.998556110620000298e-02 -4.152990016299999976e-01 -1.239697274490000041e+02 8.877773766170000158e+01 6.236457178460000250e+01
2.255954889260000096e-01 4.080890543889999916e-02 -4.154904190579999934e-01 -1.239990260760000069e+02 8.919917881169999418e+01 6.233358980220000234e+01
2.221717754109999998e-01 4.475469428059999921e-02 -4.219370039479999890e-01 -1.237750011459999939e+02 8.875523395310000296e+01 6.224442733650000292e+01
2.220667477549999880e-01 4.385685202089999873e-02 -4.221946047160000104e-01 -1.239339831289999978e+02 8.898094937519999803e+01 6.250564146840000035e+01
2.203424260509999899e-01 4.868936580790000218e-02 -4.210727025129999967e-01 -1.237077277150000043e+02 8.903195497170000294e+01 6.262176269279999730e+01
2.264614433069999933e-01 4.610678819169999887e-02 -4.206669848810000167e-01 -1.240793297000000024e+02 8.881087443389999692e+01 6.207188018080000091e+01
2.204274059999999924e-01 4.733521314450000322e-02 -4.151083784610000160e-01 -1.238163669639999966e+02 8.929273473649999460e+01 6.224834892949999698e+01
2.223234342469999902e-01 4.820498080829999782e-02 -4.195224996729999822e-01 -1.241571109960000001e+02 8.856419811959999322e+01 6.221605255539999746e+01
2.179832919299999894e-01 4.549891644199999946e-02 -4.218355747740000217e-01 -1.238984901949999937e+02 8.913681711450000478e+01 6.229091571370000224e+01
2.248050035920000078e-01 5.399092171969999826e-02 -4.185800431109999997e-01 -1.241579408540000031e+02 8.862537421899999401e+01 6.237929919230000309e+01
2.217175159039999899e-01 4.570693601149999896e-02 -4.206301322479999993e-01 -1.235296215710000070e+02 8.858579425210000124e+01 6.233853947429999920e+01
2.226723647640000137e-01 4.764788426449999975e-02 -4.261340599499999771e-01 -1.239899385340000038e+02 8.889864836460000674e+01 6.254469866419999846e+01
2.238715273409999929e-01 4.774174290299999790e-02 -4.151252092239999802e-01 -1.241323793760000029e+02 8.875020393970000043e+01 6.205166249269999668e+01
2.181549949769999996e-01 4.671670095669999689e-02 -4.161281618120000192e-01 -1.237705421109999975e+02 8.875193507070000010e+01 6.214438114960000092e+01
2.241767125930000104e-01 4.765928489150000197e-02 -4.162985681879999844e-01 -1.242881266570000065e+02 8.898259827740000105e+01 6.221616004719999893e+01
2.226374002750000081e-01 4.808950303110000324e-02 -4.199090411599999961e-01 -1.238425780139999972e+02 8.933346349599999314e+01 6.237322679929999936e+01
2.243800598740000041e-01 4.942094078650000055e-02 -4.157273769400000041e-01 -1.241484076960000067e+02 8.874678561080000350e+01 6.247231764349999850e+01
2.208437846780000047e-01 4.523761537269999772e-02 -4.204849884810000216e-01 -1.235035939680000041e+02 8.868339359889999685e+01 6.250822407380000101e+01
2.190002458870000113e-01 4.058254109619999911e-02 -4.175868839449999870e-01 -1.238352263609999966e+02 8.888769430879999334e+01 6.231527368199999728e+01
2.266397746730000051e-01 4.507435618319999976e-02 -4.199468334079999865e-01 -1.239466849970000055e+02 8.891183450799999832e+01 6.203699320199999789e+01
2.230855451709999882e-01 4.814649191599999767e-02 -4.135430184769999795e-01 -1.239471686419999941e+02 8.906302943650000259e+01 6.241306085019999728e+01
2.218956593220000051e-01 4.368959959140000099e-02 -4.200040070309999929e-01 -1.233912085289999965e+02 8.884029676330000314e+01 6.224113774250000120e+01
2.180771776140000007e-01 4.706580159550000086e-02 -4.157864563900000032e-01 -1.239267487820000042e+02 8.879450445710000395e+01 6.259774016200000091e+01
2.275093810980000075e-01 4.852067003860000005e-02 -4.202203902739999886e-01 -1.236790036339999972e+02 8.883301099700000236e+01 6.247487916210000236e+01
2.278379271419999907e-01 4.736021110279999696e-02 -4.224412013819999756e-01 -1.237539676189999938e+02 8.915375721510000062e+01 6.245759537970000252e+01
2.194708967319999871e-01 4.859275628390000157e-02 -4.208738008510000128e-01 -1.237716240849999991e+02 8.892887903419999418e+01 6.232434032569999971e+01
2.253288041610000125e-01 4.668360751890000132e-02 -4.210148525610000192e-01 -1.241790416590000063e+02 8.907956116440000471e+01 6.211787610289999861e+01
2.235552815690000084e-01 4.725606338370000326e-02 -4.193395412579999926e-01 -1.237076517050000035e+02 8.915874780449999548e+01 6.209193251189999785e+01
2.250853602860000136e-01 5.185139424929999935e-02 -4.241170306140000235e-01 -1.237468784139999940e+02 8.879221342099999958e+01 6.233664672180000110e+01
2.215098919459999871e-01 4.980076502950000344e-02 -4.228524323669999863e-01 -1.236297903509999969e+02 8.903596935609999719e+01 6.239301730630000264e+01
2.216279612310000091e-01 4.383569786919999656e-02 -4.243804776719999894e-01 -1.238330886739999954e+02 8.903188481620000516e+01 6.218009951169999994e+01
2.248391551499999974e-01 4.922440256889999699e-02 -4.161976934300000153e-01 -1.235669176749999991e+02 8.910395341109999379e+01 6.220234433680000308e+01
2.228124070470000051e-01 4.497638656099999660e-02 -4.188008655420000226e-01 -1.239597478750000050e+02 8.891634420469999611e+01 6.260950291950000235e+01
2.264240587830000095e-01 4.673386435389999954e-02 -4.202057031220000072e-01 -1.242617572820000049e+02 8.917175141059999532e+01 6.230027933729999745e+01
2.272385277010000038e-01 4.428332544599999920e-02 -4.157102003340000240e-01 -1.241389949099999939e+02 8.888549971390000337e+01 6.240670262460000117e+01
2.274771704109999904e-01 4.094342053479999716e-02 -4.198942358969999789e-01 -1.238303025430000019e+02 8.882120990609999467e+01 6.229166167019999989e+01
2.274809908340000020e-01 4.295545007369999668e-02 -4.172295652129999755e-01 -1.237306084159999955e+02 8.892070731159999752e+01 6.230142216779999842e+01
2.199146677100000113e-01 4.418826122209999763e-02 -4.165815832259999740e-01 -1.235798794610000044e+02 8.915552762279999399e+01 6.245851174309999720e+01
2.210483157120000097e-01 5.167701564260000074e-02 -4.229509785830000146e-01 -1.239735081980000047e+02 8.894032583530000124e+01 6.242077601860000158e+01
2.266743523430000129e-01 5.233148919069999933e-02 -4.153686781679999940e-01 -1.240966217520000043e+02 8.888287448549999681e+01 6.214479991230000167e+01
2.194741807989999960e-01 4.883748269600000219e-02 -4.129251333619999853e-01 -1.238885192719999964e+02 8.895210722730000441e+01 6.247392476659999971e+01
2.271100149070000018e-01 4.673070829249999919e-02 -4.166630691439999756e-01 -1.237380186550000047e+02 8.895819761120000635e+01 6.256356976450000218e+01
2.170033590959999925e-01 4.595021665810000017e-02 -4.232898091780000205e-01 -1.237820931140000056e+02 8.899159648539999523e+01 6.222818388609999829e+01
2.239227121440000023e-01 4.829753350249999660e-02 -4.160048682560000266e-01 -1.241970709250000056e+02 8.900197266189999823e+01 6.230422654800000259e+01
2.272335124550000085e-01 4.992463839800000136e-02 -4.167018530430000034e-01 -1.243384328420000031e+02 8.908317983349999736e+01 6.245198992910000158e+01
2.285920821480000031e-01 5.185289553599999740e-02 -4.187495687269999767e-01 -1.238397951689999985e+02 8.858682160749999923e+01 6.206950643460000094e+01
2.241009513639999895e-01 5.456335529669999879e-02 -4.144633917519999766e-01 -1.240683608679999992e+02 8.884344330320000438e+01 6.229490372179999724e+01
2.264062169100000133e-01 4.491728041200000049e-02 -4.130318198740000057e-01 -1.240352687430000032e+02 8.912312150229999475e+01 6.261860008579999715e+01
2.238082458860000123e-01 4.794545388219999954e-02 -4.199826170340000275e-01 -1.234938051019999961e+02 8.870230213610000192e+01 6.245114204139999714e+01
2.259427046760000002e-01 4.636644607510000127e-02 -4.158398063070000150e-01 -1.239652199260000032e+02 8.919051375790000691e+01 6.203427139179999728e+01
2.274746553329999865e-01 4.924591710730000238e-02 -4.203857028710000221e-01 -1.237142985870000018e+02 8.881627442200000644e+01 6.223807256719999970e+01
2.267879952880000050e-01 5.105038284880000082e-02 -4.143743703059999950e-01 -1.238540716950000018e+02 8.893902728930000023e+01 6.251771060000000091e+01
2.223090876330000021e-01 4.779758958580000022e-02 -4.173145254189999931e-01 -1.237980158109999991e+02 8.889777133479999804e+01 6.266842618350000294e+01
2.226904300739999953e-01 5.272319992650000009e-02 -4.198227066329999757e-01 -1.238461475050000047e+02 8.872502932970000700e+01 6.224056858689999672e+01
2.228756994539999869e-01 4.513432651319999878e-02 -4.224626474320000158e-01 -1.236880192739999984e+02 8.871100857769999948e+01 6.227675393030000350e+01
2.268492607049999998e-01 4.704675471349999832e-02 -4.173892469530000038e-01 -1.239264831499999957e+02 8.876922675509999294e+01 6.209800058999999806e+01
2.132447215459999934e-01 4.579781065260000311e-02 -4.195755149739999745e-01 -1.237150099969999957e+02 8.908298448729999564e+01 6.254739477750000276e+01
2.237996593280000002e-01 4.747809928059999740e-02 -4.192690070739999997e-01 -1.239944011280000069e+02 8.910586323549999577e+01 6.230448028250000192e+01
2.223445882769999882e-01 4.531799757629999953e-02 -4.187658524460000087e-01 -1.238747271029999979e+02 8.843842349889999355e+01 6.250062108480000234e+01
2.227700061079999905e-01 4.529695350029999679e-02 -4.145545559159999893e-01 -1.239226102110000056e+02 8.858299779690000264e+01 6.245829297870000119e+01
2.206129227199999931e-01 4.812618045019999985e-02 -4.176747736379999854e-01 -1.240363042890000003e+02 8.870480058750000296e+01 6.280506750419999662e+01
2.261061222359999900e-01 5.204658934289999733e-02 -4.164714190689999818e-01 -1.241463774030000025e+02 8.865773428549999835e+01 6.220819935090000286e+01
2.283339845909999888e-01 4.621617469389999872e-02 -4.189090071159999873e-01 -1.236830985179999942e+02 8.890163100499999871e+01 6.208153793729999848e+01
2.199701664919999911e-01 4.914263820669999977e-02 -4.184859987249999747e-01 -1.238681466019999959e+02 8.849391471890000105e+01 6.235094343890000346e+01
2.248854820300000001e-01 3.769949894309999883e-02 -4.200530592749999736e-01 -1.238603416530000061e+02 8.901821275330000560e+01 6.218131621669999731e+01
2.248312773270000064e-01 4.972317874610000105e-02 -4.186740730849999870e-01 -1.240691322710000009e+02 8.868259039500000540e+01 6.221292454830000196e+01
2.266417040829999952e-01 4.625684881750000144e-02 -4.205325218529999964e-01 -1.243005358820000055e+02 8.909658360939999966e+01 6.230197306480000208e+01
2.226861683570000028e-01 4.833761132000000127e-02 -4.210832507919999856e-01 -1.238308685330000003e+02 8.900929052850000289e+01 6.212167928640000270e+01
2.227067718100000093e-01 4.483193958670000229e-02 -4.179887611720000118e-01 -1.243656017189999972e+02 8.876389261670000508e+01 6.213704857959999828e+01
2.255509898289999871e-01 5.064544398089999844e-02 -4.218017571379999997e-01 -1.238193816400000031e+02 8.879836592520000238e+01 6.262357482379999851e+01
2.252440695000000048e-01 4.065202016879999880e-02 -4.190213638659999740e-01 -1.241370982859999970e+02 8.922888302910000391e+01 6.260629504300000292e+01
2.236700855529999976e-01 4.603926082749999760e-02 -4.167128101199999990e-01 -1.241257010660000049e+02 8.904480317460000549e+01 6.222811623100000133e+01
2.195601377989999936e-01 4.708106565430000140e-02 -4.143873453879999835e-01 -1.241162664390000003e+02 8.902919459480000342e+01 6.262241575299999852e+01
2.246460283800000013e-01 5.269410613420000278e-02 -4.186663631309999745e-01 -1.240497375919999996e+02 8.896142406510000455e+01 6.252194228620000160e+01
2.213557195120000043e-01 4.975925000240000173e-02 -4.207420025079999792e-01 -1.241987051109999953e+02 8.894954468560000294e+01 6.240377754069999838e+01
2.168777352579999984e-01 4.782417419789999902e-02 -4.137325461849999941e-01 -1.240661384109999972e+02 8.897586573840000312e+01 6.232902289489999959e+01
2.248548617729999866e-01 4.493895011009999690e-02 -4.183136414449999951e-01 -1.240352319609999938e+02 8.930611706610000056e+01 6.255871517820000349e+01
2.185629628530000035e-01 4.365458354119999829e-02 -4.160258653589999911e-01 -1.236893104690000058e+02 8.911362582409999789e+01 6.245801960109999840e+01
2.151024502580000108e-01 4.322144644260000196e-02 -4.190918229999999745e-01 -1.236713993700000032e+02 8.893634808800000258e+01 6.247417165129999717e+01
2.213280268389999916e-01 5.067178575810000335e-02 -4.161798939460000235e-01 -1.238035578660000056e+02 8.868945075530000111e+01 6.211334073239999753e+01
2.229396338079999984e-01 4.357026643609999972e-02 -4.225477775540000258e-01 -1.239458044959999938e+02 8.910921811810000293e+01 6.265107262859999793e+01
2.223048749940000068e-01 5.194923708179999960e-02 -4.181942087739999869e-01 -1.239049600540000000e+02 8.874243387200000655e+01 6.227175881409999647e+01
2.241311576660000027e-01 4.621542503900000209e-02 -4.181901734710000151e-01 -1.242391716089999960e+02 8.904540032859999599e+01 6.274463529100000159e+01
2.211576641749999905e-01 4.737415722570000043e-02 -4.147010848739999811e-01 -1.236991375439999956e+02 8.877602310550000198e+01 6.246452688480000148e+01
2.257109845130000070e-01 4.683111593239999704e-02 -4.179637130619999752e-01 -1.241687120779999987e+02 8.852255276639999693e+01 6.230966592930000303e+01
2.253614263260000083e-01 4.735839317949999683e-02 -4.197385403019999739e-01 -1.236623786239999987e+02 8.899627991469999699e+01 6.214733911609999950e+01
2.210246317869999921e-01 4.330739997759999738e-02 -4.225981732949999903e-01 -1.237735410559999991e+02 8.894563599939999676e+01 6.269877443179999688e+01
2.198643265959999982e-01 4.114056933799999788e-02 -4.172046180019999828e-01 -1.240000811639999938e+02 8.922898871259999964e+01 6.254201375360000270e+01
2.245669330789999973e-01 4.471380443589999948e-02 -4.221784187020000134e-01 -1.240295057959999951e+02 8.911974284679999414e+01 6.229101735839999776e+01
2.239793302130000108e-01 4.794696503459999759e-02 -4.200350835619999779e-01 -1.238000326930000057e+02 8.887858161469999629e+01 6.225930149530000079e+01
2.243831555799999933e-01 4.731810051230000286e-02 -4.175238818479999892e-01 -1.241145752120000054e+02 8.860867295079999906e+01 6.255497248460000037e+01
2.235319300849999968e-01 4.597673620619999874e-02 -4.140269967999999912e-01 -1.241749274489999948e+02 8.908568507309999518e+01 6.206617796230000295e+01
2.274110216570000009e-01 4.741812550619999705e-02 -4.173344712420000158e-01 -1.240213065009999980e+02 8.912614351690000092e+01 6.210753509330000099e+01
2.229246011200000099e-01 4.993965853940000171e-02 -4.183929502520000177e-01 -1.239080747670000022e+02 8.868837817879999363e+01 6.201814347370000036e+01
2.226358884000000093e-01 4.421558845040000213e-02 -4.128382117609999957e-01 -1.239453952490000006e+02 8.905970302359999380e+01 6.219388133649999872e+01
2.225546062469999919e-01 4.992390452900000164e-02 -4.188450968429999755e-01 -1.241564118160000021e+02 8.923358819050000079e+01 6.262946347710000339e+01
2.283738797200000059e-01 4.105401263200000178e-02 -4.206740798320000030e-01 -1.240350741320000054e+02 8.902035554089999891e+01 6.217185132870000075e+01
2.238390743750000023e-01 4.938531870790000000e-02 -4.142333335069999789e-01 -1.239794770430000028e+02 8.879826159990000178e+01 6.215626920830000302e+01
2.261452945770000000e-01 4.821179765269999890e-02 -4.175521372350000093e-01 -1.238177575999999931e+02 8.890527213160000031e+01 6.209838903890000239e+01
2.226782995780000052e-01 4.653724882290000142e-02 -4.202181898919999936e-01 -1.241317244309999950e+02 8.892900178169999492e+01 6.217530006439999823e+01
2.183449452310000094e-01 4.796858573360000128e-02 -4.195698370209999806e-01 -1.238724485750000071e+02 8.883116633369999704e+01 6.230986860769999680e+01
2.276177114640000054e-01 4.835883193360000082e-02 -4.159501006820000013e-01 -1.242214803079999967e+02 8.874432014549999792e+01 6.220248343819999803e+01
2.221960639359999989e-01 4.671952042710000169e-02 -4.197645841809999889e-01 -1.239886736640000038e+02 8.853381087370000557e+01 6.268619071009999999e+01
2.230903107870000068e-01 4.547533581009999964e-02 -4.151331203399999947e-01 -1.242928980979999949e+02 8.902197154460000661e+01 6.264104285930000060e+01
2.240467279749999985e-01 5.203028435760000125e-02 -4.147070112499999794e-01 -1.239010458970000030e+02 8.874981364040000642e+01 6.241885009159999953e+01
2.289951749199999886e-01 5.051667829889999739e-02 -4.182621700049999891e-01 -1.239279780389999956e+02 8.893745933969999840e+01 6.221005338100000159e+01
2.207982866169999892e-01 4.870073244130000006e-02 -4.190709416319999825e-01 -1.235838218519999998e+02 8.896579328449999480e+01 6.238966126249999888e+01
2.207796865159999955e-01 4.325604074380000330e-02 -4.204055498839999738e-01 -1.238968949460000033e+02 8.903104940420000446e+01 6.249659840470000205e+01
2.182347536579999914e-01 4.788786279550000247e-02 -4.176871686729999866e-01 -1.240433569519999963e+02 8.908163081150000551e+01 6.275854161030000000e+01
2.264530099250000039e-01 4.369596751689999725e-02 -4.154058590529999817e-01 -1.238730556330000070e+02 8.874219611089999660e+01 6.230337478359999892e+01
2.207511104980000027e-01 4.711006288430000244e-02 -4.218669260369999896e-01 -1.238819894829999981e+02 8.916816181629999960e+01 6.202431665579999986e+01
2.234819302240000083e-01 4.849162881759999655e-02 -4.164396691839999942e-01 -1.242079094959999992e+02 8.923053655219999314e+01 6.212225353699999886e+01
2.277339100169999964e-01 5.053408784269999843e-02 -4.161230792089999908e-01 -1.240475986900000009e+02 8.881019930569999588e+01 6.212905633180000109e+01
2.214203223760000117e-01 4.155999136269999950e-02 -4.152601508189999735e-01 -1.241385736099999946e+02 8.898059553870000116e+01 6.230596726200000290e+01
2.231485378499999950e-01 4.202948706009999869e-02 -4.231068823229999776e-01 -1.239665601210000005e+02 8.909076971800000422e+01 6.245179432590000346e+01
2.227936614609999921e-01 4.665681413390000004e-02 -4.239728549530000223e-01 -1.241675505160000057e+02 8.901323898100000065e+01 6.213798334180000182e+01
2.222781290349999939e-01 4.692181311179999953e-02 -4.172270965789999786e-01 -1.243813420409999964e+02 8.863177234120000492e+01 6.238599156189999917e+01
2.259666447320000104e-01 4.325465383009999970e-02 -4.177226530200000010e-01 -1.240336996550000066e+02 8.900631245489999799e+01 6.258361508979999854e+01
2.232938486169999959e-01 5.076855059930000108e-02 -4.192006704640000025e-01 -1.240747726339999986e+02 8.867700990000000161e+01 6.206887026990000322e+01
2.192399168190000136e-01 5.025077201400000165e-02 -4.157712224289999980e-01 -1.238613706189999988e+02 8.852490071340000100e+01 6.230714151440000137e+01
2.236784196390000090e-01 4.681111705510000026e-02 -4.220034815839999731e-01 -1.240862860120000022e+02 8.901055213409999567e+01 6.196335355149999913e+01
2.262092966660000093e-01 4.785947438480000343e-02 -4.190776369079999841e-01 -1.238593511539999952e+02 8.892661579190000509e+01 6.249730029290000033e+01
2.256466944509999961e-01 4.482057271220000333e-02 -4.217186680910000041e-01 -1.239141327309999951e+02 8.888245243480000113e+01 6.252228326520000223e+01
2.192231518989999906e-01 4.706532403810000098e-02 -4.177247843349999878e-01 -1.240046216620000052e+02 8.856814436209999997e+01 6.266108089410000304e+01
2.229077664620000010e-01 4.585983445720000218e-02 -4.237919649029999736e-01 -1.238892053550000014e+02 8.878999886389999574e+01 6.257136537419999911e+01
2.215249919900000031e-01 4.348514054819999780e-02 -4.208492246280000071e-01 -1.236607406180000055e+02 8.925688385329999619e+01 6.209264302049999884e+01
2.252824783769999950e-01 4.527168576460000038e-02 -4.207863976749999790e-01 -1.240877560090000031e+02 8.885219914779999328e+01 6.187836353360000174e+01
2.208610449550000021e-01 4.759450710149999708e-02 -4.187803882259999999e-01 -1.239129540790000021e+02 8.911629954740000414e+01 6.232431421959999795e+01
2.252008732059999907e-01 4.792227188490000289e-02 -4.160074309460000119e-01 -1.238083099830000009e+02 8.899410948009999345e+01 6.213808617360000142e+01
2.185329604869999942e-01 4.938066868040000279e-02 -4.202523278690000197e-01 -1.236481514839999960e+02 8.887773697410000295e+01 6.246271151460000226e+01
2.224887932909999921e-01 4.706773515470000224e-02 -4.159806028360000241e-01 -1.238655166780000059e+02 8.904387740559999997e+01 6.238422857340000149e+01
2.247947583419999951e-01 4.338090625069999928e-02 -4.121049960100000020e-01 -1.240707920389999970e+02 8.922407542999999919e+01 6.239458977590000188e+01
2.261670800260000003e-01 4.865941473879999840e-02 -4.170763584739999863e-01 -1.239646216839999937e+02 8.840472821529999692e+01 6.214311486999999801e+01
2.219237224020000065e-01 4.644780534160000002e-02 -4.202051019999999970e-01 -1.237342678809999938e+02 8.905081982209999580e+01 6.255042485119999895e+01
2.289360811299999965e-01 5.009611693970000140e-02 -4.104387844330000257e-01 -1.240627045100000032e+02 8.893545379699999387e+01 6.223752006050000318e+01
2.251149306939999872e-01 4.773720154660000131e-02 -4.188126032760000061e-01 -1.240432291890000016e+02 8.857965773200000115e+01 6.197757954640000122e+01
2.250807334740000110e-01 4.633802748060000115e-02 -4.195999283529999735e-01 -1.241527800759999991e+02 8.876543330740000215e+01 6.222526135279999693e+01
2.199481382050000045e-01 4.927723726140000038e-02 -4.154159865820000186e-01 -1.238729960090000048e+02 8.893321181769999839e+01 6.252702162580000333e+01
2.220185690960000124e-01 4.179084586759999886e-02 -4.182003020210000033e-01 -1.238384002070000065e+02 8.917716197190000571e+01 6.242513533070000165e+01
2.241736354830000111e-01 5.315559093439999744e-02 -4.150370434949999798e-01 -1.240223899289999991e+02 8.902759210409999469e+01 6.222924551109999669e+01
2.277499644350000074e-01 4.823912794049999703e-02 -4.184813781969999869e-01 -1.241637037130000039e+02 8.881645121719999736e+01 6.201299915639999938e+01
2.233075007610000051e-01 4.740166244030000198e-02 -4.222376956050000185e-01 -1.240090116190000060e+02 8.901312700980000159e+01 6.242578300289999760e+01
2.210641427399999970e-01 4.724955915549999830e-02 -4.146554373929999815e-01 -1.236904452729999946e+02 8.895076513280000086e+01 6.245103118800000175e+01
2.249171315609999888e-01 4.513368008649999708e-02 -4.169812938369999999e-01 -1.242333841469999953e+02 8.896029964740000651e+01 6.233382597410000159e+01
2.217678391569999907e-01 4.480920983890000070e-02 -4.177282007909999817e-01 -1.242593084450000021e+02 8.925002303269999970e+01 6.228495030060000204e+01
2.220640674280000004e-01 4.659426484069999902e-02 -4.192047732220000045e-01 -1.233959667849999988e+02 8.872572006190000593e+01 6.209696882890000325e+01
2.241544669409999968e-01 4.832917560060000228e-02 -4.229714805120000087e-01 -1.238045574150000050e+02 8.895496423059999813e+01 6.203012721729999868e+01
2.225418571549999947e-01 4.711167919769999879e-02 -4.177253951989999825e-01 -1.243417076879999996e+02 8.877605889880000234e+01 6.242254109640000337e+01
2.261836137590000073e-01 5.028275835019999779e-02 -4.201945292379999919e-01 -1.238014914139999973e+02 8.859798314549999532e+01 6.205498647699999992e+01
2.255736183450000043e-01 4.614101788060000209e-02 -4.190940412999999976e-01 -1.243944418939999963e+02 8.905308900240000014e+01 6.252882429240000306e+01
2.221058728099999935e-01 5.111026385749999762e-02 -4.173119629870000180e-01 -1.240228284690000038e+02 8.867662420470000484e+01 6.201483541340000016e+01
2.201666598389999951e-01 4.837623850779999846e-02 -4.181575367259999787e-01 -1.241577971090000005e+02 8.869269129049999378e+01 6.203636140780000119e+01
2.225758734149999862e-01 4.921109516660000099e-02 -4.179600620980000181e-01 -1.238532600140000000e+02 8.938731900550000375e+01 6.215402445309999990e+01
2.221787472079999881e-01 4.546562610180000102e-02 -4.176445240350000199e-01 -1.235203723479999951e+02 8.867399867250000511e+01 6.239690714540000016e+01
2.266686536560000020e-01 4.830008054110000032e-02 -4.239190950189999918e-01 -1.237169908009999943e+02 8.891828318240000328e+01 6.251121758960000108e+01
2.292168604869999904e-01 4.773205978549999867e-02 -4.153732082189999786e-01 -1.240194735790000067e+02 8.897727827660000344e+01 6.244443017310000243e+01
2.205452575050000086e-01 4.559003029820000302e-02 -4.201668835280000236e-01 -1.239840113059999993e+02 8.927550515689999600e+01 6.221270320120000008e+01
2.205278484350000068e-01 5.452518533499999681e-02 -4.180522274039999986e-01 -1.238805866339999966e+02 8.863090943369999763e+01 6.245628623249999833e+01
2.244996074539999942e-01 4.562073695600000339e-02 -4.234682492879999760e-01 -1.242268839099999980e+02 8.915537368299999343e+01 6.216167719140000258e+01
2.253597174280000115e-01 5.006511377100000132e-02 -4.219869907659999919e-01 -1.239459652479999932e+02 8.885423085290000245e+01 6.221334708020000193e+01
2.228135762859999869e-01 4.830738867929999791e-02 -4.194479243829999926e-01 -1.236589658860000043e+02 8.930834363719999658e+01 6.220999174770000195e+01
2.230575406249999948e-01 5.023186695129999713e-02 -4.229435211020000085e-01 -1.240199936019999996e+02 8.877778927520000707e+01 6.237693292470000017e+01
2.191206109269999980e-01 4.609749725609999654e-02 -4.169593810300000203e-01 -1.238795374620000018e+02 8.889796818189999783e+01 6.225841383920000283e+01
2.251731717859999926e-01 5.354090408920000183e-02 -4.184343184539999760e-01 -1.239677260849999954e+02 8.862992181410000114e+01 6.254758233510000309e+01
2.255578849369999916e-01 4.803736041170000165e-02 -4.191484960490000078e-01 -1.242235698460000037e+02 8.841582475139999531e+01 6.239223289430000108e+01
2.278948451639999928e-01 4.533611697099999838e-02 -4.163295105079999892e-01 -1.240236866869999943e+02 8.899381331809999551e+01 6.215454002980000325e+01
2.231557244440000032e-01 4.425799904990000005e-02 -4.157389272950000048e-01 -1.241328879160000014e+02 8.884722188140000299e+01 6.241703933590000020e+01
2.203545706410000027e-01 4.048579015570000217e-02 -4.154150186180000093e-01 -1.239179453280000018e+02 8.926960811109999838e+01 6.240873506100000156e+01
2.170971736990000012e-01 5.402168770949999921e-02 -4.153246830919999910e-01 -1.237038996379999958e+02 8.868866354089999504e+01 6.250842252519999676e+01
2.259508811579999943e-01 4.210375868990000325e-02 -4.155666990349999868e-01 -1.239629655789999987e+02 8.883223892709999348e+01 6.225634841349999959e+01
2.231449947559999980e-01 5.099444174210000097e-02 -4.275504243439999796e-01 -1.238326041199999992e+02 8.863414410609999550e+01 6.240452825300000228e+01
2.216145992640000117e-01 4.714154088179999674e-02 -4.219031966169999870e-01 -1.237735102399999931e+02 8.923922875520000275e+01 6.262144717009999795e+01
2.193838981859999870e-01 4.614713218020000118e-02 -4.174184857420000228e-01 -1.238709307240000044e+02 8.894646942469999829e+01 6.212719069770000146e+01
2.268236040999999925e-01 4.778308993899999663e-02 -4.184586687199999822e-01 -1.240133601980000009e+02 8.895433244839999531e+01 6.200524602520000172e+01
2.245278869929999976e-01 4.513010054950000044e-02 -4.177241179469999843e-01 -1.241016813439999993e+02 8.862441331210000328e+01 6.227180442270000071e+01
2.255732756859999966e-01 5.357050303029999710e-02 -4.156304700499999782e-01 -1.238317919189999969e+02 8.896192292909999821e+01 6.238748856920000208e+01
2.244744698489999912e-01 4.533385191690000177e-02 -4.191843322859999943e-01 -1.242482920629999938e+02 8.866679270740000618e+01 6.210083191750000253e+01
2.224104970549999893e-01 4.695331205330000035e-02 -4.175872758220000036e-01 -1.236697426150000041e+02 8.877813947910000536e+01 6.236191735309999729e+01
2.268252223789999911e-01 4.512261804559999923e-02 -4.202971170090000208e-01 -1.237288538100000039e+02 8.925097684790000585e+01 6.213256618190000324e+01
2.229435201639999864e-01 4.984855567450000025e-02 -4.183714891959999793e-01 -1.237256301820000033e+02 8.903884635090000188e+01 6.241947028799999941e+01
2.229264480819999894e-01 4.661745094079999818e-02 -4.168916778050000271e-01 -1.241943290050000002e+02 8.864949878119999482e+01 6.236647138699999715e+01
2.227263993449999924e-01 4.726675921500000238e-02 -4.170856280710000252e-01 -1.239870034310000051e+02 8.922681596050000508e+01 6.271917719190000184e+01
2.205723850109999884e-01 4.165361212959999698e-02 -4.164431546180000221e-01 -1.238404539619999980e+02 8.915315279530000225e+01 6.238690582320000289e+01
2.203596008489999980e-01 5.154028397910000170e-02 -4.174978534120000195e-01 -1.240163802800000070e+02 8.866721262119999381e+01 6.268808358559999760e+01
2.233036527599999987e-01 4.385754118000000090e-02 -4.174961380150000179e-01 -1.239099581659999956e+02 8.930130020880000075e+01 6.233656466149999886e+01
2.230495987049999906e-01 4.778557811990000181e-02 -4.178138613740000062e-01 -1.242229982209999974e+02 8.884970409979999317e+01 6.214656619569999663e+01
2.220155746609999980e-01 4.762721285830000262e-02 -4.146499398219999910e-01 -1.236892642800000033e+02 8.884076185659999680e+01 6.223590184870000286e+01
2.238266973090000111e-01 4.450767437619999878e-02 -4.210171600570000172e-01 -1.240943324609999934e+02 8.910142992340000490e+01 6.227629080389999672e+01
2.279022244589999913e-01 4.186594385249999689e-02 -4.222857231420000246e-01 -1.238613288640000007e+02 8.890066117710000526e+01 6.212236710039999821e+01
2.232739508549999863e-01 4.981577942050000041e-02 -4.194702188689999889e-01 -1.239559680680000042e+02 8.891581075390000422e+01 6.216131614319999699e+01
2.225559832250000036e-01 4.903245850619999957e-02 -4.172027899219999947e-01 -1.238171864159999984e+02 8.883950600039999301e+01 6.255290445299999647e+01
2.259947615379999941e-01 4.691292194510000152e-02 -4.196852636619999855e-01 -1.244298235579999954e+02 8.872362849069999413e+01 6.222789500719999722e+01
2.216041473729999933e-01 4.667617400469999817e-02 -4.240532545979999735e-01 -1.239137068370000065e+02 8.892321276049999312e+01 6.222826654189999829e+01
2.268176952069999863e-01 4.058755921709999992e-02 -4.159757593849999768e-01 -1.241395544359999974e+02 8.910311554630000330e+01 6.242085311600000352e+01
2.238630060850000103e-01 4.493789875859999922e-02 -4.182097015899999826e-01 -1.239202266679999980e+02 8.894974426480000318e+01 6.248032538009999826e+01
2.230419478829999969e-01 5.246113710510000305e-02 -4.207372312700000117e-01 -1.238042851959999950e+02 8.850244216679999454e+01 6.222933749570000117e+01
2.241982952669999973e-01 4.593778250470000046e-02 -4.223054822860000113e-01 -1.242738829379999999e+02 8.904767807039999639e+01 6.263613916759999967e+01
2.244512822720000078e-01 4.919339514369999722e-02 -4.164519814309999846e-01 -1.238152188260000059e+02 8.878890483310000548e+01 6.212899555570000132e+01
2.208672004309999992e-01 4.499648620010000127e-02 -4.154571658030000170e-01 -1.243060071799999946e+02 8.897548152509999397e+01 6.228981397049999913e+01
2.243964440070000121e-01 5.104774114079999731e-02 -4.153579149059999920e-01 -1.238807436050000064e+02 8.890813534829999298e+01 6.209817800060000081e+01
2.212979199829999966e-01 4.748824566359999971e-02 -4.158153830179999733e-01 -1.238758605360000047e+02 8.894539629480000542e+01 6.247656156920000114e+01
2.264937647359999973e-01 4.598572830750000118e-02 -4.229853213390000199e-01 -1.240303192829999972e+02 8.897370820060000085e+01 6.246815482369999728e+01
2.232622038850000101e-01 4.704483174630000319e-02 -4.202524900360000149e-01 -1.236531556500000022e+02 8.909126016090000633e+01 6.187649053799999876e+01
2.257329724959999950e-01 4.475159649850000282e-02 -4.174255951690000188e-01 -1.241385148239999978e+02 8.855599426179999512e+01 6.253204794839999892e+01
2.275359992609999882e-01 4.884594963609999868e-02 -4.180637858860000167e-01 -1.241134869979999991e+02 8.894621613040000341e+01 6.219256809779999884e+01
2.269198217960000097e-01 4.640888065840000076e-02 -4.112551764910000185e-01 -1.241787018309999979e+02 8.893852762000000212e+01 6.234910609250000135e+01
2.257900627920000070e-01 4.217198558069999714e-02 -4.192703530949999924e-01 -1.238165116499999954e+02 8.874067167879999829e+01 6.226492302310000326e+01
2.236930578359999922e-01 4.479928567710000226e-02 -4.222758425659999815e-01 -1.236139428160000051e+02 8.877984482700000513e+01 6.231357269810000332e+01
2.224888409409999934e-01 5.223050468939999941e-02 -4.195004191969999852e-01 -1.240274332529999981e+02 8.914542099150000354e+01 6.239279188569999945e+01
2.224409887530000018e-01 4.267786888899999936e-02 -4.156749219959999797e-01 -1.241420001999999982e+02 8.890426396670000031e+01 6.241333648650000043e+01
2.256322936169999904e-01 4.957794076940000294e-02 -4.149433556359999886e-01 -1.241557319970000037e+02 8.869834271249999347e+01 6.203256645329999941e+01
2.259896066709999873e-01 4.937094730609999788e-02 -4.189616446080000056e-01 -1.241233003419999932e+02 8.872152302519999978e+01 6.201826817220000265e+01
2.223165862320000130e-01 4.698925229800000186e-02 -4.151934011219999832e-01 -1.242410876090000045e+02 8.929144018600000265e+01 6.225117651280000075e+01
2.235264606110000107e-01 4.257453425649999901e-02 -4.197787853919999757e-01 -1.242382188960000065e+02 8.918734621379999794e+01 6.249630073069999980e+01
2.219373490529999993e-01 4.979636850630000250e-02 -4.155021194529999740e-01 -1.239883797990000005e+02 8.899286120130000199e+01 6.251998045639999901e+01
2.204653706140000113e-01 4.818859617949999841e-02 -4.158907089389999867e-01 -1.240602624400000025e+02 8.892966770179999969e+01 6.246659818210000026e+01
2.199817950709999914e-01 4.608984598859999782e-02 -4.156889481359999916e-01 -1.238216815349999962e+02 8.864982711999999765e+01 6.224234684990000233e+01
2.265887915339999947e-01 4.483198813119999848e-02 -4.204797089269999844e-01 -1.241373849019999938e+02 8.876567408770000611e+01 6.225047357430000261e+01
2.241326904729999958e-01 4.499384564540000186e-02 -4.142340625570000157e-01 -1.237690792319999957e+02 8.881513433019999582e+01 6.267828888119999675e+01
2.231963382180000011e-01 4.816830957110000005e-02 -4.190319069630000226e-01 -1.239967317589999993e+02 8.882022618800000657e+01 6.251353395790000178e+01
2.254385810829999948e-01 4.706876483419999979e-02 -4.191124635060000103e-01 -1.242168369489999975e+02 8.929135119129999509e+01 6.229385635100000229e+01
2.233302094800000137e-01 5.344704411659999960e-02 -4.202802795839999939e-01 -1.237501966100000033e+02 8.847408022850000009e+01 6.215557575119999711e+01
2.199703323380000075e-01 4.382719845610000275e-02 -4.240565742490000067e-01 -1.236125779129999955e+02 8.906433396299999572e+01 6.263295402850000215e+01
2.172953043080000091e-01 4.095652642920000197e-02 -4.221746123010000074e-01 -1.237776723449999992e+02 8.918426822520000030e+01 6.256635441539999931e+01
2.208381313339999874e-01 4.313097909219999748e-02 -4.146549246799999811e-01 -1.241252458149999995e+02 8.920613288389999695e+01 6.245652459930000333e+01
2.263691848250000138e-01 4.296277836500000252e-02 -4.176554434359999735e-01 -1.239550959820000031e+02 8.890275908540000671e+01 6.230096525430000298e+01
2.261170035729999916e-01 4.264178615210000023e-02 -4.208945542440000187e-01 -1.239624308549999938e+02 8.889041958319999992e+01 6.252668860280000018e+01
2.233406830820000022e-01 4.798542656149999697e-02 -4.153144842370000145e-01 -1.237985338590000026e+02 8.893312164850000556e+01 6.232367882799999848e+01
2.273602264340000012e-01 4.706530565800000343e-02 -4.169258072020000094e-01 -1.241132419500000026e+02 8.857031301029999781e+01 6.249145575080000015e+01
2.262110918820000038e-01 4.236989801359999919e-02 -4.232383495800000062e-01 -1.240256762730000020e+02 8.881875422279999555e+01 6.248129426119999863e+01
2.217790101290000038e-01 5.000235381049999983e-02 -4.127072143050000141e-01 -1.239203560100000061e+02 8.911595707140000400e+01 6.226099429149999764e+01
2.260616837499999920e-01 4.513475538669999704e-02 -4.194781735109999743e-01 -1.235443802430000062e+02 8.923446907560000341e+01 6.238100402829999780e+01
2.286184075319999953e-01 4.488441976509999903e-02 -4.150856300870000015e-01 -1.240563034879999975e+02 8.894218072389999463e+01 6.217393785379999827e+01
2.233318755479999917e-01 4.360556286129999709e-02 -4.207352791249999724e-01 -1.237805934980000018e+02 8.862523933319999969e+01 6.244819521329999645e+01
2.237124543300000046e-01 4.355325174280000322e-02 -4.165003303109999777e-01 -1.242585083740000016e+02 8.923174869320000369e+01 6.226603362150000009e+01
2.204020629539999998e-01 4.705529719419999923e-02 -4.173561234879999970e-01 -1.241181678610000034e+02 8.857641651999999510e+01 6.250082695060000049e+01
2.249701417559999972e-01 5.131797829629999863e-02 -4.127667280050000276e-01 -1.241163061090000070e+02 8.878318521139999575e+01 6.231543788390000316e+01
2.288523819080000021e-01 4.494831867980000201e-02 -4.196135819530000255e-01 -1.242142052619999930e+02 8.898572979130000249e+01 6.249176382459999957e+01
2.165281498659999970e-01 4.708599640580000273e-02 -4.259154775999999809e-01 -1.238600663929999968e+02 8.885557858599999292e+01 6.236409995230000192e+01
2.235185121590000101e-01 4.073875183109999798e-02 -4.173139154339999823e-01 -1.240442308669999960e+02 8.927201324719999320e+01 6.239052293849999842e+01
2.246634845630000044e-01 4.467179836409999882e-02 -4.196743204930000193e-01 -1.241490071340000014e+02 8.913579612190000034e+01 6.199261903749999902e+01
2.264026199730000133e-01 4.662249619310000065e-02 -4.142365802229999727e-01 -1.240329738620000057e+02 8.887576435510000294e+01 6.208811592840000060e+01
2.241552961909999975e-01 4.818048975030000264e-02 -4.159214255570000129e-01 -1.241037856880000021e+02 8.894578755429999717e+01 6.212117957120000256e+01
2.275922114520000095e-01 4.918647775900000102e-02 -4.184925754789999841e-01 -1.243904737870000048e+02 8.875120741400000668e+01 6.214268841829999701e+01
2.217262053040000014e-01 4.816484634229999812e-02 -4.189349965929999864e-01 -1.238839754859999971e+02 8.865714255269999455e+01 6.266885155300000321e+01
2.227314437029999927e-01 4.571081160999999893e-02 -4.217628979079999785e-01 -1.237925974650000001e+02 8.881406550490000029e+01 6.249869570029999721e+01
2.326902343130000106e-01 4.635442742720000120e-02 -4.157526824650000230e-01 -1.242734654540000037e+02 8.882781743110000150e+01 6.232778257079999662e+01
2.203030454719999975e-01 4.984014067419999944e-02 -4.139735499960000009e-01 -1.239180185069999993e+02 8.859385870779999550e+01 6.253654793729999994e+01
2.258471369030000120e-01 4.191441894620000219e-02 -4.182613270150000173e-01 -1.238674062649999996e+02 8.914997545539999635e+01 6.240160191350000218e+01
2.205509534950000072e-01 4.799022444409999782e-02 -4.193958069009999790e-01 -1.240942551640000033e+02 8.885036233409999795e+01 6.221158623459999859e+01
2.238849522480000076e-01 4.976780400159999673e-02 -4.238144653659999816e-01 -1.237460139939999948e+02 8.906615659620000258e+01 6.200456575390000324e+01
2.232354207430000126e-01 4.637342379599999898e-02 -4.161700982189999731e-01 -1.241920104059999943e+02 8.876219363549999741e+01 6.214185814590000234e+01
2.240353054650000009e-01 5.237794488050000197e-02 -4.181650522400000014e-01 -1.235678184180000017e+02 8.883973900559999493e+01 6.225928340029999930e+01
2.227158712800000051e-01 4.644944561389999921e-02 -4.192570013370000015e-01 -1.239026384980000017e+02 8.865054681729999686e+01 6.221463728129999993e+01
2.258586197080000024e-01 4.657564579139999994e-02 -4.210734599720000193e-01 -1.234945815330000016e+02 8.899343182059999435e+01 6.249254817919999994e+01
2.272878521860000056e-01 5.241070782110000131e-02 -4.162863620639999929e-01 -1.240534429340000031e+02 8.878629876869999293e+01 6.251034543880000172e+01
2.283721822130000134e-01 4.851756732709999742e-02 -4.222584728039999735e-01 -1.241847050110000055e+02 8.870070513020000647e+01 6.229472591420000072e+01
2.253503952879999939e-01 5.376546633370000300e-02 -4.239168332259999894e-01 -1.239532201399999991e+02 8.891530179180000459e+01 6.217849614440000039e+01
2.227492747519999872e-01 4.944466221459999783e-02 -4.198035878859999737e-01 -1.241797455589999970e+02 8.904637783600000489e+01 6.256304557189999827e+01
2.243917380630000014e-01 4.721009317460000271e-02 -4.220201268570000219e-01 -1.236026123630000058e+02 8.918429021590000616e+01 6.208541288939999703e+01
2.226398943950000098e-01 4.734858973730000226e-02 -4.205682649770000059e-01 -1.238604642349999949e+02 8.882865103700000020e+01 6.248235731140000127e+01
2.221420413809999939e-01 4.950955358129999900e-02 -4.195434931400000012e-01 -1.240490812409999961e+02 8.902581431740000539e+01 6.238051079569999757e+01
2.189684405589999994e-01 3.864552854100000018e-02 -4.200269770530000168e-01 -1.239044391559999951e+02 8.927298682010000164e+01 6.252612009189999753e+01
2.198095881140000041e-01 3.823783452599999882e-02 -4.193349481409999746e-01 -1.236338746170000036e+02 8.905845538159999819e+01 6.239110835609999839e+01
2.228959797379999885e-01 4.566312594329999947e-02 -4.180023775360000027e-01 -1.238060947809999988e+02 8.905311719149999306e+01 6.233811206320000053e+01
2.222330004020000027e-01 4.817060658479999785e-02 -4.147832238070000010e-01 -1.242390980490000061e+02 8.870737460409999642e+01 6.210073156469999844e+01
2.256038242629999913e-01 5.414788674539999791e-02 -4.173527764900000214e-01 -1.240730093159999967e+02 8.882078538099999321e+01 6.249477875339999855e+01
2.268993819229999931e-01 4.626174042419999716e-02 -4.173032055109999749e-01 -1.239464325040000006e+02 8.871085434059999386e+01 6.249975388739999715e+01
2.224810192259999986e-01 5.061753975370000130e-02 -4.186498639039999969e-01 -1.235320603379999937e+02 8.881028458999999486e+01 6.222028926570000351e+01
2.204850646560000127e-01 4.412748748559999767e-02 -4.193673790060000184e-01 -1.237852192259999953e+02 8.904117913550000196e+01 6.266498666380000060e+01
2.213961124859999963e-01 4.874385892420000227e-02 -4.242479381550000039e-01 -1.235694400360000031e+02 8.913632575110000289e+01 6.228200911150000252e+01
2.238491850190000021e-01 4.783983852789999713e-02 -4.147236036399999937e-01 -1.237926838650000008e+02 8.875254910590000179e+01 6.209936301789999646e+01
2.216878189429999924e-01 4.843980381630000331e-02 -4.165428635160000059e-01 -1.236644159920000021e+02 8.868514090700000452e+01 6.230667117240000152e+01
2.263927709930000087e-01 4.652330228169999915e-02 -4.205867826510000240e-01 -1.241141333449999991e+02 8.898880393650000542e+01 6.218772375729999879e+01
2.203647569370000003e-01 4.717998699059999801e-02 -4.222862632500000157e-01 -1.235606913809999980e+02 8.855129537039999832e+01 6.216515798839999718e+01
2.252613753970000021e-01 4.816837760699999721e-02 -4.201545421880000242e-01 -1.239521880040000070e+02 8.890576327290000336e+01 6.253771482300000173e+01
2.267446839789999946e-01 4.463044496400000311e-02 -4.258167279339999944e-01 -1.238908757479999991e+02 8.913471738570000014e+01 6.223872857130000114e+01
2.246851439060000011e-01 4.669345539900000147e-02 -4.194212466819999818e-01 -1.240985203930000011e+02 8.854755508169999700e+01 6.216214997609999671e+01
2.283104964700000128e-01 5.112091860819999861e-02 -4.234244982800000057e-01 -1.237647157159999978e+02 8.896117236109999737e+01 6.204500268540000008e+01
2.246259409599999923e-01 4.866608609329999696e-02 -4.180453770620000120e-01 -1.234540430579999963e+02 8.878878976389999877e+01 6.232383586480000304e+01
2.229986221099999888e-01 4.926228537050000161e-02 -4.211807469419999728e-01 -1.239666134569999940e+02 8.850558073930000091e+01 6.251060552530000081e+01
2.212837889479999931e-01 4.754394559539999732e-02 -4.157009790630000201e-01 -1.241471121250000067e+02 8.879652800899999932e+01 6.280506403980000130e+01
2.154579307499999985e-01 4.974665423929999775e-02 -4.178204431950000020e-01 -1.237913027379999988e+02 8.893483661889999325e+01 6.247506805660000140e+01
2.238815896240000103e-01 4.586773134330000140e-02 -4.186806426299999884e-01 -1.237195847309999976e+02 8.841622079939999423e+01 6.214626166419999720e+01
2.253641769820000085e-01 4.561232693919999720e-02 -4.196268500970000148e-01 -1.239354685560000036e+02 8.876150105579999661e+01 6.192870723080000062e+01
2.224284000210000056e-01 4.119291878519999728e-02 -4.141651486060000109e-01 -1.239697488019999980e+02 8.901837156240000581e+01 6.267599551079999998e+01
2.220250051740000063e-01 4.600863896819999688e-02 -4.169292703599999927e-01 -1.238428162569999955e+02 8.901140480120000120e+01 6.216287866769999937e+01
2.201361215729999987e-01 4.900951975130000277e-02 -4.183572870999999749e-01 -1.239234865690000049e+02 8.879186201429999414e+01 6.235564179869999890e+01
2.188901824449999978e-01 4.408510734820000193e-02 -4.140794015159999786e-01 -1.238599552010000053e+02 8.901102214310000704e+01 6.231814057430000275e+01
2.225055566670000040e-01 5.013700540040000320e-02 -4.171224734000000267e-01 -1.238624736360000043e+02 8.872590297329999487e+01 6.268029888619999923e+01
2.272665949140000030e-01 4.924861635299999929e-02 -4.144405365059999902e-01 -1.242150334100000038e+02 8.900204132380000033e+01 6.247907376149999692e+01
2.226941274560000072e-01 4.535588422470000075e-02 -4.227062296379999751e-01 -1.239102799239999939e+02 8.918168663429999299e+01 6.226529869109999993e+01
2.259172876240000127e-01 4.875290617670000048e-02 -4.188724853169999984e-01 -1.242421897060000049e+02 8.878585850749999508e+01 6.250349171999999953e+01
2.226315646079999877e-01 4.723245180579999786e-02 -4.188067215280000255e-01 -1.240430255859999988e+02 8.902194142669999621e+01 6.183671825380000087e+01
2.208176239469999969e-01 4.178739680389999961e-02 -4.140638856230000053e-01 -1.239735813209999975e+02 8.883730011759999456e+01 6.231696985640000008e+01
2.194321124799999967e-01 4.745173055319999722e-02 -4.197514411830000070e-01 -1.237999525110000008e+02 8.896317235259999734e+01 6.221572989269999709e+01
2.249457827770000029e-01 4.733861402629999798e-02 -4.196125144560000075e-01 -1.235999442130000006e+02 8.874057507550000423e+01 6.250453647129999979e+01
2.240463502360000025e-01 5.002526453259999867e-02 -4.176208123690000051e-01 -1.236774882960000070e+02 8.903694264450000162e+01 6.208971124829999866e+01
2.241587569250000078e-01 4.704250684939999955e-02 -4.171510264809999979e-01 -1.239877171619999956e+02 8.908543652710000060e+01 6.231811887300000308e+01
2.259400427380000020e-01 4.674034102229999987e-02 -4.171891143040000194e-01 -1.242127082970000060e+02 8.874666999119999389e+01 6.217149708240000194e+01
2.237376524999999949e-01 4.743289672909999782e-02 -4.175855576420000048e-01 -1.242177708159999980e+02 8.898463631110000449e+01 6.215608441559999875e+01
2.282047730379999917e-01 4.393334360190000176e-02 -4.223638842260000192e-01 -1.239248666980000024e+02 8.908874521699999605e+01 6.241095184120000283e+01
2.258724120670000113e-01 4.793737128359999711e-02 -4.132435693589999737e-01 -1.241930774350000064e+02 8.881515835800000502e+01 6.230076575820000073e+01
2.196446586180000049e-01 4.697486333559999783e-02 -4.228721353359999879e-01 -1.238741423440000062e+02 8.889820209319999833e+01 6.237894861089999665e+01
2.251413991460000097e-01 4.649309691729999749e-02 -4.160516977979999975e-01 -1.238045582860000025e+02 8.895520713540000202e+01 6.228742120089999901e+01
2.259641189480000034e-01 4.178397672320000034e-02 -4.230516365259999745e-01 -1.240786950079999968e+02 8.902082935379999640e+01 6.218738878589999786e+01
2.221631408510000016e-01 4.350391565469999972e-02 -4.186422199559999835e-01 -1.240728109049999972e+02 8.925738414399999954e+01 6.259193156959999982e+01
2.230589843050000132e-01 4.942639064360000029e-02 -4.115979554799999995e-01 -1.240139787229999939e+02 8.884696947690000002e+01 6.252046407649999793e+01
2.179107204100000084e-01 4.550431069429999864e-02 -4.167949103090000107e-01 -1.239124183739999978e+02 8.898658328780000204e+01 6.260398239189999714e+01
2.181309477070000058e-01 4.853794657390000239e-02 -4.215051768979999891e-01 -1.236207715019999966e+02 8.891025103479999814e+01 6.268484102099999689e+01
2.267114357209999986e-01 4.621983719109999666e-02 -4.218669551740000245e-01 -1.238575404270000035e+02 8.853768409699999609e+01 6.224673408959999676e+01
2.258318692659999904e-01 4.792166409620000206e-02 -4.176911329040000065e-01 -1.240279329520000005e+02 8.873687393359999476e+01 6.247952530709999763e+01
2.216395379149999900e-01 4.790227935540000009e-02 -4.213361068320000125e-01 -1.237693822020000027e+02 8.907849582580000458e+01 6.250749797139999941e+01
2.215011884639999928e-01 4.920461110010000000e-02 -4.234760827729999733e-01 -1.236850756280000070e+02 8.854584768530000360e+01 6.235132624669999757e+01
2.231239190290000007e-01 4.894670568799999733e-02 -4.136089392739999981e-01 -1.241521494590000003e+02 8.859023554430000047e+01 6.228193651099999784e+01
2.176184334659999886e-01 5.025490926400000280e-02 -4.150396943670000005e-01 -1.238325664860000046e+02 8.887561188140000468e+01 6.263413367470000281e+01
2.201443538719999871e-01 5.259575189679999846e-02 -4.137903427190000039e-01 -1.238297284939999940e+02 8.864873852450000413e+01 6.225189424500000257e+01
2.219022381059999882e-01 4.709972027929999749e-02 -4.212707010960000109e-01 -1.240948697649999986e+02 8.880300394869999536e+01 6.256931835700000022e+01
2.229939250999999900e-01 4.982133710469999893e-02 -4.150425702450000198e-01 -1.239056949170000053e+02 8.858597570489999384e+01 6.249367823029999869e+01
2.237788566009999980e-01 5.151246054050000189e-02 -4.185770818489999989e-01 -1.239752656649999949e+02 8.886917224180000119e+01 6.241492503399999947e+01
2.247261517480000081e-01 5.117475675810000124e-02 -4.200147860590000004e-01 -1.240520060919999992e+02 8.867110637010000573e+01 6.251289871699999878e+01
2.220544724010000137e-01 4.560312941550000165e-02 -4.195357933719999766e-01 -1.242241557389999969e+02 8.880181778099999690e+01 6.234352519170000306e+01
2.249720861099999969e-01 4.231872763390000236e-02 -4.208867182600000145e-01 -1.238366817320000024e+02 8.889526333919999956e+01 6.228863509039999968e+01
2.231338982470000010e-01 4.874312999899999693e-02 -4.164945960499999988e-01 -1.243178694510000071e+02 8.880215005280000184e+01 6.240885182680000298e+01
2.213211892870000086e-01 4.638087129849999962e-02 -4.221288168039999955e-01 -1.240578984530000071e+02 8.883265398640000399e+01 6.236154645999999957e+01
2.285351614520000074e-01 4.931628762859999876e-02 -4.189155390939999779e-01 -1.238965243899999962e+02 8.860015971110000521e+01 6.202202517749999799e+01
2.238370785109999872e-01 4.386987445280000203e-02 -4.142008455669999867e-01 -1.241722671870000028e+02 8.874361323189999951e+01 6.266720152850000147e+01
2.243094061350000001e-01 4.782766739989999932e-02 -4.160877302989999804e-01 -1.235682252729999959e+02 8.891303595259999781e+01 6.253366563800000222e+01
2.194228773820000034e-01 4.471750281160000173e-02 -4.207216557339999996e-01 -1.240898096269999940e+02 8.921229815520000272e+01 6.230152360649999821e+01
2.240771306919999983e-01 5.159753990850000221e-02 -4.192830675429999876e-01 -1.237433613009999931e+02 8.884616565640000374e+01 6.242193254640000077e+01
2.228783249940000100e-01 4.568882061250000015e-02 -4.186605490929999895e-01 -1.240465783329999994e+02 8.888185962340000401e+01 6.228794609620000244e+01
2.228233280280000062e-01 4.341972876119999658e-02 -4.173355309740000019e-01 -1.241998572180000053e+02 8.898860003020000420e+01 6.249618519140000217e+01
2.294681505689999956e-01 4.516204162600000183e-02 -4.223884462090000125e-01 -1.238114652449999937e+02 8.876882039519999523e+01 6.206356933989999902e+01
2.213787197990000066e-01 4.791501960109999930e-02 -4.196173974899999881e-01 -1.239486476560000057e+02 8.850610937330000638e+01 6.234280266039999674e+01
2.283422661670000131e-01 4.849658527760000032e-02 -4.161286320070000100e-01 -1.244430132170000007e+02 8.878560689020000041e+01 6.222865992149999670e+01
2.243007205210000021e-01 4.568137678950000280e-02 -4.220677670349999855e-01 -1.235853037220000061e+02 8.885150224650000439e+01 6.253936143340000342e+01
2.216437660310000002e-01 4.800696033020000059e-02 -4.157906760549999747e-01 -1.240061126519999988e+02 8.905798733250000510e+01 6.225142832750000110e+01
2.169801500990000132e-01 5.102090110060000100e-02 -4.160035751949999749e-01 -1.237854682589999982e+02 8.864748226269999520e+01 6.248637603790000128e+01
2.215701299860000084e-01 4.686933390800000071e-02 -4.151518155280000122e-01 -1.242001010040000040e+02 8.890443757159999905e+01 6.223638898709999978e+01
2.269867481460000058e-01 5.233074898509999795e-02 -4.209614954450000002e-01 -1.238255463889999959e+02 8.867717871799999330e+01 6.205805013450000018e+01
2.279474509440000130e-01 4.780782978530000171e-02 -4.244527952109999891e-01 -1.240704214849999971e+02 8.908753089130000546e+01 6.233085451129999655e+01
2.241341332260000097e-01 4.517629264149999879e-02 -4.215738285889999992e-01 -1.239512803319999961e+02 8.936310144380000509e+01 6.262488194099999816e+01
2.210621752489999869e-01 4.264949446969999725e-02 -4.190994474240000156e-01 -1.239067989119999993e+02 8.865441344159999915e+01 6.249785200010000352e+01
2.184072366360000073e-01 4.333622614490000025e-02 -4.200425431950000066e-01 -1.237695817120000044e+02 8.894220790439999291e+01 6.233748869730000308e+01
2.218097145769999945e-01 4.608156252980000200e-02 -4.183779765639999981e-01 -1.241825667210000006e+02 8.887786249040000541e+01 6.244782959239999798e+01
2.254323285610000116e-01 4.767737721339999901e-02 -4.139762609040000263e-01 -1.237841406320000033e+02 8.872779819689999670e+01 6.231375295659999836e+01
2.291610114290000000e-01 4.675443150639999740e-02 -4.121425525019999925e-01 -1.243859277359999993e+02 8.896892028749999781e+01 6.232042524269999717e+01
2.191196397279999986e-01 4.595754303599999813e-02 -4.196192206850000161e-01 -1.235797112820000052e+02 8.856171920970000144e+01 6.241078454139999820e+01
2.210474773249999914e-01 4.514441379589999997e-02 -4.220199223509999986e-01 -1.240842699770000053e+02 8.889939505920000329e+01 6.217630041240000338e+01
2.152400202599999979e-01 4.763199285880000133e-02 -4.180441293039999784e-01 -1.238334000809999935e+02 8.914195341200000655e+01 6.242378631070000239e+01
2.226059761889999933e-01 4.865186195360000215e-02 -4.127109691499999955e-01 -1.240897482019999956e+02 8.870681322240000100e+01 6.255100732249999851e+01
2.145419304779999925e-01 4.620410593709999708e-02 -4.247014530730000015e-01 -1.237838793989999999e+02 8.890603109170000096e+01 6.248664121899999913e+01
2.246192062569999925e-01 4.976062275120000239e-02 -4.143688139680000160e-01 -1.242529732120000006e+02 8.894457546770000533e+01 6.258175206509999811e+01
2.192659367700000028e-01 4.746244850930000231e-02 -4.161403429280000066e-01 -1.240391032819999992e+02 8.887472956199999885e+01 6.264641838250000205e+01
2.264356380089999898e-01 4.486824346869999758e-02 -4.164576614430000046e-01 -1.239457484849999958e+02 8.872812885659999438e+01 6.238778384260000109e+01
2.259532473699999988e-01 4.603847012980000208e-02 -4.203176780969999915e-01 -1.235863433180000044e+02 8.913481436220000376e+01 6.224749321510000044e+01
2.232205033030000008e-01 4.935226774089999935e-02 -4.199260005420000219e-01 -1.241916272819999989e+02 8.882877850490000071e+01 6.207583808070000231e+01
2.242183290670000106e-01 4.696916239760000333e-02 -4.183270546689999980e-01 -1.237291305119999976e+02 8.873599076799999352e+01 6.228563840249999828e+01
2.244991470540000089e-01 4.655934651669999674e-02 -4.154446690029999778e-01 -1.241199165240000042e+02 8.892346749339999690e+01 6.211559606880000217e+01
2.249550915769999992e-01 4.923316785689999669e-02 -4.172552059269999947e-01 -1.239893282120000038e+02 8.890061122580000585e+01 6.219054844130000248e+01
2.283859887040000092e-01 4.321674999890000313e-02 -4.143912606819999955e-01 -1.241900957000000005e+02 8.906464773499999410e+01 6.222786297479999718e+01
2.270465492219999881e-01 4.757941515470000271e-02 -4.166861490579999994e-01 -1.239122168880000032e+02 8.868734225529999549e+01 6.228511755249999737e+01
2.231815778479999957e-01 5.209057790470000143e-02 -4.167136977729999914e-01 -1.237452450189999951e+02 8.874870362759999409e+01 6.237620178800000303e+01
2.252816383519999910e-01 4.599751444129999978e-02 -4.190724957909999771e-01 -1.238354756170000002e+02 8.930823595639999724e+01 6.218304681560000091e+01
2.218823859850000135e-01 4.824797090949999728e-02 -4.176275135399999949e-01 -1.243507654729999956e+02 8.881361150719999387e+01 6.230596833119999900e+01
2.205847198520000108e-01 4.840794932849999677e-02 -4.255102014880000061e-01 -1.237986423549999984e+02 8.871728571879999947e+01 6.254803155470000320e+01
2.185264169649999977e-01 4.702051364100000297e-02 -4.215416710780000020e-01 -1.241175925470000010e+02 8.874065064159999849e+01 6.243173016840000145e+01
2.222601982330000003e-01 4.636107960130000233e-02 -4.172594008680000077e-01 -1.237888761650000049e+02 8.891968908319999798e+01 6.236061378320000159e+01
2.268253943649999882e-01 5.018045590470000122e-02 -4.195908555639999982e-01 -1.239648387270000001e+02 8.893374901330000171e+01 6.244649127070000105e+01
2.222729098510000112e-01 4.957857152540000312e-02 -4.187206710279999800e-01 -1.237801767899999987e+02 8.929804106299999944e+01 6.239202530859999740e+01
2.234868423739999888e-01 4.827981682130000340e-02 -4.171909502489999921e-01 -1.240447386820000020e+02 8.916148646140000267e+01 6.234766405469999739e+01
2.257108885970000034e-01 4.464683737089999993e-02 -4.185390789760000119e-01 -1.238856100600000048e+02 8.874604947320000292e+01 6.237246458060000265e+01
2.287005005040000094e-01 4.488619469519999905e-02 -4.188134707710000071e-01 -1.243270573079999934e+02 8.889228653829999871e+01 6.238352656170000188e+01
2.261685110040000113e-01 4.825869819430000235e-02 -4.253582278420000029e-01 -1.239180363250000028e+02 8.886893495379999308e+01 6.207605294150000219e+01
2.240401359270000059e-01 3.904380542589999670e-02 -4.171306551980000221e-01 -1.240094731509999946e+02 8.932994708089999847e+01 6.238458229860000159e+01
2.256054034019999988e-01 5.164311777510000034e-02 -4.211942123829999773e-01 -1.239533948140000064e+02 8.899047249129999670e+01 6.210901859420000193e+01
2.258637639069999981e-01 4.443894391840000346e-02 -4.194123917129999879e-01 -1.242222532109999946e+02 8.930458388789999447e+01 6.259691441599999706e+01
2.195099061659999962e-01 4.425222028039999672e-02 -4.229867971549999828e-01 -1.239552533509999961e+02 8.891665947680000670e+01 6.214262839239999892e+01
2.229720557980000017e-01 4.629303839059999842e-02 -4.185130504719999922e-01 -1.242220333599999975e+02 8.861914146799999514e+01 6.253355637880000018e+01
2.258207007470000027e-01 4.469807179770000222e-02 -4.190019805119999941e-01 -1.239889100519999943e+02 8.865223416749999785e+01 6.192266556340000250e+01
2.199891673490000088e-01 4.379976301079999829e-02 -4.172335467370000273e-01 -1.238362683800000070e+02 8.899848950839999873e+01 6.255189868659999775e+01
2.235816254119999957e-01 4.114854535740000013e-02 -4.103752032910000236e-01 -1.240036247660000015e+02 8.914950990799999886e+01 6.227909212330000344e+01
2.203241542920000018e-01 4.502340467239999977e-02 -4.151105308959999740e-01 -1.240527171009999989e+02 8.870314218609999557e+01 6.225953887659999708e+01
2.185360298900000109e-01 4.586125282430000144e-02 -4.224250103330000061e-01 -1.236487147250000049e+02 8.900839833690000091e+01 6.230167354089999776e+01
2.239727310500000124e-01 4.877719557049999682e-02 -4.159077562999999866e-01 -1.238096800480000041e+02 8.912222403270000370e+01 6.211572074779999753e+01
2.258478481739999988e-01 5.080704336430000301e-02 -4.215874909119999847e-01 -1.241269593720000017e+02 8.891777747359999751e+01 6.229900250050000210e+01
2.235523045639999928e-01 4.805081735729999776e-02 -4.218922224539999877e-01 -1.239368655069999932e+02 8.922212428000000273e+01 6.247777716110000057e+01
2.201880640559999991e-01 4.793235298259999888e-02 -4.242050698490000271e-01 -1.239484023589999993e+02 8.897638469119999627e+01 6.255752334740000009e+01
2.224754700490000070e-01 4.783916043289999920e-02 -4.198120288369999731e-01 -1.240371244899999965e+02 8.893929880250000508e+01 6.250719874349999827e+01
2.236402547180000033e-01 5.013384123149999816e-02 -4.214329266299999821e-01 -1.242657396379999994e+02 8.904138024549999386e+01 6.235430388580000027e+01
2.208091820480000134e-01 4.083199966050000268e-02 -4.178938106860000112e-01 -1.236940766320000051e+02 8.924177517939999404e+01 6.259487579369999821e+01
2.287938652560000119e-01 4.010355824879999892e-02 -4.192418136420000274e-01 -1.239041503910000017e+02 8.929715129980000654e+01 6.217119015699999807e+01
2.259487787270000048e-01 4.984390056630000343e-02 -4.136152994419999840e-01 -1.241728534079999946e+02 8.883704813280000678e+01 6.202406215759999952e+01
2.237047951910000054e-01 4.879105877550000275e-02 -4.168968292210000204e-01 -1.242251595679999951e+02 8.883275465209999311e+01 6.268500889719999947e+01
2.222939020530000087e-01 4.903888795920000043e-02 -4.225079884280000253e-01 -1.241522973780000001e+02 8.860866232630000638e+01 6.259136220780000315e+01
2.254039513580000098e-01 4.355802034370000186e-02 -4.147936054449999910e-01 -1.240942656720000059e+02 8.896003235829999767e+01 6.251129463579999879e+01
2.197083225829999931e-01 4.767482017860000254e-02 -4.164334887939999952e-01 -1.243396713549999930e+02 8.900470282279999878e+01 6.232046135870000114e+01
2.249290804209999883e-01 4.639509633040000275e-02 -4.180966401089999951e-01 -1.233943702800000040e+02 8.909869596539999748e+01 6.233636707250000342e+01
2.242591892230000050e-01 4.688773241099999933e-02 -4.206572836990000175e-01 -1.242803165239999998e+02 8.898564720109999371e+01 6.249950211369999664e+01
2.261899966700000042e-01 4.718991447589999944e-02 -4.157630023219999749e-01 -1.238935015280000016e+02 8.903606927180000241e+01 6.211691756590000324e+01
2.205548311949999951e-01 4.876341894300000035e-02 -4.131642620709999880e-01 -1.239898086639999946e+02 8.888470668099999727e+01 6.222564143040000317e+01
2.226686258649999972e-01 5.208043180079999918e-02 -4.170622074409999769e-01 -1.239055247440000045e+02 8.896492596310000067e+01 6.253438758200000080e+01
2.272661995830000115e-01 4.569616329159999907e-02 -4.174155722790000023e-01 -1.240879797310000043e+02 8.864003216070000235e+01 6.247291568789999872e+01
2.198078654850000035e-01 4.665178876019999976e-02 -4.219487372719999962e-01 -1.242297327450000068e+02 8.867187824799999873e+01 6.238690961270000201e+01
2.254186863060000101e-01 4.865482993220000135e-02 -4.155744046029999916e-01 -1.239707065580000034e+02 8.895578217569999424e+01 6.190120067000000148e+01
2.267249236499999931e-01 4.135379978780000243e-02 -4.229353958370000166e-01 -1.239578597800000068e+02 8.897532840239999530e+01 6.205986885469999947e+01
2.227232587029999988e-01 4.615098557539999702e-02 -4.120658224059999819e-01 -1.239413337179999957e+02 8.879215173670000638e+01 6.254479907009999806e+01
2.250692939770000123e-01 4.880890271109999956e-02 -4.161620408860000064e-01 -1.236772592819999943e+02 8.894296133580000685e+01 6.247957241310000143e+01
2.246791395199999875e-01 5.213733144390000213e-02 -4.170167209589999979e-01 -1.238383611659999985e+02 8.876257641630000705e+01 6.241715160980000121e+01
2.233695880459999894e-01 4.685397310600000059e-02 -4.174398145639999780e-01 -1.239030625299999997e+02 8.942519627549999939e+01 6.261608230120000229e+01
2.190148719020000023e-01 4.912580112059999893e-02 -4.178084127560000027e-01 -1.239354164690000033e+02 8.877220831290000547e+01 6.238144895460000328e+01
2.217542371590000005e-01 4.745552775800000039e-02 -4.167748791809999798e-01 -1.241073021370000049e+02 8.894720734950000463e+01 6.235744925590000065e+01
2.262312270250000090e-01 4.586972104530000205e-02 -4.254094200690000105e-01 -1.236646660319999995e+02 8.869941394779999655e+01 6.224957863219999865e+01
2.217575805950000034e-01 4.759060565960000072e-02 -4.177064899369999917e-01 -1.237226712789999965e+02 8.887224292930000047e+01 6.231120848390000333e+01
2.193317875980000109e-01 4.861682151789999823e-02 -4.182554007770000193e-01 -1.240154289930000004e+02 8.907345827020000684e+01 6.219522319320000037e+01
2.232322928899999892e-01 3.801182689160000072e-02 -4.203095699020000242e-01 -1.238542350430000027e+02 8.912531544949999329e+01 6.253318961419999766e+01
2.179047797870000136e-01 4.832786592609999987e-02 -4.202587568160000009e-01 -1.236696748189999937e+02 8.863682336339999779e+01 6.234112965460000311e+01
2.270193443819999990e-01 4.607757391660000090e-02 -4.168709530390000140e-01 -1.243035897489999968e+02 8.873105541750000214e+01 6.226187589780000309e+01
2.209306556500000018e-01 4.695584876690000325e-02 -4.188468251390000119e-01 -1.241331447980000036e+02 8.932812018299999579e+01 6.252124111060000189e+01
2.246691883399999923e-01 4.584573294659999992e-02 -4.197902471089999810e-01 -1.242310319959999987e+02 8.857594889729999466e+01 6.242582579999999837e+01
