2.363929589100000062e-01 3.487917492659999702e-02 -4.246163373519999951e-01 -1.229984464159999931e+02 8.902115064320000215e+01 5.836563564440000107e+01
2.370917709890000002e-01 3.909253093319999678e-02 -4.227469724280000229e-01 -1.225390996790000031e+02 8.885120808959999295e+01 5.822374391110000147e+01
2.408002679200000051e-01 3.690036171080000177e-02 -4.312463153739999888e-01 -1.227534210099999967e+02 8.914517806720000692e+01 5.827313458729999951e+01
2.365276239519999990e-01 3.885006819529999988e-02 -4.252898313690000043e-01 -1.226606342339999998e+02 8.907109436979999373e+01 5.871585192970000122e+01
2.417985312869999903e-01 3.981439441149999675e-02 -4.229691219469999819e-01 -1.230673639959999974e+02 8.891514398130000529e+01 5.843287149310000217e+01
2.342866851819999929e-01 3.776187351279999826e-02 -4.263688671699999988e-01 -1.228299817730000001e+02 8.928619891499999994e+01 5.813135506380000095e+01
2.398538134900000118e-01 4.117339337720000297e-02 -4.223778026789999918e-01 -1.227701780069999984e+02 8.896842211640000642e+01 5.833679237519999816e+01
2.357532004139999970e-01 4.026645044709999816e-02 -4.291684020389999743e-01 -1.229016996830000039e+02 8.883404169870000544e+01 5.837145593030000157e+01
2.375844500629999967e-01 3.742169213990000076e-02 -4.247375892810000275e-01 -1.227130540309999986e+02 8.909190561510000350e+01 5.843613342369999941e+01
2.381638948510000076e-01 3.229592926009999809e-02 -4.229889868389999918e-01 -1.229449993949999964e+02 8.923532585750000123e+01 5.832419535009999834e+01
2.387869072469999965e-01 4.519839521800000232e-02 -4.250081116180000063e-01 -1.227167167669999941e+02 8.876588023840000119e+01 5.829522151350000314e+01
2.370792402390000109e-01 3.377845454180000012e-02 -4.290654066360000130e-01 -1.228571307229999974e+02 8.913788102670000058e+01 5.860645365959999964e+01
2.298927462029999869e-01 4.571196778520000142e-02 -4.266916855269999864e-01 -1.227488437880000021e+02 8.904205202209999470e+01 5.841925314560000260e+01
2.323326787049999897e-01 3.583495818969999885e-02 -4.272465711819999901e-01 -1.222555627630000004e+02 8.923877508130000535e+01 5.837884783389999654e+01
2.326811877949999940e-01 3.842665167309999852e-02 -4.231909087679999737e-01 -1.231895460829999962e+02 8.887524568370000111e+01 5.849073909900000245e+01
2.388801879690000129e-01 4.524153300480000112e-02 -4.306789742079999983e-01 -1.224747134360000018e+02 8.899160995539999419e+01 5.833614783809999693e+01
2.408503839639999922e-01 4.103945038960000319e-02 -4.253138481650000080e-01 -1.227115766189999988e+02 8.922916139650000389e+01 5.828791637829999672e+01
2.375136732789999983e-01 4.249942043689999838e-02 -4.256402047599999738e-01 -1.228398745639999987e+02 8.913675808690000224e+01 5.828353298420000073e+01
2.354879158400000061e-01 3.735807217070000186e-02 -4.261209945459999981e-01 -1.227563787160000004e+02 8.925474206069999639e+01 5.857755926179999761e+01
2.387738305029999952e-01 3.806941489779999688e-02 -4.258274731119999768e-01 -1.228114819639999951e+02 8.948758842220000531e+01 5.856088511709999977e+01
2.359058479410000020e-01 3.643782590209999894e-02 -4.274019546789999957e-01 -1.228597967449999970e+02 8.917919426669999439e+01 5.839750065940000212e+01
2.394186107919999973e-01 3.606597343480000273e-02 -4.245322040269999819e-01 -1.225029150310000006e+02 8.940809658109999702e+01 5.818405343460000267e+01
2.348271542750000052e-01 3.689863461759999852e-02 -4.241065228129999864e-01 -1.232696720189999979e+02 8.946856678100000693e+01 5.835788251299999985e+01
2.387139957130000045e-01 3.649781100930000327e-02 -4.206201753459999915e-01 -1.228245873900000049e+02 8.918878661060000468e+01 5.856544820010000052e+01
2.367343275930000046e-01 3.720155019679999980e-02 -4.264078796560000217e-01 -1.229732339060000044e+02 8.914336771019999617e+01 5.795803214429999883e+01
2.362108243190000068e-01 3.961170881489999712e-02 -4.282331072309999986e-01 -1.226190859560000064e+02 8.916517285390000325e+01 5.868145262200000190e+01
2.409622362599999901e-01 3.863153755129999922e-02 -4.247872817480000118e-01 -1.229700626359999944e+02 8.923597891129999482e+01 5.825353103390000342e+01
2.370802186800000100e-01 3.863788574520000269e-02 -4.239038319660000109e-01 -1.225544095860000056e+02 8.898501476680000621e+01 5.836655653990000303e+01
2.398028008679999878e-01 3.100309854799999931e-02 -4.274920697410000137e-01 -1.228474015219999984e+02 8.943726803520000601e+01 5.824702538020000020e+01
2.291899268479999918e-01 4.045293765289999927e-02 -4.158834607870000033e-01 -1.228062962120000066e+02 8.900377095490000556e+01 5.851966278580000136e+01
2.338238405489999894e-01 4.202207001279999882e-02 -4.263414256929999868e-01 -1.224424140880000067e+02 8.926309231369999964e+01 5.852201601899999872e+01
2.376547617750000008e-01 3.890409277219999962e-02 -4.233279839699999880e-01 -1.227891004549999963e+02 8.943881819780000342e+01 5.835399981039999773e+01
2.358588235150000101e-01 3.584738073040000250e-02 -4.261959188760000017e-01 -1.223942741639999952e+02 8.918373770940000611e+01 5.840432394810000005e+01
2.369330724869999905e-01 3.738046178710000000e-02 -4.254731012219999942e-01 -1.228973709659999969e+02 8.921505610260000196e+01 5.800482562879999904e+01
2.359006905330000015e-01 3.550474758080000154e-02 -4.248003755820000116e-01 -1.224764753940000048e+02 8.929376942739999379e+01 5.810000962099999811e+01
2.407686037289999970e-01 3.797347158830000069e-02 -4.255895237080000171e-01 -1.228109821460000006e+02 8.890884714530000110e+01 5.837636246320000311e+01
2.358145088120000010e-01 3.939392433839999930e-02 -4.261504840229999869e-01 -1.232478320950000068e+02 8.943164919429999316e+01 5.860058609989999923e+01
2.376031935579999976e-01 3.859902058959999854e-02 -4.273755486079999777e-01 -1.227959122120000046e+02 8.912584722629999590e+01 5.848802529710000186e+01
2.354049933669999928e-01 3.844405648779999907e-02 -4.205778447869999992e-01 -1.224562723340000048e+02 8.886593074190000152e+01 5.837027434299999840e+01
2.343385726090000121e-01 3.641387107389999767e-02 -4.243522131720000035e-01 -1.231901030239999955e+02 8.927021933979999346e+01 5.820493505289999803e+01
2.378572646769999965e-01 3.716440293849999910e-02 -4.213882217839999833e-01 -1.226265377560000047e+02 8.921808363659999941e+01 5.843759590159999817e+01
2.413314977179999987e-01 3.673258154229999684e-02 -4.194976667879999899e-01 -1.230361906720000036e+02 8.926107059669999444e+01 5.849825385999999838e+01
2.345489631509999895e-01 3.759342826630000106e-02 -4.299606168349999757e-01 -1.226370417549999985e+02 8.882467049829999439e+01 5.816793311770000230e+01
2.392554344099999952e-01 3.808693370010000218e-02 -4.277669801469999866e-01 -1.223252597799999961e+02 8.897055453510000689e+01 5.833557464209999921e+01
2.364078226430000040e-01 4.199207694169999894e-02 -4.251758038119999861e-01 -1.228040861719999981e+02 8.928665862889999971e+01 5.826392926260000138e+01
2.395029650649999897e-01 3.657534775199999810e-02 -4.286413972270000095e-01 -1.225366657710000027e+02 8.895716237310000452e+01 5.843270201339999659e+01
2.331555767110000121e-01 3.832693613620000161e-02 -4.302364284990000121e-01 -1.227632263139999935e+02 8.907884876299999632e+01 5.875973015150000123e+01
2.384685042420000012e-01 3.998891825090000046e-02 -4.219852182180000022e-01 -1.230514263959999965e+02 8.943359620830000267e+01 5.842352456270000260e+01
2.380293088400000090e-01 3.903130405770000033e-02 -4.260696041590000260e-01 -1.222290788399999997e+02 8.922184451639999736e+01 5.844784175720000263e+01
2.301572941239999892e-01 4.215842258090000266e-02 -4.207068061829999928e-01 -1.225982366749999954e+02 8.905489982000000282e+01 5.866166187999999693e+01
2.374129958120000106e-01 4.190697270660000140e-02 -4.236486197229999973e-01 -1.223577759270000058e+02 8.904746469360000560e+01 5.848088540229999666e+01
2.347420073869999901e-01 3.575018248970000118e-02 -4.245830236070000097e-01 -1.228891699119999998e+02 8.910571155709999402e+01 5.798257221069999900e+01
2.349264342429999985e-01 3.666521843690000171e-02 -4.253585599940000184e-01 -1.226582423469999981e+02 8.899952467490000174e+01 5.826601101800000038e+01
2.375978252439999994e-01 3.730036247049999670e-02 -4.219297003640000154e-01 -1.229896468139999968e+02 8.890219264360000295e+01 5.816335147750000090e+01
2.349860680989999950e-01 3.592149272290000306e-02 -4.221872524649999958e-01 -1.227472835049999986e+02 8.945147084239999913e+01 5.818423362640000107e+01
2.407165595359999910e-01 4.399080512769999729e-02 -4.287333778940000117e-01 -1.226441992980000038e+02 8.906774181929999656e+01 5.840345566439999914e+01
2.357680956729999999e-01 3.583505867620000174e-02 -4.266349285939999847e-01 -1.223767638909999960e+02 8.915486205320000579e+01 5.837380028399999787e+01
2.364163878170000010e-01 3.796632084519999811e-02 -4.242104428530000249e-01 -1.226155600320000048e+02 8.914756759739999836e+01 5.889999810650000001e+01
2.353776111499999990e-01 3.811213962980000008e-02 -4.255625148189999818e-01 -1.228162388190000058e+02 8.939971421750000502e+01 5.844659933629999671e+01
2.356914770759999944e-01 3.711304254399999669e-02 -4.216099932860000177e-01 -1.231803025140000045e+02 8.897083286650000389e+01 5.859774068830000004e+01
2.429385918380000120e-01 2.896902791119999876e-02 -4.269039528929999827e-01 -1.228892015140000069e+02 8.930406170400000576e+01 5.827263292589999821e+01
2.366900073010000105e-01 3.823172803730000291e-02 -4.251266362700000245e-01 -1.227459317179999942e+02 8.906040040509999756e+01 5.866938212099999816e+01
2.346781340350000133e-01 3.965205866720000055e-02 -4.259678936740000088e-01 -1.225924265130000066e+02 8.894976677850000613e+01 5.831489518850000309e+01
2.345879369639999878e-01 4.048778059350000014e-02 -4.243461790909999753e-01 -1.225763352029999993e+02 8.890514172540000004e+01 5.866545850739999679e+01
2.372139625470000013e-01 4.525047347609999909e-02 -4.250495727709999727e-01 -1.228465233889999979e+02 8.876804155189999790e+01 5.837498251899999957e+01
2.359126281929999902e-01 3.814483020819999654e-02 -4.297058195280000215e-01 -1.229082595940000004e+02 8.892529081719999340e+01 5.842134542729999680e+01
2.378584571540000026e-01 3.918917251739999913e-02 -4.218264263390000268e-01 -1.229285785830000037e+02 8.910355244900000571e+01 5.863818721650000043e+01
2.382078642819999981e-01 4.194095857459999993e-02 -4.248668908770000252e-01 -1.228015350090000055e+02 8.936968386770000450e+01 5.828994706980000018e+01
2.320053760599999904e-01 4.043910793129999737e-02 -4.266712640709999782e-01 -1.226499894690000048e+02 8.921557778480000422e+01 5.839909797939999692e+01
2.330394591390000103e-01 3.947818978030000203e-02 -4.257571052019999969e-01 -1.227409145179999967e+02 8.895195320199999856e+01 5.830337010310000068e+01
2.366882567040000107e-01 3.779653713529999848e-02 -4.280728813429999779e-01 -1.224335108639999987e+02 8.879238990339999305e+01 5.864314271669999812e+01
2.397852790680000123e-01 3.436985745829999883e-02 -4.257302653630000155e-01 -1.231219333110000065e+02 8.897587487340000223e+01 5.823010611290000327e+01
2.387882547559999902e-01 4.101889577150000243e-02 -4.291703606089999901e-01 -1.226531719280000061e+02 8.925493322849999345e+01 5.819826634129999832e+01
2.395810674870000045e-01 3.618389526770000170e-02 -4.259581650009999776e-01 -1.225648958689999972e+02 8.921863020989999882e+01 5.804942374870000066e+01
2.364924396749999991e-01 3.284816934800000032e-02 -4.247351429869999917e-01 -1.224442652519999939e+02 8.907226626860000351e+01 5.825670430910000164e+01
2.346384835939999969e-01 3.603716236269999956e-02 -4.221543669110000008e-01 -1.228931907999999993e+02 8.920231485630000634e+01 5.867298243230000310e+01
2.376234513440000085e-01 3.880635020360000131e-02 -4.276809705719999966e-01 -1.228678505050000069e+02 8.905559522350000634e+01 5.808298545939999968e+01
2.369525780329999887e-01 3.659566309909999954e-02 -4.229406638629999993e-01 -1.228087907459999997e+02 8.888833275780000065e+01 5.860631311739999916e+01
2.377950805930000022e-01 4.214742310070000025e-02 -4.231744828890000032e-01 -1.227770703129999958e+02 8.903420797850000667e+01 5.850165419620000051e+01
2.385963537780000088e-01 3.956521922509999983e-02 -4.204026964659999810e-01 -1.229949532880000049e+02 8.877981231649999927e+01 5.853183902159999974e+01
2.335653743599999943e-01 3.863871754249999929e-02 -4.204568897290000273e-01 -1.226952172929999989e+02 8.909508160859999748e+01 5.836091135830000098e+01
2.347722612320000124e-01 3.966569872780000006e-02 -4.259432251260000246e-01 -1.230456523409999932e+02 8.888075649319999627e+01 5.850955286069999772e+01
2.383167707909999988e-01 3.714285678729999790e-02 -4.267420206679999883e-01 -1.226306908340000064e+02 8.913162372429999891e+01 5.808835934649999899e+01
2.312607262570000044e-01 3.716643685019999782e-02 -4.243861063750000162e-01 -1.226923045529999996e+02 8.875946214239999676e+01 5.828322913510000092e+01
2.388218253849999917e-01 3.864871940990000088e-02 -4.224045841069999918e-01 -1.229557436359999940e+02 8.890192303499999582e+01 5.867892356029999945e+01
2.352264149119999981e-01 3.611555636799999858e-02 -4.257759269670000069e-01 -1.226124211820000056e+02 8.927467903950000050e+01 5.883727055779999660e+01
2.398629949830000108e-01 3.677529195829999653e-02 -4.264413636650000172e-01 -1.229639473400000043e+02 8.933680755650000549e+01 5.871332002239999781e+01
2.340627410860000035e-01 3.890408603130000170e-02 -4.223655326099999829e-01 -1.228716736199999957e+02 8.937197098939999762e+01 5.864159642949999807e+01
2.397014220260000050e-01 4.220855070389999825e-02 -4.230033169349999844e-01 -1.226542963499999956e+02 8.909433340020000003e+01 5.831005252530000149e+01
2.372561904040000058e-01 3.982503165879999751e-02 -4.285210695730000130e-01 -1.227293849569999935e+02 8.888657452249999835e+01 5.878200112390000243e+01
2.380518196760000038e-01 3.089558366909999840e-02 -4.214762031090000249e-01 -1.227634976930000050e+02 8.896143272220000142e+01 5.845986521119999679e+01
2.382157104079999921e-01 3.167562271330000290e-02 -4.216645170839999901e-01 -1.227930285949999956e+02 8.938674126479999416e+01 5.843006849660000057e+01
2.347709020510000133e-01 3.566593840409999772e-02 -4.281016910989999813e-01 -1.226039095940000010e+02 8.896013055880000309e+01 5.833461065080000196e+01
2.346821820949999970e-01 3.474525538070000197e-02 -4.283859968109999805e-01 -1.227638832210000004e+02 8.918111161849999746e+01 5.859574861830000003e+01
2.329350008380000059e-01 3.957104055249999891e-02 -4.272757985719999874e-01 -1.225427825689999963e+02 8.926116636410000638e+01 5.870814354579999872e+01
2.390906235539999869e-01 3.701194894059999657e-02 -4.268147871469999965e-01 -1.228876862040000049e+02 8.902342777200000512e+01 5.817687959389999719e+01
2.330299975940000046e-01 3.819042224230000115e-02 -4.212731435209999820e-01 -1.226301100799999944e+02 8.951748553260000563e+01 5.833231714549999936e+01
2.349612610930000012e-01 3.913458119890000225e-02 -4.256843943410000275e-01 -1.229784786099999963e+02 8.879177766150000650e+01 5.830825268849999787e+01
2.305958772610000040e-01 3.637079681650000340e-02 -4.280043839870000255e-01 -1.227431163600000019e+02 8.934803658510000446e+01 5.836875645159999948e+01
2.374423975199999870e-01 4.491277808480000078e-02 -4.247592581879999774e-01 -1.229692852729999970e+02 8.888164405220000219e+01 5.848323777019999881e+01
2.342914652639999928e-01 3.663522537089999864e-02 -4.268043411729999792e-01 -1.223569381549999946e+02 8.879611458249999600e+01 5.842666955960000053e+01
2.352941174129999924e-01 3.854376183939999673e-02 -4.323298907490000231e-01 -1.228313446279999965e+02 8.911735063950000324e+01 5.864300520660000160e+01
2.365057509659999890e-01 3.865241672409999718e-02 -4.212704821930000065e-01 -1.229329827629999983e+02 8.897559910260000038e+01 5.814777903689999761e+01
2.307535074150000032e-01 3.762731786870000122e-02 -4.222819180610000167e-01 -1.225959193519999957e+02 8.897490614740000581e+01 5.822105270899999852e+01
2.368269868779999954e-01 3.854626303110000179e-02 -4.224607269460000092e-01 -1.230911387769999976e+02 8.920664828840000382e+01 5.831346799610000176e+01
2.352430386749999880e-01 3.894048246580000122e-02 -4.260870519070000251e-01 -1.226636309809999972e+02 8.955988871120000283e+01 5.846617553029999925e+01
2.370159409910000126e-01 4.033147075880000321e-02 -4.219158145149999872e-01 -1.229494227710000018e+02 8.898176777659999459e+01 5.857107866430000342e+01
2.334152427139999930e-01 3.615602403579999680e-02 -4.266764123380000218e-01 -1.223341859269999929e+02 8.889170428330000107e+01 5.859370229080000314e+01
2.316053285330000044e-01 3.148114204250000020e-02 -4.237580414550000119e-01 -1.226600387200000029e+02 8.907470468980000078e+01 5.839091393019999998e+01
2.392552227109999985e-01 3.596947571260000059e-02 -4.260910563790000216e-01 -1.227518625619999995e+02 8.911882053870000675e+01 5.814184983829999709e+01
2.357007292620000027e-01 3.902497115209999784e-02 -4.197250617969999764e-01 -1.227458655730000032e+02 8.929209335519999513e+01 5.850548112999999972e+01
2.344552468649999943e-01 3.459239757279999883e-02 -4.261682565720000260e-01 -1.222145789239999942e+02 8.904013982050000209e+01 5.832946400649999674e+01
2.306916341169999995e-01 3.797196269989999706e-02 -4.219865630419999958e-01 -1.227515394769999943e+02 8.901940198169999974e+01 5.867413865980000054e+01
2.400974104749999949e-01 3.942288208710000019e-02 -4.264096601469999914e-01 -1.224834162049999975e+02 8.905876820650000525e+01 5.858456747000000320e+01
2.404339376169999931e-01 3.823003592000000228e-02 -4.286288068670000007e-01 -1.225645479359999968e+02 8.937158946569999785e+01 5.856931284350000055e+01
2.320701398960000050e-01 3.948499024560000320e-02 -4.270463362460000245e-01 -1.226091579440000032e+02 8.915774144300000614e+01 5.840794343009999778e+01
2.379684629649999883e-01 3.756110705420000195e-02 -4.271671811819999776e-01 -1.229927276349999943e+02 8.929554230899999823e+01 5.821937570109999882e+01
2.361467860270000108e-01 3.812519814859999939e-02 -4.254889204919999890e-01 -1.225222895689999945e+02 8.937967427899999961e+01 5.818761008850000138e+01
2.376815495229999964e-01 4.275700204889999745e-02 -4.302920600280000230e-01 -1.225746127369999954e+02 8.903319169270000089e+01 5.844391635630000081e+01
2.340945459369999926e-01 4.068183898850000202e-02 -4.290324625970000083e-01 -1.224658538820000047e+02 8.926904387909999627e+01 5.848558328720000077e+01
2.342335208369999977e-01 3.471891975270000041e-02 -4.305386232669999869e-01 -1.226715433880000035e+02 8.923166323760000296e+01 5.827098181560000256e+01
2.374155370150000111e-01 4.009849229000000265e-02 -4.223585854879999824e-01 -1.223674720329999985e+02 8.933720738940000672e+01 5.830226160389999990e+01
2.354297468719999953e-01 3.587103251539999760e-02 -4.250029835810000267e-01 -1.227754900120000059e+02 8.912332323409999901e+01 5.870168757540000115e+01
2.390718328960000083e-01 3.760191902139999737e-02 -4.263768636759999731e-01 -1.230688624099999942e+02 8.938799838849999446e+01 5.840527740840000348e+01
2.398728124929999928e-01 3.518120157810000065e-02 -4.218921915380000054e-01 -1.229281306289999947e+02 8.909097447630000488e+01 5.851101354869999938e+01
2.400805418460000007e-01 3.184891342510000334e-02 -4.260645305690000106e-01 -1.226323770749999937e+02 8.900693314000000100e+01 5.839735875969999768e+01
2.400737174039999922e-01 3.385015745060000053e-02 -4.234008226370000183e-01 -1.225238963160000054e+02 8.911796771330000411e+01 5.840635505070000022e+01
2.324933274529999983e-01 3.505850354989999834e-02 -4.227676625230000207e-01 -1.223987023760000028e+02 8.936106146000000194e+01 5.853915533560000029e+01
2.336682544779999926e-01 4.256738130800000186e-02 -4.291338754730000260e-01 -1.228120036279999994e+02 8.918287094769999612e+01 5.851379357359999744e+01
2.393045354009999959e-01 4.322737308530000266e-02 -4.215240628809999723e-01 -1.228898829790000065e+02 8.913191767000000709e+01 5.825191333659999771e+01
2.320839774189999982e-01 3.972700997930000283e-02 -4.191127365990000020e-01 -1.226987508880000064e+02 8.918673203829999352e+01 5.855337374150000329e+01
2.397035016600000124e-01 3.762050322990000140e-02 -4.228612112030000203e-01 -1.225312336399999964e+02 8.917618296969999392e+01 5.866968788610000018e+01
2.296044504230000116e-01 3.683684883629999990e-02 -4.294521459899999782e-01 -1.226346140640000044e+02 8.920485927270000559e+01 5.830479111569999873e+01
2.365636969980000059e-01 3.918232345050000343e-02 -4.221760088350000051e-01 -1.230005110790000060e+02 8.922998149960000092e+01 5.840100024750000074e+01
2.398884654950000084e-01 4.080073924020000131e-02 -4.228887067420000201e-01 -1.231326371220000055e+02 8.931872961930000088e+01 5.856032730710000322e+01
2.411962154729999919e-01 4.277936656120000236e-02 -4.248976652099999973e-01 -1.226374886690000068e+02 8.883028379210000480e+01 5.818451920199999705e+01
2.367286337700000021e-01 4.546259470289999716e-02 -4.206337342090000209e-01 -1.228689125979999943e+02 8.910540468860000374e+01 5.839420861579999666e+01
2.390296295819999972e-01 3.579056493999999838e-02 -4.192352813779999798e-01 -1.228192193160000016e+02 8.933389641120000135e+01 5.871906037059999761e+01
2.363779577740000026e-01 3.886107737410000179e-02 -4.261687858809999896e-01 -1.223100507369999974e+02 8.892712332089999450e+01 5.854774924219999832e+01
2.385595113179999893e-01 3.723254032050000301e-02 -4.219835940850000244e-01 -1.227598584210000041e+02 8.940723499450000133e+01 5.813611700349999722e+01
2.400663513880000044e-01 4.014964695579999882e-02 -4.265507850060000217e-01 -1.225197512010000054e+02 8.904579254690000312e+01 5.834829071739999762e+01
2.393931482439999869e-01 4.194083673590000283e-02 -4.205678390720000159e-01 -1.226431204409999935e+02 8.918194349009999655e+01 5.862390036930000292e+01
2.349098256749999891e-01 3.869317799549999715e-02 -4.235226529919999816e-01 -1.226124533929999956e+02 8.912311833969999952e+01 5.876008865429999872e+01
2.352965265699999975e-01 4.363518420959999755e-02 -4.259873584659999990e-01 -1.226688287940000066e+02 8.897515126829999588e+01 5.833720366330000218e+01
2.354658750209999984e-01 3.604999512080000329e-02 -4.286307902620000165e-01 -1.225159055990000070e+02 8.891789086270000553e+01 5.836978224370000135e+01
2.394621942630000000e-01 3.795580769419999723e-02 -4.235397608500000022e-01 -1.227229198259999947e+02 8.898863277639999581e+01 5.820380721709999960e+01
2.258390384089999925e-01 3.667493610190000058e-02 -4.257697021640000079e-01 -1.225688812060000004e+02 8.929891614710000169e+01 5.860868963619999761e+01
2.364204365239999939e-01 3.835257743599999880e-02 -4.254401646179999941e-01 -1.228080010320000071e+02 8.932805896019999636e+01 5.840098859260000097e+01
2.349533400740000111e-01 3.626141221080000226e-02 -4.249567788820000080e-01 -1.226924970660000014e+02 8.864761756949999949e+01 5.859169745599999857e+01
2.353828569689999928e-01 3.622538574849999693e-02 -4.207410958000000201e-01 -1.227248830420000019e+02 8.879562854860000698e+01 5.854842107590000211e+01
2.332384634809999968e-01 3.904136339480000079e-02 -4.238965919620000244e-01 -1.228589962329999992e+02 8.893287462899999696e+01 5.889121088809999804e+01
2.387416711079999865e-01 4.296558868389999813e-02 -4.226332163620000193e-01 -1.229450085699999988e+02 8.890514144600000179e+01 5.831392567820000039e+01
2.409220107180000126e-01 3.711199593259999902e-02 -4.250580856319999823e-01 -1.224793948380000046e+02 8.911519982289999575e+01 5.819213478319999666e+01
2.325787994569999961e-01 4.007910581219999852e-02 -4.246613024429999883e-01 -1.226963126280000012e+02 8.872754258989999698e+01 5.843554740780000145e+01
2.374923933839999945e-01 2.858565918480000106e-02 -4.262115426170000054e-01 -1.226713785390000027e+02 8.918810326320000570e+01 5.827701766159999863e+01
2.374594617059999913e-01 4.064029587210000322e-02 -4.248360954240000265e-01 -1.228781575299999957e+02 8.891739391989999319e+01 5.831374884550000104e+01
2.392934531729999925e-01 3.713274526939999709e-02 -4.267038887030000227e-01 -1.231078533630000038e+02 8.930991307040000038e+01 5.840764957110000211e+01
2.352908088050000013e-01 3.922172794530000284e-02 -4.272355541960000114e-01 -1.226557653020000060e+02 8.923622195190000639e+01 5.821489990050000074e+01
2.353655086679999897e-01 3.574217394609999904e-02 -4.241425235629999735e-01 -1.231790473399999968e+02 8.897091597409999508e+01 5.822859327430000320e+01
2.381540755550000110e-01 4.155063863129999924e-02 -4.280060451750000161e-01 -1.226371620750000062e+02 8.903498879960000068e+01 5.872939585209999791e+01
2.378790755290000059e-01 3.151585387490000306e-02 -4.252234115069999931e-01 -1.229440107850000032e+02 8.941370658280000328e+01 5.870384994180000149e+01
2.363038966290000042e-01 3.692036653010000169e-02 -4.228760640809999805e-01 -1.229316398929999963e+02 8.925940373509999404e+01 5.832303854970000145e+01
2.321934316860000125e-01 3.796325424400000259e-02 -4.205901789209999797e-01 -1.229305788700000051e+02 8.925339356230000476e+01 5.870287196679999653e+01
2.372723612079999933e-01 4.358191878260000290e-02 -4.248600853980000203e-01 -1.228612450330000030e+02 8.921134923319999643e+01 5.862439020240000076e+01
2.339982516419999992e-01 4.064905368630000043e-02 -4.269230070310000014e-01 -1.230287301620000022e+02 8.918456618359999766e+01 5.849407386280000054e+01
2.295063213830000060e-01 3.871152957659999838e-02 -4.199048704280000099e-01 -1.228882567320000021e+02 8.920547662369999387e+01 5.839958760260000048e+01
2.374794286230000051e-01 3.579372769909999752e-02 -4.245108847030000243e-01 -1.228415483899999998e+02 8.951315910980000012e+01 5.865711498919999656e+01
2.311529886689999980e-01 3.452922954539999756e-02 -4.222116311920000031e-01 -1.225114100280000002e+02 8.931681198530000643e+01 5.853363610680000306e+01
2.276918389589999980e-01 3.411431067660000011e-02 -4.252787127909999909e-01 -1.225164390160000067e+02 8.913801845470000274e+01 5.853941651529999746e+01
2.339294111499999884e-01 4.158777604850000253e-02 -4.223311468309999817e-01 -1.226192339330000038e+02 8.893216560310000318e+01 5.820272142440000351e+01
2.355561544629999893e-01 3.444564638759999714e-02 -4.287542022190000135e-01 -1.227734206599999993e+02 8.930758511560000557e+01 5.874429604649999703e+01
2.349167784260000058e-01 4.285954725680000271e-02 -4.243618998859999825e-01 -1.227235787829999936e+02 8.899037402909999628e+01 5.836560176630000285e+01
2.367767107419999906e-01 3.709647579159999764e-02 -4.244063584280000079e-01 -1.230478814970000059e+02 8.926000529910000125e+01 5.884157988510000337e+01
2.337480541209999985e-01 3.828220933350000299e-02 -4.208880755519999739e-01 -1.225088798929999996e+02 8.900093425410000236e+01 5.855078932960000060e+01
2.383489989329999892e-01 3.776546245950000019e-02 -4.241356835960000127e-01 -1.229710507190000044e+02 8.874075729770000009e+01 5.841182044469999823e+01
2.379480306150000002e-01 3.824416851580000193e-02 -4.258938828139999799e-01 -1.224719444060000058e+02 8.921686113900000237e+01 5.824878036650000013e+01
2.336239207380000071e-01 3.419954220810000195e-02 -4.288091589190000108e-01 -1.226085301420000064e+02 8.914335067449999883e+01 5.878580736760000036e+01
2.324860481880000052e-01 3.200412802879999685e-02 -4.233991165239999743e-01 -1.228206641740000009e+02 8.941857646210000610e+01 5.862062116069999718e+01
2.371916341579999865e-01 3.558780275580000069e-02 -4.283483052509999833e-01 -1.228497680579999951e+02 8.932403723660000594e+01 5.838970382760000177e+01
2.365803351759999951e-01 3.884456831380000280e-02 -4.262016623920000247e-01 -1.226157175029999991e+02 8.910320599700000344e+01 5.835652907410000267e+01
2.370158285350000005e-01 3.824345424629999740e-02 -4.237207291730000214e-01 -1.229205757390000002e+02 8.883034516870000630e+01 5.865299936459999941e+01
2.361703572409999952e-01 3.685355450620000223e-02 -4.201735739210000209e-01 -1.229726828160000025e+02 8.930213367230000188e+01 5.815896781299999674e+01
2.400335458750000039e-01 3.829057434540000110e-02 -4.234860650319999809e-01 -1.228156734469999947e+02 8.934743882690000305e+01 5.821536134440000154e+01
2.355366730379999940e-01 4.085606046189999702e-02 -4.245347235240000128e-01 -1.227238769719999993e+02 8.892549534340000150e+01 5.811250553520000039e+01
2.352507794940000008e-01 3.509548724860000329e-02 -4.189975534709999838e-01 -1.227419992939999958e+02 8.926786583429999666e+01 5.828108544479999864e+01
2.351922394540000016e-01 4.078455661150000300e-02 -4.250493366759999780e-01 -1.229754135729999973e+02 8.947039867659999857e+01 5.872282251330000236e+01
2.409981663840000121e-01 3.193913729069999818e-02 -4.268323077719999858e-01 -1.228366567740000050e+02 8.920615202269999600e+01 5.828115855080000074e+01
2.364575560359999939e-01 4.029054751769999693e-02 -4.203893231220000026e-01 -1.227780325190000070e+02 8.903380517179999742e+01 5.825258521300000325e+01
2.387472928380000026e-01 3.910657684220000124e-02 -4.237026110050000072e-01 -1.226176840159999983e+02 8.913159609769999747e+01 5.820252938449999647e+01
2.353134804070000086e-01 3.743012669729999659e-02 -4.263759114410000106e-01 -1.229521862560000045e+02 8.914525347980000447e+01 5.826752534679999940e+01
2.309544879750000113e-01 3.887092380329999763e-02 -4.257406382960000069e-01 -1.227096334700000000e+02 8.905777758119999987e+01 5.838864865779999747e+01
2.402604686619999874e-01 3.927001483300000123e-02 -4.221114346850000087e-01 -1.230111864339999954e+02 8.897168779560000473e+01 5.831089789690000202e+01
2.348166898999999863e-01 3.765271620519999862e-02 -4.259745174769999920e-01 -1.228106650720000061e+02 8.875204570719999708e+01 5.877764263579999948e+01
2.357410690750000037e-01 3.635885763680000299e-02 -4.213384359390000000e-01 -1.230958904689999969e+02 8.923484914559999481e+01 5.873284483129999956e+01
2.366572878990000073e-01 4.293975589810000021e-02 -4.208899572490000240e-01 -1.227015162200000020e+02 8.899913539489999437e+01 5.851692676940000126e+01
2.416081299979999930e-01 4.140763453489999801e-02 -4.244246419520000257e-01 -1.227219407679999961e+02 8.917415068559999725e+01 5.832522985720000008e+01
2.333777761289999864e-01 3.958909159719999765e-02 -4.252503427129999958e-01 -1.224108647599999955e+02 8.919647868129999324e+01 5.847690180330000231e+01
2.333912771180000068e-01 3.413941800100000340e-02 -4.265957328630000100e-01 -1.227256995900000049e+02 8.922915312959999312e+01 5.858128600170000055e+01
2.308614650069999996e-01 3.876450634629999975e-02 -4.239037784599999914e-01 -1.228745415249999979e+02 8.930955563770000083e+01 5.883593280379999868e+01
2.390602009520000071e-01 3.460864975160000273e-02 -4.215771243609999774e-01 -1.226641843879999954e+02 8.894475816370000132e+01 5.840462078350000041e+01
2.333615349829999963e-01 3.797831432200000218e-02 -4.280089273630000024e-01 -1.227175709699999970e+02 8.938765182129999687e+01 5.811089317529999931e+01
2.361241998770000072e-01 3.935298503060000175e-02 -4.225921329449999764e-01 -1.230146946050000025e+02 8.945963259660000233e+01 5.821770421970000342e+01
2.403589561870000113e-01 4.143793866989999714e-02 -4.222769948749999780e-01 -1.228386363430000046e+02 8.904904340529999729e+01 5.823902597149999849e+01
2.340555692259999876e-01 3.244879109709999931e-02 -4.214307347469999909e-01 -1.229468064029999965e+02 8.917328030170000375e+01 5.838903517989999870e+01
2.357672133020000116e-01 3.290716747689999971e-02 -4.292929657790000020e-01 -1.227948398810000015e+02 8.928121530149999785e+01 5.854586856190000077e+01
2.354331768310000128e-01 3.754117009099999791e-02 -4.301269370629999811e-01 -1.230010815499999950e+02 8.922794795820000502e+01 5.823344888649999973e+01
2.349384918159999891e-01 3.784487135479999709e-02 -4.234063125879999889e-01 -1.231950328150000047e+02 8.885203036699999757e+01 5.847729672199999840e+01
2.385907394490000000e-01 3.414053616450000300e-02 -4.239225418940000267e-01 -1.228340488430000050e+02 8.920487500100000489e+01 5.868412489149999800e+01
2.359230474700000080e-01 4.168592786530000288e-02 -4.253477473510000051e-01 -1.228920764310000067e+02 8.891781772779999926e+01 5.816542783829999763e+01
2.318475245159999920e-01 4.118367448560000116e-02 -4.219418869070000189e-01 -1.226829392430000070e+02 8.876594157350000103e+01 5.838863784769999654e+01
2.363090922140000105e-01 3.769563973360000320e-02 -4.281397359529999780e-01 -1.229094982860000016e+02 8.922723125070000094e+01 5.805950025140000292e+01
2.388157915169999979e-01 3.875222573699999701e-02 -4.252689179909999728e-01 -1.226640646379999993e+02 8.915005317450000177e+01 5.860163770639999825e+01
2.382593055939999926e-01 3.571880605239999978e-02 -4.279123857120000207e-01 -1.227288957600000003e+02 8.908743638949999877e+01 5.862446004560000290e+01
2.318456841629999987e-01 3.799474900710000241e-02 -4.239315694299999882e-01 -1.228317169519999936e+02 8.879108015159999923e+01 5.874132620790000203e+01
2.355187491190000038e-01 3.676724447279999808e-02 -4.299903458820000246e-01 -1.227216066640000065e+02 8.900043781669999987e+01 5.866644846399999835e+01
2.341123610589999904e-01 3.434539433989999835e-02 -4.269982385130000058e-01 -1.224882201340000023e+02 8.945552033520000634e+01 5.818002944469999704e+01
2.379127529410000053e-01 3.617286034299999758e-02 -4.269141836199999984e-01 -1.229005218759999991e+02 8.906007167670000513e+01 5.797902930330000260e+01
2.334741182860000097e-01 3.846779745369999920e-02 -4.249530952610000023e-01 -1.227384811879999944e+02 8.934066569869999341e+01 5.841149121509999986e+01
2.378018167660000126e-01 3.880799809299999986e-02 -4.221617751080000147e-01 -1.226064299300000044e+02 8.921961963319999711e+01 5.823862128950000283e+01
2.311196528970000108e-01 4.027788257190000054e-02 -4.264388807210000021e-01 -1.224870868010000038e+02 8.911135761319999915e+01 5.854366774649999883e+01
2.350961489310000041e-01 3.794857177629999689e-02 -4.221596451219999935e-01 -1.226743687660000006e+02 8.926540272559999778e+01 5.847561091400000066e+01
2.374219252839999961e-01 3.424422932690000115e-02 -4.182851646140000046e-01 -1.228569695449999983e+02 8.942769595469999899e+01 5.848774847269999810e+01
2.387840198769999867e-01 3.960523777529999928e-02 -4.232314142620000053e-01 -1.227630087720000063e+02 8.863397191469999825e+01 5.824742186080000295e+01
2.345184851200000087e-01 3.732824546210000011e-02 -4.264010594059999826e-01 -1.225592970830000041e+02 8.926659903469999335e+01 5.864007348519999852e+01
2.415615090730000025e-01 4.098712196510000128e-02 -4.166037643789999856e-01 -1.228312597940000046e+02 8.917456380289999629e+01 5.834718408660000222e+01
2.377403839460000001e-01 3.866543689390000010e-02 -4.249505442240000264e-01 -1.228507315909999988e+02 8.880312736109999605e+01 5.807830091339999967e+01
2.377174982589999874e-01 3.724771787959999664e-02 -4.257631649290000153e-01 -1.229624448929999971e+02 8.898013426599999320e+01 5.832542088510000156e+01
2.325567225429999996e-01 4.016864785620000156e-02 -4.216092280109999813e-01 -1.226905786749999976e+02 8.916900686179999980e+01 5.861037440789999664e+01
2.346235138820000066e-01 3.265960974749999857e-02 -4.243832773139999959e-01 -1.226544684579999966e+02 8.936874563400000682e+01 5.851197363139999652e+01
2.367966649469999962e-01 4.403637713349999733e-02 -4.212006606070000103e-01 -1.228239349079999982e+02 8.928222736460000419e+01 5.832842943509999856e+01
2.403872019649999914e-01 3.914305299060000243e-02 -4.246234044109999939e-01 -1.229609618970000042e+02 8.904171490900000663e+01 5.812270155969999763e+01
2.359304046579999981e-01 3.828574510930000258e-02 -4.284212108450000112e-01 -1.228348823240000058e+02 8.923321625910000421e+01 5.852125897239999830e+01
2.336536499319999960e-01 3.813977374150000210e-02 -4.208410251809999725e-01 -1.225002997520000037e+02 8.917497512449999419e+01 5.853685971680000222e+01
2.375617393159999979e-01 3.602371375099999717e-02 -4.231555252640000209e-01 -1.230352724340000066e+02 8.916947903800000574e+01 5.843206744380000117e+01
2.344158618970000052e-01 3.566970157160000154e-02 -4.238969202080000165e-01 -1.230757556450000010e+02 8.945735620649999476e+01 5.837320031430000000e+01
2.346240263029999995e-01 3.750786977940000211e-02 -4.253544450469999849e-01 -1.222170251919999941e+02 8.894316562429999351e+01 5.818833172410000287e+01
2.367564448589999926e-01 3.921899856629999792e-02 -4.291147746100000271e-01 -1.226301300279999964e+02 8.917918538649999505e+01 5.813016105839999881e+01
2.351981940129999893e-01 3.801994100159999945e-02 -4.239084120200000139e-01 -1.231559582849999970e+02 8.899710489909999467e+01 5.851501938460000218e+01
2.387844586919999901e-01 4.120848527109999965e-02 -4.263407008690000000e-01 -1.226112529250000023e+02 8.883382124489999399e+01 5.816151759609999772e+01
2.382349190149999907e-01 3.702134549160000093e-02 -4.252883973750000157e-01 -1.232006841070000007e+02 8.926660660100000655e+01 5.863048018260000305e+01
2.347297181580000058e-01 4.202747694890000135e-02 -4.234532972919999860e-01 -1.228392118339999968e+02 8.892119239939999886e+01 5.810722710459999973e+01
2.328048071230000016e-01 3.929258947739999730e-02 -4.243006748490000257e-01 -1.229838056579999943e+02 8.892216690729999584e+01 5.812120082509999719e+01
2.351823377039999885e-01 4.005621731779999972e-02 -4.241156539829999961e-01 -1.226690478170000063e+02 8.962031952940000679e+01 5.824695032799999694e+01
2.347511132070000117e-01 3.638483643629999986e-02 -4.238247977810000178e-01 -1.223353288710000015e+02 8.888520235059999663e+01 5.848703086649999960e+01
2.392613744750000104e-01 3.919376349010000177e-02 -4.301120846359999805e-01 -1.225370176480000026e+02 8.914055456379999498e+01 5.862086204650000099e+01
2.418385798159999878e-01 3.861961148220000029e-02 -4.215595024759999920e-01 -1.228020412110000024e+02 8.920086485599999548e+01 5.855709973809999980e+01
2.331658762419999975e-01 3.644774945459999804e-02 -4.263280474009999987e-01 -1.228149503230000050e+02 8.948618633149999368e+01 5.829750731589999901e+01
2.331376183639999877e-01 4.544623074419999742e-02 -4.242385971079999929e-01 -1.227059761259999959e+02 8.889171555919999435e+01 5.854616655310000084e+01
2.371447473280000051e-01 3.649085898070000139e-02 -4.296249796039999791e-01 -1.230519714849999957e+02 8.936422933599999396e+01 5.826163844700000283e+01
2.379757999400000101e-01 4.096475243270000094e-02 -4.281492717770000178e-01 -1.227646489520000017e+02 8.908782499640000196e+01 5.831817369910000082e+01
2.354003265590000060e-01 3.916087236409999950e-02 -4.256092806419999874e-01 -1.224779060900000047e+02 8.953600061509999364e+01 5.830368624999999838e+01
2.356818129530000028e-01 4.113926429550000125e-02 -4.291221897629999837e-01 -1.228505192559999983e+02 8.901253675680000299e+01 5.847505813539999764e+01
2.317301603059999937e-01 3.699345451480000324e-02 -4.231249250940000151e-01 -1.227028728909999984e+02 8.911568556000000285e+01 5.833756730110000177e+01
2.377910047250000047e-01 4.446241350769999934e-02 -4.246307822670000176e-01 -1.227770872189999949e+02 8.888390554299999735e+01 5.865228565089999790e+01
2.382017649100000023e-01 3.898228173400000024e-02 -4.253289292560000212e-01 -1.230308132419999936e+02 8.864071141409999655e+01 5.849463103429999933e+01
2.405173345390000106e-01 3.622265777500000006e-02 -4.224858830170000190e-01 -1.228127758610000058e+02 8.920431720439999879e+01 5.826200963430000002e+01
2.357901871339999900e-01 3.515976522480000060e-02 -4.219213067600000033e-01 -1.229372575950000055e+02 8.905301397700000621e+01 5.850835125559999739e+01
2.329674715180000133e-01 3.134530847050000235e-02 -4.215958886669999850e-01 -1.227304031150000014e+02 8.945688107329999639e+01 5.848748450080000083e+01
2.296890431920000086e-01 4.493680022169999760e-02 -4.215156669760000141e-01 -1.225323057760000012e+02 8.894964096280000376e+01 5.858442698769999879e+01
2.385673779489999868e-01 3.300767435930000021e-02 -4.217330097700000002e-01 -1.227562294340000051e+02 8.902623683870000093e+01 5.835490563569999978e+01
2.357508620640000052e-01 4.191654712409999956e-02 -4.337322182339999888e-01 -1.226779455180000014e+02 8.886892169390000618e+01 5.850829400460000329e+01
2.342137406639999975e-01 3.800252551020000258e-02 -4.281063895530000107e-01 -1.226055913809999964e+02 8.945868264269999770e+01 5.871043758380000099e+01
2.319926157799999944e-01 3.703814881899999967e-02 -4.235706556520000277e-01 -1.226951975919999995e+02 8.916384241629999963e+01 5.820719978160000352e+01
2.394456233900000008e-01 3.867302592099999825e-02 -4.245997268210000009e-01 -1.228136329369999942e+02 8.917737043249999829e+01 5.811155239829999886e+01
2.371592200460000133e-01 3.605451617290000160e-02 -4.238919616490000042e-01 -1.229073218310000044e+02 8.883312756559999457e+01 5.836912960130000272e+01
2.381766598030000126e-01 4.445795784039999893e-02 -4.218105392170000134e-01 -1.226305312820000069e+02 8.921758897249999620e+01 5.849182270490000235e+01
2.371210415929999871e-01 3.625392787139999906e-02 -4.253347134789999817e-01 -1.230586453699999936e+02 8.887572247750000543e+01 5.819854843219999907e+01
2.349981164280000034e-01 3.786140458690000210e-02 -4.237640637249999731e-01 -1.224841926940000008e+02 8.899834364650000396e+01 5.845374142949999907e+01
2.394184200799999995e-01 3.598305061660000276e-02 -4.264511554639999757e-01 -1.225346257869999960e+02 8.945796393310000383e+01 5.823816189699999768e+01
2.355369234820000046e-01 4.072914209740000069e-02 -4.245543061829999965e-01 -1.225413405049999938e+02 8.927534601179999640e+01 5.851381794190000107e+01
2.355674796289999873e-01 3.753879891269999713e-02 -4.230689864200000150e-01 -1.230041192369999976e+02 8.886777058689999365e+01 5.845951460900000285e+01
2.353463199939999917e-01 3.812886535670000077e-02 -4.232989977930000092e-01 -1.227986380039999972e+02 8.944879844659999435e+01 5.881193413809999981e+01
2.331775164540000056e-01 3.252477394080000028e-02 -4.226219112779999731e-01 -1.226559333830000043e+02 8.934566713930000503e+01 5.846782599200000163e+01
2.329831709200000101e-01 4.245835085329999897e-02 -4.237077642829999991e-01 -1.228401835140000031e+02 8.891379607359999682e+01 5.877504639379999674e+01
2.359155748200000013e-01 3.471306507039999961e-02 -4.236703442220000060e-01 -1.227194030459999965e+02 8.950333235829999978e+01 5.842889056260000302e+01
2.356937095280000061e-01 3.868611207770000088e-02 -4.239687470840000083e-01 -1.230355784970000030e+02 8.907455119959999479e+01 5.824076364780000148e+01
2.346047821139999878e-01 3.852859048340000203e-02 -4.208137090169999928e-01 -1.224956797960000046e+02 8.906672414119999814e+01 5.832525031019999773e+01
2.364579677900000010e-01 3.538358565119999882e-02 -4.271853733300000067e-01 -1.229133347409999999e+02 8.930483504609999557e+01 5.837180550880000141e+01
2.405091090679999932e-01 3.276313540910000266e-02 -4.284388943699999897e-01 -1.226699894439999952e+02 8.908994137499999511e+01 5.823159579490000226e+01
2.358910218299999917e-01 4.070900002620000263e-02 -4.256267140880000133e-01 -1.227737804669999946e+02 8.915145366020000495e+01 5.825720094820000128e+01
2.351586389020000056e-01 3.993364550959999787e-02 -4.233991662459999916e-01 -1.226307304479999942e+02 8.907182752810000181e+01 5.864570675230000063e+01
2.386597158269999908e-01 3.782673024949999990e-02 -4.258489404349999896e-01 -1.232367039009999985e+02 8.894141256020000696e+01 5.833136025019999948e+01
2.342179597640000055e-01 3.756971263520000187e-02 -4.302163802489999966e-01 -1.227521994580000069e+02 8.913837994239999318e+01 5.831998970050000253e+01
2.394521402199999982e-01 3.146418932620000108e-02 -4.221589983169999893e-01 -1.229307904639999975e+02 8.928907244079999828e+01 5.852156620499999917e+01
2.364759893230000132e-01 3.582911576640000068e-02 -4.243987659969999937e-01 -1.227299230469999998e+02 8.915697218850000638e+01 5.857558232470000092e+01
2.356438407610000063e-01 4.339600623999999990e-02 -4.269008136079999738e-01 -1.226285310640000006e+02 8.875037431500000196e+01 5.832749561170000163e+01
2.368480950000000085e-01 3.681878955920000335e-02 -4.285106267739999808e-01 -1.230961475309999997e+02 8.925894541450000474e+01 5.873405858680000335e+01
2.370531819689999931e-01 4.009971229189999986e-02 -4.226053063460000203e-01 -1.226180823709999999e+02 8.902212110499999653e+01 5.822767227439999971e+01
2.335197710199999888e-01 3.588486640509999659e-02 -4.216261697209999770e-01 -1.231179416110000062e+02 8.918632853799999793e+01 5.837402333930000253e+01
2.370049364350000076e-01 4.194130042199999825e-02 -4.215081240099999849e-01 -1.226814165870000011e+02 8.915209065290000012e+01 5.819742472549999945e+01
2.339065581039999897e-01 3.837898347270000260e-02 -4.220036671540000062e-01 -1.226889821679999955e+02 8.917019046839999419e+01 5.856400959350000335e+01
2.391183480400000116e-01 3.687434047219999983e-02 -4.291737401929999751e-01 -1.228468328670000034e+02 8.918436035380000249e+01 5.857482514240000171e+01
2.358483305640000083e-01 3.792094862439999992e-02 -4.263797658149999781e-01 -1.224715432299999947e+02 8.931071803490000605e+01 5.797078469430000069e+01
2.383677890439999947e-01 3.568310819909999848e-02 -4.236202233690000152e-01 -1.229388142640000012e+02 8.876284179329999802e+01 5.863272360919999926e+01
2.401680878609999958e-01 3.973640783400000237e-02 -4.242241554260000047e-01 -1.229104834089999940e+02 8.917518150899999796e+01 5.830181573200000145e+01
2.395575380340000116e-01 3.730056971159999984e-02 -4.174311331539999892e-01 -1.229554857480000010e+02 8.915836431939999329e+01 5.845060882930000190e+01
2.383922339439999982e-01 3.308536815910000095e-02 -4.254376367189999786e-01 -1.226224756160000027e+02 8.893298439320000170e+01 5.836516810389999677e+01
2.362754539159999945e-01 3.570801560149999831e-02 -4.284478842450000213e-01 -1.224379783589999988e+02 8.898476972119999573e+01 5.840922711870000228e+01
2.351134546160000005e-01 4.309960036939999850e-02 -4.256805701249999907e-01 -1.228496550020000058e+02 8.939338900990000525e+01 5.848815635879999775e+01
2.350764814209999887e-01 3.357421149900000068e-02 -4.218567239489999787e-01 -1.229482751219999983e+02 8.910209997009999938e+01 5.850091568610000081e+01
2.382685502849999915e-01 4.049339417469999952e-02 -4.210870078150000251e-01 -1.229495581879999975e+02 8.893389494939999906e+01 5.813497343419999908e+01
2.386231546029999873e-01 4.028422451659999931e-02 -4.251039534209999915e-01 -1.229289796770000009e+02 8.895365780909999387e+01 5.812288326179999842e+01
2.349622458099999978e-01 3.784476069750000032e-02 -4.213587799919999988e-01 -1.230477830170000004e+02 8.951301996249999604e+01 5.834155940130000317e+01
2.361722824480000094e-01 3.344213380230000310e-02 -4.259693729030000209e-01 -1.230541091500000022e+02 8.938146226199999944e+01 5.858958527869999955e+01
2.345573730830000092e-01 4.068157237699999984e-02 -4.216950309279999809e-01 -1.227990872120000034e+02 8.923077183920000266e+01 5.861089324459999972e+01
2.330930678779999932e-01 3.908070578410000051e-02 -4.220778480260000132e-01 -1.228771465829999983e+02 8.915902742759999455e+01 5.855156067269999909e+01
2.325850610769999993e-01 3.701118453209999853e-02 -4.218530030439999745e-01 -1.226380026829999963e+02 8.886746163269999954e+01 5.832453389959999868e+01
2.392238423399999925e-01 3.574213850349999833e-02 -4.266457614410000265e-01 -1.229445182599999953e+02 8.897113130850000573e+01 5.835530745289999999e+01
2.367295156199999973e-01 3.589862904930000292e-02 -4.204433038529999944e-01 -1.225652370690000055e+02 8.902595796340000334e+01 5.877236621689999652e+01
2.358174709499999966e-01 3.907176081190000261e-02 -4.252243648569999923e-01 -1.228125701219999968e+02 8.904706206939999902e+01 5.860845537010000328e+01
2.380817632099999914e-01 3.792443826169999976e-02 -4.252827888210000129e-01 -1.230238982529999987e+02 8.951034065950000240e+01 5.839539884340000242e+01
2.359264591640000130e-01 4.438454782770000218e-02 -4.264363991719999913e-01 -1.225722664219999984e+02 8.872712084290000689e+01 5.825524573580000265e+01
2.325536072309999924e-01 3.470706255460000167e-02 -4.302607479719999795e-01 -1.224561828639999987e+02 8.926478059420000477e+01 5.871829406079999814e+01
2.298955973930000007e-01 3.182478132069999771e-02 -4.283713798289999763e-01 -1.226236987879999987e+02 8.937181119269999385e+01 5.864043620439999671e+01
2.334720509519999931e-01 3.399625152750000018e-02 -4.208408519690000071e-01 -1.229340922880000022e+02 8.940758240009999724e+01 5.853844051610000321e+01
2.389851508780000133e-01 3.385932885379999702e-02 -4.238264804040000056e-01 -1.227537142609999989e+02 8.909986538190000260e+01 5.840254090009999999e+01
2.387343167490000029e-01 3.353977743290000035e-02 -4.270887323079999853e-01 -1.227726846930000022e+02 8.908430412309999724e+01 5.862927523390000317e+01
2.359409182820000062e-01 3.887731428320000127e-02 -4.214875004879999887e-01 -1.226021812609999984e+02 8.915999233329999640e+01 5.841823805359999966e+01
2.399920894919999881e-01 3.799468590360000064e-02 -4.231166335289999747e-01 -1.229064437029999937e+02 8.879003804490000107e+01 5.859876801010000236e+01
2.388352610199999948e-01 3.327534163789999666e-02 -4.294279863020000199e-01 -1.228434734730000031e+02 8.901045230450000645e+01 5.858578934709999686e+01
2.343916018970000070e-01 4.087483623899999807e-02 -4.188734808340000004e-01 -1.227217561020000005e+02 8.935616041350000671e+01 5.834889196860000027e+01
2.386360149210000059e-01 3.599684659179999691e-02 -4.256574723389999759e-01 -1.223501554930000026e+02 8.944194266600000276e+01 5.848374842890000025e+01
2.412438971889999950e-01 3.577632680029999707e-02 -4.212440510259999882e-01 -1.228389539110000044e+02 8.915097438200000113e+01 5.828275259059999769e+01
2.359311081600000137e-01 3.453040955609999740e-02 -4.269209647380000083e-01 -1.226006234559999939e+02 8.882416657599999610e+01 5.854163719150000134e+01
2.363597742109999900e-01 3.441592907280000002e-02 -4.226673494670000197e-01 -1.230631026199999951e+02 8.943295937589999767e+01 5.835898201789999717e+01
2.330359189220000127e-01 3.798391738770000303e-02 -4.235467474949999866e-01 -1.229397112759999970e+02 8.879856168429999741e+01 5.858553269640000138e+01
2.376021945579999961e-01 4.222420373670000143e-02 -4.189391516750000100e-01 -1.229066880310000016e+02 8.902915935320000074e+01 5.841472281339999739e+01
2.414947463279999984e-01 3.583591937149999823e-02 -4.258046826720000011e-01 -1.230110200729999974e+02 8.919200566320000689e+01 5.860387593499999781e+01
2.291377301589999915e-01 3.798631473590000085e-02 -4.320918326800000098e-01 -1.227225239960000067e+02 8.907338474350000013e+01 5.844284184140000349e+01
2.361440535250000083e-01 3.159807751879999821e-02 -4.234935438640000105e-01 -1.228515855609999932e+02 8.945850956740000015e+01 5.848126165099999696e+01
2.372999483430000001e-01 3.554411803939999670e-02 -4.258136530580000079e-01 -1.229602952569999985e+02 8.934060955789999525e+01 5.809068893199999906e+01
2.390260156060000085e-01 3.752064736820000246e-02 -4.203859074379999727e-01 -1.228210212249999955e+02 8.909501325710000685e+01 5.819066773499999812e+01
2.367866710769999938e-01 3.907106384439999747e-02 -4.220738801139999885e-01 -1.229058848490000031e+02 8.917307789810000429e+01 5.821861883609999921e+01
2.402527022669999901e-01 4.009680111769999694e-02 -4.246478721809999746e-01 -1.231888748530000015e+02 8.898175807280000527e+01 5.825249748049999710e+01
2.343361522179999989e-01 3.908493461200000102e-02 -4.251431027550000019e-01 -1.227064633330000021e+02 8.888477125650000232e+01 5.875916161260000337e+01
2.353322220559999900e-01 3.661576075539999670e-02 -4.279536780050000044e-01 -1.226186844580000042e+02 8.902432295069999668e+01 5.859056118510000033e+01
2.453373916780000052e-01 3.725771973429999745e-02 -4.219275911650000044e-01 -1.230458954449999993e+02 8.904281159459999628e+01 5.845115690210000281e+01
2.329159110800000099e-01 4.076606989249999952e-02 -4.201677882370000172e-01 -1.227293146049999990e+02 8.883325059899999587e+01 5.862036696829999727e+01
2.384543294160000049e-01 3.278597853799999906e-02 -4.244425555860000254e-01 -1.226698278970000047e+02 8.934141801750000411e+01 5.850126559440000307e+01
2.331827499449999896e-01 3.889060154469999725e-02 -4.255569379899999949e-01 -1.229232203300000066e+02 8.907698427169999889e+01 5.829782041909999890e+01
2.364811782219999881e-01 4.064589721560000340e-02 -4.299552164989999814e-01 -1.225760939620000016e+02 8.929733034010000381e+01 5.810581213860000105e+01
2.358760236059999904e-01 3.728330131509999951e-02 -4.223244598700000019e-01 -1.229980716489999963e+02 8.897933088119999923e+01 5.823541822220000341e+01
2.366123773159999888e-01 4.327824083159999974e-02 -4.243317803509999986e-01 -1.223797902520000065e+02 8.908892634970000302e+01 5.835911995419999698e+01
2.353274707609999961e-01 3.737080940740000051e-02 -4.254187972830000275e-01 -1.227202211350000027e+02 8.886666039039999987e+01 5.830785186210000148e+01
2.384281908239999914e-01 3.746199777419999960e-02 -4.272642001340000162e-01 -1.223067786729999966e+02 8.920861452120000479e+01 5.859576595010000233e+01
2.399136643960000093e-01 4.331649829599999724e-02 -4.224792643170000028e-01 -1.228477033909999960e+02 8.903487383419999901e+01 5.862002339490000224e+01
2.410121456110000115e-01 3.943341608700000334e-02 -4.284295537380000130e-01 -1.229932897599999961e+02 8.892462086470000315e+01 5.840901775430000242e+01
2.379676500809999873e-01 4.465799120010000012e-02 -4.300758129219999781e-01 -1.227801379210000050e+02 8.916578812279999511e+01 5.828806098460000129e+01
2.353893969889999938e-01 4.032462821910000328e-02 -4.260010709450000044e-01 -1.230007696400000015e+02 8.928008709579999902e+01 5.865710891959999884e+01
2.369728165649999940e-01 3.807674408270000227e-02 -4.281690158970000160e-01 -1.224234820749999955e+02 8.940296051229999819e+01 5.818439391830000318e+01
2.352474389099999952e-01 3.825144222569999697e-02 -4.267573916429999725e-01 -1.226830618150000021e+02 8.905051302350000242e+01 5.857448022279999833e+01
2.347689014060000134e-01 4.039158091520000243e-02 -4.257222058849999824e-01 -1.228720111490000022e+02 8.926029964699999653e+01 5.847256012180000084e+01
2.315809784450000020e-01 2.950529456819999882e-02 -4.262197424460000272e-01 -1.227366740660000062e+02 8.944912405040000181e+01 5.860268622609999767e+01
2.323941717019999964e-01 2.911964440330000112e-02 -4.255140058329999753e-01 -1.224607049380000063e+02 8.923262374029999933e+01 5.846963314290000113e+01
2.354974688710000097e-01 3.654353557409999870e-02 -4.241767749859999825e-01 -1.226191393560000051e+02 8.926481278849999512e+01 5.843089829470000041e+01
2.348784340489999956e-01 3.908547207029999804e-02 -4.209332329730000044e-01 -1.230452882459999984e+02 8.893634369689999630e+01 5.819135938409999653e+01
2.382321788419999864e-01 4.504969208370000061e-02 -4.235439032130000059e-01 -1.228775779340000014e+02 8.907822034880000217e+01 5.860069992489999890e+01
2.395143214229999984e-01 3.717698950380000228e-02 -4.234947819750000120e-01 -1.227422948699999949e+02 8.892588911539999685e+01 5.860515235759999797e+01
2.350548013490000032e-01 4.152128176520000075e-02 -4.248122659410000224e-01 -1.223511142050000018e+02 8.905111004980000189e+01 5.831365588959999968e+01
2.330851427719999869e-01 3.500956095579999677e-02 -4.255747291829999890e-01 -1.226122346669999956e+02 8.924435330619999718e+01 5.874858020549999793e+01
2.339748260760000087e-01 3.961502316829999815e-02 -4.304166301080000201e-01 -1.224100382639999935e+02 8.936264600760000576e+01 5.837486543389999838e+01
2.364486086739999993e-01 3.875022634929999737e-02 -4.208737425590000081e-01 -1.225921915549999994e+02 8.897881910360000290e+01 5.819518781160000032e+01
2.342749165549999901e-01 3.935690779170000070e-02 -4.227138902209999771e-01 -1.224791801239999955e+02 8.891492949880000651e+01 5.839625490110000072e+01
2.390255169899999921e-01 3.741013892509999911e-02 -4.267464302899999784e-01 -1.229225976059999965e+02 8.920374794159999965e+01 5.829265476369999988e+01
2.329424586659999963e-01 3.811131875649999973e-02 -4.284426427410000238e-01 -1.223989745930000055e+02 8.877109596210000575e+01 5.825120279419999747e+01
2.378777301030000069e-01 3.906318136010000081e-02 -4.263498259860000195e-01 -1.227639040220000055e+02 8.913080044020000514e+01 5.863947535020000146e+01
2.393554436560000054e-01 3.550304694669999955e-02 -4.319818390660000174e-01 -1.227159427320000020e+02 8.933674105240000074e+01 5.834837745819999810e+01
2.373164080100000073e-01 3.762530592660000284e-02 -4.255779704670000219e-01 -1.229090661390000037e+02 8.876464938370000368e+01 5.826112988029999684e+01
2.409077897480000063e-01 4.200948738120000026e-02 -4.295701889779999783e-01 -1.225786927730000002e+02 8.919751718819999553e+01 5.816183539539999714e+01
2.371911254540000069e-01 3.957262168939999769e-02 -4.242186613460000033e-01 -1.222613523140000069e+02 8.901814776450000011e+01 5.842307912089999888e+01
2.356171217320000011e-01 4.019767998740000209e-02 -4.273729350500000135e-01 -1.227910932550000069e+02 8.873719023670000183e+01 5.860595597999999740e+01
2.339201520220000052e-01 3.844988660269999664e-02 -4.219228545720000167e-01 -1.229599355440000039e+02 8.902175447519999807e+01 5.889249385699999806e+01
2.280594190740000138e-01 4.063780318920000301e-02 -4.240076740070000128e-01 -1.226329240000000027e+02 8.917250035729999524e+01 5.854468988229999837e+01
2.364741273990000059e-01 3.681325001550000281e-02 -4.248355887770000061e-01 -1.225306737700000070e+02 8.862870417000000600e+01 5.824230177390000307e+01
2.379786622929999929e-01 3.652264736940000200e-02 -4.257597905100000135e-01 -1.227440954239999940e+02 8.897182246430000419e+01 5.802949290570000329e+01
2.350459962089999910e-01 3.207792305579999781e-02 -4.203736866719999798e-01 -1.227706938409999964e+02 8.920968546049999759e+01 5.876128927260000268e+01
2.346302702180000088e-01 3.689313971649999663e-02 -4.230855846959999944e-01 -1.226561332710000016e+02 8.922637259009999866e+01 5.825254005000000035e+01
2.327503581170000113e-01 3.991555231289999756e-02 -4.245330939870000098e-01 -1.227505786960000052e+02 8.902471822840000470e+01 5.844070435569999944e+01
2.314972674200000136e-01 3.497000915890000061e-02 -4.202508654270000199e-01 -1.226743787810000015e+02 8.921868573609999942e+01 5.839390260990000314e+01
2.351128624749999896e-01 4.104946413789999776e-02 -4.233319011639999907e-01 -1.226763519830000035e+02 8.896492379110000570e+01 5.877346831909999736e+01
2.399085359769999870e-01 4.013313589349999655e-02 -4.206300806480000043e-01 -1.230016596490000040e+02 8.923511419540000134e+01 5.858598332919999763e+01
2.353071167419999998e-01 3.622335330010000021e-02 -4.288731862740000067e-01 -1.227397146920000068e+02 8.938967809759999739e+01 5.835804690799999861e+01
2.385629766060000101e-01 3.965977300859999805e-02 -4.250643791540000271e-01 -1.230475993630000033e+02 8.901469871940000189e+01 5.860744272379999842e+01
2.352575024620000010e-01 3.811554609130000243e-02 -4.249298679829999759e-01 -1.228601055750000057e+02 8.924342315949999715e+01 5.792988900169999766e+01
2.334359126409999985e-01 3.269072669809999776e-02 -4.202354505950000041e-01 -1.227801404869999971e+02 8.903231679770000540e+01 5.839724026150000213e+01
2.320340749379999901e-01 3.834074189710000302e-02 -4.259127825560000136e-01 -1.226340231319999958e+02 8.918645317860000432e+01 5.829778890280000070e+01
2.375260554729999862e-01 3.825053209530000081e-02 -4.258043142210000132e-01 -1.224105880259999992e+02 8.896135117910000645e+01 5.860457409299999654e+01
2.366344612949999870e-01 4.090599554299999968e-02 -4.237700886749999896e-01 -1.224860663559999949e+02 8.927439634910000166e+01 5.818764651349999895e+01
2.367784391970000069e-01 3.791917562290000182e-02 -4.233236048719999922e-01 -1.227933580690000070e+02 8.930551554480000220e+01 5.841524942659999908e+01
2.385823839910000133e-01 3.765177124539999948e-02 -4.233469777500000197e-01 -1.230116721119999994e+02 8.896468078889999731e+01 5.827414287239999879e+01
2.363810302150000098e-01 3.831975290229999720e-02 -4.237415129609999886e-01 -1.230265604519999982e+02 8.920710704549999548e+01 5.825219167550000066e+01
2.408181345500000070e-01 3.481075617019999818e-02 -4.285466774289999892e-01 -1.227331022909999945e+02 8.928847747640000421e+01 5.852214854380000020e+01
2.385121450400000120e-01 3.884130415990000307e-02 -4.194145642529999995e-01 -1.229803315310000045e+02 8.904234944610000468e+01 5.840171467300000074e+01
2.322546369090000007e-01 3.787079236350000128e-02 -4.290503008509999883e-01 -1.227166201889999968e+02 8.911645502109999484e+01 5.846351034839999983e+01
2.377419671719999961e-01 3.738322261279999892e-02 -4.222212559519999964e-01 -1.226029077099999967e+02 8.917260613989999740e+01 5.838693414950000005e+01
2.385937196479999967e-01 3.266890442019999841e-02 -4.292111528529999886e-01 -1.228966152419999958e+02 8.920956366389999914e+01 5.829070739609999663e+01
2.347921397599999904e-01 3.436406024750000149e-02 -4.248423578530000078e-01 -1.228903865759999974e+02 8.945697796679999669e+01 5.868068658549999839e+01
2.356806948890000086e-01 4.032653736120000304e-02 -4.177909058359999817e-01 -1.228066861220000021e+02 8.908419381810000459e+01 5.861135166140000052e+01
2.305238944340000096e-01 3.639137873210000068e-02 -4.229955592979999790e-01 -1.227408103009999962e+02 8.920085848520000127e+01 5.867859541509999843e+01
2.307151036470000138e-01 3.943212299459999959e-02 -4.277143962969999769e-01 -1.224648755080000058e+02 8.913839050340000369e+01 5.876484531610000062e+01
2.393181089289999897e-01 3.715294285910000077e-02 -4.280327271420000246e-01 -1.226693848190000011e+02 8.875028424970000174e+01 5.835334267300000022e+01
2.384554390589999906e-01 3.883375045219999988e-02 -4.238805241749999952e-01 -1.228293724429999969e+02 8.896158680349999770e+01 5.858254363860000069e+01
2.342381749659999957e-01 3.877943189329999957e-02 -4.275276713050000232e-01 -1.225998266950000044e+02 8.930318647480000038e+01 5.859693710860000238e+01
2.340915894260000019e-01 4.013600193129999993e-02 -4.296518532360000253e-01 -1.225229663199999948e+02 8.877537771849999615e+01 5.844402452530000147e+01
2.357600884459999935e-01 3.987330533820000050e-02 -4.197776097970000175e-01 -1.229512033480000071e+02 8.882391198640000596e+01 5.837503329989999656e+01
2.302232634170000014e-01 4.115190190239999962e-02 -4.212434816219999822e-01 -1.226573125139999973e+02 8.911726104250000446e+01 5.870946543240000182e+01
2.327482288180000025e-01 4.351531598260000022e-02 -4.199555107469999937e-01 -1.226416108730000047e+02 8.890259554989999913e+01 5.833623970730000252e+01
2.345340729629999954e-01 3.800529729220000069e-02 -4.274685722389999776e-01 -1.229235500770000016e+02 8.902294619020000255e+01 5.865858112859999807e+01
2.356051888740000044e-01 4.074814889410000029e-02 -4.212329642040000266e-01 -1.227106028769999995e+02 8.882407304049999652e+01 5.858795394780000265e+01
2.363976914729999934e-01 4.240997639119999801e-02 -4.247596534540000190e-01 -1.227890185579999951e+02 8.911391995149999445e+01 5.851345553899999885e+01
2.373528866930000036e-01 4.209271582319999705e-02 -4.262075676570000193e-01 -1.228668868259999982e+02 8.891242569480000668e+01 5.861513229330000030e+01
2.346991661260000028e-01 3.650933385969999667e-02 -4.257106237830000084e-01 -1.230457718480000011e+02 8.901184381769999732e+01 5.843401243480000318e+01
2.375767531759999940e-01 3.321630241460000327e-02 -4.270563454080000265e-01 -1.226509890669999976e+02 8.908758302760000447e+01 5.838722086039999937e+01
2.357875065030000106e-01 3.964821377399999763e-02 -4.226763231369999874e-01 -1.231264533749999970e+02 8.903297045669999932e+01 5.850339782420000034e+01
2.339495036910000103e-01 3.728368777339999968e-02 -4.283053703390000133e-01 -1.228916206650000049e+02 8.904737940649999928e+01 5.844946857459999734e+01
2.411450513129999862e-01 4.024207206129999659e-02 -4.250586737870000187e-01 -1.226934113580000059e+02 8.883056908579999345e+01 5.813519031919999946e+01
2.364751732879999957e-01 3.478227945980000291e-02 -4.204088483410000077e-01 -1.229690636899999987e+02 8.894851221909999595e+01 5.875940852789999980e+01
2.368859960630000094e-01 3.872170555639999762e-02 -4.222823844679999827e-01 -1.223702680389999955e+02 8.913813935970000557e+01 5.863133134240000288e+01
2.320545677960000053e-01 3.558190316109999946e-02 -4.268917043109999865e-01 -1.229255836170000009e+02 8.941882508369999982e+01 5.838251159450000216e+01
2.366723138600000109e-01 4.249743059569999898e-02 -4.254664307530000023e-01 -1.225584468229999970e+02 8.909056560770000033e+01 5.852184481710000341e+01
2.355045126230000119e-01 3.658676808229999883e-02 -4.248298282030000261e-01 -1.228616036269999938e+02 8.909320699699999579e+01 5.838098880159999737e+01
2.354649605440000126e-01 3.430733473840000269e-02 -4.235259562420000123e-01 -1.230104734640000004e+02 8.918869882510000480e+01 5.858656994940000118e+01
2.420697172119999907e-01 3.607185723410000211e-02 -4.285359726019999926e-01 -1.226158947579999960e+02 8.897477717760000360e+01 5.817970034239999677e+01
2.339954821169999977e-01 3.885062829819999758e-02 -4.257920918190000181e-01 -1.227749513659999963e+02 8.873238778959999706e+01 5.843181428340000139e+01
2.410075875590000083e-01 3.940353084110000126e-02 -4.222927687570000033e-01 -1.232309617119999956e+02 8.901328469739999605e+01 5.833953622890000190e+01
2.368800335540000024e-01 3.658251822450000329e-02 -4.282630168429999995e-01 -1.224064088960000021e+02 8.906143550829999356e+01 5.863723585740000033e+01
2.342656684259999955e-01 3.888603608050000132e-02 -4.219560152319999924e-01 -1.228180793049999977e+02 8.928561626379999439e+01 5.834038988239999668e+01
2.295804626379999991e-01 4.194104364770000204e-02 -4.221922014280000135e-01 -1.226159185749999949e+02 8.889272589300000504e+01 5.856061908790000103e+01
2.342117361790000130e-01 3.776443429029999882e-02 -4.213155442170000153e-01 -1.230094398549999966e+02 8.912584200909999765e+01 5.832410830060000251e+01
2.395901039580000114e-01 4.324790054949999990e-02 -4.271082415210000205e-01 -1.226362865929999941e+02 8.892225459520000186e+01 5.816947387310000295e+01
2.405761742989999952e-01 3.868438360640000240e-02 -4.306275720009999919e-01 -1.228877099700000031e+02 8.930636827169999492e+01 5.844509717380000069e+01
2.367508143890000027e-01 3.602525495429999974e-02 -4.277777694880000037e-01 -1.227711626990000013e+02 8.957010300509999468e+01 5.872180503549999742e+01
2.336744791990000014e-01 3.357151319059999833e-02 -4.252897503690000192e-01 -1.227298423189999994e+02 8.885013653990000648e+01 5.858249033189999722e+01
2.310062061919999910e-01 3.422858258509999668e-02 -4.262160385579999988e-01 -1.226059359569999998e+02 8.914228983610000512e+01 5.841406655790000002e+01
2.344500320100000035e-01 3.697975282640000166e-02 -4.245634477720000022e-01 -1.230017914090000062e+02 8.909234731370000304e+01 5.853777761109999744e+01
2.380304346780000024e-01 3.859033805729999989e-02 -4.201485407539999883e-01 -1.225752362129999966e+02 8.895325534799999900e+01 5.841379429079999852e+01
2.418196706869999990e-01 3.764299083329999962e-02 -4.183160007880000197e-01 -1.231580123239999978e+02 8.918931083539999349e+01 5.843015235960000098e+01
2.316990730759999895e-01 3.688806088459999771e-02 -4.258003879849999729e-01 -1.224137859549999945e+02 8.877640915480000672e+01 5.849056599659999733e+01
2.336785002629999941e-01 3.604077650529999982e-02 -4.281774680880000017e-01 -1.229182061669999939e+02 8.910688497659999996e+01 5.826310073909999687e+01
2.278458769750000001e-01 3.850254252689999657e-02 -4.242259996960000001e-01 -1.226763008669999948e+02 8.936834432630000435e+01 5.849132489229999976e+01
2.352357025450000083e-01 3.956658605369999665e-02 -4.189070046660000046e-01 -1.228876307369999950e+02 8.893945540320000021e+01 5.864120592510000307e+01
2.271438784310000070e-01 3.709942347020000336e-02 -4.308899267510000186e-01 -1.226493038729999938e+02 8.912060232269999460e+01 5.855744132979999961e+01
2.372655248240000125e-01 4.065079962600000318e-02 -4.205684594179999736e-01 -1.230490369909999941e+02 8.918178914349999786e+01 5.868084815200000293e+01
2.318917125609999963e-01 3.836034689630000299e-02 -4.223456435599999836e-01 -1.228606587600000069e+02 8.910078831580000269e+01 5.872698247080000300e+01
2.390504465889999874e-01 3.578207667660000119e-02 -4.226376288379999902e-01 -1.227404015399999935e+02 8.893632345730000566e+01 5.849025521819999796e+01
2.385320414179999959e-01 3.691050502829999747e-02 -4.264833425269999867e-01 -1.223953755670000021e+02 8.934716278330000705e+01 5.835052267209999854e+01
2.358617504249999886e-01 4.025453210089999928e-02 -4.260737361640000165e-01 -1.230108620259999981e+02 8.906172038430000271e+01 5.817144011500000289e+01
2.368117363389999896e-01 3.788161999539999686e-02 -4.244963331869999745e-01 -1.225381540900000061e+02 8.895528259969999851e+01 5.838311505770000309e+01
2.371319985379999884e-01 3.745266706900000214e-02 -4.215965409129999730e-01 -1.229187364459999969e+02 8.914178655749999791e+01 5.821296353160000336e+01
2.375748301879999913e-01 4.012808466670000213e-02 -4.234149180330000206e-01 -1.227928647969999929e+02 8.913339538930000572e+01 5.829101722709999933e+01
2.410250685039999896e-01 3.409656546619999756e-02 -4.205550734929999757e-01 -1.229709709669999995e+02 8.926499581260000582e+01 5.833446654570000334e+01
2.396578805469999907e-01 3.849666199280000339e-02 -4.228558354690000187e-01 -1.227059011919999989e+02 8.891020130420000100e+01 5.839161760060000006e+01
2.357767145399999875e-01 4.300017193829999695e-02 -4.228921969789999902e-01 -1.225555724230000010e+02 8.899797763739999823e+01 5.847252574800000247e+01
2.378858235749999883e-01 3.685178852780000153e-02 -4.252314369729999766e-01 -1.226427024209999956e+02 8.952090497679999714e+01 5.828359800930000034e+01
2.345398154620000064e-01 3.915202499499999961e-02 -4.237985157640000167e-01 -1.231681168100000008e+02 8.904170748449999451e+01 5.839655585460000253e+01
2.331872298029999957e-01 3.932210321730000152e-02 -4.317060304940000259e-01 -1.226461174599999993e+02 8.894116629479999858e+01 5.863959299649999934e+01
2.311613013259999905e-01 3.793247294069999886e-02 -4.277250030429999850e-01 -1.229600904290000045e+02 8.896040156749999994e+01 5.851188741859999709e+01
2.348599640429999968e-01 3.725486965750000184e-02 -4.234360024189999794e-01 -1.226025766599999969e+02 8.913646121460000415e+01 5.845148450779999649e+01
2.394427180869999894e-01 4.107186358539999943e-02 -4.257771549450000137e-01 -1.227702924289999942e+02 8.916908391440000514e+01 5.855481202920000072e+01
2.348721052709999979e-01 4.043272152190000024e-02 -4.249005711330000046e-01 -1.225999799110000055e+02 8.953310617040000352e+01 5.848424126340000129e+01
2.361125370159999903e-01 3.914831652450000143e-02 -4.233664668530000008e-01 -1.228537790390000026e+02 8.938909096480000471e+01 5.844308385259999739e+01
2.383200256430000052e-01 3.555898598499999952e-02 -4.247174088510000112e-01 -1.226895325889999953e+02 8.895151186089999840e+01 5.847347952129999982e+01
2.413542935519999988e-01 3.578334163670000151e-02 -4.249934524289999960e-01 -1.231216271849999941e+02 8.909870720099999630e+01 5.849471840340000028e+01
2.387821322270000102e-01 3.915748570339999679e-02 -4.315067012439999794e-01 -1.227445199400000035e+02 8.909020628349999527e+01 5.818541178640000311e+01
2.366619718540000084e-01 2.989764344559999940e-02 -4.233097013870000258e-01 -1.228140252710000055e+02 8.950800981339999396e+01 5.847594930220000009e+01
2.382221080159999949e-01 4.252837682979999923e-02 -4.273459097890000002e-01 -1.227693425749999960e+02 8.923259397299999307e+01 5.821541180959999906e+01
2.385074452289999980e-01 3.529405975879999768e-02 -4.256137155170000019e-01 -1.230284341410000053e+02 8.950824991700000055e+01 5.869873673650000256e+01
2.321281578859999972e-01 3.514703625170000068e-02 -4.291407043559999912e-01 -1.227973365849999965e+02 8.911995800610000629e+01 5.822565045289999830e+01
2.356161529059999926e-01 3.721764876969999719e-02 -4.247074849270000008e-01 -1.230363762780000059e+02 8.883451436430000570e+01 5.862730241109999696e+01
2.384404580760000059e-01 3.561981672290000234e-02 -4.251343413550000006e-01 -1.227938355250000058e+02 8.885773203450000324e+01 5.802428482989999736e+01
2.325941508400000135e-01 3.468620218909999886e-02 -4.234291798850000066e-01 -1.226570896150000038e+02 8.920149047110000140e+01 5.863266274400000100e+01
2.362018103369999955e-01 3.202001357349999744e-02 -4.165431738429999919e-01 -1.227875818490000057e+02 8.934296125209999673e+01 5.836498780329999647e+01
2.329508627469999982e-01 3.593960113090000075e-02 -4.212763382759999731e-01 -1.228654534239999947e+02 8.891472101680000151e+01 5.834176997229999984e+01
2.311230701360000028e-01 3.674619494600000341e-02 -4.285950461809999723e-01 -1.224934127239999953e+02 8.922109342599999593e+01 5.838189129949999767e+01
2.365740798510000131e-01 3.964953222510000236e-02 -4.220596410129999754e-01 -1.226128142999999966e+02 8.935319406360000016e+01 5.821283896260000290e+01
2.384823011609999988e-01 4.169998192089999917e-02 -4.277586360569999857e-01 -1.229429281620000012e+02 8.915521640180000418e+01 5.840584379989999775e+01
2.361677330320000046e-01 3.891332442010000253e-02 -4.280811159860000159e-01 -1.227608635569999933e+02 8.944603002889999743e+01 5.857438418230000110e+01
2.328057491059999928e-01 3.882007883710000135e-02 -4.304017054609999837e-01 -1.227930899849999946e+02 8.919873859049999965e+01 5.864599014649999731e+01
2.351010202740000110e-01 3.873051461460000344e-02 -4.260037118089999852e-01 -1.228584649640000066e+02 8.916457892329999879e+01 5.859964316020000297e+01
2.362892800599999954e-01 4.101424179529999936e-02 -4.276093002699999923e-01 -1.230888814019999984e+02 8.927671810169999844e+01 5.845291171880000292e+01
2.333995337470000098e-01 3.169437236320000323e-02 -4.240938908660000228e-01 -1.225133660489999983e+02 8.942910292279999851e+01 5.867684366470000157e+01
2.414044352220000023e-01 3.096058699649999885e-02 -4.253999648790000032e-01 -1.226994647549999939e+02 8.947871107829999460e+01 5.828041746499999931e+01
2.385865297910000071e-01 4.074506968129999740e-02 -4.197580858789999869e-01 -1.229616818220000027e+02 8.907438755649999962e+01 5.812657279070000271e+01
2.363488527400000039e-01 3.969301743189999898e-02 -4.231068873230000027e-01 -1.230325044169999984e+02 8.906351678030000585e+01 5.878124184789999873e+01
2.349317622859999899e-01 3.996386081500000187e-02 -4.287083685829999880e-01 -1.229839153530000004e+02 8.883799161379999987e+01 5.868541032630000132e+01
2.380338744030000009e-01 3.444842724970000047e-02 -4.209859411260000184e-01 -1.228874093219999963e+02 8.916239529919999995e+01 5.860885004629999884e+01
2.323648154559999901e-01 3.855939331890000099e-02 -4.226055428259999913e-01 -1.231607219039999990e+02 8.923139334420000068e+01 5.840277013589999910e+01
2.374880670689999973e-01 3.727064684930000288e-02 -4.242712018989999723e-01 -1.221999449550000065e+02 8.931428518270000438e+01 5.843569978869999915e+01
2.369093389290000129e-01 3.777474243319999675e-02 -4.268484451630000232e-01 -1.230965353649999940e+02 8.920338831569999627e+01 5.859724109849999962e+01
2.387994169859999904e-01 3.807156507099999920e-02 -4.219153121240000193e-01 -1.226871532239999993e+02 8.925742458199999874e+01 5.822006331029999870e+01
2.331748216729999934e-01 3.965988826680000301e-02 -4.193266815339999898e-01 -1.227968763140000021e+02 8.911846576050000124e+01 5.830914495990000290e+01
2.352803209309999866e-01 4.296791469340000003e-02 -4.232568030239999834e-01 -1.227190352260000026e+02 8.921413105300000268e+01 5.862915140399999814e+01
2.398955606529999951e-01 3.661882368399999726e-02 -4.236044439800000228e-01 -1.228828065630000026e+02 8.885186072250000677e+01 5.857915999920000161e+01
2.324540428799999892e-01 3.757092794289999815e-02 -4.281276791170000040e-01 -1.230689309899999984e+02 8.888889293180000095e+01 5.847084754990000022e+01
2.380361354099999882e-01 3.954424391599999783e-02 -4.217045752610000253e-01 -1.227667803629999952e+02 8.918575790830000471e+01 5.800273360589999783e+01
2.393420009189999864e-01 3.224349775140000068e-02 -4.290819870939999725e-01 -1.227726424300000048e+02 8.916184541449999301e+01 5.816546209799999900e+01
2.353376196070000037e-01 3.705767287069999805e-02 -4.182611106420000002e-01 -1.227357046449999984e+02 8.901138921460000120e+01 5.863303073929999698e+01
2.376568983189999984e-01 3.969959056289999733e-02 -4.223513113580000256e-01 -1.224766678999999954e+02 8.917368518249999454e+01 5.858006247200000161e+01
2.372835505700000014e-01 4.304555441909999752e-02 -4.231996659059999999e-01 -1.226439974099999972e+02 8.901099979679999308e+01 5.851849150190000159e+01
2.359808275670000066e-01 3.769594455579999837e-02 -4.236427413589999857e-01 -1.227128785139999962e+02 8.964419373529999291e+01 5.871078980810000303e+01
2.316304416269999999e-01 4.003377593009999763e-02 -4.239866547100000216e-01 -1.227645926059999937e+02 8.900629372699999919e+01 5.846255377399999986e+01
2.343866226999999913e-01 3.834613557040000148e-02 -4.229510866310000061e-01 -1.229219218340000026e+02 8.917102387789999796e+01 5.844693824130000337e+01
2.388188920990000075e-01 3.678649113380000335e-02 -4.315755677529999890e-01 -1.224904546390000064e+02 8.890826270540000564e+01 5.835768994160000034e+01
2.343507980629999932e-01 3.848885991199999662e-02 -4.238779976050000009e-01 -1.225406176569999985e+02 8.909655223430000603e+01 5.840114281569999832e+01
2.319555536469999901e-01 3.949415040550000033e-02 -4.244146437090000057e-01 -1.228448710659999961e+02 8.930437421989999791e+01 5.827725169669999872e+01
2.358389328569999999e-01 2.888693831989999974e-02 -4.265037766570000111e-01 -1.226720384089999953e+02 8.929697386789999314e+01 5.862376410840000318e+01
2.304937798099999935e-01 3.925000563369999973e-02 -4.264327264119999739e-01 -1.225106328389999959e+02 8.886494691810000290e+01 5.841927876639999795e+01
2.396707149320000119e-01 3.699079270629999916e-02 -4.230382043950000059e-01 -1.230975145219999973e+02 8.894537536929999533e+01 5.836741198050000179e+01
2.335662378839999942e-01 3.780768567059999974e-02 -4.250396752669999834e-01 -1.229584910269999938e+02 8.954837604130000273e+01 5.860858549009999763e+01
2.373140602219999951e-01 3.677495770130000119e-02 -4.259739157049999836e-01 -1.230427173479999965e+02 8.878768910050000329e+01 5.852446775960000025e+01
