-2.145779974260000056e-01 2.802279549310000006e-01 8.935957451059999695e-03 -1.195006101299999983e+02 3.177375626039999901e+01 1.684059096569999951e+02
-2.163072050540000013e-01 2.808448648090000055e-01 5.127983669819999833e-03 -1.182573866569999979e+02 3.228842401949999896e+01 1.695096434449999947e+02
-2.150989761060000116e-01 2.731315098379999973e-01 1.201075060730000081e-02 -1.186280108950000027e+02 3.293586331720000260e+01 1.693611378539999919e+02
-2.134630073669999961e-01 2.793921543489999992e-01 9.633824740299999287e-03 -1.197211103159999936e+02 3.198345693379999943e+01 1.682655139869999914e+02
-2.195595680140000061e-01 2.797252180679999922e-01 9.212175883760000475e-03 -1.176950102689999937e+02 3.288528169789999822e+01 1.685910758279999868e+02
-2.164098234949999866e-01 2.749612518949999806e-01 1.230778909699999958e-02 -1.180914035189999964e+02 3.260973107840000296e+01 1.689136925690000055e+02
-2.184921451150000082e-01 2.771245737949999954e-01 9.094518190489999862e-03 -1.172935012779999937e+02 3.243897746919999747e+01 1.692323666629999934e+02
-2.167972966570000104e-01 2.803471906000000180e-01 6.869112449779999838e-03 -1.186218550779999958e+02 3.233705595440000025e+01 1.695389086680000048e+02
-2.156830324929999987e-01 2.813283776170000250e-01 6.138429752229999578e-03 -1.185075403029999990e+02 3.275137266010000303e+01 1.692183920319999970e+02
-2.192613275439999898e-01 2.759319645280000066e-01 5.586812909930000300e-03 -1.164714870699999949e+02 3.391743383130000211e+01 1.706426373319999925e+02
-2.189845410000000048e-01 2.780768983029999752e-01 6.969245040760000190e-03 -1.177000098780000030e+02 3.286170203140000012e+01 1.696394360660000018e+02
-2.162249411509999941e-01 2.779319103389999990e-01 7.219272752949999761e-03 -1.175299699570000058e+02 3.332776232469999655e+01 1.698296291839999981e+02
-2.152205799309999945e-01 2.789457151709999749e-01 8.584506361309999709e-03 -1.192646652439999997e+02 3.211658313200000237e+01 1.685581464379999943e+02
-2.157345182840000042e-01 2.796582210960000259e-01 7.103490103689999793e-03 -1.193550568219999946e+02 3.228084755959999796e+01 1.685706175729999927e+02
-2.200440801830000070e-01 2.753961110009999769e-01 9.464946775790000072e-03 -1.164404806729999962e+02 3.298017751950000331e+01 1.697350912290000053e+02
-2.176612423319999878e-01 2.786969149510000188e-01 1.252753389710000061e-02 -1.183539142019999986e+02 3.185444458679999968e+01 1.683748528609999937e+02
-2.169725876820000066e-01 2.782795307650000050e-01 9.421881996739999571e-03 -1.181184790519999979e+02 3.285574361649999986e+01 1.692289647419999881e+02
-2.183712323139999911e-01 2.820180156189999732e-01 6.179745525319999683e-03 -1.176510734250000070e+02 3.255501934139999776e+01 1.687523514119999959e+02
-2.146890730569999961e-01 2.783955198199999925e-01 4.358427182529999583e-03 -1.187020793389999938e+02 3.357753426379999695e+01 1.706623807100000079e+02
-2.205467866120000009e-01 2.771570267330000226e-01 6.331460985200000266e-03 -1.163153217280000007e+02 3.351331189820000134e+01 1.702928808519999961e+02
-2.208192398330000028e-01 2.787969957809999788e-01 5.737525120870000037e-03 -1.165271421869999955e+02 3.377501840720000104e+01 1.702212251690000073e+02
-2.196207344860000021e-01 2.771082517669999912e-01 7.755316409520000322e-03 -1.165755488629999945e+02 3.360254956770000234e+01 1.701903249879999862e+02
-2.159493193860000104e-01 2.775108456759999842e-01 1.194204769209999961e-02 -1.185099056189999942e+02 3.187872676750000167e+01 1.686031570920000036e+02
-2.190363635760000094e-01 2.809447320769999923e-01 8.356771624690000067e-03 -1.175853859919999991e+02 3.246666583129999850e+01 1.688549283860000116e+02
-2.216485530679999927e-01 2.773557169190000171e-01 1.248323291669999925e-02 -1.168771813719999955e+02 3.268098207429999746e+01 1.687379040470000007e+02
-2.180254905569999901e-01 2.748980234219999819e-01 5.199073911419999604e-03 -1.172247079370000051e+02 3.458279909339999847e+01 1.708339300400000127e+02
-2.191080694460000033e-01 2.767205520339999780e-01 8.889152613610000475e-03 -1.170126879160000044e+02 3.265016848599999832e+01 1.694986386100000004e+02
-2.172003441450000016e-01 2.749547785520000120e-01 1.180311283619999915e-02 -1.179789253860000002e+02 3.287479245549999973e+01 1.690997793509999951e+02
-2.182852447879999880e-01 2.846875274560000113e-01 4.816034156839999608e-03 -1.180168614260000055e+02 3.247842741110000020e+01 1.690129460569999935e+02
-2.160060479479999906e-01 2.799632647509999739e-01 3.792135152840000068e-03 -1.189158807820000021e+02 3.332813622359999783e+01 1.699946865510000009e+02
-2.165743712500000084e-01 2.783669424670000003e-01 6.829378026560000391e-03 -1.189283705440000034e+02 3.231495520530000221e+01 1.699858359160000134e+02
-2.145715498319999970e-01 2.784312929139999837e-01 6.111413261070000255e-03 -1.191419526480000002e+02 3.313873556149999899e+01 1.695121044480000023e+02
-2.179375204150000023e-01 2.809365973269999928e-01 1.022803945979999969e-02 -1.180109037029999968e+02 3.127035433609999870e+01 1.680649806499999954e+02
-2.162734626149999950e-01 2.763115214379999740e-01 1.031775752319999927e-02 -1.184468362150000047e+02 3.256498085999999859e+01 1.691662337619999903e+02
-2.172733083080000127e-01 2.820088502840000233e-01 6.047253673729999571e-03 -1.178023580269999968e+02 3.247488992249999740e+01 1.694606414429999859e+02
-2.188761323300000006e-01 2.773938981829999761e-01 8.999755328510000360e-03 -1.170232985669999977e+02 3.299664357950000237e+01 1.692688028350000025e+02
-2.194082297109999913e-01 2.804459304679999820e-01 9.564774918100000384e-03 -1.173587107799999956e+02 3.270369866290000260e+01 1.693651123919999861e+02
-2.162913802649999995e-01 2.786419371209999940e-01 6.703265848320000102e-03 -1.171591920359999932e+02 3.241095682640000319e+01 1.700560029439999994e+02
-2.150710283470000095e-01 2.801204504420000130e-01 4.904993435280000265e-03 -1.192118816240000001e+02 3.251123267220000201e+01 1.697067889960000002e+02
-2.169345523800000064e-01 2.788332610670000156e-01 8.236347619480000048e-03 -1.182095763309999938e+02 3.236877467739999759e+01 1.688415826039999956e+02
-2.164470824979999874e-01 2.749035484249999772e-01 1.066412921389999977e-02 -1.182263315849999969e+02 3.298527317920000002e+01 1.693605800980000140e+02
-2.207305753440000073e-01 2.781297330499999942e-01 1.348013814469999939e-02 -1.172813907400000062e+02 3.248157838699999900e+01 1.684512839459999896e+02
-2.176961183330000105e-01 2.788920748150000017e-01 1.045311640360000079e-02 -1.182723624279999939e+02 3.201289562259999855e+01 1.688509016419999966e+02
-2.191502722919999868e-01 2.794480762880000024e-01 5.494971623130000260e-03 -1.172829241080000031e+02 3.387741761969999743e+01 1.704000948000000051e+02
-2.201826580039999981e-01 2.778350777140000116e-01 1.166207042559999976e-02 -1.165666993459999929e+02 3.261350064549999672e+01 1.687806517880000001e+02
-2.173762671789999934e-01 2.752010476289999952e-01 1.087445453290000058e-02 -1.176796430419999950e+02 3.230181904190000353e+01 1.693536508939999976e+02
-2.181648755120000061e-01 2.798204710739999879e-01 3.795936000019999815e-03 -1.170425525349999987e+02 3.353091654709999858e+01 1.704148814389999984e+02
-2.167954332460000078e-01 2.774363272009999770e-01 1.266948959420000076e-02 -1.179757658630000066e+02 3.171825058949999843e+01 1.681865054280000038e+02
-2.192998888509999911e-01 2.787216745359999970e-01 8.631881150709999270e-03 -1.178602339739999962e+02 3.258714438999999885e+01 1.693425023099999862e+02
-2.152683251839999923e-01 2.791106975909999899e-01 1.071733989220000072e-02 -1.190252574590000023e+02 3.178571520659999905e+01 1.679787292420000142e+02
-2.164333307790000105e-01 2.767281166800000247e-01 6.852074697899999609e-03 -1.176160820660000041e+02 3.309374285159999829e+01 1.703020469820000073e+02
-2.189594380319999922e-01 2.815606667630000115e-01 6.127006263880000261e-03 -1.175065419360000050e+02 3.333846812430000028e+01 1.695789644429999896e+02
-2.176524734330000099e-01 2.804117904050000276e-01 5.718136717400000048e-03 -1.176570273629999974e+02 3.303523082720000303e+01 1.699919062159999896e+02
-2.242996572300000047e-01 2.795071371789999981e-01 1.037969750449999930e-02 -1.154261175320000063e+02 3.302666974859999982e+01 1.691871457999999961e+02
-2.144932478869999992e-01 2.792488172340000241e-01 5.896349076310000367e-03 -1.186818373170000029e+02 3.252206813850000344e+01 1.696640508339999940e+02
-2.211378299519999868e-01 2.828163481220000164e-01 1.286004366030000026e-03 -1.165004457259999953e+02 3.347661241389999986e+01 1.702319377130000078e+02
-2.163245965610000043e-01 2.784633963950000068e-01 5.583418709040000039e-03 -1.185283373970000014e+02 3.357228023489999913e+01 1.701802267040000061e+02
-2.180819737999999952e-01 2.804542498009999774e-01 2.230737530729999876e-03 -1.176761366900000070e+02 3.396167712860000165e+01 1.706787453899999889e+02
-2.193085917840000010e-01 2.765063108220000010e-01 8.939147559959999961e-03 -1.177791788770000068e+02 3.315675230570000309e+01 1.693988917169999979e+02
-2.186032395280000096e-01 2.772739384110000094e-01 1.042208553340000059e-02 -1.177712095899999980e+02 3.226864933430000093e+01 1.687740519740000025e+02
-2.167965827480000107e-01 2.769389692870000141e-01 1.006621752920000036e-02 -1.186125318920000069e+02 3.229330720099999752e+01 1.690734636070000079e+02
-2.152028284789999912e-01 2.769871704860000228e-01 3.364164061320000076e-03 -1.182092623359999948e+02 3.439630574459999934e+01 1.708017726459999892e+02
-2.178132280529999909e-01 2.808041927720000275e-01 2.668177605779999823e-03 -1.173341926230000070e+02 3.368346605389999837e+01 1.704079014360000031e+02
-2.189355141950000139e-01 2.812387327060000275e-01 5.365670065409999800e-03 -1.176403822590000061e+02 3.268169422230000265e+01 1.694875511209999956e+02
-2.188691528620000104e-01 2.766164297759999835e-01 5.298535974670000141e-03 -1.171003258620000054e+02 3.460335741709999979e+01 1.709123876929999994e+02
-2.145641371170000089e-01 2.781595371389999904e-01 3.463036569940000208e-03 -1.187166840659999991e+02 3.395098732579999989e+01 1.704887510130000123e+02
-2.178558798159999921e-01 2.755459359149999843e-01 4.202549421169999785e-03 -1.172786101620000068e+02 3.453366476520000106e+01 1.711898810650000087e+02
-2.187209008600000115e-01 2.765397432269999789e-01 1.568190018569999913e-02 -1.180701260499999989e+02 3.129358618350000043e+01 1.676968502750000027e+02
-2.205267542930000046e-01 2.747937080730000203e-01 1.497835409890000032e-02 -1.164857189500000061e+02 3.225805357320000155e+01 1.687509666740000114e+02
-2.214204662739999996e-01 2.763381832419999906e-01 1.287684662240000041e-02 -1.164024761240000032e+02 3.228807139890000144e+01 1.686817331510000031e+02
-2.219180224919999889e-01 2.798651632679999834e-01 6.542503770050000188e-03 -1.166906241890000047e+02 3.347756982570000162e+01 1.697293903759999978e+02
-2.167905799410000112e-01 2.777989161489999859e-01 6.048461985139999726e-03 -1.182632165570000069e+02 3.348803434039999871e+01 1.704382987159999914e+02
-2.185221739830000010e-01 2.777969229239999893e-01 8.673508916409999880e-03 -1.177573317429999946e+02 3.240335163409999808e+01 1.694271467169999994e+02
-2.190235896870000032e-01 2.793035024450000181e-01 7.122880899069999709e-03 -1.173063672229999952e+02 3.288366165419999732e+01 1.695325774330000002e+02
-2.194364829769999969e-01 2.775503028119999938e-01 1.504118743049999950e-02 -1.174485696339999947e+02 3.192890250199999969e+01 1.682946406330000002e+02
-2.160870653779999873e-01 2.824230251320000162e-01 9.937061582179999158e-03 -1.187504618990000012e+02 3.143241718290000009e+01 1.679105030350000050e+02
-2.189954605970000079e-01 2.781074930949999913e-01 9.718296591369999377e-03 -1.178710648560000038e+02 3.310732145539999749e+01 1.692587378819999913e+02
-2.174521190220000122e-01 2.777019629829999836e-01 8.215780855230000318e-03 -1.173691005999999959e+02 3.273290144079999919e+01 1.694569199160000039e+02
-2.189639381079999947e-01 2.757929638059999911e-01 9.851422926489999607e-03 -1.171353758970000030e+02 3.351925743280000347e+01 1.695963376960000062e+02
-2.172274239239999905e-01 2.797282683580000207e-01 1.031837524760000069e-02 -1.181371980610000065e+02 3.289771345289999971e+01 1.687970528049999928e+02
-2.171446261930000121e-01 2.785478440520000043e-01 6.971016873020000060e-03 -1.189010127659999938e+02 3.320023508719999938e+01 1.696135570840000071e+02
-2.206349697140000121e-01 2.779557244359999735e-01 1.163918566239999924e-02 -1.170148730749999970e+02 3.227298611690000030e+01 1.689013390490000006e+02
-2.202515113680000025e-01 2.772405280710000253e-01 8.097344878050000139e-03 -1.164134983050000045e+02 3.332411743549999983e+01 1.697581504309999900e+02
-2.205774928030000137e-01 2.771638914810000132e-01 1.225736691460000034e-02 -1.175374803750000012e+02 3.234741041449999699e+01 1.685740708630000029e+02
-2.175648700160000004e-01 2.765847924850000084e-01 1.165715655349999942e-02 -1.180183287210000032e+02 3.247618164219999670e+01 1.690853524979999918e+02
-2.135951818100000066e-01 2.798518257559999833e-01 5.323535715379999929e-03 -1.192479544709999999e+02 3.326339930879999685e+01 1.697014142639999932e+02
-2.213630695409999904e-01 2.785195746979999831e-01 7.907353181050000290e-03 -1.161518351210000048e+02 3.351120343120000200e+01 1.698250734970000053e+02
-2.181917603459999910e-01 2.838449869749999910e-01 1.169818366130000002e-03 -1.173624304420000044e+02 3.294667021819999775e+01 1.698646065799999860e+02
-2.142979919840000136e-01 2.777703319400000037e-01 3.924485879959999958e-03 -1.186964801379999983e+02 3.360721240109999997e+01 1.704756100090000075e+02
-2.174592292820000106e-01 2.798901836450000125e-01 6.242744235069999648e-03 -1.181675584409999971e+02 3.265574075939999688e+01 1.687852497000000085e+02
-2.196828715399999910e-01 2.761032378230000028e-01 1.014568988349999999e-02 -1.174156295939999950e+02 3.283734722380000193e+01 1.695772445210000114e+02
-2.154201413969999979e-01 2.819312397320000163e-01 3.755195038619999794e-03 -1.184404921630000018e+02 3.271705314270000287e+01 1.696208127879999950e+02
-2.169512006369999912e-01 2.812944532309999968e-01 4.634227226420000248e-03 -1.179504761510000037e+02 3.345686281300000076e+01 1.696347722239999882e+02
-2.198249093569999979e-01 2.791400574049999750e-01 9.808484095709999948e-03 -1.169333792049999943e+02 3.236189705969999864e+01 1.687251879979999956e+02
-2.200348201460000097e-01 2.804576404979999826e-01 7.844472297259999505e-03 -1.176006228149999941e+02 3.286020501889999679e+01 1.688987027619999992e+02
-2.160022066349999992e-01 2.805743407990000104e-01 1.559144772589999943e-03 -1.180913430020000021e+02 3.388381021690000239e+01 1.702704248649999954e+02
-2.216689254330000136e-01 2.800725406740000034e-01 8.364730915219999521e-03 -1.173685775029999974e+02 3.285598379390000190e+01 1.692309302890000140e+02
-2.182588864730000133e-01 2.787919105350000204e-01 3.312124886049999922e-03 -1.168929862650000047e+02 3.412545532730000275e+01 1.705602128799999946e+02
-2.189248676789999903e-01 2.846659727759999758e-01 4.346352979739999574e-03 -1.175196187899999956e+02 3.260670539129999668e+01 1.690929281260000039e+02
-2.161268424120000031e-01 2.806019680199999811e-01 6.107746677949999793e-03 -1.190465510639999991e+02 3.199790106809999912e+01 1.691231637909999961e+02
-2.199420864720000035e-01 2.817220501020000212e-01 7.803872935790000069e-03 -1.174423739390000065e+02 3.303656535190000199e+01 1.692781086070000072e+02
-2.186932021390000092e-01 2.772462434069999926e-01 3.992411340659999738e-03 -1.167989526350000062e+02 3.454995212589999909e+01 1.710738315389999968e+02
-2.160011950390000046e-01 2.811873172780000041e-01 8.350114738379999998e-03 -1.191066941600000035e+02 3.234080566280000113e+01 1.685044352849999996e+02
-2.167721486330000114e-01 2.784205377969999895e-01 8.067925507350000650e-03 -1.173545813159999938e+02 3.318581582609999714e+01 1.691772092040000075e+02
-2.185684524150000030e-01 2.799231474469999759e-01 9.162382273780000572e-03 -1.181329327239999998e+02 3.236857480959999833e+01 1.686135751729999868e+02
-2.164197168679999894e-01 2.787847011169999889e-01 7.079756442020000012e-03 -1.177705205009999929e+02 3.238137126259999832e+01 1.686321296680000046e+02
-2.166527853880000076e-01 2.804501748139999751e-01 3.607762906459999978e-03 -1.179281247490000055e+02 3.348824504800000312e+01 1.699048587549999922e+02
-2.193602708740000073e-01 2.802773526649999791e-01 5.991956733160000263e-03 -1.168803835060000011e+02 3.274662082510000261e+01 1.695531782209999960e+02
-2.187649814850000096e-01 2.735415863910000134e-01 9.891179602080000383e-03 -1.173567654059999938e+02 3.394745858840000352e+01 1.700532188299999916e+02
-2.162751965930000131e-01 2.762838597000000229e-01 7.822366798239999142e-03 -1.181388337909999962e+02 3.302944915490000000e+01 1.695290683830000091e+02
-2.204822611660000042e-01 2.780642505020000099e-01 1.281976611079999918e-02 -1.173513199230000055e+02 3.191394132670000161e+01 1.680120008519999999e+02
-2.201054400920000043e-01 2.772051330320000062e-01 9.539181300120000775e-03 -1.167881664269999931e+02 3.328413724159999987e+01 1.697398273059999951e+02
-2.165338637989999981e-01 2.795347944459999900e-01 5.173999723679999913e-03 -1.177741558919999960e+02 3.285009504130000124e+01 1.702910407370000030e+02
-2.162801838160000045e-01 2.753908172449999747e-01 9.569793063480000819e-03 -1.183072311749999983e+02 3.274777392699999723e+01 1.692199793130000103e+02
-2.192428150869999981e-01 2.796073616420000074e-01 1.103084424660000055e-02 -1.172437968809999944e+02 3.178969060300000038e+01 1.684834420159999979e+02
-2.146562615810000130e-01 2.775739105680000152e-01 9.083227764869999943e-03 -1.195537187449999976e+02 3.274423804540000305e+01 1.689964506329999949e+02
-2.206658022080000003e-01 2.781412850939999903e-01 1.209100161859999988e-02 -1.174774845830000061e+02 3.250366684659999805e+01 1.686354350910000051e+02
-2.151418627760000035e-01 2.815529252449999742e-01 5.276844190129999571e-03 -1.190964767969999940e+02 3.271929602569999673e+01 1.689719325869999977e+02
-2.180524330570000058e-01 2.785772679979999777e-01 1.212777022869999943e-02 -1.185847480519999948e+02 3.185671558920000024e+01 1.683551727349999965e+02
-2.176549967549999964e-01 2.792073477170000095e-01 5.633551949359999998e-03 -1.172330446809999955e+02 3.312753377789999831e+01 1.700485218009999926e+02
-2.168156931180000024e-01 2.810296503629999831e-01 6.392193592940000058e-03 -1.177874266120000044e+02 3.250965176110000243e+01 1.694109568050000121e+02
-2.160186713499999966e-01 2.792495502130000196e-01 7.771947130649999903e-03 -1.191855444530000057e+02 3.212013562540000322e+01 1.687386208430000067e+02
-2.199748758099999979e-01 2.795013709290000148e-01 1.088053270519999914e-02 -1.173909378049999930e+02 3.177669741109999890e+01 1.684911709449999933e+02
-2.174458647889999929e-01 2.754393386410000089e-01 8.569689163270000076e-03 -1.181552448340000012e+02 3.357920593669999931e+01 1.696522617420000074e+02
-2.157456722470000032e-01 2.783268616440000010e-01 8.170722969529999741e-03 -1.182570576309999950e+02 3.209783689639999693e+01 1.688989667470000029e+02
-2.207221778160000092e-01 2.795524422510000107e-01 9.145656380530000143e-03 -1.172647413610000058e+02 3.239786898450000052e+01 1.690103471939999906e+02
-2.170970218770000015e-01 2.788957363269999878e-01 7.047649519890000422e-03 -1.186509189380000038e+02 3.158528976379999875e+01 1.695677377719999868e+02
-2.205875586050000114e-01 2.799018813520000037e-01 7.751581168979999707e-03 -1.172310657620000001e+02 3.244717577429999977e+01 1.692900438119999933e+02
-2.189159136009999895e-01 2.776280180099999773e-01 1.238490956430000033e-02 -1.176697859730000033e+02 3.267505474440000057e+01 1.686906598669999937e+02
-2.181137920740000014e-01 2.758269280940000012e-01 1.049917915369999975e-02 -1.174528143480000040e+02 3.271736724569999666e+01 1.693654691460000095e+02
-2.211982242430000078e-01 2.784288822229999960e-01 1.101426782740000040e-02 -1.168223392050000058e+02 3.259747243710000220e+01 1.693096441159999870e+02
-2.157874244630000049e-01 2.795374812499999972e-01 1.012663758360000076e-02 -1.191454728730000028e+02 3.188954387460000106e+01 1.687175732990000085e+02
-2.197282450199999904e-01 2.781439974639999813e-01 1.203466666010000012e-02 -1.170508101439999962e+02 3.249765836800000329e+01 1.691307983519999993e+02
-2.169406308559999885e-01 2.803407209370000208e-01 5.985896225679999960e-03 -1.181754580570000002e+02 3.306544162120000152e+01 1.698017396209999959e+02
-2.158923656760000087e-01 2.776691048320000244e-01 1.347413274349999919e-02 -1.190836283029999976e+02 3.154502470270000103e+01 1.681771643270000141e+02
-2.205591096439999954e-01 2.771016140390000215e-01 8.612564218759999335e-03 -1.166791163209999951e+02 3.333294484820000037e+01 1.698783117790000006e+02
-2.221442118109999975e-01 2.814004774350000182e-01 5.285798197939999866e-03 -1.160837717569999938e+02 3.293942441229999929e+01 1.696073895080000113e+02
-2.161732332100000098e-01 2.794828982320000099e-01 7.006565138800000328e-03 -1.173670436900000027e+02 3.301135880940000078e+01 1.704547870039999964e+02
-2.183241189669999915e-01 2.775907399399999975e-01 8.022186472089999631e-03 -1.177112577080000051e+02 3.292146969819999924e+01 1.695153914910000026e+02
-2.194610864010000106e-01 2.782742311899999987e-01 9.496256129090000636e-03 -1.174803071879999976e+02 3.338563431210000232e+01 1.693087144209999906e+02
-2.159531553329999964e-01 2.786772536600000127e-01 9.085342080969999526e-03 -1.184091666099999998e+02 3.235628919740000242e+01 1.688681637710000132e+02
-2.213017774999999909e-01 2.777743899940000039e-01 1.087352652359999984e-02 -1.170392045880000040e+02 3.310253732889999867e+01 1.692186796480000055e+02
-2.165653572619999911e-01 2.801250070860000219e-01 6.430720811110000358e-03 -1.174184356250000008e+02 3.283489169909999816e+01 1.694183015000000125e+02
-2.205116550279999921e-01 2.763018531149999957e-01 1.292060130479999978e-02 -1.170053110540000034e+02 3.277769373550000154e+01 1.690701515179999888e+02
-2.209494234490000097e-01 2.826129865690000242e-01 9.864124760139999712e-03 -1.172493733190000000e+02 3.182334741240000042e+01 1.681815076590000047e+02
-2.196275767099999943e-01 2.804046612580000097e-01 9.058031895300000177e-03 -1.171616224619999969e+02 3.295403952899999922e+01 1.690410453519999976e+02
-2.210379809580000077e-01 2.758359322219999799e-01 9.754706221190000484e-03 -1.159395417759999987e+02 3.363541046959999647e+01 1.698932772660000126e+02
-2.159848820430000094e-01 2.784352695419999857e-01 8.781580117100000471e-03 -1.185686984929999994e+02 3.203105114350000093e+01 1.689911173620000113e+02
-2.151846569989999958e-01 2.808586508390000236e-01 7.876949267819999961e-03 -1.187945717789999946e+02 3.206400475030000052e+01 1.689703461670000024e+02
-2.171350172940000045e-01 2.784129050940000183e-01 9.139633656670000800e-03 -1.181485533679999946e+02 3.288603692969999770e+01 1.690968345640000052e+02
-2.203798873210000009e-01 2.813862103340000198e-01 6.937536071150000178e-03 -1.175460060279999936e+02 3.236451016030000005e+01 1.689022496400000080e+02
-2.181751414970000136e-01 2.784345048010000157e-01 6.859723915539999578e-03 -1.169134292420000065e+02 3.349544249209999691e+01 1.699698324459999981e+02
-2.173314768040000011e-01 2.781349628079999858e-01 7.474099041139999934e-03 -1.179750213399999978e+02 3.364270976369999744e+01 1.698037689759999864e+02
-2.195559983879999955e-01 2.808918120880000147e-01 4.601271268119999820e-03 -1.167259816349999966e+02 3.315910271989999814e+01 1.700034630870000001e+02
-2.161947107930000112e-01 2.816696016440000117e-01 6.729526339739999585e-03 -1.184810388199999949e+02 3.245474094899999784e+01 1.691211835070000120e+02
-2.173593659339999873e-01 2.778658274260000227e-01 8.564949698289999261e-03 -1.178179728530000006e+02 3.248539378480000295e+01 1.697334062600000095e+02
-2.167087201569999899e-01 2.794125043790000040e-01 8.491484991010000288e-03 -1.185902932160000063e+02 3.257660734190000085e+01 1.685922743559999901e+02
-2.177312402240000055e-01 2.821705758529999830e-01 8.027292491250000855e-03 -1.174570640809999986e+02 3.241368939819999895e+01 1.689530185140000071e+02
-2.223210975229999997e-01 2.783164427600000046e-01 9.216104502479999586e-03 -1.161914121150000057e+02 3.311161053219999673e+01 1.692361295469999902e+02
-2.157866112700000116e-01 2.790240165840000008e-01 6.848533197889999924e-03 -1.178852823120000011e+02 3.292390267940000115e+01 1.698735062549999952e+02
-2.190409847329999882e-01 2.764675093569999853e-01 8.832568198350000330e-03 -1.172025659119999972e+02 3.331154989299999869e+01 1.698228127879999931e+02
-2.168987111089999975e-01 2.798107848370000039e-01 9.996796287009999601e-03 -1.187686647560000068e+02 3.200718812579999906e+01 1.682987188440000068e+02
-2.191325517090000063e-01 2.797656876380000268e-01 5.325615928529999973e-03 -1.172235254510000004e+02 3.305366683630000324e+01 1.700904195280000124e+02
-2.134468127659999992e-01 2.812955371049999931e-01 3.274235750789999955e-03 -1.193434474299999977e+02 3.289330649989999955e+01 1.700265560530000073e+02
-2.163816519110000058e-01 2.790855604410000246e-01 7.118515977749999626e-03 -1.178528555959999977e+02 3.234835834790000320e+01 1.691561266360000104e+02
-2.166470510559999896e-01 2.767862159889999951e-01 8.791359247130000817e-03 -1.181745275650000053e+02 3.331009778960000034e+01 1.698619217170000013e+02
-2.157007424179999966e-01 2.756625476860000146e-01 5.648278012219999818e-03 -1.182596054840000050e+02 3.404851155330000267e+01 1.702581938559999912e+02
-2.185342818630000017e-01 2.785894514910000064e-01 1.035943493559999921e-02 -1.176894053740000032e+02 3.245930717880000316e+01 1.690890760849999879e+02
-2.176486553380000133e-01 2.796123679779999871e-01 6.045823541969999777e-03 -1.175560395279999995e+02 3.334387251700000121e+01 1.696492787150000083e+02
-2.179857167560000086e-01 2.804623742869999936e-01 5.351153644820000332e-03 -1.179934156589999930e+02 3.329923005980000283e+01 1.696067307229999983e+02
-2.164884315820000127e-01 2.778814310750000183e-01 8.136705571629999564e-03 -1.178458728370000017e+02 3.314120124610000317e+01 1.696769937910000010e+02
-2.175132358809999944e-01 2.768073748300000081e-01 8.631850764690000496e-03 -1.172890203030000009e+02 3.322236916749999835e+01 1.702386849600000005e+02
-2.154985028989999940e-01 2.771246688940000036e-01 3.445447215299999970e-03 -1.179444024229999997e+02 3.356673341439999803e+01 1.707179372900000089e+02
-2.172347429919999906e-01 2.739907858089999926e-01 1.138713177919999965e-02 -1.175274559150000044e+02 3.296189280290000312e+01 1.693824920879999922e+02
-2.156308010759999949e-01 2.777505729749999985e-01 6.613819631179999707e-03 -1.188480853789999969e+02 3.296457455510000045e+01 1.698032005450000099e+02
-2.192032733029999902e-01 2.787218512099999823e-01 4.743722410889999672e-03 -1.172846851460000011e+02 3.366683626350000225e+01 1.698514085820000048e+02
-2.185108995280000133e-01 2.784269841550000013e-01 6.561566211049999972e-03 -1.181019327930000031e+02 3.301612174280000289e+01 1.696285709919999931e+02
-2.182877515670000046e-01 2.818573562739999927e-01 6.741871913109999913e-03 -1.176671194040000046e+02 3.296212685639999762e+01 1.690938374760000045e+02
-2.157739699260000088e-01 2.806084151620000244e-01 4.376692078269999592e-03 -1.186063438609999992e+02 3.370090277629999775e+01 1.700629127619999963e+02
-2.150000117879999895e-01 2.790412412059999903e-01 5.579536357430000051e-03 -1.181115097699999978e+02 3.350897711729999884e+01 1.703098788839999997e+02
-2.163664747780000008e-01 2.793294673560000052e-01 4.210866683339999778e-03 -1.177804855069999945e+02 3.378609216689999784e+01 1.705444743220000134e+02
-2.182440285560000026e-01 2.791572512430000041e-01 7.549378982570000007e-03 -1.173064726639999975e+02 3.289060066369999902e+01 1.694244415329999924e+02
-2.175410645020000033e-01 2.758480117120000186e-01 8.880444872999999906e-03 -1.177226324519999991e+02 3.323452389500000237e+01 1.693747445719999973e+02
-2.189603142640000055e-01 2.815661430199999926e-01 4.579949772370000248e-03 -1.176406063660000001e+02 3.360321092600000270e+01 1.699924194209999939e+02
-2.189776083730000100e-01 2.749857978970000061e-01 5.834775304289999825e-03 -1.170820438970000055e+02 3.430106000419999646e+01 1.708471935830000064e+02
-2.184185081070000034e-01 2.771000779419999782e-01 8.191463984530000450e-03 -1.172069236819999958e+02 3.330095963040000129e+01 1.700176821379999978e+02
-2.175487974039999883e-01 2.796761095379999840e-01 6.204407625579999586e-03 -1.169897701440000048e+02 3.316677782019999654e+01 1.700022014140000124e+02
-2.157429985509999870e-01 2.803001074509999802e-01 8.579146124180000652e-03 -1.186497101759999993e+02 3.268335886810000090e+01 1.687282550710000066e+02
-2.179577653870000131e-01 2.810509605029999913e-01 6.961546796759999871e-03 -1.177780811749999970e+02 3.214574015440000210e+01 1.693704229829999974e+02
-2.168254244089999894e-01 2.772342868820000250e-01 7.974612607010000270e-03 -1.175588003179999959e+02 3.299622934660000340e+01 1.700215861110000048e+02
-2.179610448900000108e-01 2.774940777980000051e-01 1.196623367169999917e-02 -1.177647232489999993e+02 3.204311561520000140e+01 1.689773021640000081e+02
-2.167347492799999997e-01 2.761202103420000165e-01 1.232918538840000085e-02 -1.179340271349999938e+02 3.227629232230000156e+01 1.687698853530000065e+02
-2.204652534000000053e-01 2.795175265309999824e-01 1.249616087480000075e-02 -1.171510584990000012e+02 3.220892937100000353e+01 1.681042672659999937e+02
-2.168260145610000078e-01 2.784857338250000258e-01 6.372276259749999790e-03 -1.181312273730000015e+02 3.367898001860000079e+01 1.704317079550000074e+02
-2.171051899110000016e-01 2.790392326810000045e-01 8.441761432639999230e-03 -1.180449634210000056e+02 3.192325486469999873e+01 1.689383000390000120e+02
-2.170145457840000069e-01 2.796709797029999778e-01 2.957002749480000005e-03 -1.175085383729999933e+02 3.374479218870000352e+01 1.702332534720000012e+02
-2.177282462200000046e-01 2.792844201810000260e-01 7.410378247189999823e-03 -1.174740334319999988e+02 3.338657605310000065e+01 1.698033720910000000e+02
-2.175812419389999974e-01 2.776798022129999821e-01 6.170202576329999848e-03 -1.178625466449999948e+02 3.310134954299999777e+01 1.698792013329999975e+02
-2.170683917179999922e-01 2.760387388989999913e-01 9.754677792080000340e-03 -1.179212072360000008e+02 3.240544189060000235e+01 1.694991509909999934e+02
-2.187133833569999963e-01 2.767562006589999735e-01 5.895441584239999658e-03 -1.167822560350000032e+02 3.379569116809999940e+01 1.705082951169999887e+02
-2.155262404159999923e-01 2.778519641639999871e-01 6.296680036390000200e-03 -1.175003193259999961e+02 3.191562869619999887e+01 1.697962721060000035e+02
-2.179984121540000097e-01 2.806361308629999884e-01 1.165863607329999975e-02 -1.179167738440000051e+02 3.218113789049999696e+01 1.682058971849999978e+02
-2.172546334500000120e-01 2.792201798849999750e-01 8.359865388359999719e-03 -1.182614313619999962e+02 3.272279265099999890e+01 1.690454222429999902e+02
-2.200957985449999987e-01 2.730167755180000211e-01 1.608842747170000087e-02 -1.168286817609999986e+02 3.280220517840000127e+01 1.688277894679999918e+02
-2.158631739770000002e-01 2.785609302390000264e-01 8.146072475390000664e-03 -1.176969924630000008e+02 3.204855834949999860e+01 1.699400738450000006e+02
-2.176156447869999899e-01 2.755489382110000163e-01 9.975657970470000122e-03 -1.172791783880000054e+02 3.279090419780000332e+01 1.694442875850000121e+02
-2.203995230009999917e-01 2.767221969499999989e-01 9.318030063619999609e-03 -1.169457816270000023e+02 3.345143930559999745e+01 1.695963849530000118e+02
-2.221592567729999967e-01 2.800480648929999927e-01 9.508072489320000542e-03 -1.164052564530000069e+02 3.272520882300000267e+01 1.690387943460000031e+02
-2.163997157199999966e-01 2.787334081819999865e-01 5.860946351369999627e-03 -1.183437124400000044e+02 3.314545141939999695e+01 1.695384180229999913e+02
-2.141187590009999975e-01 2.814029268709999920e-01 1.822111070500000108e-03 -1.190473330859999948e+02 3.343703273319999880e+01 1.699796140009999874e+02
-2.183453732060000041e-01 2.771114171490000055e-01 1.017476801129999983e-02 -1.179418194120000010e+02 3.223869772270000311e+01 1.686806561829999964e+02
-2.178595133510000115e-01 2.799891730110000143e-01 6.519974178929999718e-03 -1.175862433000000067e+02 3.344627160299999957e+01 1.697388701630000014e+02
-2.173885889659999959e-01 2.776502128330000096e-01 1.052493612139999979e-02 -1.182843073500000060e+02 3.279211428029999809e+01 1.688909847070000012e+02
-2.173397677829999874e-01 2.788928056830000113e-01 6.336882692909999622e-03 -1.185765521940000014e+02 3.300648563419999704e+01 1.692974883599999885e+02
-2.210126351370000075e-01 2.789469317680000060e-01 8.418672811210000523e-03 -1.172105890250000044e+02 3.254700407180000354e+01 1.691626249089999874e+02
-2.179128596500000126e-01 2.765550979549999955e-01 7.714477920400000105e-03 -1.177089307549999972e+02 3.351577307209999645e+01 1.699677842959999907e+02
-2.177589346840000106e-01 2.810779789580000187e-01 1.022360648519999964e-02 -1.177268657630000064e+02 3.208948558029999987e+01 1.682571407499999907e+02
-2.189813281890000130e-01 2.753566756410000260e-01 1.105628437300000023e-02 -1.175630282380000011e+02 3.332989866780000199e+01 1.695121779460000084e+02
-2.183772302970000134e-01 2.784226162769999902e-01 1.155916250970000052e-02 -1.177228606080000048e+02 3.173425323269999865e+01 1.687833056380000016e+02
-2.155663045419999868e-01 2.789815279599999753e-01 5.257529913540000092e-03 -1.189776768050000015e+02 3.262747638380000126e+01 1.699224671199999932e+02
-2.164827232609999874e-01 2.791782590860000246e-01 6.556976084570000259e-03 -1.182655216539999969e+02 3.337678341899999879e+01 1.703778189020000013e+02
-2.183402034290000127e-01 2.795885539579999746e-01 9.209684837349999334e-03 -1.175384358080000027e+02 3.214296758209999894e+01 1.687184167759999980e+02
-2.163870485519999998e-01 2.833575937350000240e-01 5.386337681080000279e-03 -1.184346608870000068e+02 3.200808244899999977e+01 1.690488705429999925e+02
-2.167123357179999987e-01 2.785838366780000186e-01 6.507772859960000121e-03 -1.185377565689999955e+02 3.309674217450000100e+01 1.694852415899999869e+02
-2.191250335300000129e-01 2.797500548560000189e-01 1.066580019500000011e-02 -1.179933911990000013e+02 3.179046795489999866e+01 1.683254883920000111e+02
-2.182785882409999934e-01 2.758817283219999750e-01 1.064740437869999938e-02 -1.171718442570000036e+02 3.353073868220000264e+01 1.695680148749999887e+02
-2.191000983030000071e-01 2.807734546719999891e-01 5.245195919100000340e-03 -1.171596063890000039e+02 3.350901276449999955e+01 1.701435834110000087e+02
-2.157297435309999956e-01 2.762146907190000111e-01 6.606154222330000263e-03 -1.178665607009999974e+02 3.375572123330000096e+01 1.705467883739999877e+02
-2.238001423100000054e-01 2.817080901980000274e-01 8.009921288110000842e-03 -1.157591384899999980e+02 3.288748907810000333e+01 1.692899617660000047e+02
-2.183406495349999865e-01 2.811502361589999777e-01 7.537224287760000210e-03 -1.176496054969999960e+02 3.253673509690000287e+01 1.695073158360000036e+02
-2.191753544610000048e-01 2.773192331600000116e-01 1.380349221120000074e-02 -1.178230365950000049e+02 3.200357974890000179e+01 1.679631629099999941e+02
-2.164591944239999954e-01 2.783390483839999763e-01 7.291344835839999594e-03 -1.184069711300000023e+02 3.268805252100000303e+01 1.698143039910000027e+02
-2.192274977550000004e-01 2.800217521710000046e-01 1.054085382190000052e-02 -1.175177218249999953e+02 3.215445624729999707e+01 1.687173827009999911e+02
-2.167218273640000026e-01 2.801279874150000015e-01 5.783775832110000376e-03 -1.172836249909999964e+02 3.267380066749999656e+01 1.698374693560000139e+02
-2.150037226319999883e-01 2.758702461179999843e-01 1.058675643760000062e-02 -1.190045344140000054e+02 3.263192003070000169e+01 1.689713427080000088e+02
-2.175881376949999890e-01 2.782981204600000202e-01 8.544930628720000601e-03 -1.172960762440000053e+02 3.270713280159999670e+01 1.694208092760000000e+02
-2.185811809200000067e-01 2.783212792120000056e-01 7.639865354769999860e-03 -1.181415332960000057e+02 3.354374612099999808e+01 1.695274328309999987e+02
-2.204726414759999864e-01 2.787148885560000178e-01 5.592623089239999630e-03 -1.164721906470000050e+02 3.358539523529999826e+01 1.698195007669999939e+02
-2.202161869100000002e-01 2.792745426739999814e-01 8.122229442760000445e-03 -1.172574657090000017e+02 3.229077379240000312e+01 1.689622226959999978e+02
-2.178813368109999982e-01 2.764965094169999915e-01 6.324983233819999988e-03 -1.170774144549999960e+02 3.373137724429999906e+01 1.701044709809999915e+02
-2.175125355489999912e-01 2.798966380169999879e-01 5.279796376840000405e-04 -1.174699401820000020e+02 3.456627428480000219e+01 1.710995574629999965e+02
-2.173500691209999947e-01 2.780229847269999888e-01 4.811052667909999567e-03 -1.174512445729999968e+02 3.371705744930000037e+01 1.707248686019999866e+02
-2.174002477960000068e-01 2.805121196700000041e-01 6.186948729010000210e-03 -1.178560142750000068e+02 3.354220095880000230e+01 1.699482552089999956e+02
-2.199547652740000137e-01 2.795989190970000204e-01 1.239908659719999966e-02 -1.173327363150000053e+02 3.181266914869999951e+01 1.684245371830000124e+02
-2.176727344959999977e-01 2.807540071899999878e-01 3.866112160110000018e-03 -1.179629562129999982e+02 3.278920961579999727e+01 1.698923154629999885e+02
-2.209468394340000086e-01 2.783263083420000061e-01 6.934084539149999900e-03 -1.162090121370000020e+02 3.365647731309999813e+01 1.702273356299999989e+02
-2.176869162379999889e-01 2.804876400410000192e-01 2.919056623559999810e-03 -1.171201230639999977e+02 3.390511785329999839e+01 1.705680513899999937e+02
-2.198812667170000068e-01 2.771053511220000209e-01 1.622415408510000101e-02 -1.174269100040000069e+02 3.182300098589999848e+01 1.677860470720000023e+02
-2.176860698599999977e-01 2.788592585610000230e-01 8.214883031560000354e-03 -1.178516027309999998e+02 3.312119447549999762e+01 1.698322426569999948e+02
-2.164282632350000013e-01 2.801972265730000022e-01 7.917715358030000261e-03 -1.183658622939999958e+02 3.187810946049999927e+01 1.687885425069999883e+02
-2.165023438900000041e-01 2.826068851840000118e-01 8.620236423689999622e-03 -1.189308075539999976e+02 3.191443524170000146e+01 1.681101657629999977e+02
-2.161093376769999963e-01 2.783938416030000140e-01 7.930332524980000450e-03 -1.179980967080000056e+02 3.302172722539999938e+01 1.694508740180000075e+02
-2.173660805800000095e-01 2.791837187689999999e-01 1.052056421789999974e-02 -1.178271915859999979e+02 3.154354232960000104e+01 1.685644194630000072e+02
-2.168960115549999901e-01 2.850506454360000053e-01 3.011140850649999916e-03 -1.186099538790000025e+02 3.255818078429999929e+01 1.693469926530000009e+02
-2.193379150379999865e-01 2.806467228530000191e-01 8.596717231239999618e-03 -1.173059996030000036e+02 3.222845016179999789e+01 1.691146362880000140e+02
-2.183959348360000052e-01 2.760687494399999831e-01 7.620358261569999854e-03 -1.175174651909999994e+02 3.379731947980000228e+01 1.702091619009999874e+02
-2.168426622090000033e-01 2.751997083020000234e-01 5.517540911020000355e-03 -1.175143156940000040e+02 3.437176895950000244e+01 1.708582641300000091e+02
-2.173495143649999961e-01 2.790989718840000133e-01 2.651728156090000198e-03 -1.176488927019999977e+02 3.397488207319999987e+01 1.708211552109999900e+02
-2.189154227850000078e-01 2.759297383439999751e-01 1.219911179519999993e-02 -1.170315782509999991e+02 3.275851963310000059e+01 1.689976157899999976e+02
-2.169208308720000089e-01 2.788048551410000075e-01 7.717167433239999902e-03 -1.178257000610000063e+02 3.316909861100000256e+01 1.691907280640000124e+02
-2.173722954179999889e-01 2.766522611119999753e-01 2.652331676640000066e-03 -1.176497636849999964e+02 3.440052638049999700e+01 1.710817837740000016e+02
-2.156894456120000136e-01 2.853087851109999962e-01 4.062797695750000083e-03 -1.188142403549999955e+02 3.184878910260000140e+01 1.687482704690000048e+02
-2.162423524039999989e-01 2.795429074129999747e-01 7.122995264530000356e-03 -1.181869125639999965e+02 3.332696463069999737e+01 1.698997556669999938e+02
-2.168108454880000036e-01 2.800816470720000062e-01 1.130995465769999916e-02 -1.187400917349999929e+02 3.152994027040000091e+01 1.681243256410000129e+02
-2.211823712369999917e-01 2.810457370930000143e-01 7.587377312730000066e-03 -1.167521107059999963e+02 3.260067427610000124e+01 1.692662212179999983e+02
-2.162323625869999877e-01 2.789189667479999857e-01 6.310489079389999638e-03 -1.187819583240000014e+02 3.286996019829999938e+01 1.701496785680000130e+02
-2.164184413180000044e-01 2.798359226770000263e-01 8.189415400210000792e-03 -1.186807351500000038e+02 3.188221235119999974e+01 1.689037025309999933e+02
-2.168295599260000039e-01 2.777553770200000272e-01 8.824848583970000548e-03 -1.177084292180000062e+02 3.322806212799999770e+01 1.694653186470000037e+02
-2.179898321000000028e-01 2.779524661269999752e-01 8.895789161500000305e-03 -1.176345252609999932e+02 3.233359229900000287e+01 1.692885700129999975e+02
-2.185778274669999965e-01 2.797694565230000041e-01 8.937923780380000599e-03 -1.174888273570000052e+02 3.317661932250000234e+01 1.689508035670000083e+02
-2.153192542010000099e-01 2.749241367179999784e-01 8.681429693050000257e-03 -1.185088932069999998e+02 3.341644620390000142e+01 1.699984703670000101e+02
-2.137353620409999932e-01 2.800707087059999822e-01 2.453876114930000213e-03 -1.185973871430000059e+02 3.351414143110000055e+01 1.705099918180000031e+02
-2.155296638929999897e-01 2.795571463689999758e-01 7.074933296369999985e-03 -1.188299136640000029e+02 3.238186700189999812e+01 1.691263334559999976e+02
-2.172550046839999971e-01 2.774393979809999800e-01 7.481411202299999980e-03 -1.174700528789999936e+02 3.288958502679999896e+01 1.696241374059999885e+02
-2.156512682239999923e-01 2.771348130929999765e-01 5.134599200119999672e-03 -1.179451784110000006e+02 3.350825497019999943e+01 1.704360203420000062e+02
-2.129437275040000077e-01 2.800820604490000254e-01 5.493764838690000200e-03 -1.193224118029999943e+02 3.248119792020000318e+01 1.692229453139999862e+02
-2.170623777069999871e-01 2.782817657689999891e-01 7.302150879649999850e-03 -1.179154503350000027e+02 3.309926831239999956e+01 1.689747131960000104e+02
-2.170152360700000060e-01 2.769652980180000168e-01 7.267214030469999926e-03 -1.174849207750000062e+02 3.336516225879999809e+01 1.698673212479999961e+02
-2.200458231000000098e-01 2.802695791670000158e-01 5.100428244259999980e-03 -1.168910758890000068e+02 3.342279637189999875e+01 1.702685766239999907e+02
-2.196722864029999889e-01 2.795460191949999951e-01 8.792334738840000205e-03 -1.174123642469999993e+02 3.262281122379999942e+01 1.689166730540000003e+02
-2.165993065780000004e-01 2.785564784730000243e-01 8.952228552050000773e-03 -1.178016122209999992e+02 3.263368415939999778e+01 1.689918746699999872e+02
-2.197332975650000131e-01 2.749536879480000140e-01 1.117389493519999923e-02 -1.167358102790000061e+02 3.289686262459999710e+01 1.697318468249999910e+02
-2.205411333029999865e-01 2.750972242640000176e-01 1.084511690780000023e-02 -1.163843542700000029e+02 3.345339000530000106e+01 1.701324359920000120e+02
-2.157020138609999915e-01 2.786603347389999819e-01 7.835666590920000243e-03 -1.175993559749999946e+02 3.300719314359999856e+01 1.693951854999999966e+02
-2.167580550279999962e-01 2.765016352410000211e-01 8.861144201489999650e-03 -1.183278717590000042e+02 3.287242708189999973e+01 1.697183989380000071e+02
-2.187605580610000044e-01 2.811083981240000140e-01 7.561868868069999798e-03 -1.170674725939999945e+02 3.306528109799999982e+01 1.692631894719999934e+02
-2.177446201590000074e-01 2.808235753480000096e-01 1.013342036330000008e-02 -1.175155454479999975e+02 3.205380557029999977e+01 1.684987885360000064e+02
-2.188089936660000123e-01 2.809054480459999836e-01 8.342489712050000367e-03 -1.181309953330000013e+02 3.201173742089999763e+01 1.689990929500000050e+02
-2.164259906019999902e-01 2.754192251550000026e-01 1.177068877410000075e-02 -1.184469332869999931e+02 3.280057932159999723e+01 1.693004469720000031e+02
-2.174127923789999917e-01 2.776895804180000149e-01 8.460315611230000143e-03 -1.173380828540000067e+02 3.242081504819999793e+01 1.690598464050000018e+02
-2.180124385370000029e-01 2.803307065160000056e-01 8.058077324879999934e-03 -1.179901712860000060e+02 3.280213044130000100e+01 1.688499501919999943e+02
-2.179283530539999902e-01 2.790562116840000217e-01 8.144901999540000645e-03 -1.179143559719999956e+02 3.297347540020000167e+01 1.693487437310000132e+02
-2.164011914739999987e-01 2.764090052500000061e-01 1.212101977919999990e-02 -1.182569945070000017e+02 3.252603742779999862e+01 1.688481635820000122e+02
-2.164217641769999867e-01 2.765860127309999750e-01 1.098817042680000008e-02 -1.182370385549999980e+02 3.251402696310000096e+01 1.690820321509999928e+02
-2.182441637699999992e-01 2.778893220790000229e-01 9.466177345790000031e-03 -1.177370291550000019e+02 3.334994683899999757e+01 1.693428011679999940e+02
-2.168780603009999863e-01 2.783003108039999729e-01 9.909026172009999592e-03 -1.177714387740000035e+02 3.216919592060000355e+01 1.692234091260000071e+02
-2.195460868119999964e-01 2.787810004649999840e-01 1.127055903540000008e-02 -1.178765954849999957e+02 3.241501037670000329e+01 1.686847957459999918e+02
-2.162065270119999938e-01 2.787324496029999765e-01 8.058809538840000508e-03 -1.185602069069999942e+02 3.314369445490000032e+01 1.691221883119999916e+02
-2.171492487720000086e-01 2.751869044229999783e-01 1.087947687559999953e-02 -1.184639112149999960e+02 3.279936097339999890e+01 1.694856742489999988e+02
-2.176329162910000115e-01 2.799761233709999741e-01 7.161376067110000396e-03 -1.173186224159999966e+02 3.326406452079999809e+01 1.694581988189999890e+02
-2.174142694420000133e-01 2.792019935639999950e-01 6.914235723319999728e-03 -1.180144557910000032e+02 3.324843531359999815e+01 1.698298467630000061e+02
-2.160786221019999898e-01 2.811908656429999986e-01 5.805960973829999913e-03 -1.178672930780000030e+02 3.235633434580000056e+01 1.691929728499999896e+02
-2.199830371750000069e-01 2.764014710630000038e-01 9.225231856150000256e-03 -1.174421191269999980e+02 3.329590701579999745e+01 1.695884673479999947e+02
-2.165194775029999907e-01 2.785574606649999785e-01 6.801580984040000305e-03 -1.170913246669999950e+02 3.270346406529999683e+01 1.693663746850000109e+02
-2.165516557640000117e-01 2.790769241039999793e-01 6.694415311580000083e-03 -1.176544463430000036e+02 3.249655944749999748e+01 1.691628808670000126e+02
-2.166052514600000090e-01 2.798076380380000172e-01 5.225721959510000111e-03 -1.188788789329999958e+02 3.324816649809999802e+01 1.697745919710000067e+02
-2.172081260909999867e-01 2.779964236949999945e-01 6.625114795620000094e-03 -1.175601034029999994e+02 3.273579822140000317e+01 1.699485201630000120e+02
-2.179974029460000073e-01 2.792241050570000160e-01 9.172346063489999340e-03 -1.174996711680000061e+02 3.280792848379999782e+01 1.694401267659999917e+02
-2.162899984559999988e-01 2.779826687720000078e-01 3.437226809020000121e-03 -1.182143108509999934e+02 3.377470709079999978e+01 1.704023908309999911e+02
-2.161322600349999956e-01 2.772172241029999817e-01 1.056358379359999961e-02 -1.188217956379999976e+02 3.209520358270000173e+01 1.690179197740000063e+02
-2.182158059150000051e-01 2.768973225429999796e-01 5.529674053570000046e-03 -1.172472519279999972e+02 3.423852140559999668e+01 1.705568179670000006e+02
-2.168538705420000046e-01 2.772882991060000024e-01 9.389936838530000413e-03 -1.175401422660000037e+02 3.269605758320000177e+01 1.695202143829999955e+02
-2.181083436460000136e-01 2.802892783170000124e-01 6.738534945629999669e-03 -1.176743040989999969e+02 3.292928988839999960e+01 1.693792276860000072e+02
-2.173379118090000006e-01 2.793205745490000003e-01 1.067315509800000062e-02 -1.180126239939999948e+02 3.222376867389999688e+01 1.687580959080000014e+02
-2.171298760469999867e-01 2.786588025439999949e-01 8.109793956030000514e-03 -1.178899840419999947e+02 3.285370482079999732e+01 1.691379176140000027e+02
-2.156529783910000053e-01 2.776692327049999909e-01 5.643065878780000218e-03 -1.185883680559999931e+02 3.324586909100000298e+01 1.699102636050000115e+02
-2.135887444160000093e-01 2.815592372399999821e-01 3.931802882009999625e-03 -1.193399045369999953e+02 3.280296108089999763e+01 1.694118247860000110e+02
-2.168889527929999950e-01 2.792148321019999879e-01 5.752912284710000150e-03 -1.174712693080000037e+02 3.285287153240000180e+01 1.700288153580000028e+02
-2.198101143900000054e-01 2.759945085039999801e-01 9.032675694519999229e-03 -1.173948916720000000e+02 3.347381157710000110e+01 1.698106933869999864e+02
-2.177673222679999965e-01 2.815720040399999902e-01 5.197449367100000391e-03 -1.176080384410000050e+02 3.356049591019999667e+01 1.697178997439999932e+02
-2.169993777239999921e-01 2.785407810050000155e-01 7.019810290709999935e-03 -1.186992423119999955e+02 3.252569903879999913e+01 1.687972312859999988e+02
-2.174133374549999942e-01 2.795919244150000260e-01 9.977518330020000367e-03 -1.183957906589999993e+02 3.226037701429999771e+01 1.687268816929999957e+02
-2.167613575959999872e-01 2.777007692999999833e-01 7.405134661359999600e-03 -1.182894543090000070e+02 3.223226382410000213e+01 1.686870479359999990e+02
-2.172044958300000106e-01 2.799048387699999973e-01 7.905513809740000175e-03 -1.174223375109999949e+02 3.302497872739999707e+01 1.691187801250000007e+02
-2.160508798870000025e-01 2.795644352869999794e-01 7.230227670079999829e-03 -1.184079261069999944e+02 3.349467168270000172e+01 1.696593706319999910e+02
-2.196431619879999908e-01 2.817587918960000049e-01 1.210370069469999914e-02 -1.178118559769999933e+02 3.104986717750000125e+01 1.675419386110000062e+02
-2.118052196469999982e-01 2.807275034680000170e-01 4.327467356400000430e-03 -1.200120075260000050e+02 3.240963186460000145e+01 1.692931136009999875e+02
-2.170314290189999940e-01 2.803513208189999939e-01 7.272643461149999773e-03 -1.179321155300000044e+02 3.211535723099999728e+01 1.688703328230000125e+02
-2.158512911780000043e-01 2.805590828230000167e-01 8.387322080810000191e-03 -1.190439440450000035e+02 3.182049272829999964e+01 1.683615792250000140e+02
-2.181517899060000099e-01 2.784650356610000044e-01 7.935451609049999286e-03 -1.173058301869999980e+02 3.249650660679999703e+01 1.693139361579999900e+02
-2.166257765350000086e-01 2.779777542929999790e-01 4.934121142139999937e-03 -1.181475746140000069e+02 3.346686698829999784e+01 1.705053459540000063e+02
-2.159916266739999868e-01 2.794901768540000164e-01 6.918979968989999799e-03 -1.174000098100000002e+02 3.248287218320000136e+01 1.686491027159999874e+02
-2.184819540540000049e-01 2.730385346040000161e-01 1.224126591169999966e-02 -1.171301794959999967e+02 3.342045609459999866e+01 1.698089031769999906e+02
-2.194022176909999899e-01 2.794348414849999740e-01 1.460288101310000010e-02 -1.178025523209999932e+02 3.137236453579999917e+01 1.676275804779999987e+02
-2.164815009709999960e-01 2.785408852049999773e-01 7.908880712259999321e-03 -1.184965136940000008e+02 3.283304405509999668e+01 1.688544390030000102e+02
-2.152309643610000045e-01 2.787800090140000187e-01 5.430844584640000250e-03 -1.186383831309999977e+02 3.328285641309999932e+01 1.701349215580000021e+02
-2.155862762649999875e-01 2.759549769610000203e-01 1.839432830380000007e-03 -1.179226032659999959e+02 3.459107094969999707e+01 1.712707527130000074e+02
-2.189325186149999880e-01 2.780915688730000168e-01 8.320075286029999725e-03 -1.168897975630000019e+02 3.347559290480000271e+01 1.695097909170000037e+02
-2.177636760580000108e-01 2.779966925519999910e-01 1.112846357339999925e-02 -1.178746274150000062e+02 3.289058209249999720e+01 1.692925615380000011e+02
-2.167850777270000084e-01 2.782729240879999733e-01 8.550440136239999614e-03 -1.169959433740000065e+02 3.307721458120000335e+01 1.694640331939999953e+02
-2.174491805319999915e-01 2.795318497970000204e-01 7.907400926400000307e-03 -1.173092593270000066e+02 3.289517005180000098e+01 1.695830175659999952e+02
-2.161227598819999984e-01 2.776576176589999889e-01 8.868040476080000720e-03 -1.185187035529999946e+02 3.308215371680000061e+01 1.694843723470000043e+02
-2.176321307059999877e-01 2.758089863579999967e-01 7.763589733210000086e-03 -1.180271941529999964e+02 3.373984026090000299e+01 1.700724322920000020e+02
-2.168138770589999875e-01 2.775879611150000037e-01 6.491204766699999913e-03 -1.173212559520000013e+02 3.287210950770000295e+01 1.699244879610000112e+02
-2.186445784630000055e-01 2.800040684510000100e-01 7.603302117479999837e-03 -1.177227049050000005e+02 3.299400717110000159e+01 1.691513183819999995e+02
-2.160734250349999885e-01 2.799816388990000182e-01 6.706687478389999728e-03 -1.183431332690000062e+02 3.279738999500000318e+01 1.698891583019999985e+02
-2.175220054270000092e-01 2.800595054450000232e-01 3.610394199990000098e-03 -1.171806738869999975e+02 3.336078303429999892e+01 1.702459521389999964e+02
-2.147296506480000089e-01 2.767361036479999981e-01 5.953789689520000254e-03 -1.185562527390000014e+02 3.361551936269999885e+01 1.702487233059999880e+02
-2.166927543540000112e-01 2.818408042469999764e-01 1.101946365330000108e-03 -1.181721777759999981e+02 3.312600391069999972e+01 1.702397981420000121e+02
-2.161247477209999879e-01 2.831512149800000100e-01 1.022545119439999955e-02 -1.191898139240000063e+02 3.106580155809999866e+01 1.678159030470000062e+02
-2.206491780350000043e-01 2.761370840080000222e-01 9.549615517890000863e-03 -1.166663022820000037e+02 3.330918901639999774e+01 1.695227182419999963e+02
-2.193134876620000118e-01 2.791524847360000172e-01 5.200867795790000379e-03 -1.167378692120000068e+02 3.370653446810000275e+01 1.703051991879999889e+02
-2.178478061520000009e-01 2.825662020420000031e-01 5.726120485530000227e-03 -1.180138071209999993e+02 3.301572275579999882e+01 1.693992553660000056e+02
-2.163194600480000118e-01 2.791073335559999813e-01 5.998145271730000345e-03 -1.182729722240000001e+02 3.276904549209999828e+01 1.698488315630000045e+02
-2.171919689600000092e-01 2.831536281129999888e-01 3.007403703619999902e-04 -1.177497138229999933e+02 3.343057497619999907e+01 1.704648698299999978e+02
-2.161770431610000043e-01 2.780414334690000100e-01 9.737222889870000841e-03 -1.187830867459999951e+02 3.251417331129999866e+01 1.688392556350000007e+02
-2.193782447310000105e-01 2.762340323770000050e-01 1.529998568929999934e-02 -1.174309931150000068e+02 3.206776483600000205e+01 1.684209913059999906e+02
-2.171681260080000064e-01 2.803555156770000112e-01 8.041590007200000514e-03 -1.182035715709999977e+02 3.256888806370000111e+01 1.686098076410000033e+02
-2.177236134080000052e-01 2.789242099579999912e-01 7.735591273569999982e-03 -1.180404894630000001e+02 3.291083848649999766e+01 1.695859804359999998e+02
-2.190043402609999912e-01 2.750476153649999977e-01 1.443157145009999962e-02 -1.174756936269999983e+02 3.234455004819999857e+01 1.683958958610000138e+02
-2.176737226459999897e-01 2.787009400480000010e-01 1.002829348309999986e-02 -1.175383387849999934e+02 3.210544060440000180e+01 1.688680080000000032e+02
-2.179126482150000044e-01 2.810545026199999796e-01 7.869357285490000131e-03 -1.178176568819999943e+02 3.238172440740000013e+01 1.689841616029999898e+02
-2.182791996550000058e-01 2.826098065980000018e-01 5.037498735580000185e-03 -1.178625331279999955e+02 3.240402082779999660e+01 1.689405139330000054e+02
-2.200947813190000102e-01 2.790028840980000036e-01 9.920180741470000646e-03 -1.177672721419999959e+02 3.306831878420000237e+01 1.689662405489999912e+02
-2.175836772399999952e-01 2.793069919119999800e-01 8.175752805859999930e-03 -1.179773370559999961e+02 3.215020628239999922e+01 1.685471350390000111e+02
-2.143512398219999948e-01 2.810262767030000108e-01 4.787508107330000137e-03 -1.187354370879999976e+02 3.240683443319999668e+01 1.695461376439999981e+02
-2.163616963870000076e-01 2.790086042189999782e-01 6.435422785900000130e-03 -1.177887963689999964e+02 3.261890779950000052e+01 1.696501472660000047e+02
-2.150820753029999977e-01 2.808242894529999756e-01 4.022550349459999737e-03 -1.194972597459999974e+02 3.282258121080000279e+01 1.695321916940000051e+02
-2.175513472779999902e-01 2.798704546449999886e-01 3.303380361400000062e-03 -1.177294134619999966e+02 3.403515411349999908e+01 1.705664446709999993e+02
-2.171840721709999977e-01 2.765686268870000131e-01 6.804072876299999996e-03 -1.178610331339999959e+02 3.303682092900000100e+01 1.698004167759999916e+02
-2.165076244759999990e-01 2.789115041810000251e-01 6.770092943830000390e-03 -1.189675062259999976e+02 3.301195666779999982e+01 1.701028047739999920e+02
-2.182013168549999937e-01 2.778203737539999829e-01 8.345614820299999265e-03 -1.174311468239999954e+02 3.230345079949999842e+01 1.695086656759999926e+02
-2.184418774609999947e-01 2.798401364190000185e-01 8.902070331329999670e-03 -1.179179014730000006e+02 3.172778378989999837e+01 1.685083988970000064e+02
-2.194102218940000015e-01 2.771181119150000205e-01 6.090879594939999607e-03 -1.172913054590000002e+02 3.343860057460000235e+01 1.702854910279999956e+02
-2.185745366129999978e-01 2.806940364320000270e-01 5.003932255159999898e-03 -1.178963889420000015e+02 3.360326654090000176e+01 1.696945126299999913e+02
-2.161774255130000100e-01 2.781657687590000094e-01 6.380370043989999802e-03 -1.175004824420000062e+02 3.326604868679999782e+01 1.702952568489999976e+02
-2.167054007249999970e-01 2.759806005129999962e-01 9.646452938640000599e-03 -1.179721056140000002e+02 3.326198390239999725e+01 1.695873488780000002e+02
-2.196183219339999937e-01 2.798900879840000022e-01 9.287132923439999840e-03 -1.179008820479999997e+02 3.254612602019999912e+01 1.692257041869999910e+02
-2.190967979679999955e-01 2.765798536140000041e-01 9.047326842259999224e-03 -1.176216011289999983e+02 3.314673287929999645e+01 1.696499818100000141e+02
-2.211684506870000011e-01 2.807888470320000218e-01 8.184664605480000688e-03 -1.171324285249999946e+02 3.291185130779999923e+01 1.691902391739999985e+02
-2.169299055220000050e-01 2.748079995639999829e-01 6.148787172779999685e-03 -1.178846546169999954e+02 3.441599466960000342e+01 1.708909016759999986e+02
-2.163186846210000125e-01 2.798623206679999864e-01 5.312945793339999938e-03 -1.178258273910000042e+02 3.276876342479999948e+01 1.699726102269999899e+02
-2.208593541349999911e-01 2.761079575620000170e-01 1.085256083149999974e-02 -1.163609304919999943e+02 3.346094457939999955e+01 1.697307179309999867e+02
-2.187149493489999874e-01 2.752367861669999805e-01 1.173785002919999938e-02 -1.176955038819999970e+02 3.295874938370000251e+01 1.692509848519999878e+02
-2.158826476950000128e-01 2.788514216199999840e-01 7.758241991960000174e-03 -1.185493876839999956e+02 3.241845832629999791e+01 1.685422060319999957e+02
-2.184815382349999946e-01 2.804952411850000216e-01 8.360070411710000121e-03 -1.179523281729999979e+02 3.306790855420000241e+01 1.690524654049999924e+02
-2.196377507049999955e-01 2.783347886570000096e-01 8.483603821659999739e-03 -1.173785927950000030e+02 3.309769214770000190e+01 1.700001417500000116e+02
-2.214336756749999968e-01 2.795047506389999881e-01 9.323840683169999644e-03 -1.171430922360000011e+02 3.284915322169999996e+01 1.691684967809999875e+02
-2.156248403129999991e-01 2.793075102009999755e-01 7.605715572759999890e-03 -1.188609598209999945e+02 3.247184601410000226e+01 1.686720986599999890e+02
-2.154781026969999902e-01 2.784610754990000103e-01 5.664147703039999933e-03 -1.182702066479999985e+02 3.295686278739999864e+01 1.703164795110000114e+02
-2.163949239129999980e-01 2.769666961150000217e-01 7.612502881940000354e-03 -1.180843063330000007e+02 3.362285859789999876e+01 1.695818161100000054e+02
-2.186666456659999980e-01 2.810437096719999861e-01 8.554775635609999235e-03 -1.178613109390000062e+02 3.267514451849999801e+01 1.688915061040000012e+02
-2.178013585889999881e-01 2.755991931790000016e-01 1.155645515499999915e-02 -1.171473596980000025e+02 3.271646875319999737e+01 1.693743594320000057e+02
-2.218725076739999913e-01 2.789478154650000263e-01 9.478172195389999305e-03 -1.167939003329999963e+02 3.296837267939999805e+01 1.693922111089999873e+02
-2.163568872449999902e-01 2.789699043259999955e-01 6.182184379109999760e-03 -1.184599757320000037e+02 3.324108792930000078e+01 1.703288527660000113e+02
-2.195936294420000046e-01 2.804127459510000198e-01 5.517631521380000209e-03 -1.172761157650000001e+02 3.283758655580000152e+01 1.697529004090000058e+02
-2.152723616839999909e-01 2.785481839489999945e-01 6.187007838340000294e-03 -1.181368642000000051e+02 3.294986988149999974e+01 1.691368636420000087e+02
-2.189495290469999911e-01 2.769393043710000057e-01 1.294633882179999952e-02 -1.177596455340000006e+02 3.243077841440000242e+01 1.687254058059999977e+02
-2.160463459009999976e-01 2.793972157310000148e-01 7.326167437999999733e-03 -1.179229397950000049e+02 3.226083674040000204e+01 1.696728543350000109e+02
-2.138191147559999894e-01 2.753577446000000095e-01 1.139478810209999977e-02 -1.190780006359999987e+02 3.254890809140000130e+01 1.690525880760000064e+02
-2.153162780089999950e-01 2.764767630000000143e-01 5.385738579040000133e-03 -1.178636323589999932e+02 3.379363419010000058e+01 1.704489033700000107e+02
-2.183565277229999879e-01 2.771059259599999991e-01 7.821954733720000441e-03 -1.177495276289999993e+02 3.341208536109999727e+01 1.694597854840000082e+02
-2.157253615299999927e-01 2.765201507780000179e-01 5.992477266360000422e-03 -1.186503292910000056e+02 3.341996763360000244e+01 1.700856880290000106e+02
-2.174778451899999909e-01 2.812432496180000130e-01 5.071564130180000220e-03 -1.176597838370000062e+02 3.324559322310000198e+01 1.698896271659999968e+02
-2.161021366410000033e-01 2.794317357169999738e-01 6.911950414640000324e-03 -1.189956401430000028e+02 3.248485129160000184e+01 1.699844236229999979e+02
-2.173185757159999953e-01 2.801692142480000092e-01 6.194009870489999847e-03 -1.175232998519999938e+02 3.324361512929999662e+01 1.696287372179999977e+02
-2.173039500520000111e-01 2.742882929839999817e-01 1.475801067920000029e-02 -1.178453815969999994e+02 3.240914007420000331e+01 1.687000430859999938e+02
-2.187751195060000098e-01 2.807907476420000159e-01 7.489447609940000188e-03 -1.171767533250000071e+02 3.271469401080000239e+01 1.696255567439999936e+02
-2.185051770360000034e-01 2.778088564119999826e-01 9.345346643919999821e-03 -1.172032367850000014e+02 3.268843028620000268e+01 1.697486320419999970e+02
-2.174427646590000041e-01 2.787215460490000130e-01 5.519723066729999815e-03 -1.177533168589999946e+02 3.338992681029999687e+01 1.702775153389999900e+02
-2.168788027080000014e-01 2.782952165279999890e-01 5.474257863600000273e-03 -1.183545825260000015e+02 3.333382907709999898e+01 1.700470402059999913e+02
-2.199746606759999945e-01 2.815018319550000037e-01 4.026379643879999734e-03 -1.172023472629999929e+02 3.323038456969999999e+01 1.698169500649999861e+02
-2.212773032579999910e-01 2.757801329219999875e-01 1.295464522719999914e-02 -1.160575070130000057e+02 3.269142805829999787e+01 1.690880677870000000e+02
-2.141823282789999949e-01 2.828743631310000062e-01 4.075475279060000212e-03 -1.192765896410000011e+02 3.250785496550000175e+01 1.693591380949999916e+02
-2.176590035990000060e-01 2.805289560570000118e-01 3.403039829310000076e-03 -1.172005008099999941e+02 3.311902686229999659e+01 1.701378357799999890e+02
-2.187222055030000056e-01 2.760195528230000028e-01 9.009304877650000515e-03 -1.173312318159999990e+02 3.287105899979999890e+01 1.696323658869999917e+02
-2.163972783160000024e-01 2.794036736180000036e-01 7.798580812449999906e-03 -1.186335590879999984e+02 3.210066622920000157e+01 1.686181547889999877e+02
-2.162881071340000128e-01 2.803633773449999977e-01 8.173014005670000207e-03 -1.185032390270000064e+02 3.213406487559999647e+01 1.684581366449999962e+02
-2.170093743210000092e-01 2.791882042739999847e-01 7.284400117989999618e-03 -1.180073409989999931e+02 3.258860064379999955e+01 1.690602225910000129e+02
-2.170422608969999889e-01 2.807754306249999887e-01 7.126613866259999888e-03 -1.186256667690000057e+02 3.239919501419999648e+01 1.691680208539999910e+02
-2.159697512709999878e-01 2.776742214390000019e-01 6.799096323590000414e-03 -1.179312090640000008e+02 3.371126558390000127e+01 1.699565284040000108e+02
-2.186717602740000099e-01 2.811273098459999842e-01 8.438083661260000617e-03 -1.179516629019999954e+02 3.261878771010000122e+01 1.691616729120000002e+02
-2.170707943500000126e-01 2.808760909069999978e-01 9.891576475670000798e-03 -1.183491258079999966e+02 3.196052987970000103e+01 1.684974298859999919e+02
-2.165202461440000059e-01 2.797690650770000009e-01 6.878027852410000323e-03 -1.172784778719999963e+02 3.334710532799999783e+01 1.696228302789999987e+02
-2.165739658979999871e-01 2.785110923119999971e-01 8.492390542279999385e-03 -1.180809971099999984e+02 3.268073988809999975e+01 1.688597362550000014e+02
-2.177071712629999878e-01 2.767566935799999905e-01 7.817377949430000250e-03 -1.182022850110000007e+02 3.322340233919999974e+01 1.694395657519999929e+02
-2.169563771509999961e-01 2.778353344230000133e-01 9.903716290780000681e-03 -1.172343794020000018e+02 3.247320155719999946e+01 1.691375945259999867e+02
-2.194636795530000017e-01 2.780931409729999748e-01 1.036740792890000068e-02 -1.170680239210000053e+02 3.232902042949999810e+01 1.687854985890000137e+02
-2.176983635199999934e-01 2.788303263610000249e-01 2.130856783660000156e-03 -1.175356501309999970e+02 3.442366839030000136e+01 1.710954522650000058e+02
-2.184207999530000111e-01 2.783882565840000156e-01 1.575649440020000097e-02 -1.181567447780000037e+02 3.107656162789999854e+01 1.674250526970000124e+02
-2.183585985740000013e-01 2.766479397280000030e-01 9.433383109449999457e-03 -1.177337752789999996e+02 3.285426521069999950e+01 1.693097947980000129e+02
-2.168759043869999958e-01 2.806352204579999898e-01 8.385311986470000631e-03 -1.189805143930000071e+02 3.210280420769999665e+01 1.689450914159999968e+02
-2.190598506329999862e-01 2.829976286779999906e-01 6.586031697460000348e-03 -1.174589794559999945e+02 3.247515959100000060e+01 1.690801900579999995e+02
-2.190503781919999893e-01 2.819697501480000201e-01 7.500127680300000023e-03 -1.171917012669999991e+02 3.250062761000000222e+01 1.689214170580000030e+02
-2.169723250399999970e-01 2.782847399799999732e-01 5.831630925999999743e-03 -1.190431433520000013e+02 3.301083606169999740e+01 1.692516560999999911e+02
-2.201642108490000083e-01 2.806090362979999919e-01 7.676075869929999650e-03 -1.174267910730000040e+02 3.247139932150000163e+01 1.694515507650000075e+02
-2.166605672939999894e-01 2.777291568679999822e-01 7.433937901679999599e-03 -1.180178212349999995e+02 3.241998944209999678e+01 1.690230318929999953e+02
-2.158992270150000004e-01 2.771892906010000046e-01 9.984565986240000190e-03 -1.183030200799999960e+02 3.268784656479999740e+01 1.694084392750000063e+02
-2.196463112910000126e-01 2.779525453800000268e-01 1.170082769670000022e-02 -1.173240346820000042e+02 3.186487838860000110e+01 1.684833103940000001e+02
-2.169518930490000053e-01 2.802528886399999752e-01 7.163741374269999920e-03 -1.183083331659999970e+02 3.249071968789999687e+01 1.689489172110000084e+02
-2.178314821200000029e-01 2.782399292939999880e-01 1.133904025939999963e-02 -1.179486325339999979e+02 3.237082255300000355e+01 1.689376255239999978e+02
-2.186763120790000126e-01 2.825310475960000067e-01 4.640098746270000275e-03 -1.170980863919999990e+02 3.294069990690000083e+01 1.698608835990000046e+02
-2.186920749440000034e-01 2.766067686750000032e-01 1.177174709090000014e-02 -1.174239930530000038e+02 3.262517614149999901e+01 1.693742193379999890e+02
-2.193917315149999936e-01 2.769152043209999747e-01 7.916814432379999308e-03 -1.171146882710000057e+02 3.358011185790000042e+01 1.701172580470000071e+02
-2.192329257679999921e-01 2.756024617310000036e-01 9.925728209589999851e-03 -1.176742371600000041e+02 3.282347043709999923e+01 1.693597836350000136e+02
-2.162040930149999873e-01 2.795286448550000080e-01 6.456663338450000303e-03 -1.189073429190000013e+02 3.245380336520000242e+01 1.696674646099999961e+02
-2.181424571139999879e-01 2.818979457799999921e-01 7.476521528370000391e-03 -1.182455270640000009e+02 3.261952069219999828e+01 1.687516765119999889e+02
-2.163384472769999955e-01 2.792184207269999829e-01 7.377924126720000059e-03 -1.187852671090000030e+02 3.369972891849999996e+01 1.695854052269999954e+02
-2.189686955329999962e-01 2.785401800569999864e-01 8.291915306449999454e-03 -1.166695187029999943e+02 3.301051910359999653e+01 1.699013277740000092e+02
-2.196945150959999926e-01 2.779791487450000154e-01 1.023087171179999991e-02 -1.174496528869999992e+02 3.309287924640000256e+01 1.693189984320000008e+02
-2.168981121509999943e-01 2.771260322369999973e-01 1.211896731200000008e-02 -1.182989731920000054e+02 3.188658206939999928e+01 1.686112585390000049e+02
-2.140132468650000064e-01 2.834174744030000248e-01 1.400256333640000073e-03 -1.188859530170000056e+02 3.297650017640000186e+01 1.700177328700000032e+02
-2.179967998679999963e-01 2.800053713169999847e-01 8.665552974109999237e-03 -1.175659444479999962e+02 3.218828911770000190e+01 1.688989287279999871e+02
-2.185172897890000077e-01 2.762591755059999876e-01 9.891817078989999235e-03 -1.182165322860000032e+02 3.301354660190000345e+01 1.691216010980000135e+02
-2.167917205219999921e-01 2.813575000979999796e-01 5.835334791310000345e-03 -1.182164614999999941e+02 3.320992378030000225e+01 1.700339474440000060e+02
-2.162656172619999984e-01 2.761497606910000013e-01 1.374588025360000063e-02 -1.189947757040000056e+02 3.223659178940000203e+01 1.683545815950000133e+02
-2.155087156090000067e-01 2.805770053369999739e-01 2.641573279510000139e-03 -1.186761111729999953e+02 3.326446667609999963e+01 1.699283927500000004e+02
-2.198240128120000081e-01 2.775527648259999980e-01 1.411403399709999958e-02 -1.171186005940000001e+02 3.212648089759999692e+01 1.681274353189999999e+02
-2.140043969579999983e-01 2.787600506969999947e-01 5.022534568099999708e-03 -1.189367366139999973e+02 3.331893736749999846e+01 1.699760707480000121e+02
-2.185133303809999872e-01 2.783496489180000144e-01 1.057018177990000016e-02 -1.180468168099999957e+02 3.174227080949999902e+01 1.687141320140000005e+02
-2.172719469740000131e-01 2.802506997020000057e-01 6.069937916319999988e-03 -1.174666175159999995e+02 3.286871725870000205e+01 1.697406341759999862e+02
-2.163597907669999876e-01 2.810079461430000092e-01 4.606186522720000058e-03 -1.187002670109999940e+02 3.346841438399999902e+01 1.699977332500000102e+02
-2.152385941069999975e-01 2.800527863710000065e-01 1.055839864609999998e-02 -1.190963576350000039e+02 3.192367426079999859e+01 1.682952459619999956e+02
-2.214991901529999863e-01 2.829017797119999789e-01 3.483641943910000070e-03 -1.165423515810000055e+02 3.322234653990000197e+01 1.698258689529999970e+02
-2.211836934710000035e-01 2.797648855329999962e-01 1.314383111699999988e-02 -1.171602056680000032e+02 3.179124045209999849e+01 1.680797235269999987e+02
-2.153906596300000087e-01 2.839943380580000065e-01 8.961617278229999650e-03 -1.192457537159999958e+02 3.115679265889999883e+01 1.676931192879999912e+02
-2.153202082020000130e-01 2.753522074659999763e-01 4.708354479210000339e-03 -1.182895847310000050e+02 3.415691690709999762e+01 1.708126519879999989e+02
-2.183748138040000064e-01 2.823064244719999949e-01 7.475111706800000033e-03 -1.178359049740000017e+02 3.245899708160000330e+01 1.687148849659999996e+02
-2.177078179220000020e-01 2.790961863570000090e-01 1.033708010190000082e-02 -1.184346715679999988e+02 3.235601131069999781e+01 1.686631540770000015e+02
-2.206597009880000015e-01 2.787528278899999989e-01 7.200423377429999647e-03 -1.162497299650000002e+02 3.324460232740000265e+01 1.695368377389999921e+02
-2.179242434130000128e-01 2.777578808310000036e-01 8.667373731730000294e-03 -1.170952090360000000e+02 3.273613462680000197e+01 1.699006905580000080e+02
-2.170771091339999959e-01 2.794426330709999795e-01 7.541928194080000161e-03 -1.180235414910000031e+02 3.199404618919999876e+01 1.691114637009999910e+02
-2.162281942219999864e-01 2.765519744470000263e-01 1.243176584889999978e-02 -1.185822478959999984e+02 3.194510263649999970e+01 1.686476043319999860e+02
-2.163420380559999967e-01 2.776609549230000251e-01 1.013944817320000004e-02 -1.183827200589999933e+02 3.314949089809999805e+01 1.694034049740000114e+02
-2.179445218380000049e-01 2.771869928979999731e-01 1.098459698849999985e-02 -1.178490269180000070e+02 3.309667205939999945e+01 1.692697205270000040e+02
-2.198316273650000041e-01 2.819201897629999842e-01 7.165730039680000100e-03 -1.172642374229999973e+02 3.248803260780000102e+01 1.692822361249999972e+02
-2.170085299079999863e-01 2.805517393840000206e-01 6.009760270260000418e-03 -1.186095590590000057e+02 3.286691466959999985e+01 1.695327592499999980e+02
-2.191672194740000024e-01 2.791459385200000254e-01 9.861410484079999317e-03 -1.178585275150000058e+02 3.265829479119999945e+01 1.686166971780000097e+02
-2.186100905460000021e-01 2.758625461099999954e-01 1.059578848370000027e-02 -1.177808486259999938e+02 3.319552788810000266e+01 1.694316343549999999e+02
-2.150579120299999925e-01 2.819709940899999823e-01 1.367161864240000078e-03 -1.185976100179999975e+02 3.376895899019999803e+01 1.703829652180000096e+02
-2.160664862239999873e-01 2.782096949999999791e-01 9.046108771339999438e-03 -1.185377033949999941e+02 3.243535098459999944e+01 1.689200421710000057e+02
-2.182605197680000109e-01 2.786087319569999776e-01 9.759678326549999644e-03 -1.172015550729999944e+02 3.243161636039999962e+01 1.690340635109999994e+02
-2.165378876900000138e-01 2.820368212709999933e-01 7.420717074479999710e-03 -1.182039752999999962e+02 3.237872305409999996e+01 1.685957614209999917e+02
-2.147627935130000110e-01 2.762194711270000158e-01 1.241866106030000035e-02 -1.189886715699999939e+02 3.193727636479999887e+01 1.684280963630000088e+02
-2.202949068210000028e-01 2.823189196990000260e-01 5.775207394050000179e-03 -1.170057432779999971e+02 3.266865921670000006e+01 1.696345821099999966e+02
-2.160050467179999989e-01 2.825911596540000015e-01 4.062094507390000275e-03 -1.180189313329999976e+02 3.291601502409999824e+01 1.697161026859999993e+02
-2.200356687870000105e-01 2.817671379939999943e-01 8.976664404139999762e-03 -1.172781252409999979e+02 3.226837108609999660e+01 1.688454336169999976e+02
-2.201635396739999861e-01 2.808268907800000047e-01 1.089701126859999973e-02 -1.173122667100000029e+02 3.184364569099999898e+01 1.683511010249999913e+02
-2.172358343599999908e-01 2.780913184039999764e-01 8.587547633619999413e-03 -1.182325175109999975e+02 3.233504033469999683e+01 1.688003949669999884e+02
-2.181080555319999947e-01 2.776419857399999858e-01 6.655368383229999865e-03 -1.169009149550000046e+02 3.290734400510000057e+01 1.699065984210000124e+02
-2.181349488309999862e-01 2.803116424939999796e-01 4.976709497499999697e-03 -1.173050472390000039e+02 3.248149544900000052e+01 1.697623646149999956e+02
-2.163652003390000023e-01 2.802206765920000064e-01 5.715995353380000366e-03 -1.179435117609999963e+02 3.321724585279999786e+01 1.699020037159999958e+02
-2.166209721310000114e-01 2.807744794459999804e-01 9.063508920149999232e-03 -1.184629078669999984e+02 3.170429048520000137e+01 1.686655394199999876e+02
-2.185019616910000018e-01 2.798814329459999861e-01 1.029106368530000037e-02 -1.178896782949999960e+02 3.179087927610000008e+01 1.682904161239999894e+02
-2.146422820899999973e-01 2.806240571699999964e-01 4.619014907749999579e-03 -1.192382411690000055e+02 3.326813301979999693e+01 1.697227765750000117e+02
-2.181881399349999973e-01 2.782939743869999871e-01 1.091701840790000079e-02 -1.172309782789999986e+02 3.254532502800000060e+01 1.689150523639999903e+02
-2.193376511679999974e-01 2.792991807099999835e-01 8.998993819329999949e-03 -1.175225111569999967e+02 3.284656029330000138e+01 1.694494673149999926e+02
-2.181144793379999891e-01 2.788260938409999889e-01 6.759037626680000285e-03 -1.177066946629999933e+02 3.359564258569999851e+01 1.698503583719999881e+02
-2.158449780620000091e-01 2.784680647430000100e-01 1.559158085000000036e-03 -1.178799760910000032e+02 3.404415419019999689e+01 1.706767551249999997e+02
-2.181003235929999950e-01 2.800668293890000160e-01 7.195310805260000074e-03 -1.181441486020000013e+02 3.269595967760000121e+01 1.691735748330000035e+02
-2.155599423070000131e-01 2.774172063129999866e-01 1.033816061099999961e-02 -1.179295953849999989e+02 3.270300581429999909e+01 1.692092549019999979e+02
-2.172195108230000060e-01 2.783622743529999832e-01 6.252505267449999862e-03 -1.172793612159999981e+02 3.286473260839999710e+01 1.696959978099999944e+02
-2.181145378419999947e-01 2.801949921590000114e-01 6.659094079000000069e-03 -1.180959036560000044e+02 3.250621730030000123e+01 1.690221090660000129e+02
-2.148000589730000021e-01 2.826234970789999745e-01 5.538636660000000392e-03 -1.189881699480000066e+02 3.209111677050000111e+01 1.687463388449999968e+02
-2.209366758740000103e-01 2.762910887239999891e-01 1.084051132539999920e-02 -1.171272332979999931e+02 3.294015007029999964e+01 1.690624455360000127e+02
-2.166320188059999985e-01 2.809240111449999855e-01 4.245397128429999854e-03 -1.178120651389999978e+02 3.287671816259999957e+01 1.698995353100000045e+02
-2.239474564900000020e-01 2.805050879839999789e-01 1.039448530229999945e-02 -1.158021678009999960e+02 3.240803067360000256e+01 1.686546714620000103e+02
-2.191574228779999967e-01 2.776985241409999916e-01 1.179584383819999929e-02 -1.173976488229999973e+02 3.197378002920000029e+01 1.690047470190000070e+02
-2.155407679559999956e-01 2.787010251920000181e-01 9.156508268589999902e-03 -1.191911874280000063e+02 3.228643159069999768e+01 1.685560813179999968e+02
-2.168483287869999998e-01 2.802431143820000026e-01 5.847763079099999733e-03 -1.182953593560000058e+02 3.349103201249999984e+01 1.698282665510000129e+02
