6.377332960039999721e-02 1.492721437089999936e-01 -3.119460374560000249e-01 -1.352684602040000073e+02 8.071695199580000235e+01 1.121002161809999933e+02
6.501123487050000649e-02 1.530195306940000111e-01 -3.103348312779999896e-01 -1.349221656869999890e+02 8.016842628550000427e+01 1.118152032880000064e+02
6.852953435099999602e-02 1.514517889939999973e-01 -3.189081335510000059e-01 -1.350466047349999883e+02 8.089948365079999348e+01 1.116752614340000065e+02
6.437425081460000642e-02 1.530969023529999973e-01 -3.122145036119999828e-01 -1.349113171280000074e+02 8.044243395109999994e+01 1.123192267640000068e+02
6.885214122810000281e-02 1.538151527839999866e-01 -3.104129512250000111e-01 -1.357294024880000052e+02 8.022000526649999586e+01 1.118293459730000023e+02
6.205582216740000018e-02 1.523513640509999989e-01 -3.139945188009999888e-01 -1.348327818879999995e+02 8.075437326329999621e+01 1.118534507090000005e+02
6.736411632640000591e-02 1.551561139990000060e-01 -3.099139611119999804e-01 -1.353229485710000120e+02 8.012909005090000392e+01 1.117668644089999930e+02
6.344345012799999795e-02 1.541864403590000043e-01 -3.165720593029999752e-01 -1.348987426779999907e+02 8.022977102619999812e+01 1.119308525440000039e+02
6.529944676349999644e-02 1.517786219170000062e-01 -3.120441183350000092e-01 -1.350649386590000063e+02 8.058964523109999334e+01 1.120403896429999975e+02
6.548856501789999951e-02 1.470762606279999996e-01 -3.103783073770000067e-01 -1.354240991959999860e+02 8.107482895409999912e+01 1.120780705159999968e+02
6.651332646200000531e-02 1.587567609220000009e-01 -3.126417302100000239e-01 -1.350420901649999905e+02 7.971545368750000193e+01 1.116234048970000003e+02
6.473663428280000687e-02 1.484283136339999976e-01 -3.161138026649999988e-01 -1.350174519130000022e+02 8.102813183889999493e+01 1.122891185520000050e+02
5.797963778600000173e-02 1.595831118759999945e-01 -3.139399758609999758e-01 -1.343889229819999969e+02 7.990276579679999713e+01 1.120479857419999945e+02
6.094297051429999751e-02 1.504740796659999880e-01 -3.144799411470000083e-01 -1.341448775659999910e+02 8.088383044059999349e+01 1.122038726220000058e+02
5.994892759809999916e-02 1.523895296889999917e-01 -3.102840163139999885e-01 -1.351993451310000012e+02 8.018804554189999578e+01 1.122939624689999931e+02
6.707896771339999509e-02 1.591796678109999863e-01 -3.183149800510000071e-01 -1.345932247519999976e+02 8.011191115040000454e+01 1.115725533220000045e+02
6.848354771499999549e-02 1.554177929949999981e-01 -3.129623253220000234e-01 -1.352128827720000004e+02 8.049069892900000411e+01 1.116449820109999962e+02
6.512842562890000520e-02 1.566662183220000060e-01 -3.132191881899999975e-01 -1.350770334839999975e+02 8.026036408699999924e+01 1.117351514420000029e+02
6.326686503579999343e-02 1.519358606460000094e-01 -3.131863586340000172e-01 -1.349077605580000068e+02 8.076292425590000335e+01 1.122554588999999936e+02
6.634678739060000108e-02 1.529251889869999992e-01 -3.130142562889999813e-01 -1.351898447369999872e+02 8.094637139370000511e+01 1.120874753159999955e+02
6.357064016850000332e-02 1.509896183280000082e-01 -3.147052557400000228e-01 -1.349813158149999879e+02 8.081766450899999654e+01 1.120880235439999950e+02
6.732894407650000246e-02 1.509146517259999931e-01 -3.122117967990000187e-01 -1.350022805540000093e+02 8.101524155939999616e+01 1.117416664290000057e+02
6.192085966719999834e-02 1.517524634500000136e-01 -3.114334525129999753e-01 -1.353992832039999996e+02 8.094077032920000647e+01 1.120856463119999944e+02
6.612236965390000387e-02 1.509742404280000061e-01 -3.077484719660000256e-01 -1.354147292129999869e+02 8.063164962369999955e+01 1.121925383410000023e+02
6.419281571580000290e-02 1.516568220249999988e-01 -3.143254138900000161e-01 -1.351769401280000125e+02 8.070544343890000505e+01 1.116002067510000018e+02
6.421737841669999947e-02 1.539821400789999906e-01 -3.152216076489999796e-01 -1.347159771149999870e+02 8.055954612130000214e+01 1.122474457149999978e+02
6.821917915620000217e-02 1.531316579679999901e-01 -3.124454265470000269e-01 -1.355189294680000103e+02 8.066509516780000411e+01 1.116894586610000033e+02
6.500805647790000585e-02 1.527755086300000009e-01 -3.113013415800000017e-01 -1.348980069559999890e+02 8.035903779160000227e+01 1.119611862919999936e+02
6.731528343360000666e-02 1.461710670259999956e-01 -3.150558883360000118e-01 -1.352688646329999926e+02 8.150371359339999344e+01 1.119005813720000049e+02
5.689707601249999885e-02 1.543667383969999918e-01 -3.027996832040000252e-01 -1.348708269290000032e+02 7.989962167999999565e+01 1.124997389469999973e+02
6.212959608370000053e-02 1.563633771260000138e-01 -3.135031531010000205e-01 -1.344142693269999995e+02 8.039263046240000676e+01 1.121157288859999994e+02
6.523844855579999380e-02 1.536152259190000091e-01 -3.107592730709999862e-01 -1.351773794430000066e+02 8.075315188339999395e+01 1.119177262710000065e+02
6.409733518879999481e-02 1.504260514980000074e-01 -3.134867976580000271e-01 -1.345929922109999950e+02 8.084394363059999478e+01 1.121024272089999982e+02
6.445711177490000277e-02 1.519083873709999866e-01 -3.133366673040000050e-01 -1.351563873999999998e+02 8.073215016790000220e+01 1.116319826299999960e+02
6.399505611639999536e-02 1.502278635619999914e-01 -3.124891169130000201e-01 -1.347211072300000012e+02 8.094079920129999550e+01 1.118108189200000027e+02
6.825851568940000114e-02 1.520891394639999894e-01 -3.130735043860000122e-01 -1.353342871670000136e+02 8.042753649050000320e+01 1.118373600809999999e+02
6.295648088459999958e-02 1.540850534140000005e-01 -3.132134435089999891e-01 -1.353614673529999948e+02 8.074820403169999850e+01 1.122185927740000011e+02
6.529043156909999923e-02 1.529676593959999886e-01 -3.146384527550000199e-01 -1.350265383329999906e+02 8.059508301370000538e+01 1.120423852979999992e+02
6.344315390030000334e-02 1.523846948829999937e-01 -3.079056857579999806e-01 -1.348086409599999911e+02 8.014828012179999916e+01 1.120625317939999945e+02
6.156430067149999685e-02 1.510394848330000039e-01 -3.118614256539999907e-01 -1.352787774280000122e+02 8.080480148030000009e+01 1.119700881109999955e+02
6.558469244440000290e-02 1.516550575760000075e-01 -3.086821687440000073e-01 -1.351290012769999862e+02 8.063037809809999601e+01 1.120602237290000005e+02
6.833210897579999887e-02 1.512893029000000056e-01 -3.067770344920000003e-01 -1.358334033010000041e+02 8.067297006009999905e+01 1.120365873249999993e+02
6.264632533620000110e-02 1.516452917999999983e-01 -3.175762513009999788e-01 -1.345512490000000128e+02 8.045099519759999396e+01 1.118333991810000043e+02
6.750499279570000566e-02 1.522981892059999953e-01 -3.152840212290000110e-01 -1.346781668680000053e+02 8.052835583399999564e+01 1.118183190790000054e+02
6.409885726939999750e-02 1.563631475950000016e-01 -3.127400028760000117e-01 -1.349874691699999971e+02 8.040963052690000268e+01 1.117768342420000067e+02
6.748347922340000582e-02 1.508572568999999863e-01 -3.160221965489999896e-01 -1.348746576409999989e+02 8.065747342839999590e+01 1.119419563010000047e+02
6.115118576620000301e-02 1.526639776369999868e-01 -3.170395423960000181e-01 -1.345650200800000107e+02 8.061133537739999610e+01 1.124539028300000041e+02
6.564378855249999867e-02 1.546217509280000124e-01 -3.093518359920000016e-01 -1.355261175359999868e+02 8.062563076099999648e+01 1.119391421029999947e+02
6.640792771770000213e-02 1.534899091659999992e-01 -3.134042928779999793e-01 -1.345653950429999952e+02 8.062292996899999764e+01 1.119665007079999981e+02
5.824655968890000285e-02 1.561263036149999894e-01 -3.075369196400000171e-01 -1.345308579059999943e+02 7.997713451740000323e+01 1.124697296220000027e+02
6.559824333380000205e-02 1.559544912230000080e-01 -3.109461866100000083e-01 -1.347087892069999953e+02 8.015212715680000599e+01 1.119653656659999967e+02
6.234627552630000319e-02 1.502074637949999958e-01 -3.123925657889999874e-01 -1.350225062089999994e+02 8.072833937730000287e+01 1.117472719870000049e+02
6.284493896510000288e-02 1.509466790110000067e-01 -3.128162525290000273e-01 -1.347910377700000026e+02 8.057574818919999871e+01 1.119854383039999988e+02
6.487815086779999407e-02 1.513803658050000001e-01 -3.095807023359999910e-01 -1.354276929940000116e+02 8.034212320599999657e+01 1.118014501220000056e+02
6.269624338010000575e-02 1.507818008329999959e-01 -3.097276730669999978e-01 -1.350051803309999912e+02 8.095606778740000209e+01 1.119445240170000062e+02
6.856061735860000117e-02 1.580680345250000118e-01 -3.162935351639999948e-01 -1.349675915580000094e+02 8.022902401579999321e+01 1.116356035489999954e+02
6.404662628759999476e-02 1.503815829519999925e-01 -3.139643330890000139e-01 -1.345507044979999876e+02 8.082937361650000696e+01 1.120747361709999979e+02
6.429205088400000156e-02 1.523492636090000019e-01 -3.108746554119999894e-01 -1.349123726599999884e+02 8.055779691729999570e+01 1.125344997410000047e+02
6.307867328089999948e-02 1.528232968269999936e-01 -3.128104562049999759e-01 -1.349584610750000024e+02 8.080958707460000312e+01 1.121031967180000066e+02
6.278940595279999815e-02 1.512736011480000087e-01 -3.086233996430000071e-01 -1.354907171559999881e+02 8.037928693179999584e+01 1.123253894449999990e+02
7.025183892130000551e-02 1.440643325800000096e-01 -3.144932534579999994e-01 -1.355586502079999889e+02 8.153519739979999770e+01 1.118639477440000007e+02
6.441012002609999842e-02 1.524988457460000058e-01 -3.121089535430000006e-01 -1.350163344569999992e+02 8.048410535409999511e+01 1.122857619600000021e+02
6.273003146050000478e-02 1.536945877170000085e-01 -3.133865295550000152e-01 -1.346533973219999893e+02 8.026551862879999533e+01 1.119662754170000056e+02
6.262273671760000548e-02 1.544096119829999891e-01 -3.112990948089999765e-01 -1.346913907429999995e+02 8.010776165609999566e+01 1.123093767379999974e+02
6.483311083930000385e-02 1.587973662720000012e-01 -3.125322849989999874e-01 -1.350568077469999935e+02 7.969151542070000005e+01 1.117676227200000056e+02
6.359006281710000152e-02 1.522999495750000098e-01 -3.170222747049999956e-01 -1.349175084130000073e+02 8.049869545090000145e+01 1.120303027140000012e+02
6.520723540299999677e-02 1.534281126389999972e-01 -3.088796741589999728e-01 -1.353883598559999939e+02 8.036577789010000572e+01 1.122058826490000030e+02
6.581930376620000189e-02 1.564323732619999907e-01 -3.124464642670000125e-01 -1.351257611560000100e+02 8.050635430879999888e+01 1.117314232420000053e+02
6.011872884600000244e-02 1.547925228589999980e-01 -3.139245793809999907e-01 -1.344771508130000086e+02 8.046237419199999863e+01 1.121127955750000069e+02
6.096710835170000148e-02 1.535243529089999892e-01 -3.131421274019999812e-01 -1.346718486629999916e+02 8.026426129799999387e+01 1.120267995399999990e+02
6.489999614079999812e-02 1.517768633699999870e-01 -3.150969564739999895e-01 -1.346049943259999964e+02 8.035635187069999574e+01 1.122534011759999970e+02
6.689832516249999417e-02 1.487529913800000048e-01 -3.133342488929999892e-01 -1.355796926120000023e+02 8.076839262110000561e+01 1.118354897029999933e+02
6.668970646110000677e-02 1.554755426049999889e-01 -3.169105713200000007e-01 -1.348587002099999950e+02 8.061663204719999953e+01 1.115894694790000017e+02
6.744580555689999590e-02 1.507985046339999913e-01 -3.138294311500000044e-01 -1.350114731459999859e+02 8.087166833919999931e+01 1.115890657580000038e+02
6.459134276710000455e-02 1.474073528139999978e-01 -3.121929233090000033e-01 -1.347588072270000055e+02 8.092315867060000301e+01 1.120307807330000003e+02
6.216516095559999899e-02 1.505582951970000083e-01 -3.090306606320000204e-01 -1.351327252520000002e+02 8.069070195650000699e+01 1.124588709169999987e+02
6.523129213339999566e-02 1.530805083800000077e-01 -3.154884127929999948e-01 -1.350700538909999864e+02 8.053263442360000113e+01 1.116265972799999986e+02
6.451551368539999720e-02 1.507032562010000021e-01 -3.099817504030000226e-01 -1.351881995189999941e+02 8.040174689779999539e+01 1.122805722030000055e+02
6.540459629540000541e-02 1.561607486569999981e-01 -3.104510376440000052e-01 -1.351482103989999928e+02 8.010772163699999737e+01 1.119780924890000051e+02
6.579445483489999857e-02 1.533470456090000045e-01 -3.076082821860000038e-01 -1.355504664899999909e+02 7.999584727699999576e+01 1.120866857409999966e+02
6.136765065090000332e-02 1.528526114279999959e-01 -3.077436031610000233e-01 -1.348993898980000097e+02 8.031966613230000007e+01 1.121258354330000060e+02
6.222519035670000254e-02 1.536146537499999964e-01 -3.130998862409999917e-01 -1.350914025429999867e+02 8.019082125120000626e+01 1.121696271299999950e+02
6.617025076200000466e-02 1.515965124199999958e-01 -3.145384889060000022e-01 -1.349500712319999991e+02 8.072083313029999374e+01 1.116524175159999999e+02
5.926600042590000200e-02 1.510579911849999901e-01 -3.116988857599999885e-01 -1.345886450810000099e+02 8.021646538619999944e+01 1.121757024629999933e+02
6.610817040579999859e-02 1.526645581480000069e-01 -3.094226865329999798e-01 -1.354673973529999955e+02 8.024367095190000043e+01 1.122283596169999953e+02
6.319260943420000609e-02 1.507890886849999890e-01 -3.124756431160000125e-01 -1.347743240640000124e+02 8.088157015439999498e+01 1.125553011300000037e+02
6.720238741600000065e-02 1.515143936660000024e-01 -3.134419711549999987e-01 -1.354012094249999905e+02 8.093277773059999447e+01 1.122325750239999991e+02
6.166997650520000124e-02 1.534909703950000093e-01 -3.093097448939999827e-01 -1.350224270440000112e+02 8.061356024709999701e+01 1.123565058949999980e+02
6.739589928700000232e-02 1.563135492009999905e-01 -3.105904259019999780e-01 -1.351617406999999957e+02 8.018999668179999674e+01 1.117041135399999945e+02
6.508265881180000378e-02 1.538316468650000046e-01 -3.154087942659999921e-01 -1.348857923369999980e+02 8.029853149390000056e+01 1.123038787450000058e+02
6.556709247389999606e-02 1.453623096979999862e-01 -3.086503353460000043e-01 -1.353229743230000111e+02 8.086813572559999841e+01 1.122835447119999941e+02
6.569628478590000542e-02 1.466649692060000010e-01 -3.088986980630000212e-01 -1.353438388419999967e+02 8.122231323619999444e+01 1.122097571120000055e+02
6.284030251420000268e-02 1.499750582140000066e-01 -3.154568683199999723e-01 -1.346280418229999896e+02 8.068297024209999790e+01 1.120767989689999951e+02
6.254682823870000297e-02 1.493882400459999871e-01 -3.153851895329999877e-01 -1.347748732290000078e+02 8.096092871070000285e+01 1.123587772930000028e+02
6.116132434140000157e-02 1.540356261220000023e-01 -3.141330248690000215e-01 -1.344303592910000020e+02 8.058781045160000645e+01 1.124094160989999978e+02
6.657738890610000182e-02 1.513347794799999868e-01 -3.145110308890000095e-01 -1.352475631320000105e+02 8.063483477879999839e+01 1.117209565910000038e+02
6.096235071580000109e-02 1.529866641869999933e-01 -3.085870413860000161e-01 -1.347661778799999865e+02 8.077345025420000013e+01 1.121100190810000043e+02
6.248377707520000324e-02 1.529940842630000131e-01 -3.131083505460000027e-01 -1.350562861569999882e+02 8.014866530160000480e+01 1.119751911270000022e+02
5.865855922560000296e-02 1.511188788660000060e-01 -3.152166010829999809e-01 -1.344547487140000044e+02 8.093790119320000542e+01 1.122370900009999986e+02
6.488039666389999738e-02 1.586194291340000118e-01 -3.120964647280000115e-01 -1.352060214420000079e+02 7.981232101470000373e+01 1.118814826130000029e+02
6.267500751719999597e-02 1.506688745410000030e-01 -3.140246186469999867e-01 -1.344011725109999986e+02 8.042091802870000095e+01 1.121794516820000069e+02
6.317025337010000186e-02 1.529617705400000138e-01 -3.193745785550000105e-01 -1.346989469579999934e+02 8.071873100409999324e+01 1.122084562910000045e+02
6.389659806950000187e-02 1.527430062579999970e-01 -3.089299800649999983e-01 -1.353042453060000128e+02 8.027245143749999556e+01 1.117877718470000019e+02
5.884873114440000025e-02 1.517346709159999862e-01 -3.096744437460000055e-01 -1.345402363219999984e+02 8.029864769690000514e+01 1.121110570010000060e+02
6.402689745139999999e-02 1.529599747779999963e-01 -3.099116832950000178e-01 -1.354359861519999981e+02 8.053257967199999712e+01 1.119351380930000062e+02
6.317183979019999618e-02 1.538198105499999913e-01 -3.133152579290000017e-01 -1.347708007210000005e+02 8.090402103280000290e+01 1.121017752329999979e+02
6.438388160520000514e-02 1.543445012119999959e-01 -3.090498299600000220e-01 -1.353282005000000083e+02 8.014853533609999658e+01 1.121400854439999932e+02
6.186275312730000336e-02 1.503293355379999863e-01 -3.136486070999999765e-01 -1.343210988859999873e+02 8.052968160870000247e+01 1.123870804339999978e+02
5.958624942719999845e-02 1.460673329949999932e-01 -3.108688843340000063e-01 -1.346694855910000115e+02 8.094189417600000525e+01 1.124229645049999959e+02
6.688928973480000317e-02 1.504642699310000109e-01 -3.138249685769999853e-01 -1.351660432049999940e+02 8.079235711329999958e+01 1.117073759809999984e+02
6.332662315180000168e-02 1.534783954070000067e-01 -3.068804900020000170e-01 -1.351311573590000137e+02 8.047325011419999896e+01 1.121786113099999938e+02
6.298796162960000611e-02 1.490389530879999980e-01 -3.135050798980000275e-01 -1.343233510539999997e+02 8.079258302259999880e+01 1.121169727999999992e+02
5.857555966680000337e-02 1.521130141719999884e-01 -3.087755154010000114e-01 -1.346990730109999959e+02 8.029340344300000254e+01 1.125620601340000064e+02
6.807302360229999794e-02 1.536661637650000023e-01 -3.136259683340000270e-01 -1.349325595820000103e+02 8.046919624950000127e+01 1.120126227599999993e+02
6.835090894919999827e-02 1.529744057519999978e-01 -3.158796990400000171e-01 -1.349468760210000084e+02 8.092817633149999779e+01 1.119826728649999978e+02
6.024132161759999937e-02 1.538161229359999993e-01 -3.142775276490000214e-01 -1.344353226450000136e+02 8.049299420719999887e+01 1.121468438469999995e+02
6.537519137889999388e-02 1.522072891990000065e-01 -3.147826799599999781e-01 -1.352493565199999921e+02 8.084297083020000230e+01 1.117897380950000041e+02
6.419691491090000202e-02 1.528188967280000032e-01 -3.131028920889999956e-01 -1.347405008679999980e+02 8.080944785580000200e+01 1.118114966760000044e+02
6.576848482830000009e-02 1.568493794070000003e-01 -3.177092588079999946e-01 -1.346525156429999868e+02 8.029712450959999614e+01 1.118142353070000041e+02
6.242352026330000303e-02 1.551392511209999936e-01 -3.162530256250000171e-01 -1.343670618060000095e+02 8.059020322909999834e+01 1.120757235709999975e+02
6.229891145790000112e-02 1.494504079389999962e-01 -3.179846149550000223e-01 -1.345667851670000061e+02 8.106692445219999854e+01 1.120062696429999960e+02
6.554053961280000007e-02 1.546003811649999948e-01 -3.098674441870000185e-01 -1.347875576140000078e+02 8.053259021840000287e+01 1.118395300309999953e+02
6.315366067039999975e-02 1.503485531350000071e-01 -3.118794236090000060e-01 -1.349716371419999916e+02 8.073588354100000686e+01 1.124316989830000040e+02
6.631050152650000418e-02 1.523615021470000053e-01 -3.137730551899999831e-01 -1.354338347469999917e+02 8.091120808220000526e+01 1.119359208709999933e+02
6.712681133879999651e-02 1.496194301429999984e-01 -3.091113640659999828e-01 -1.355575857359999929e+02 8.069156203000000005e+01 1.121263914089999929e+02
6.782325072219999584e-02 1.463975632929999937e-01 -3.134327411539999941e-01 -1.351425174110000000e+02 8.099386227040000108e+01 1.120430360000000007e+02
6.788876196889999382e-02 1.484149500459999993e-01 -3.107619550629999727e-01 -1.351344340569999929e+02 8.087511222620000240e+01 1.120259507030000066e+02
6.076589105380000161e-02 1.498383124060000127e-01 -3.097558786679999732e-01 -1.344976349940000091e+02 8.092499281429999769e+01 1.124222868279999972e+02
6.157246877889999831e-02 1.568222027010000019e-01 -3.163321792689999801e-01 -1.346457240889999980e+02 8.036924659209999788e+01 1.120660353020000031e+02
6.667396026329999725e-02 1.573101731990000085e-01 -3.091790136090000196e-01 -1.354000585059999935e+02 8.010124362140000187e+01 1.116508674330000019e+02
5.990655108060000122e-02 1.539764197509999877e-01 -3.060981182499999953e-01 -1.348462064269999985e+02 8.025852989950000449e+01 1.123723322689999975e+02
6.751931120050000401e-02 1.520600592930000106e-01 -3.099114252149999804e-01 -1.351153489950000051e+02 8.061088948729999970e+01 1.121942350049999959e+02
5.788666704159999704e-02 1.513884558199999897e-01 -3.167469225519999876e-01 -1.342297922490000133e+02 8.080095189710000625e+01 1.121700768230000023e+02
6.388945426570000197e-02 1.535864442260000129e-01 -3.095117116130000068e-01 -1.353356056320000107e+02 8.048914873910000267e+01 1.120135519490000036e+02
6.693251448850000285e-02 1.552631276030000118e-01 -3.101246491279999740e-01 -1.356561997819999874e+02 8.049495843059999345e+01 1.119965649199999973e+02
6.891496870409999365e-02 1.565517811749999877e-01 -3.127131269269999847e-01 -1.351597865049999996e+02 7.998095545489999836e+01 1.114866265339999956e+02
6.421714820549999370e-02 1.593758311139999995e-01 -3.080496046339999960e-01 -1.352125366559999975e+02 7.985446603920000541e+01 1.118413995319999970e+02
6.639006464930000129e-02 1.504725281319999886e-01 -3.061456370630000201e-01 -1.354940185830000132e+02 8.077865197920000639e+01 1.123736691010000044e+02
6.471452523640000565e-02 1.529316509829999893e-01 -3.133180759979999896e-01 -1.345333229979999885e+02 8.033613815340000031e+01 1.121481137659999945e+02
6.610334933910000377e-02 1.519804773710000112e-01 -3.097027161700000031e-01 -1.352743878869999890e+02 8.083584423989999834e+01 1.117203722419999963e+02
6.800813152189999489e-02 1.543436974119999916e-01 -3.140921889759999974e-01 -1.349431926400000066e+02 8.041163018909999494e+01 1.117529616000000061e+02
6.704217286920000074e-02 1.561368364129999964e-01 -3.077093754670000014e-01 -1.352348590020000074e+02 8.020908260340000595e+01 1.120622560110000023e+02
6.284773292259999977e-02 1.529877541809999963e-01 -3.103382690370000141e-01 -1.348037563160000047e+02 8.044084649730000081e+01 1.124367730499999993e+02
6.324340006440000439e-02 1.575288671769999871e-01 -3.134530869900000183e-01 -1.347320500239999888e+02 8.001143166479999991e+01 1.118370340769999984e+02
6.363590786849999958e-02 1.502916851980000135e-01 -3.159682818280000194e-01 -1.345740674129999945e+02 8.063042689409999753e+01 1.120659995200000054e+02
6.706151732539999966e-02 1.521448902110000001e-01 -3.112086454879999797e-01 -1.352412791490000075e+02 8.043678676070000222e+01 1.117284583069999968e+02
5.425419124030000234e-02 1.512848574160000070e-01 -3.125208105289999927e-01 -1.340522823329999937e+02 8.074645057499999723e+01 1.126770412179999994e+02
6.408332032060000405e-02 1.529648068760000035e-01 -3.127761596629999863e-01 -1.350342085899999915e+02 8.073527093549999734e+01 1.120171157820000047e+02
6.280867205239999695e-02 1.500959930809999954e-01 -3.119694672609999997e-01 -1.348544078120000052e+02 8.025340391349999436e+01 1.123385689589999998e+02
6.306009436499999954e-02 1.501894856559999880e-01 -3.077942286570000130e-01 -1.350821836990000122e+02 8.025652707369999916e+01 1.123226971090000035e+02
6.093863120359999802e-02 1.530588783769999961e-01 -3.104900447119999796e-01 -1.348954655210000055e+02 8.021489692869999999e+01 1.126371415579999962e+02
6.608757336800000215e-02 1.567733119749999959e-01 -3.101912387890000122e-01 -1.353784786559999986e+02 7.992708617940000693e+01 1.117394500070000021e+02
6.882443768710000409e-02 1.515372285269999952e-01 -3.127840506139999976e-01 -1.350521525910000094e+02 8.068312661470000080e+01 1.116605482140000021e+02
6.055231327970000271e-02 1.537846164309999986e-01 -3.118592966989999771e-01 -1.346418387859999939e+02 7.996599712610000665e+01 1.121723703929999942e+02
6.527802739969999768e-02 1.435170335929999985e-01 -3.136297815290000068e-01 -1.350185621020000042e+02 8.138974877610000647e+01 1.121106643450000036e+02
6.498753857929999433e-02 1.545965345049999939e-01 -3.123383989660000193e-01 -1.351700834220000047e+02 8.016079864399999622e+01 1.118413079110000012e+02
6.647920616640000391e-02 1.518203416539999906e-01 -3.140987982260000089e-01 -1.354775871090000123e+02 8.088682614500000057e+01 1.119413631750000064e+02
6.326428694379999940e-02 1.536847808779999991e-01 -3.148034931850000051e-01 -1.347141265420000025e+02 8.062267893989999834e+01 1.118424626300000000e+02
6.254646027509999651e-02 1.500163429639999879e-01 -3.116347979099999832e-01 -1.353695933410000123e+02 8.058252888609999331e+01 1.119844549129999933e+02
6.606406182780000247e-02 1.556672344720000101e-01 -3.150148967999999994e-01 -1.348574273890000086e+02 8.030824472000000469e+01 1.121573894109999969e+02
6.527206847769999321e-02 1.465906966049999871e-01 -3.121079523299999936e-01 -1.353286870590000035e+02 8.135419883470000002e+01 1.124613916680000045e+02
6.373801664759999597e-02 1.514935086960000066e-01 -3.102836677199999893e-01 -1.352460932090000085e+02 8.072494775449999338e+01 1.120029556190000051e+02
5.973941717049999905e-02 1.524075706169999989e-01 -3.073712392419999939e-01 -1.350342206759999897e+02 8.049869155679999722e+01 1.125482257500000003e+02
6.485122723899999775e-02 1.577795613350000126e-01 -3.119895193739999906e-01 -1.351051484980000055e+02 8.021653233729999499e+01 1.120598040050000037e+02
6.153981140289999791e-02 1.549600700459999869e-01 -3.141015318240000243e-01 -1.349691815559999952e+02 8.043360092189999477e+01 1.121363297999999986e+02
5.720640996419999735e-02 1.530331707850000056e-01 -3.070113466889999865e-01 -1.348142257160000099e+02 8.035413679340000215e+01 1.123475228239999950e+02
6.501707113440000074e-02 1.507827662400000046e-01 -3.115003658689999844e-01 -1.352019913759999952e+02 8.110801297999999804e+01 1.123068929629999957e+02
5.931699257019999727e-02 1.492654339110000006e-01 -3.091571025859999877e-01 -1.345327173389999871e+02 8.089727543509999919e+01 1.124956087700000040e+02
5.607647927119999848e-02 1.486480301599999998e-01 -3.121315588399999896e-01 -1.341720861350000007e+02 8.079969430900000305e+01 1.126248824270000028e+02
6.189238547110000044e-02 1.554626527200000108e-01 -3.098897608569999851e-01 -1.347378950769999904e+02 7.999267312460000312e+01 1.118489476719999942e+02
6.337847965560000629e-02 1.492752945399999920e-01 -3.155810129109999917e-01 -1.348391314950000037e+02 8.111703150590000178e+01 1.124731387880000000e+02
6.275924101350000006e-02 1.567796863550000031e-01 -3.117556030479999851e-01 -1.348265262380000138e+02 8.001953753479999421e+01 1.119240519920000025e+02
6.407278456199999583e-02 1.516790590029999941e-01 -3.111442386370000257e-01 -1.353461877150000134e+02 8.074665532909999399e+01 1.124920784389999966e+02
6.179393186430000295e-02 1.523988212359999872e-01 -3.079275173850000158e-01 -1.347290030759999979e+02 8.027270401650000053e+01 1.123121206830000034e+02
6.568032875849999508e-02 1.516413342919999963e-01 -3.114915668750000144e-01 -1.353843808340000123e+02 8.021877789900000266e+01 1.119957172750000041e+02
6.600368870919999520e-02 1.527362148710000034e-01 -3.134773740010000087e-01 -1.348017783459999919e+02 8.067949238580000326e+01 1.118001135599999998e+02
6.174189062249999665e-02 1.488162776760000028e-01 -3.155269138630000247e-01 -1.345463338289999911e+02 8.096120333780000067e+01 1.125943892269999935e+02
6.021191696020000012e-02 1.470133745449999918e-01 -3.102333522030000235e-01 -1.348957944759999918e+02 8.122164684979999549e+01 1.126037747200000041e+02
6.484249260730000353e-02 1.503865465620000119e-01 -3.157015778710000053e-01 -1.350285982670000067e+02 8.105497775749999789e+01 1.120285615220000039e+02
6.451247520309999484e-02 1.531481915510000125e-01 -3.136087515059999831e-01 -1.348288408310000079e+02 8.050900712739999676e+01 1.119518753269999962e+02
6.445677281230000055e-02 1.521959962059999949e-01 -3.107249081519999900e-01 -1.352574374959999943e+02 8.023222969430000262e+01 1.122748040729999985e+02
6.348409058239999625e-02 1.514451309600000073e-01 -3.077747679100000244e-01 -1.353759200050000118e+02 8.068421199990000048e+01 1.118767593559999938e+02
6.749016173709999900e-02 1.529319703339999947e-01 -3.111615278700000098e-01 -1.353645046080000043e+02 8.075099530789999847e+01 1.117008023540000039e+02
6.334602187049999389e-02 1.547965916609999881e-01 -3.122532136460000052e-01 -1.348841421840000123e+02 8.012509231330000148e+01 1.117091360919999943e+02
6.285992846519999899e-02 1.497076215539999977e-01 -3.063725672889999752e-01 -1.351598213469999905e+02 8.073807996979999757e+01 1.121099730159999979e+02
6.269818940389999817e-02 1.554390375720000050e-01 -3.119486876090000194e-01 -1.350831982470000128e+02 8.063955345680000164e+01 1.123259573670000009e+02
6.846226847189999798e-02 1.467567564020000048e-01 -3.143884207489999749e-01 -1.353615576669999996e+02 8.120575046630000315e+01 1.118754075989999990e+02
6.403791225940000387e-02 1.543552890759999907e-01 -3.079252540679999761e-01 -1.351727091989999963e+02 8.016168856989999369e+01 1.118512196530000011e+02
6.652450994750000457e-02 1.534181056449999969e-01 -3.113710780899999753e-01 -1.350724093439999933e+02 8.047384698279999782e+01 1.117151516179999931e+02
6.285727769250000485e-02 1.518648042590000080e-01 -3.138423427270000121e-01 -1.350564677499999959e+02 8.066544495979999851e+01 1.119653771650000067e+02
5.900067001150000046e-02 1.530793239880000045e-01 -3.129469079159999945e-01 -1.345075559729999952e+02 8.039649296640000387e+01 1.122089920279999973e+02
6.741906517369999907e-02 1.533516107379999938e-01 -3.096647390060000005e-01 -1.356122117339999988e+02 8.027520611830000519e+01 1.117875020890000002e+02
6.255757386240000384e-02 1.515502148529999926e-01 -3.127580739360000250e-01 -1.349043003019999958e+02 8.024939155200000585e+01 1.124816065159999994e+02
6.293458116910000122e-02 1.508982956180000001e-01 -3.081626743179999850e-01 -1.354346115410000095e+02 8.067698851170000296e+01 1.124783324099999930e+02
6.435661877980000667e-02 1.568330158079999925e-01 -3.081120115089999723e-01 -1.350724891669999863e+02 7.993681975020000152e+01 1.120346374399999974e+02
6.917652329850000614e-02 1.556896333439999891e-01 -3.120438034319999998e-01 -1.353045147709999867e+02 8.039363858469999968e+01 1.116511609009999972e+02
6.170708500270000174e-02 1.539425893980000126e-01 -3.124196697409999945e-01 -1.344078980820000027e+02 8.047106575940000539e+01 1.121721505200000024e+02
6.130793040440000313e-02 1.488476415299999911e-01 -3.135594496040000068e-01 -1.347196332389999895e+02 8.099171450560000096e+01 1.124295480800000036e+02
5.863761823029999681e-02 1.532711775429999868e-01 -3.104974019280000164e-01 -1.347414157780000039e+02 8.056334336359999782e+01 1.126835469730000057e+02
6.668400808089999798e-02 1.488797808679999946e-01 -3.089077608829999821e-01 -1.352636940349999861e+02 8.058775967779999405e+01 1.120690762990000025e+02
6.136040924800000018e-02 1.527102335340000117e-01 -3.156527505189999916e-01 -1.345989792539999996e+02 8.087953917650000335e+01 1.118357281920000048e+02
6.346700156890000555e-02 1.540507992890000066e-01 -3.101641049259999949e-01 -1.352900694820000069e+02 8.070197429190000094e+01 1.118359373260000069e+02
6.776130849089999353e-02 1.555162905499999915e-01 -3.099600049790000034e-01 -1.354183420269999942e+02 8.019155724200000179e+01 1.116415299370000014e+02
6.149859153659999883e-02 1.470976082090000026e-01 -3.086070974930000266e-01 -1.352006499599999927e+02 8.091462081970000497e+01 1.123253433139999942e+02
6.356305534829999326e-02 1.477828718729999879e-01 -3.163804503639999766e-01 -1.348618607260000033e+02 8.122422548500000516e+01 1.122933945279999932e+02
6.302137280800000629e-02 1.521276329500000080e-01 -3.176801833569999900e-01 -1.349523419459999900e+02 8.084554742180000630e+01 1.118615426000000070e+02
6.210719922619999805e-02 1.518317114290000103e-01 -3.105801175649999801e-01 -1.353644292140000118e+02 8.025633490430000450e+01 1.121963289279999998e+02
6.607173486459999578e-02 1.488039438719999941e-01 -3.108764019199999895e-01 -1.353079891559999908e+02 8.093163049669999509e+01 1.123564562140000049e+02
6.352268434329999547e-02 1.555886404859999905e-01 -3.130211407169999904e-01 -1.350321005200000002e+02 8.008240329330000407e+01 1.117184136989999956e+02
5.979369014139999938e-02 1.548464527139999936e-01 -3.091799426729999745e-01 -1.346797909839999932e+02 7.983270585229999483e+01 1.121466275559999985e+02
6.392457598869999424e-02 1.522512187189999922e-01 -3.159270160189999732e-01 -1.350055883409999922e+02 8.078477321789999621e+01 1.116848045619999965e+02
6.656730288940000684e-02 1.531240908139999968e-01 -3.124078938150000040e-01 -1.350714880849999986e+02 8.055617039669999713e+01 1.121157042850000067e+02
6.600850276849999643e-02 1.501995518320000111e-01 -3.149824597829999906e-01 -1.350156102589999989e+02 8.081296072380000339e+01 1.122236948609999985e+02
5.963020999569999814e-02 1.518729965130000137e-01 -3.106643012920000113e-01 -1.347851396439999974e+02 8.015143300009999905e+01 1.125862894119999993e+02
6.345564565460000417e-02 1.510921226930000139e-01 -3.169565999989999994e-01 -1.347190657040000019e+02 8.067897391580000033e+01 1.123222243520000063e+02
6.232731286410000265e-02 1.493535970079999942e-01 -3.145264025999999769e-01 -1.345179606110000066e+02 8.122351517879999960e+01 1.119757618959999945e+02
6.543155050979999887e-02 1.505863573979999981e-01 -3.148304439149999800e-01 -1.351753305130000058e+02 8.073633404669999436e+01 1.115922921589999959e+02
6.135936866589999927e-02 1.530662024549999944e-01 -3.121964019230000220e-01 -1.347411467759999937e+02 8.069163492270000404e+01 1.121377317839999961e+02
6.558642785380000562e-02 1.532270869540000025e-01 -3.097463100980000217e-01 -1.350606517880000013e+02 8.052866764979999914e+01 1.118056066999999985e+02
5.947272094299999728e-02 1.544957637759999947e-01 -3.134729739559999895e-01 -1.342754793469999868e+02 8.035925401779999788e+01 1.122981311180000006e+02
6.290511588739999826e-02 1.524558859980000014e-01 -3.093433466469999726e-01 -1.349313710810000089e+02 8.060725078689999634e+01 1.121734348540000070e+02
6.476595061470000192e-02 1.491061352739999901e-01 -3.054265190020000187e-01 -1.354631544879999865e+02 8.094650664079999558e+01 1.122678750280000060e+02
6.635659820149999999e-02 1.532344579490000080e-01 -3.108392221449999826e-01 -1.352320362780000096e+02 7.994839426570000285e+01 1.117649096840000027e+02
6.261762842949999963e-02 1.519217669039999996e-01 -3.133561875190000179e-01 -1.346206820030000131e+02 8.077524760529999526e+01 1.123550109239999983e+02
6.876817573990000321e-02 1.551837489410000104e-01 -3.041256906690000261e-01 -1.357191652090000105e+02 8.018668785049999315e+01 1.117824490429999997e+02
6.528521594229999558e-02 1.525818302009999961e-01 -3.127490465880000126e-01 -1.351784759969999925e+02 8.022615408420000449e+01 1.116511732700000010e+02
6.512884766979999684e-02 1.514813444700000011e-01 -3.132183289670000259e-01 -1.352703820010000015e+02 8.052955645510000693e+01 1.119320763540000030e+02
6.044798743390000090e-02 1.544055335020000086e-01 -3.085613396160000188e-01 -1.347625564619999921e+02 8.028257682900000702e+01 1.123616685840000002e+02
6.251048691770000332e-02 1.475990165149999866e-01 -3.114419170700000183e-01 -1.348449306969999952e+02 8.118236092479999400e+01 1.123719742010000004e+02
6.434932886170000033e-02 1.582551216130000105e-01 -3.086940817869999742e-01 -1.351656349920000082e+02 8.014270929520000664e+01 1.118014606039999990e+02
6.767696106840000170e-02 1.533577272659999990e-01 -3.124436957450000274e-01 -1.354718690150000100e+02 8.043187393430000043e+01 1.115729260899999957e+02
6.366580922370000672e-02 1.528152975619999909e-01 -3.155932151110000250e-01 -1.349015013469999928e+02 8.073447643510000660e+01 1.121431899520000002e+02
6.171309420450000333e-02 1.524899641859999988e-01 -3.078955439050000131e-01 -1.347157799420000117e+02 8.044635808130000498e+01 1.123019928129999983e+02
6.480937594879999930e-02 1.505342969700000089e-01 -3.104375558249999889e-01 -1.354363324130000024e+02 8.072772435029999372e+01 1.120961888650000020e+02
6.176658304040000269e-02 1.505717202669999977e-01 -3.111724686349999769e-01 -1.352099089509999885e+02 8.102479840350000018e+01 1.121572083509999942e+02
6.313848550320000363e-02 1.516615123620000116e-01 -3.129249877040000127e-01 -1.343443114810000054e+02 8.044223224750000156e+01 1.118829326360000067e+02
6.475597720469999929e-02 1.536505617989999961e-01 -3.168586308870000035e-01 -1.347189778270000033e+02 8.065521926889999804e+01 1.116644988169999948e+02
6.242108224540000166e-02 1.521935697980000002e-01 -3.110464019549999959e-01 -1.353257746920000102e+02 8.039416282290000026e+01 1.122086522540000004e+02
6.665896796610000508e-02 1.550626546580000098e-01 -3.141047008960000109e-01 -1.349361676599999953e+02 8.011206481070000507e+01 1.115958110130000023e+02
6.529686058950000260e-02 1.516350178089999889e-01 -3.123469293600000252e-01 -1.355576370029999964e+02 8.080091616709999869e+01 1.122253727279999964e+02
6.240420966239999812e-02 1.558827849470000027e-01 -3.111673892999999858e-01 -1.349563931669999874e+02 7.998765979169999696e+01 1.117100290019999989e+02
6.038318097880000096e-02 1.532911210289999993e-01 -3.119100920699999779e-01 -1.349416587300000003e+02 8.021029330800000423e+01 1.118751177510000048e+02
6.306523394660000503e-02 1.549382241850000008e-01 -3.116402921029999828e-01 -1.348252509289999921e+02 8.082760805850000452e+01 1.118643309630000005e+02
6.305365564230000497e-02 1.505044962919999951e-01 -3.109734613169999884e-01 -1.345413847780000083e+02 8.043136473520000607e+01 1.122313332570000028e+02
6.730699440930000554e-02 1.536022847459999896e-01 -3.172858896779999771e-01 -1.347737806940000098e+02 8.066773378019999541e+01 1.120381228960000044e+02
6.919221924750000585e-02 1.530346680699999906e-01 -3.088186995300000182e-01 -1.355482137650000141e+02 8.053972961380000584e+01 1.119893319720000022e+02
6.099613174549999711e-02 1.513727454619999968e-01 -3.136895125499999937e-01 -1.347487609480000117e+02 8.105114880770000241e+01 1.120899650530000002e+02
6.108225362909999734e-02 1.591099229579999996e-01 -3.113794387009999887e-01 -1.346710511500000109e+02 7.972367542519999972e+01 1.120963930180000006e+02
6.457582512020000609e-02 1.513099315429999869e-01 -3.171689498179999789e-01 -1.351525409639999964e+02 8.105621384180000177e+01 1.118604327940000047e+02
6.573119690430000162e-02 1.551826912829999960e-01 -3.156925543920000021e-01 -1.349561399499999936e+02 8.041421415940000372e+01 1.117686370969999956e+02
6.355449953580000200e-02 1.539957547789999881e-01 -3.130624762129999850e-01 -1.346211570909999864e+02 8.085964112620000321e+01 1.119233154390000067e+02
6.344529305630000615e-02 1.552484711949999874e-01 -3.164014913300000065e-01 -1.348388931190000051e+02 8.032948669110000139e+01 1.120036421869999970e+02
5.965671813549999758e-02 1.513422687019999879e-01 -3.103794023329999874e-01 -1.346962951419999968e+02 8.052824405030000321e+01 1.122092346139999961e+02
6.545777117029999426e-02 1.581922719299999891e-01 -3.117472471400000167e-01 -1.350633090439999933e+02 7.984325576540000213e+01 1.120485250899999983e+02
6.549985019210000092e-02 1.526733122860000069e-01 -3.125877365679999853e-01 -1.353737498510000137e+02 8.005058863680000059e+01 1.120484488759999948e+02
6.792158619020000065e-02 1.507709319130000059e-01 -3.100760334700000120e-01 -1.354531802639999967e+02 8.075108295219999377e+01 1.118054735340000008e+02
6.320138293020000075e-02 1.495347550139999870e-01 -3.090319939300000263e-01 -1.352727544159999979e+02 8.062686029469999482e+01 1.122841697009999962e+02
6.073756100959999682e-02 1.464148912930000046e-01 -3.086000016020000181e-01 -1.349216815780000047e+02 8.125966685650000443e+01 1.124887723429999937e+02
5.791990970440000219e-02 1.586444660970000031e-01 -3.084808573489999928e-01 -1.343785357410000074e+02 7.969810145760000353e+01 1.123162630669999942e+02
6.609000821890000099e-02 1.474660319019999999e-01 -3.090937301269999771e-01 -1.353198082229999955e+02 8.079042493990000651e+01 1.120870792380000012e+02
6.386585461619999349e-02 1.558721115220000064e-01 -3.210324739239999725e-01 -1.344987052939999899e+02 8.028699676899999815e+01 1.119305557560000040e+02
6.231649618489999709e-02 1.528252086169999968e-01 -3.149725174790000137e-01 -1.345682512230000043e+02 8.093761327040000708e+01 1.124086222109999937e+02
5.993707333889999878e-02 1.514583073490000098e-01 -3.110084709150000015e-01 -1.346791706079999926e+02 8.059317968519999908e+01 1.120621794829999942e+02
6.696241672079999985e-02 1.530838907150000039e-01 -3.124045643439999909e-01 -1.352723656409999933e+02 8.058799384549999445e+01 1.116068207210000054e+02
6.461040554300000183e-02 1.501348507799999954e-01 -3.112502675029999999e-01 -1.352594031040000004e+02 8.043092748269999959e+01 1.120466478959999961e+02
6.594475041580000196e-02 1.585899792109999873e-01 -3.091363891630000138e-01 -1.350546201900000085e+02 8.008491514540000367e+01 1.118891886029999938e+02
6.441671503489999895e-02 1.504004645710000088e-01 -3.129272095060000036e-01 -1.353400893429999883e+02 8.050304897990000086e+01 1.118624605360000004e+02
6.310341547570000320e-02 1.520455826479999994e-01 -3.109833374650000093e-01 -1.346848407159999965e+02 8.041063133599999446e+01 1.121440965780000028e+02
6.734065120059999632e-02 1.509245134180000059e-01 -3.140689810619999855e-01 -1.349566804730000058e+02 8.112175628069999789e+01 1.117797845789999940e+02
6.358073969470000308e-02 1.551307704600000115e-01 -3.117416265249999818e-01 -1.347202639109999893e+02 8.045789681690000350e+01 1.121028580870000013e+02
6.294598214289999494e-02 1.515641141569999961e-01 -3.102802452940000011e-01 -1.352499687830000141e+02 8.029747474350000402e+01 1.121605245960000019e+02
6.301153683969999697e-02 1.528785550460000087e-01 -3.100503004990000089e-01 -1.350268193709999878e+02 8.079135783719999608e+01 1.124850820089999957e+02
6.107177151809999732e-02 1.474082432490000094e-01 -3.096830920940000231e-01 -1.348139810209999894e+02 8.110198427439999591e+01 1.124118081230000001e+02
6.073023546169999815e-02 1.562769788570000096e-01 -3.104912267939999859e-01 -1.348343842209999934e+02 7.992894371270000420e+01 1.124341942399999965e+02
6.365494723579999403e-02 1.497282389780000000e-01 -3.109024726679999739e-01 -1.350065506900000116e+02 8.115183026709999581e+01 1.121760052999999999e+02
6.305948265909999684e-02 1.529293724670000021e-01 -3.114940764460000233e-01 -1.352361635030000002e+02 8.042394056919999912e+01 1.118925452659999991e+02
6.263449719380000114e-02 1.527247742479999892e-01 -3.081827298729999942e-01 -1.347726382349999881e+02 8.032919466410000098e+01 1.120399626739999945e+02
6.402149578309999922e-02 1.501544570939999934e-01 -3.145300547780000011e-01 -1.350853510359999916e+02 8.102052733450000233e+01 1.120612431130000033e+02
6.825949622539999317e-02 1.474072463599999938e-01 -3.160718597309999933e-01 -1.350985811390000038e+02 8.107672570680000490e+01 1.117994692009999937e+02
6.364723745109999997e-02 1.549675015639999931e-01 -3.131679188529999935e-01 -1.349195887500000026e+02 8.038293508319999603e+01 1.118305860969999941e+02
6.306693139360000644e-02 1.540962486359999939e-01 -3.103859094270000063e-01 -1.348288355319999994e+02 8.029292779210000219e+01 1.122834480709999951e+02
6.568029027659999519e-02 1.519829993490000031e-01 -3.133261169680000013e-01 -1.355858902850000050e+02 8.045321558039999843e+01 1.118921375769999997e+02
6.218459020389999897e-02 1.520325792489999883e-01 -3.176246598019999978e-01 -1.346278170760000137e+02 8.074903139330000101e+01 1.119898302339999958e+02
6.671472644669999841e-02 1.463468430850000113e-01 -3.093047807129999938e-01 -1.355455246189999912e+02 8.116766601090000677e+01 1.122581104570000008e+02
6.419877056639999857e-02 1.503477294389999885e-01 -3.114683026410000055e-01 -1.350279651939999894e+02 8.076168470929999899e+01 1.122694898609999967e+02
6.365209992959999785e-02 1.570235303660000026e-01 -3.143907817089999779e-01 -1.346876632800000095e+02 7.984967303899999536e+01 1.118160026649999992e+02
6.419557221600000196e-02 1.514645116999999985e-01 -3.154050676419999921e-01 -1.352306043579999937e+02 8.088444364359999383e+01 1.123660867520000011e+02
6.487285782860000016e-02 1.541910735329999893e-01 -3.101982240180000128e-01 -1.349884427819999928e+02 8.023814101359999995e+01 1.117927983799999936e+02
6.078418721590000268e-02 1.503797319750000139e-01 -3.088599228860000045e-01 -1.352837330289999898e+02 8.066380897419999485e+01 1.122203112669999996e+02
6.472956913499999798e-02 1.560933385569999998e-01 -3.091601511789999757e-01 -1.350591185010000004e+02 8.018307553530000575e+01 1.117150712300000066e+02
6.174441466020000324e-02 1.527266397660000108e-01 -3.090382007210000226e-01 -1.348613284429999908e+02 8.045821437680000088e+01 1.123042842499999949e+02
6.672357732280000120e-02 1.514406851429999923e-01 -3.163597804780000078e-01 -1.351198474480000016e+02 8.085474595249999652e+01 1.120889718829999993e+02
6.400227174570000122e-02 1.525469260160000062e-01 -3.142701068859999891e-01 -1.346336594690000084e+02 8.078997178839999549e+01 1.116140315680000015e+02
6.571687825029999541e-02 1.496875394269999993e-01 -3.106512507620000085e-01 -1.353942409279999879e+02 8.038472431469999435e+01 1.122835600079999949e+02
6.752401775659999661e-02 1.540863114390000066e-01 -3.118076630839999863e-01 -1.354206012450000003e+02 8.049171871980000503e+01 1.117422216970000051e+02
6.667945990569999759e-02 1.516565788129999870e-01 -3.047141338380000009e-01 -1.357100624589999995e+02 8.045069166170000585e+01 1.120714919809999941e+02
6.620045777430000333e-02 1.474658848919999932e-01 -3.128097090940000213e-01 -1.350343208090000076e+02 8.080443116799999359e+01 1.120558634060000003e+02
6.450601973130000444e-02 1.500561070839999955e-01 -3.157529677229999887e-01 -1.345705103829999985e+02 8.072267030010000610e+01 1.120793248129999995e+02
6.281966357830000292e-02 1.575569756459999915e-01 -3.129311910020000087e-01 -1.349070291380000128e+02 8.042876714150000339e+01 1.120097781799999979e+02
6.249232855959999805e-02 1.480860107449999963e-01 -3.089323252089999916e-01 -1.352501702819999991e+02 8.078352642570000341e+01 1.123574838220000061e+02
6.556695709939999728e-02 1.544376799930000099e-01 -3.088319678570000115e-01 -1.354401688359999980e+02 8.009348249999999325e+01 1.116589424680000064e+02
6.604622864900000501e-02 1.543191534749999982e-01 -3.128902307479999867e-01 -1.352868333410000048e+02 8.025029394400000626e+01 1.116104176209999963e+02
6.226730389130000209e-02 1.526683539149999991e-01 -3.087078804519999831e-01 -1.353018525319999981e+02 8.082268078660000299e+01 1.120587085060000021e+02
6.352035173580000693e-02 1.483888700390000037e-01 -3.129856932649999757e-01 -1.352645900359999871e+02 8.119552200859999402e+01 1.123558868899999936e+02
6.223006473440000075e-02 1.549848539389999946e-01 -3.087146765359999878e-01 -1.349984818599999983e+02 8.032318973659999983e+01 1.122594131030000000e+02
6.072629307559999912e-02 1.533694043899999915e-01 -3.091115811580000261e-01 -1.349677943149999919e+02 8.037822551579999697e+01 1.123108517259999957e+02
6.052720461229999654e-02 1.510276965600000076e-01 -3.091477964880000040e-01 -1.347456838870000126e+02 8.027061177710000095e+01 1.121660944510000064e+02
6.661910479009999775e-02 1.500602116239999895e-01 -3.140914003349999928e-01 -1.353317360709999946e+02 8.067933918580000352e+01 1.119330023130000029e+02
6.454813800030000104e-02 1.501804743190000013e-01 -3.072318357580000048e-01 -1.350464914220000026e+02 8.049740134510000189e+01 1.124994086739999943e+02
6.349842920470000207e-02 1.532690125299999984e-01 -3.122742027479999960e-01 -1.349970101030000080e+02 8.039051141199999506e+01 1.122357278500000035e+02
6.538962106180000455e-02 1.528072929750000086e-01 -3.126643362420000183e-01 -1.353627611169999909e+02 8.095861663399999486e+01 1.119610474680000038e+02
6.399062331679999938e-02 1.579317560459999881e-01 -3.140430359179999797e-01 -1.346604104570000118e+02 7.974850960700000257e+01 1.117041267550000043e+02
6.095659983719999703e-02 1.494672337259999872e-01 -3.170642780230000235e-01 -1.342656798859999867e+02 8.106563914139999838e+01 1.125218760770000017e+02
5.811940352819999767e-02 1.468258844660000062e-01 -3.151543877079999723e-01 -1.343376913319999915e+02 8.130190512240000089e+01 1.126516620149999994e+02
6.094592454290000128e-02 1.488617753500000029e-01 -3.078219777210000063e-01 -1.351575277240000048e+02 8.098970918380000228e+01 1.124504615350000023e+02
6.655484777919999650e-02 1.484017590589999935e-01 -3.111622963710000134e-01 -1.352591255149999938e+02 8.086114516719999301e+01 1.120671532399999961e+02
6.637773875090000053e-02 1.481150888910000019e-01 -3.141360733949999928e-01 -1.351364216290000115e+02 8.095533215519999715e+01 1.122752392700000001e+02
6.379447227890000516e-02 1.531945448910000118e-01 -3.087809369730000197e-01 -1.349431110479999916e+02 8.042345449169999938e+01 1.120598727240000017e+02
6.731375272929999987e-02 1.519152138179999945e-01 -3.102681717829999797e-01 -1.354785351550000030e+02 8.022594514499999718e+01 1.121174927520000040e+02
6.644900689350000111e-02 1.477929786109999921e-01 -3.165519996999999752e-01 -1.351154393280000079e+02 8.096723674209999899e+01 1.122054659749999956e+02
6.209204599030000021e-02 1.552995076320000112e-01 -3.062136936950000110e-01 -1.350240004350000049e+02 8.035308591480000473e+01 1.120347861970000025e+02
6.680456513980000122e-02 1.509030682070000018e-01 -3.129236542650000175e-01 -1.347675713559999906e+02 8.107298032929999465e+01 1.120613861690000022e+02
6.855023989769999659e-02 1.502627449839999962e-01 -3.088108787789999865e-01 -1.355790706729999897e+02 8.070203651730000161e+01 1.118272242510000041e+02
6.391298221529999324e-02 1.487096001519999933e-01 -3.140145246289999803e-01 -1.347746426059999862e+02 8.061650055009999960e+01 1.122800475650000038e+02
6.360291699759999806e-02 1.493396627880000105e-01 -3.099888358060000071e-01 -1.354033517949999919e+02 8.107730835770000510e+01 1.121192477150000002e+02
6.062224511540000027e-02 1.518799571739999910e-01 -3.105231330820000246e-01 -1.349816849579999882e+02 8.017097301309999580e+01 1.123789268489999955e+02
6.493695228609999703e-02 1.561744444500000051e-01 -3.062956687799999744e-01 -1.354153461090000121e+02 7.997609296909999443e+01 1.119449330239999938e+02
6.869111059830000643e-02 1.504328332390000023e-01 -3.129811533030000259e-01 -1.355836248909999995e+02 8.086672685050000098e+01 1.120919067890000065e+02
5.739352225140000041e-02 1.523413987420000060e-01 -3.192347786640000185e-01 -1.341825148060000004e+02 8.065971177020000482e+01 1.122497085680000026e+02
6.368142571090000537e-02 1.466997679079999894e-01 -3.106140770249999905e-01 -1.351831165709999993e+02 8.133134431279999887e+01 1.123238837929999931e+02
6.473109540120000616e-02 1.503421693599999998e-01 -3.135526843879999914e-01 -1.352391635799999960e+02 8.101686030809999295e+01 1.117496510449999931e+02
6.642859031660000579e-02 1.518242690140000073e-01 -3.080340820199999885e-01 -1.354254640689999860e+02 8.046921545040000012e+01 1.117764568719999971e+02
6.422394316519999813e-02 1.534089107419999987e-01 -3.096572601370000122e-01 -1.352659837340000024e+02 8.044994643699999415e+01 1.118251034649999980e+02
6.725551910039999359e-02 1.541814645469999911e-01 -3.123010457500000059e-01 -1.356688284079999960e+02 8.029282016630000385e+01 1.116880650939999953e+02
6.222538220800000186e-02 1.530581640710000080e-01 -3.119533332209999954e-01 -1.347795746850000000e+02 8.021427748520000023e+01 1.124432696599999986e+02
6.335300287120000651e-02 1.509580835169999913e-01 -3.149892106380000056e-01 -1.346905570110000099e+02 8.066265951510000320e+01 1.122944975700000043e+02
7.224852862920000396e-02 1.515585040119999949e-01 -3.094060826360000016e-01 -1.360014961729999925e+02 8.054320725620000587e+01 1.117885464600000063e+02
6.070013368260000070e-02 1.545186734640000004e-01 -3.071092427320000207e-01 -1.348835276110000052e+02 7.988102487960000531e+01 1.123681682720000055e+02
6.616817636350000309e-02 1.477011469229999874e-01 -3.116259656809999834e-01 -1.351265410130000078e+02 8.118199927199999877e+01 1.122026316479999934e+02
6.085944662529999688e-02 1.531283818070000025e-01 -3.129442985659999787e-01 -1.348641857599999980e+02 8.042420891570000663e+01 1.120345014180000049e+02
6.459629963370000505e-02 1.551735886549999999e-01 -3.177570018670000107e-01 -1.345972439820000091e+02 8.068553795469999557e+01 1.115855105389999977e+02
6.322960159469999397e-02 1.514616537300000065e-01 -3.098358479900000240e-01 -1.352933205859999930e+02 8.041072371520000672e+01 1.119345548280000031e+02
6.483396745010000517e-02 1.573207599760000075e-01 -3.117928788009999841e-01 -1.346224942640000108e+02 8.010733009860000209e+01 1.118254874010000037e+02
6.314707586760000269e-02 1.514365310169999979e-01 -3.128396985520000007e-01 -1.348799688290000063e+02 8.038698902999999518e+01 1.119952442769999976e+02
6.671239898189999795e-02 1.520029548809999909e-01 -3.143995391239999826e-01 -1.346385944300000119e+02 8.077282634220000546e+01 1.121339817939999932e+02
6.733706191890000137e-02 1.572828104410000094e-01 -3.096678912620000057e-01 -1.353728888070000096e+02 8.003043781549999380e+01 1.119863521620000029e+02
6.834783895990000080e-02 1.535354512559999884e-01 -3.159169092299999870e-01 -1.353863430419999929e+02 8.041491410060000078e+01 1.117865202600000032e+02
6.578243650359999473e-02 1.588354028439999954e-01 -3.177342828759999738e-01 -1.348492068740000036e+02 8.028770787759999905e+01 1.115897763789999999e+02
6.287606238949999815e-02 1.547671714749999927e-01 -3.129905386969999981e-01 -1.350916447969999865e+02 8.052561254350000297e+01 1.122632550609999953e+02
6.519861797020000405e-02 1.528459854600000001e-01 -3.158240278900000253e-01 -1.345908799350000038e+02 8.092809081170000240e+01 1.117512573169999968e+02
6.315907239399999595e-02 1.525118524140000043e-01 -3.138255715189999795e-01 -1.347823209480000060e+02 8.049888693239999782e+01 1.122478443579999947e+02
6.244822360169999947e-02 1.547994205569999948e-01 -3.129415170729999973e-01 -1.349261361060000013e+02 8.049268132929999808e+01 1.120991465179999977e+02
5.951820137359999791e-02 1.447024212749999927e-01 -3.130486832339999803e-01 -1.346668282619999957e+02 8.150516080810000119e+01 1.126479236309999976e+02
6.063900123669999781e-02 1.440499854979999939e-01 -3.125332845730000031e-01 -1.344928720380000016e+02 8.132245220400000107e+01 1.125014091390000033e+02
6.340698830440000267e-02 1.511588988860000093e-01 -3.114254231399999906e-01 -1.348479552580000131e+02 8.079432520160000308e+01 1.121333591439999964e+02
6.218640042779999960e-02 1.530840408290000121e-01 -3.084893444660000150e-01 -1.352970562099999938e+02 8.016550339360000521e+01 1.118932740249999966e+02
6.572526714409999971e-02 1.589948217440000089e-01 -3.107427492959999871e-01 -1.352209064479999938e+02 7.995947151420000409e+01 1.119696482450000019e+02
6.707660112879999803e-02 1.513209560980000035e-01 -3.106184372449999898e-01 -1.352819018540000116e+02 8.042805317389999686e+01 1.121564648020000021e+02
6.338377167469999574e-02 1.555927857040000084e-01 -3.122655364379999798e-01 -1.344806937730000129e+02 8.019391355659999476e+01 1.118955015169999996e+02
6.113888940639999880e-02 1.496803311869999986e-01 -3.123123056859999913e-01 -1.346235780639999859e+02 8.090570575050000457e+01 1.125934471620000039e+02
6.241496655079999817e-02 1.542691232139999924e-01 -3.177834014109999772e-01 -1.342602390940000134e+02 8.080700133749999736e+01 1.119730621420000034e+02
6.427653525250000277e-02 1.528342056789999959e-01 -3.084712150830000166e-01 -1.349944314939999970e+02 8.025556587319999835e+01 1.118303701469999965e+02
6.240141986980000249e-02 1.533331537729999972e-01 -3.100000287510000230e-01 -1.346454327079999871e+02 8.016935142820000237e+01 1.120865595390000067e+02
6.646816664440000078e-02 1.519449475259999904e-01 -3.142917008580000116e-01 -1.352770905959999936e+02 8.076675525900000707e+01 1.118267545839999997e+02
6.138323190899999671e-02 1.520360379880000001e-01 -3.158943914899999816e-01 -1.342597708970000099e+02 8.029612136270000633e+01 1.119892923950000068e+02
6.556732939230000556e-02 1.534003045779999963e-01 -3.134195238829999841e-01 -1.350560642069999915e+02 8.053049707179999928e+01 1.121782573539999959e+02
6.720257989939999732e-02 1.503737636220000007e-01 -3.194942822840000085e-01 -1.348987035179999907e+02 8.119042981660000180e+01 1.118312701149999953e+02
6.481006813690000368e-02 1.515533467059999861e-01 -3.131103628169999986e-01 -1.351965792640000075e+02 8.028768803570000046e+01 1.118782687239999944e+02
6.884459055059999333e-02 1.563647771040000134e-01 -3.174388181280000110e-01 -1.348998747480000020e+02 8.052986963239999341e+01 1.114282683739999982e+02
6.551158038830000307e-02 1.537072109139999976e-01 -3.115593762550000201e-01 -1.346074914630000023e+02 8.032263907910000000e+01 1.119788510009999953e+02
6.340320657730000309e-02 1.539609963249999880e-01 -3.144400965959999739e-01 -1.348639828789999910e+02 8.007192992609999749e+01 1.122056053249999934e+02
6.139632036559999895e-02 1.525951245749999907e-01 -3.085158076200000266e-01 -1.351310021969999866e+02 8.029839977049999789e+01 1.126441344269999973e+02
5.627576635269999905e-02 1.548708807480000116e-01 -3.109416374110000048e-01 -1.342954613889999962e+02 8.028936347680000551e+01 1.124369376840000001e+02
6.447444132509999593e-02 1.505992516989999863e-01 -3.123623247769999889e-01 -1.348129971609999984e+02 8.020643868659999498e+01 1.119110556100000053e+02
6.566640403020000682e-02 1.507892659070000085e-01 -3.136108301489999861e-01 -1.350792626189999908e+02 8.059375563109999518e+01 1.116378462480000024e+02
6.264289257279999357e-02 1.467786635620000057e-01 -3.070689316890000131e-01 -1.351597236030000033e+02 8.094275321620000341e+01 1.126831183550000048e+02
6.250537021499999457e-02 1.514186944029999871e-01 -3.105449772000000164e-01 -1.348487331450000113e+02 8.068779669440000646e+01 1.119904195200000032e+02
6.064224021939999820e-02 1.540163697180000069e-01 -3.117282260249999992e-01 -1.347098911710000095e+02 8.025695869979999486e+01 1.121698730279999978e+02
5.938217245309999892e-02 1.495223839510000097e-01 -3.073804620750000272e-01 -1.347819458090000069e+02 8.070231120910000300e+01 1.123581033469999966e+02
6.296619285429999602e-02 1.550082401060000059e-01 -3.101597153580000210e-01 -1.348633304539999926e+02 8.009075902799999369e+01 1.123858567649999998e+02
6.705731123279999595e-02 1.544913079599999906e-01 -3.078101553390000245e-01 -1.356288469550000002e+02 8.040230477149999899e+01 1.120622325899999936e+02
6.320033103100000660e-02 1.510730431060000045e-01 -3.162267395450000240e-01 -1.347588558159999934e+02 8.106531840610000472e+01 1.120470151850000065e+02
6.582197866720000679e-02 1.538005914710000033e-01 -3.121938937359999833e-01 -1.354162284100000022e+02 8.034086233099999674e+01 1.121200404850000041e+02
6.289729958690000455e-02 1.526196207049999864e-01 -3.128605918799999830e-01 -1.350003724830000067e+02 8.065758182010000610e+01 1.115947955460000003e+02
6.108934846280000136e-02 1.471223482490000012e-01 -3.073764327510000172e-01 -1.350456254519999959e+02 8.071794319299999643e+01 1.123684779560000067e+02
6.014262384539999923e-02 1.527534099060000039e-01 -3.132654651760000131e-01 -1.345014182969999865e+02 8.057868667019999975e+01 1.120849367830000034e+02
6.567079973730000075e-02 1.524025914659999925e-01 -3.129006464249999842e-01 -1.347298228630000096e+02 8.042252212680000412e+01 1.121795313450000009e+02
6.468377602640000557e-02 1.552969772849999985e-01 -3.114224925010000145e-01 -1.347738360689999979e+02 8.044211185999999714e+01 1.117298843349999942e+02
6.438817859669999921e-02 1.525057328659999989e-01 -3.106379591719999889e-01 -1.351279929400000128e+02 8.070076035959999672e+01 1.120413301439999998e+02
6.583132054680000678e-02 1.518175751979999877e-01 -3.108891123329999839e-01 -1.354655204169999934e+02 8.042119819449999341e+01 1.118522484669999955e+02
6.371876625189999699e-02 1.527582426169999952e-01 -3.112652787030000257e-01 -1.352940073540000014e+02 8.058220260679999569e+01 1.118870494800000017e+02
6.848179313039999550e-02 1.496159579630000069e-01 -3.158261813930000050e-01 -1.351654627530000141e+02 8.111053318029999559e+01 1.120212648269999960e+02
6.570557280329999972e-02 1.529902801119999989e-01 -3.067745261000000001e-01 -1.355687680339999872e+02 8.027349781479999535e+01 1.119878174680000029e+02
6.031980805590000244e-02 1.522617105559999906e-01 -3.162060551309999745e-01 -1.344954365799999891e+02 8.064608541040000489e+01 1.122202058400000055e+02
6.552832285449999850e-02 1.518156112369999922e-01 -3.095877373390000242e-01 -1.350649915550000060e+02 8.059755260100000385e+01 1.119993023800000032e+02
6.614321910640000302e-02 1.474748784319999950e-01 -3.167141210659999984e-01 -1.351533534780000139e+02 8.120051865829999826e+01 1.119326639330000006e+02
6.238439514530000340e-02 1.493451052099999954e-01 -3.117060165559999985e-01 -1.350472148560000107e+02 8.115345878120000123e+01 1.124810731830000066e+02
6.317808291460000336e-02 1.544147983070000008e-01 -3.047961667390000073e-01 -1.352559630570000024e+02 8.011229256759999373e+01 1.122904204430000021e+02
5.845035270800000293e-02 1.508757962349999981e-01 -3.097535227980000028e-01 -1.346493856129999926e+02 8.063720349529999964e+01 1.126163249930000063e+02
5.914054447790000058e-02 1.537436408400000010e-01 -3.144418649990000092e-01 -1.341917566310000041e+02 8.048253528479999375e+01 1.125447475090000040e+02
6.711643725469999822e-02 1.511270803199999957e-01 -3.155118754549999793e-01 -1.350089970779999931e+02 8.039883831320000240e+01 1.118717134399999935e+02
6.596533367979999507e-02 1.529351946220000036e-01 -3.110279119980000062e-01 -1.352597427000000039e+02 8.032693533270000330e+01 1.121252015289999946e+02
6.233702429219999813e-02 1.533473882530000110e-01 -3.145526958629999981e-01 -1.345772541119999914e+02 8.070824947719999898e+01 1.122781750099999982e+02
6.235887793900000281e-02 1.539848442270000117e-01 -3.169209455509999773e-01 -1.344051734260000046e+02 8.018441503660000080e+01 1.120561908640000013e+02
6.312174230030000166e-02 1.536724411189999973e-01 -3.071141756249999855e-01 -1.353183495959999902e+02 7.996665044680000278e+01 1.120359872049999979e+02
5.824340227909999973e-02 1.552567890340000034e-01 -3.080030351749999951e-01 -1.345784602679999864e+02 8.012576380650000374e+01 1.125375234260000070e+02
6.066480702709999701e-02 1.572240615449999879e-01 -3.073046179250000232e-01 -1.347647912399999939e+02 7.974233787410000218e+01 1.120097160039999977e+02
6.218942112640000325e-02 1.522503259999999914e-01 -3.143975111130000166e-01 -1.349167899669999997e+02 8.050822462450000216e+01 1.123751439250000033e+02
6.333327298039999331e-02 1.545173212439999999e-01 -3.083094598960000043e-01 -1.350157687180000039e+02 7.993262192170000446e+01 1.122034108290000063e+02
6.409647144560000342e-02 1.565266892789999864e-01 -3.119935648530000050e-01 -1.349917800119999924e+02 8.019450239430000238e+01 1.120232199849999972e+02
6.494707409159999889e-02 1.559894770989999901e-01 -3.133352627780000010e-01 -1.350843299940000009e+02 8.008310352270000010e+01 1.120897951639999945e+02
6.213234539720000060e-02 1.508181676099999979e-01 -3.129310200429999966e-01 -1.351230273779999891e+02 8.060302489820000460e+01 1.121779134800000008e+02
6.542695719549999900e-02 1.478093400499999877e-01 -3.143908451669999993e-01 -1.349376173199999869e+02 8.098010425459999340e+01 1.120843068450000004e+02
6.299958450360000628e-02 1.537697881550000034e-01 -3.098587086660000156e-01 -1.353717929070000139e+02 8.026591276189999746e+01 1.121391537859999943e+02
6.169383035340000182e-02 1.516148843229999932e-01 -3.154996571409999784e-01 -1.348135612780000088e+02 8.062319920929999739e+01 1.121878046500000039e+02
6.877764227799999797e-02 1.541382269719999976e-01 -3.129031500900000262e-01 -1.352364507229999901e+02 8.017265095809999309e+01 1.115160262210000042e+02
6.376936136520000575e-02 1.490163947239999953e-01 -3.071841690670000236e-01 -1.354219900809999899e+02 8.050435972990000266e+01 1.125465529169999996e+02
6.501738168069999546e-02 1.530342936590000091e-01 -3.093211319329999820e-01 -1.347756059719999939e+02 8.044644395880000332e+01 1.122323542479999929e+02
5.978756923280000024e-02 1.504594799220000112e-01 -3.141011248389999899e-01 -1.347754592219999950e+02 8.105246831709999356e+01 1.122397969529999955e+02
6.468175169209999797e-02 1.565936363340000026e-01 -3.127054557839999971e-01 -1.347648537880000106e+02 8.019552593560000275e+01 1.120054447499999952e+02
6.311385321899999623e-02 1.509862460570000064e-01 -3.121451542240000210e-01 -1.350526033159999884e+02 8.065124128310000629e+01 1.120861446589999986e+02
6.283390708189999507e-02 1.489241009080000122e-01 -3.105216791020000144e-01 -1.352638757699999985e+02 8.086791266650000409e+01 1.123840241369999973e+02
6.984960209899999939e-02 1.504138491819999868e-01 -3.163233919919999915e-01 -1.351177336009999976e+02 8.073819483290000676e+01 1.115926553019999972e+02
6.183421737599999884e-02 1.526441373599999873e-01 -3.130240002319999992e-01 -1.347815682480000135e+02 8.011002780069999574e+01 1.121402097120000008e+02
6.785595271699999820e-02 1.535389159449999930e-01 -3.098286314479999914e-01 -1.358616506699999888e+02 8.031560999010000046e+01 1.117863158349999964e+02
6.512101814199999783e-02 1.509828323350000112e-01 -3.152904100689999933e-01 -1.345922454580000078e+02 8.071811602110000194e+01 1.122619071419999983e+02
6.192549282060000326e-02 1.533601498880000080e-01 -3.093050392250000225e-01 -1.349971588770000039e+02 8.053280759429999591e+01 1.120497932380000066e+02
5.771239872669999688e-02 1.557257868539999868e-01 -3.091485770890000095e-01 -1.344475777339999922e+02 7.988218154860000197e+01 1.123832153780000027e+02
6.159547309789999842e-02 1.520815436259999875e-01 -3.086615499820000164e-01 -1.352171216209999898e+02 8.045414897470000426e+01 1.120850181309999982e+02
6.743819557279999433e-02 1.571391674560000118e-01 -3.149223260419999892e-01 -1.349556552420000060e+02 8.008385177610000483e+01 1.114938835140000037e+02
6.812752322810000649e-02 1.533495056109999977e-01 -3.180697531980000159e-01 -1.351711692439999979e+02 8.089442327129999910e+01 1.118170738700000015e+02
6.450330710370000276e-02 1.511125715330000063e-01 -3.146780202739999921e-01 -1.349519011650000095e+02 8.122673925930000394e+01 1.123704966389999953e+02
6.153135235360000094e-02 1.477960605629999868e-01 -3.122403735350000042e-01 -1.348069914140000094e+02 8.063864408450000099e+01 1.124602775959999974e+02
5.916857775489999666e-02 1.487979105870000096e-01 -3.133345049949999850e-01 -1.344481715869999903e+02 8.086530974340000455e+01 1.123573112450000053e+02
6.192196746760000176e-02 1.513425060430000080e-01 -3.116441219239999838e-01 -1.351051804950000133e+02 8.058847630239999660e+01 1.122782977850000066e+02
6.579099268370000586e-02 1.526447563040000122e-01 -3.074874685499999760e-01 -1.351281170160000045e+02 8.023008869699999934e+01 1.120070814439999936e+02
6.861522901390000595e-02 1.520470226610000086e-01 -3.057000353780000013e-01 -1.360173240860000021e+02 8.050450243139999884e+01 1.119417568020000004e+02
6.009233774989999888e-02 1.508419314770000075e-01 -3.128640252500000107e-01 -1.343001491729999941e+02 8.030555270639999321e+01 1.123439370539999942e+02
6.139101830259999920e-02 1.505154828749999951e-01 -3.156006585880000159e-01 -1.348322191610000118e+02 8.078040691399999673e+01 1.120396329649999956e+02
5.601377680450000257e-02 1.530988364570000093e-01 -3.111970119879999830e-01 -1.343251994709999906e+02 8.064186394509999900e+01 1.124518052640000008e+02
6.267248902329999871e-02 1.535159612160000020e-01 -3.058604934929999852e-01 -1.352650934129999882e+02 8.006180432620000431e+01 1.123472145220000016e+02
5.553732969930000318e-02 1.515321845310000082e-01 -3.178041116920000131e-01 -1.340303062330000046e+02 8.071372825880000335e+01 1.124821813749999961e+02
6.445891097370000378e-02 1.548928306819999934e-01 -3.075587312070000023e-01 -1.354871382860000040e+02 8.027357031149999500e+01 1.122433036299999998e+02
5.959379256919999923e-02 1.526017356859999952e-01 -3.091028118379999801e-01 -1.348731458919999966e+02 8.036536873789999902e+01 1.125561932979999966e+02
6.660695171840000373e-02 1.499967516400000089e-01 -3.098759495250000273e-01 -1.352877674519999971e+02 8.051834839859999704e+01 1.121112552090000065e+02
6.667379864649999877e-02 1.516546768869999895e-01 -3.139375574539999825e-01 -1.347600929280000059e+02 8.093375675720000118e+01 1.119037979959999944e+02
6.331942178230000329e-02 1.544237988890000135e-01 -3.137204684100000085e-01 -1.351271652590000087e+02 8.034517123489999335e+01 1.117646642069999956e+02
6.478324594949999571e-02 1.520284594259999900e-01 -3.118584328560000118e-01 -1.348494592840000053e+02 8.040973758750000400e+01 1.120044362459999974e+02
6.451651775330000116e-02 1.518304457699999888e-01 -3.091722437489999864e-01 -1.353374887239999964e+02 8.054080674450000288e+01 1.118589563470000030e+02
6.516623941030000311e-02 1.543753598629999946e-01 -3.109397552300000034e-01 -1.351596348470000066e+02 8.036649075760000471e+01 1.118322630509999982e+02
6.814008442039999613e-02 1.488048409249999871e-01 -3.080182521600000056e-01 -1.357316781479999861e+02 8.091428666909999379e+01 1.119468685380000039e+02
6.725348369880000676e-02 1.525446887459999956e-01 -3.102829890959999948e-01 -1.352650492470000074e+02 8.029481751020000502e+01 1.119012799270000045e+02
6.375990632090000609e-02 1.569074352560000107e-01 -3.101643469670000153e-01 -1.347913512990000129e+02 7.997827747809999721e+01 1.120001020699999970e+02
6.569463358490000571e-02 1.518083586300000010e-01 -3.127485916830000101e-01 -1.349983945539999866e+02 8.106264458939999429e+01 1.118755877709999993e+02
6.178396318450000285e-02 1.533163581110000007e-01 -3.110870565859999992e-01 -1.352720887499999947e+02 8.033148495259999322e+01 1.120879985189999957e+02
6.137914115060000286e-02 1.534521359769999982e-01 -3.187034654659999799e-01 -1.343918168950000052e+02 8.045463254999999947e+01 1.122723487730000045e+02
5.891743175559999851e-02 1.520914561739999948e-01 -3.147726685419999781e-01 -1.346982845709999879e+02 8.043992654470000048e+01 1.123356275590000024e+02
6.280450367480000518e-02 1.516480157229999903e-01 -3.106442432929999997e-01 -1.348035075889999916e+02 8.058106212459999540e+01 1.121675160099999999e+02
6.706238554589999401e-02 1.553630831009999991e-01 -3.130312145019999992e-01 -1.351634772399999918e+02 8.041816489730000228e+01 1.119697838270000005e+02
6.288054996469999436e-02 1.551862875439999900e-01 -3.121089086589999839e-01 -1.347077264730000081e+02 8.072759674120000284e+01 1.120987748689999961e+02
6.368202056180000126e-02 1.537726104819999995e-01 -3.106388806440000261e-01 -1.351179909509999959e+02 8.066873573380000551e+01 1.120630905189999993e+02
6.602877233449999661e-02 1.498335137800000105e-01 -3.119692335200000000e-01 -1.351091626140000130e+02 8.061266792470000553e+01 1.121063077470000025e+02
6.838850885729999551e-02 1.502507725670000072e-01 -3.123033153490000213e-01 -1.357108718849999889e+02 8.076008768799999871e+01 1.120029530949999952e+02
6.661941071789999336e-02 1.535217081939999895e-01 -3.192593051170000140e-01 -1.348712667529999862e+02 8.066980074369999443e+01 1.116020129590000067e+02
6.421520735169999883e-02 1.451441689690000092e-01 -3.104291190719999927e-01 -1.352052788860000021e+02 8.150183571210000366e+01 1.123475236969999997e+02
6.595150067619999501e-02 1.568518286579999865e-01 -3.150517281060000174e-01 -1.349867292769999949e+02 8.041772910519999584e+01 1.116110482060000066e+02
6.578739739649999696e-02 1.503191067599999875e-01 -3.125731571179999890e-01 -1.354123009559999957e+02 8.118012067559999423e+01 1.123185082629999982e+02
6.008081292510000088e-02 1.496835659309999900e-01 -3.165782895570000144e-01 -1.345840947599999993e+02 8.086946244620000357e+01 1.120584176849999949e+02
6.298852668820000000e-02 1.512388644150000072e-01 -3.117020951530000139e-01 -1.352318513410000094e+02 8.034033100569999419e+01 1.123216602810000069e+02
6.602468580169999768e-02 1.497782256590000083e-01 -3.129894599120000009e-01 -1.351888307529999906e+02 8.054359193390000371e+01 1.116484327619999988e+02
6.054157328780000041e-02 1.492850510819999921e-01 -3.102881561820000078e-01 -1.347270771199999899e+02 8.082080033190000279e+01 1.125309066420000050e+02
6.362450460650000139e-02 1.468508825890000036e-01 -3.037625183270000195e-01 -1.354031492549999882e+02 8.097174182969999379e+01 1.122944029749999970e+02
6.055835923300000034e-02 1.500693589909999903e-01 -3.085361993590000074e-01 -1.350199483579999935e+02 8.038821231030000547e+01 1.122136752539999947e+02
5.950895839860000092e-02 1.513208980719999985e-01 -3.158157055079999775e-01 -1.342303213460000109e+02 8.081316674260000354e+01 1.122090625729999971e+02
6.440750308829999715e-02 1.541888893539999916e-01 -3.096569188989999888e-01 -1.349669983130000048e+02 8.056879429010000138e+01 1.117998578419999944e+02
6.597734170529999387e-02 1.559671003579999882e-01 -3.152059424179999847e-01 -1.351683096989999910e+02 8.041385074689999612e+01 1.118204753939999989e+02
6.398355141879999430e-02 1.536835790309999950e-01 -3.151989448720000087e-01 -1.348562437059999866e+02 8.087541576350000128e+01 1.121630716460000059e+02
6.078470364329999903e-02 1.532903699569999889e-01 -3.173578243590000070e-01 -1.345549786299999937e+02 8.069133490320000135e+01 1.123299842670000004e+02
6.277586984270000503e-02 1.531005154300000004e-01 -3.130433495800000188e-01 -1.349539054420000070e+02 8.053726075919999516e+01 1.122601078870000038e+02
6.367316445949999792e-02 1.554531948969999910e-01 -3.149174570409999929e-01 -1.351665810720000138e+02 8.054278963790000034e+01 1.119835923680000036e+02
6.150650859429999950e-02 1.467468926809999963e-01 -3.108844183480000134e-01 -1.346486186950000103e+02 8.128577911979999726e+01 1.126156780129999930e+02
6.898888055639999795e-02 1.461657773839999952e-01 -3.129486834260000183e-01 -1.353225651109999887e+02 8.150086284959999716e+01 1.118937900030000065e+02
6.582508244109999684e-02 1.548463254499999886e-01 -3.075155660069999741e-01 -1.355162515959999894e+02 8.017346649040000273e+01 1.116450942440000063e+02
6.366521249159999563e-02 1.538582089009999931e-01 -3.099363003610000056e-01 -1.353192598059999909e+02 8.030239690909999695e+01 1.123919369049999943e+02
6.253163142220000137e-02 1.538879512640000113e-01 -3.156586053629999999e-01 -1.349441846580000117e+02 8.022162892400000089e+01 1.123019648279999956e+02
6.539004693100000654e-02 1.489965546939999996e-01 -3.080095135190000222e-01 -1.354277686789999962e+02 8.077115487669999538e+01 1.123255697369999950e+02
5.966937924230000106e-02 1.529701322010000031e-01 -3.098089454169999923e-01 -1.351661310570000012e+02 8.049333133410000585e+01 1.122085901089999993e+02
6.586592210170000294e-02 1.519211844979999892e-01 -3.115798656000000055e-01 -1.345902035219999959e+02 8.080156644999999571e+01 1.120325679209999947e+02
6.420733916750000214e-02 1.522757070369999965e-01 -3.139273228250000214e-01 -1.352991577820000089e+02 8.070736304979999431e+01 1.122180556980000006e+02
6.642889168309999703e-02 1.525796614040000054e-01 -3.095398526500000025e-01 -1.352214402639999946e+02 8.062506804630000090e+01 1.117731646149999989e+02
6.083342804869999731e-02 1.538343079810000069e-01 -3.066705901540000001e-01 -1.350022275240000056e+02 8.022281159599999967e+01 1.120813868949999943e+02
6.308027659800000131e-02 1.571593132009999894e-01 -3.103076775609999727e-01 -1.348962891209999952e+02 8.018601427950000016e+01 1.121736840399999977e+02
6.725987586340000102e-02 1.506975539089999983e-01 -3.107635734459999743e-01 -1.354408954440000059e+02 8.040809264109999788e+01 1.121371046820000004e+02
6.002619038760000081e-02 1.516680460310000089e-01 -3.152587550329999933e-01 -1.348776060589999872e+02 8.042685643689999608e+01 1.122587256150000030e+02
6.559502937380000398e-02 1.538759429940000090e-01 -3.096148578719999933e-01 -1.352344459699999959e+02 8.042924259660000530e+01 1.115465635820000045e+02
6.702039899089999586e-02 1.470099408910000016e-01 -3.167688835640000145e-01 -1.350928652979999924e+02 8.119282505820000040e+01 1.117859706229999972e+02
6.293597458970000280e-02 1.512215043189999997e-01 -3.051879200950000093e-01 -1.351811222110000017e+02 8.030909350299999971e+01 1.124187600789999948e+02
6.562239236639999529e-02 1.540091876370000001e-01 -3.094897683949999756e-01 -1.349212235210000017e+02 8.040687359849999893e+01 1.121262999019999995e+02
6.509604602150000086e-02 1.569831328350000110e-01 -3.104534857979999729e-01 -1.349727834560000019e+02 8.001575534289999325e+01 1.119851730809999992e+02
6.373695581339999805e-02 1.527336531619999938e-01 -3.105449471599999733e-01 -1.349843679930000064e+02 8.103205994229999476e+01 1.123614312859999984e+02
5.953267991919999891e-02 1.540917970000000026e-01 -3.111185660090000082e-01 -1.346679489690000082e+02 8.020331426760000681e+01 1.122398784429999949e+02
6.192884392209999783e-02 1.527127498610000023e-01 -3.101583278069999783e-01 -1.350736656320000009e+02 8.049701584710000191e+01 1.121642092209999930e+02
6.697491458590000557e-02 1.510282167560000055e-01 -3.190706563090000003e-01 -1.346577651990000106e+02 8.067382137100000250e+01 1.118395987039999966e+02
6.242120182060000022e-02 1.527626197630000127e-01 -3.111569499710000186e-01 -1.346716658379999956e+02 8.044422791940000650e+01 1.120982807980000047e+02
5.975297042419999705e-02 1.539775764119999946e-01 -3.117992312219999840e-01 -1.347464969359999998e+02 8.054785256259999926e+01 1.120468942140000053e+02
6.369455657960000627e-02 1.439397090760000109e-01 -3.134195159359999816e-01 -1.348990684240000064e+02 8.145565226850000329e+01 1.125130837189999937e+02
5.883741371629999661e-02 1.531963215029999992e-01 -3.135979683139999974e-01 -1.342612789160000091e+02 8.020403074029999857e+01 1.122365773169999983e+02
6.675136380700000260e-02 1.511650138939999999e-01 -3.104736379749999942e-01 -1.356421537880000017e+02 8.045222130300000174e+01 1.119293260150000009e+02
6.115758425880000321e-02 1.527141082200000055e-01 -3.120152754959999997e-01 -1.349611826569999948e+02 8.094163001930000689e+01 1.123492521240000031e+02
6.463765482180000577e-02 1.507836775059999967e-01 -3.131455985939999853e-01 -1.353195848800000078e+02 8.038700379510000005e+01 1.121661826910000030e+02
