-9.765231781750000062e-02 2.403395737169999880e-01 -1.428411287249999884e-01 -1.334152366829999892e+02 5.537531809450000253e+01 1.569002004330000091e+02
-1.004998762649999960e-01 2.405598889230000093e-01 -1.473557376040000033e-01 -1.322368975630000136e+02 5.566712205649999845e+01 1.573675653829999987e+02
-9.872552257120000008e-02 2.321727263889999948e-01 -1.407850347440000038e-01 -1.331015884749999998e+02 5.657639652710000178e+01 1.580258540129999858e+02
-9.632770061020000385e-02 2.392777308919999957e-01 -1.420503077549999937e-01 -1.336397474229999887e+02 5.566874877170000246e+01 1.568181439759999876e+02
-1.041262220170000030e-01 2.389707151890000103e-01 -1.427682972890000068e-01 -1.320441829769999913e+02 5.615109118979999892e+01 1.571723593309999956e+02
-1.005514480829999974e-01 2.343471508960000005e-01 -1.401341614830000082e-01 -1.325431414210000014e+02 5.615654657860000043e+01 1.577461104129999967e+02
-1.033822106430000026e-01 2.367655445669999970e-01 -1.434298568200000068e-01 -1.317275678290000087e+02 5.572917008809999828e+01 1.576717667849999884e+02
-1.006016210470000033e-01 2.399641578920000129e-01 -1.457605982140000034e-01 -1.327183135999999877e+02 5.586873377679999919e+01 1.576280988599999944e+02
-9.967510615440000610e-02 2.405822690949999954e-01 -1.461622684739999900e-01 -1.324263765020000108e+02 5.622489625960000126e+01 1.572489295649999974e+02
-1.048562339530000054e-01 2.342755086799999942e-01 -1.479326055540000073e-01 -1.310165784060000078e+02 5.701767676469999913e+01 1.584131893100000070e+02
-1.035114146150000053e-01 2.373517591700000096e-01 -1.457675653459999943e-01 -1.320989536330000078e+02 5.607718695639999851e+01 1.577471111049999877e+02
-1.010026873129999947e-01 2.367795127350000028e-01 -1.457195936629999966e-01 -1.317386751889999914e+02 5.652887973899999707e+01 1.579656391860000042e+02
-9.847311468119999966e-02 2.387708542270000067e-01 -1.433108713990000060e-01 -1.332722823860000005e+02 5.565614348719999782e+01 1.569863973420000036e+02
-9.900402768350000104e-02 2.392289986729999873e-01 -1.447239147790000124e-01 -1.331794783100000075e+02 5.594062810730000024e+01 1.568629194659999939e+02
-1.056294275920000025e-01 2.345838934729999881e-01 -1.435266688509999888e-01 -1.310924318309999990e+02 5.617149973480000114e+01 1.581594109840000044e+02
-1.016433841010000033e-01 2.388061114629999870e-01 -1.394873915479999948e-01 -1.326403007149999951e+02 5.534326309690000301e+01 1.574223994630000050e+02
-1.011829448910000068e-01 2.374867659509999895e-01 -1.431470446089999904e-01 -1.323599372170000095e+02 5.625410747050000282e+01 1.577681971940000096e+02
-1.030834148410000040e-01 2.415435115750000084e-01 -1.457267061130000096e-01 -1.317515746930000091e+02 5.582895501840000207e+01 1.568991869040000040e+02
-9.844663169110000334e-02 2.369083353230000133e-01 -1.490774414169999951e-01 -1.327145326229999966e+02 5.697454321610000250e+01 1.582216926220000062e+02
-1.062913249979999947e-01 2.358915082980000133e-01 -1.469474677969999921e-01 -1.308647901349999927e+02 5.658108848159999837e+01 1.582643028580000077e+02
-1.064063667050000050e-01 2.372971545339999933e-01 -1.474446140610000122e-01 -1.309978666259999898e+02 5.682110261470000268e+01 1.581480167400000028e+02
-1.051362168960000010e-01 2.357247506629999989e-01 -1.455295301229999894e-01 -1.310996063970000023e+02 5.676512211370000216e+01 1.583596376200000009e+02
-9.980095611479999906e-02 2.375549134449999877e-01 -1.402161898550000063e-01 -1.327460128630000042e+02 5.545232811700000042e+01 1.574819308609999950e+02
-1.037524900609999995e-01 2.405582894299999885e-01 -1.438046761910000138e-01 -1.318187490439999863e+02 5.575080226269999883e+01 1.573200534130000108e+02
-1.068457951520000032e-01 2.368291473620000032e-01 -1.398530600879999974e-01 -1.315292301959999861e+02 5.589419040789999826e+01 1.577574108579999859e+02
-1.029385113279999986e-01 2.325854477619999916e-01 -1.484478203010000108e-01 -1.317262916960000041e+02 5.777510939559999770e+01 1.584693083900000090e+02
-1.042265751909999955e-01 2.361802398639999967e-01 -1.438546872300000001e-01 -1.315184466649999990e+02 5.590198264240000015e+01 1.578779115439999998e+02
-1.014261824959999947e-01 2.341263130650000079e-01 -1.407732264090000018e-01 -1.324790728629999990e+02 5.635076596310000241e+01 1.578548585480000099e+02
-1.027498460070000036e-01 2.443045962650000069e-01 -1.472532679319999982e-01 -1.319171821310000041e+02 5.568877516380000259e+01 1.570281402399999990e+02
-9.958494036569999486e-02 2.387433371619999967e-01 -1.490150344620000122e-01 -1.328985628860000077e+02 5.664563348539999765e+01 1.575630855480000037e+02
-1.005039316500000030e-01 2.380209194579999965e-01 -1.464012532669999866e-01 -1.322960126049999872e+02 5.599222234669999665e+01 1.581571195340000031e+02
-9.794373223419999830e-02 2.373280497249999899e-01 -1.464190337759999905e-01 -1.331195982389999983e+02 5.661378848190000213e+01 1.574112800039999911e+02
-1.021914430240000032e-01 2.415623274089999939e-01 -1.414023496679999992e-01 -1.322985021700000061e+02 5.477868907900000295e+01 1.569294304290000071e+02
-1.001461986359999945e-01 2.357548130919999985e-01 -1.422161922730000028e-01 -1.327574539510000022e+02 5.605175809570000212e+01 1.577212633910000079e+02
-1.018786374089999947e-01 2.415771837110000098e-01 -1.464832144919999968e-01 -1.318182992849999948e+02 5.580538691430000142e+01 1.575283814850000113e+02
-1.040034029959999995e-01 2.365322226719999976e-01 -1.435506909419999866e-01 -1.314911574399999949e+02 5.625955983269999905e+01 1.576927198749999945e+02
-1.043096751350000018e-01 2.398477392120000051e-01 -1.431466653819999935e-01 -1.316543469940000080e+02 5.598256396520000067e+01 1.579775289769999915e+02
-1.015047633769999985e-01 2.378705765780000092e-01 -1.464249245300000002e-01 -1.313513355620000027e+02 5.637900719360000323e+01 1.580648639089999961e+02
-9.841210619350000688e-02 2.396043972820000034e-01 -1.477289914380000013e-01 -1.331105033039999910e+02 5.594697723609999684e+01 1.574770159420000084e+02
-1.010683456950000059e-01 2.384869830390000112e-01 -1.439172566780000107e-01 -1.324228624669999874e+02 5.576631690499999650e+01 1.572746060499999885e+02
-1.004713943500000067e-01 2.339618363379999955e-01 -1.420552019180000014e-01 -1.326535765920000074e+02 5.647078822990000191e+01 1.579034894030000089e+02
-1.055977679559999965e-01 2.377498489459999864e-01 -1.386736198790000096e-01 -1.318366275070000029e+02 5.578770138830000036e+01 1.576481179699999871e+02
-1.017391249629999994e-01 2.388892724230000097e-01 -1.418522227379999945e-01 -1.325938546609999946e+02 5.541700059610000295e+01 1.575776180210000064e+02
-1.041012035849999962e-01 2.378050736629999939e-01 -1.478219200989999982e-01 -1.316011339050000117e+02 5.702733809779999774e+01 1.582564077060000045e+02
-1.057227749330000022e-01 2.373507112300000110e-01 -1.406561753020000027e-01 -1.310881815410000115e+02 5.584940283880000322e+01 1.576823260129999937e+02
-1.018792620950000061e-01 2.349175070960000111e-01 -1.418668991940000013e-01 -1.321632988689999877e+02 5.572156943320000266e+01 1.579750875789999895e+02
-1.033828575380000003e-01 2.384840426079999909e-01 -1.494115336209999867e-01 -1.312485535470000002e+02 5.668392039889999978e+01 1.580252449669999919e+02
-1.011077779289999978e-01 2.376487317819999945e-01 -1.391732987929999998e-01 -1.322971320430000048e+02 5.525666282769999782e+01 1.572220138700000120e+02
-1.036940070749999970e-01 2.382387722969999955e-01 -1.439704529409999989e-01 -1.322386378490000141e+02 5.584589189319999747e+01 1.577522529420000126e+02
-9.871642632200000600e-02 2.392260251370000035e-01 -1.408005537360000059e-01 -1.330958006650000129e+02 5.538174355809999838e+01 1.567501876540000012e+02
-1.010831975069999972e-01 2.357527205749999910e-01 -1.464447108299999911e-01 -1.318975923079999859e+02 5.637980622959999977e+01 1.582565931110000008e+02
-1.037705266909999952e-01 2.403891743190000041e-01 -1.465161872400000120e-01 -1.316880410550000136e+02 5.655255953159999649e+01 1.576494737380000117e+02
-1.023215452690000027e-01 2.394793269569999994e-01 -1.472414471940000080e-01 -1.318220736769999917e+02 5.632821724490000292e+01 1.579051475509999989e+02
-1.108369964219999976e-01 2.387631138169999945e-01 -1.422350619599999921e-01 -1.301009614699999872e+02 5.598335115889999969e+01 1.579659487579999961e+02
-9.831551877190000677e-02 2.387062229830000104e-01 -1.467609376900000095e-01 -1.326011605230000043e+02 5.600104657379999651e+01 1.575507219239999870e+02
-1.068890713300000017e-01 2.416365527229999977e-01 -1.516319460880000136e-01 -1.306588860180000040e+02 5.637308973670000256e+01 1.576572698010000124e+02
-1.002095638339999956e-01 2.370342479850000017e-01 -1.474634354280000004e-01 -1.326399345499999924e+02 5.687611940469999894e+01 1.578825204439999936e+02
-1.027506868190000006e-01 2.387274950209999913e-01 -1.511065287649999977e-01 -1.317961935959999948e+02 5.708572850390000042e+01 1.580532175509999888e+02
-1.037053613340000041e-01 2.355077059750000090e-01 -1.437212169060000100e-01 -1.323117537539999944e+02 5.640342012069999811e+01 1.577898333610000066e+02
-1.030451562520000031e-01 2.370492603699999867e-01 -1.417848743890000041e-01 -1.322235108529999934e+02 5.563145715110000111e+01 1.574424126650000062e+02
-1.005249172769999977e-01 2.366476801269999930e-01 -1.423779548399999872e-01 -1.329070151679999867e+02 5.574687753349999753e+01 1.576363626010000019e+02
-9.935253772200000610e-02 2.347721977689999906e-01 -1.501193249760000015e-01 -1.323613790340000094e+02 5.772553595549999983e+01 1.581729684070000133e+02
-1.028103937309999966e-01 2.393150713930000117e-01 -1.504652929159999986e-01 -1.314312695360000021e+02 5.684942293539999980e+01 1.578870820330000129e+02
-1.036253713190000009e-01 2.406755135620000097e-01 -1.471394714450000030e-01 -1.318065715879999971e+02 5.588200112490000038e+01 1.574516927820000092e+02
-1.039162969119999946e-01 2.343184922850000129e-01 -1.484268424300000111e-01 -1.315672210619999873e+02 5.772296627499999744e+01 1.585941721579999921e+02
-9.830133652219999463e-02 2.363302218349999928e-01 -1.497509040030000071e-01 -1.327403425159999983e+02 5.733614648750000242e+01 1.579170668540000122e+02
-1.027490035599999962e-01 2.332823842450000018e-01 -1.496946195180000050e-01 -1.317080828619999977e+02 5.770191866289999894e+01 1.586685468279999895e+02
-1.028697782889999995e-01 2.371729098810000103e-01 -1.359332348769999865e-01 -1.325849374409999939e+02 5.481150815109999996e+01 1.572073392419999891e+02
-1.060312858720000029e-01 2.346090971670000136e-01 -1.375272024489999911e-01 -1.312548195779999958e+02 5.560107067159999872e+01 1.580611165200000130e+02
-1.070307905439999985e-01 2.361665452960000078e-01 -1.394308888859999984e-01 -1.311079176329999996e+02 5.551777689000000038e+01 1.577425751149999940e+02
-1.073654259340000028e-01 2.386605059649999916e-01 -1.462682272670000061e-01 -1.311520458809999923e+02 5.649291131639999719e+01 1.578563091180000129e+02
-1.008619035379999945e-01 2.364933914139999982e-01 -1.472819297640000080e-01 -1.324970914689999972e+02 5.671390396519999655e+01 1.582209948519999898e+02
-1.029989474260000065e-01 2.374689129060000015e-01 -1.440039299589999933e-01 -1.321538610949999963e+02 5.569321279110000233e+01 1.578168800400000009e+02
-1.039432467479999983e-01 2.385539229900000002e-01 -1.455378224770000062e-01 -1.316481511819999923e+02 5.610439361720000306e+01 1.577045749899999976e+02
-1.041629223840000035e-01 2.376304310250000051e-01 -1.370749584560000123e-01 -1.319664104370000075e+02 5.535973024220000127e+01 1.577042839940000079e+02
-9.985750591689999955e-02 2.428904090510000113e-01 -1.414869769730000004e-01 -1.326815130820000093e+02 5.495313607300000314e+01 1.566709765779999941e+02
-1.033679100730000022e-01 2.371314798009999947e-01 -1.428831253239999932e-01 -1.322820271829999967e+02 5.641152996360000316e+01 1.578118719949999900e+02
-1.023027400200000048e-01 2.370640951050000111e-01 -1.444486227850000082e-01 -1.317268814280000129e+02 5.602826049440000133e+01 1.577528285059999860e+02
-1.039479244690000026e-01 2.344493850459999917e-01 -1.430298649379999898e-01 -1.316997039249999943e+02 5.679285694970000264e+01 1.580506088969999894e+02
-1.014451496849999995e-01 2.388822751000000133e-01 -1.419199246900000044e-01 -1.323374584709999908e+02 5.634409108180000203e+01 1.574958101999999940e+02
-1.004887253080000015e-01 2.375586059550000018e-01 -1.459923051910000102e-01 -1.330421217020000029e+02 5.563866740049999748e+01 1.591000526830000013e+02
-1.057480910649999939e-01 2.377816770349999997e-01 -1.407851328339999875e-01 -1.315567550760000017e+02 5.552398136619999747e+01 1.577939302089999956e+02
-1.059065031540000063e-01 2.361261183779999884e-01 -1.448290928450000070e-01 -1.309680398900000000e+02 5.646628556209999772e+01 1.580258930880000037e+02
-1.051926804039999969e-01 2.369131034680000136e-01 -1.399124859399999976e-01 -1.321129283230000055e+02 5.563151978479999826e+01 1.575564685839999868e+02
-1.018011217880000069e-01 2.361393848480000113e-01 -1.409219897700000057e-01 -1.324186095690000116e+02 5.591514926459999657e+01 1.579033114329999989e+02
-9.691830137920000310e-02 2.386039392410000126e-01 -1.473300043059999898e-01 -1.331069840449999901e+02 5.678603639039999962e+01 1.575011693460000117e+02
-1.072701891349999992e-01 2.372670430459999924e-01 -1.450794748249999988e-01 -1.306976123930000142e+02 5.657473086590000122e+01 1.581115905050000094e+02
-1.032490533009999961e-01 2.430679867120000004e-01 -1.514025979520000065e-01 -1.312718934620000084e+02 5.602775268100000261e+01 1.572788747920000105e+02
-9.805159048919999398e-02 2.362484019599999929e-01 -1.493094226660000023e-01 -1.327216293870000072e+02 5.701720539469999949e+01 1.579669365770000127e+02
-1.016305720239999988e-01 2.392752951219999924e-01 -1.456686009120000125e-01 -1.324024222010000074e+02 5.603786864599999973e+01 1.568440294620000088e+02
-1.043999275279999944e-01 2.353975275640000087e-01 -1.427586696789999998e-01 -1.319933734889999926e+02 5.609671856800000000e+01 1.581271109570000135e+02
-9.949701136380000033e-02 2.412510369470000082e-01 -1.487420292259999943e-01 -1.322955301300000031e+02 5.607880186450000082e+01 1.573005340400000023e+02
-1.014077705369999943e-01 2.399622509640000068e-01 -1.479326730999999950e-01 -1.319867802230000109e+02 5.676619076720000123e+01 1.574227442229999951e+02
-1.050664885180000035e-01 2.388731587779999999e-01 -1.423348614849999916e-01 -1.313479264400000091e+02 5.561242416609999850e+01 1.573873075120000067e+02
-1.047123526039999974e-01 2.397483997560000135e-01 -1.443119704299999917e-01 -1.318979227670000114e+02 5.605757205889999994e+01 1.572664803499999948e+02
-1.003489909070000019e-01 2.388644245119999898e-01 -1.513550879849999975e-01 -1.320581625789999975e+02 5.712142513039999869e+01 1.575451664050000034e+02
-1.064876462170000065e-01 2.394378798360000116e-01 -1.441410220669999964e-01 -1.318377920009999968e+02 5.589562715630000156e+01 1.576882131620000109e+02
-1.035855716700000012e-01 2.369163294449999901e-01 -1.499815513559999980e-01 -1.311635311000000002e+02 5.725561876559999774e+01 1.580538043260000052e+02
-1.038296638459999949e-01 2.441906406450000122e-01 -1.477649140099999980e-01 -1.314673177409999880e+02 5.575375798310000164e+01 1.570464106599999923e+02
-9.960421162410000584e-02 2.405495632749999890e-01 -1.460945853470000111e-01 -1.329911034380000103e+02 5.546496911170000033e+01 1.571429407329999890e+02
-1.047949698260000062e-01 2.408414597659999934e-01 -1.447009807530000025e-01 -1.316770729149999966e+02 5.624367632559999919e+01 1.576485040169999934e+02
-1.040484269690000046e-01 2.349923132510000068e-01 -1.498007128290000101e-01 -1.311995451120000098e+02 5.765867733500000014e+01 1.585902354540000090e+02
-9.942200161759999488e-02 2.408074787230000124e-01 -1.434878708850000073e-01 -1.330731692720000012e+02 5.586597620930000119e+01 1.569523909810000077e+02
-1.016692276110000015e-01 2.373464008789999968e-01 -1.443585984200000116e-01 -1.316326554990000091e+02 5.652468418549999996e+01 1.575146434689999921e+02
-1.027648277749999978e-01 2.396042056000000087e-01 -1.428444692389999882e-01 -1.323899065189999931e+02 5.571584172960000103e+01 1.572012367959999892e+02
-1.009430267980000046e-01 2.384785277410000071e-01 -1.448288993799999869e-01 -1.320263603040000078e+02 5.566655149059999985e+01 1.569687617319999902e+02
-1.011210876020000038e-01 2.391011178540000115e-01 -1.491182477209999913e-01 -1.319733490890000098e+02 5.675858740689999848e+01 1.574942929919999983e+02
-1.047025745690000065e-01 2.396726314219999876e-01 -1.466149805829999875e-01 -1.311609784450000120e+02 5.590992661559999988e+01 1.575945167010000034e+02
-1.034847400610000023e-01 2.317886460209999944e-01 -1.433910143340000054e-01 -1.320395126079999955e+02 5.725769156789999670e+01 1.584190537830000096e+02
-1.004362084200000060e-01 2.353364686240000114e-01 -1.448546381699999941e-01 -1.324322200649999957e+02 5.640320693740000024e+01 1.576819665099999952e+02
-1.052955845809999957e-01 2.382023022599999984e-01 -1.388928857310000042e-01 -1.318742701760000102e+02 5.522738880259999661e+01 1.571452346060000025e+02
-1.054153219169999961e-01 2.361087664719999923e-01 -1.434763563399999997e-01 -1.313455571759999998e+02 5.648502634569999969e+01 1.582218333369999925e+02
-1.011173599179999993e-01 2.387587544099999959e-01 -1.479835482619999976e-01 -1.318785906100000034e+02 5.616381343989999664e+01 1.580272019889999910e+02
-1.002540119380000011e-01 2.346725846890000133e-01 -1.429479858820000004e-01 -1.326739731829999869e+02 5.621182816230000157e+01 1.576258659110000053e+02
-1.042289549579999974e-01 2.398379451200000068e-01 -1.409872025270000051e-01 -1.315882565759999920e+02 5.511966370769999912e+01 1.573553714070000069e+02
-9.760040521639999633e-02 2.368049119470000130e-01 -1.432103676900000067e-01 -1.336418301049999968e+02 5.632518201829999782e+01 1.573798648920000005e+02
-1.053601439190000044e-01 2.377452754780000066e-01 -1.401373568769999911e-01 -1.320033497599999919e+02 5.578373093559999774e+01 1.576301250489999859e+02
-9.861414830169999701e-02 2.408376403020000001e-01 -1.467397851620000082e-01 -1.329507000730000073e+02 5.617960272890000084e+01 1.568936921030000065e+02
-1.018112034630000023e-01 2.386954988970000080e-01 -1.398403110920000136e-01 -1.328924675270000080e+02 5.531930430669999765e+01 1.573424641379999969e+02
-1.026680837180000000e-01 2.382076220530000010e-01 -1.473505676350000126e-01 -1.314973280499999930e+02 5.637624479760000185e+01 1.578942897770000116e+02
-1.014117580259999984e-01 2.405340382010000000e-01 -1.461050121159999937e-01 -1.318522108049999986e+02 5.591378860759999725e+01 1.574888050989999897e+02
-9.936200759570000540e-02 2.391053857379999981e-01 -1.443542135670000115e-01 -1.331680512019999867e+02 5.560390636220000005e+01 1.572423767729999895e+02
-1.048079547310000054e-01 2.397642283829999887e-01 -1.411334878109999913e-01 -1.317764312179999990e+02 5.506378635709999969e+01 1.573431093300000043e+02
-1.015278910930000056e-01 2.340020432100000103e-01 -1.442657946260000046e-01 -1.326016495220000024e+02 5.693024796150000100e+01 1.578841901399999870e+02
-9.990002145680000611e-02 2.382204950959999901e-01 -1.440192000789999871e-01 -1.323327474479999921e+02 5.552250869080000228e+01 1.572883822409999937e+02
-1.056596534959999972e-01 2.392862396859999907e-01 -1.432140641770000000e-01 -1.316763575360000118e+02 5.556974390460000279e+01 1.575821221420000029e+02
-1.007215219389999972e-01 2.392466315079999906e-01 -1.456303412709999967e-01 -1.332219693739999968e+02 5.507069308610000036e+01 1.575745885389999899e+02
-1.055820074820000010e-01 2.396051647770000015e-01 -1.447423180300000112e-01 -1.315751633179999942e+02 5.556833071209999986e+01 1.576011060170000064e+02
-1.034557173579999934e-01 2.370253097270000053e-01 -1.398977673079999928e-01 -1.321332317389999957e+02 5.606537069089999648e+01 1.576726125369999920e+02
-1.028413761699999984e-01 2.351865075379999948e-01 -1.422289002209999875e-01 -1.319267320820000009e+02 5.608330536700000124e+01 1.579474707960000046e+02
-1.064884237729999961e-01 2.379783904109999959e-01 -1.417363204669999932e-01 -1.313699424879999924e+02 5.578676171600000089e+01 1.580987126189999969e+02
-9.912995525209999936e-02 2.395742924679999941e-01 -1.420199498730000121e-01 -1.332026576979999959e+02 5.543594176039999866e+01 1.573740097879999951e+02
-1.048324384629999995e-01 2.377356010299999933e-01 -1.406275417320000110e-01 -1.315354455080000093e+02 5.580656146119999761e+01 1.580653082620000021e+02
-1.011445916959999997e-01 2.393209844870000103e-01 -1.468276054310000134e-01 -1.323014223069999957e+02 5.648219553370000057e+01 1.577494687839999870e+02
-9.921807064809999577e-02 2.380012948480000057e-01 -1.384099065340000101e-01 -1.333139666639999916e+02 5.518478789040000265e+01 1.573094373250000046e+02
-1.059597472280000008e-01 2.359820771330000122e-01 -1.444603135520000081e-01 -1.312567118480000090e+02 5.647525427010000243e+01 1.582165386560000115e+02
-1.081969068490000047e-01 2.407093677549999866e-01 -1.473448135469999920e-01 -1.304472188189999997e+02 5.589596975890000152e+01 1.576268492449999883e+02
-1.010327110199999989e-01 2.384939711140000029e-01 -1.462623924170000089e-01 -1.316562256800000057e+02 5.646918019480000339e+01 1.581990123559999972e+02
-1.028397479339999976e-01 2.367931117790000040e-01 -1.446769768229999864e-01 -1.321129297059999885e+02 5.618636733649999826e+01 1.577708061799999939e+02
-1.041781411830000059e-01 2.370592049280000058e-01 -1.431333980230000136e-01 -1.319325633359999870e+02 5.664660798109999718e+01 1.578281037350000133e+02
-9.994693416579999989e-02 2.383014173699999905e-01 -1.431351079350000055e-01 -1.325316566660000035e+02 5.585025872159999949e+01 1.573782325360000129e+02
-1.063704202369999963e-01 2.368639849139999864e-01 -1.417777261100000019e-01 -1.316344939829999987e+02 5.628463180890000217e+01 1.579642272819999960e+02
-1.014571159969999969e-01 2.393062950540000011e-01 -1.460426584879999934e-01 -1.315957896609999977e+02 5.628209680890000044e+01 1.574167193979999979e+02
-1.055866072309999959e-01 2.356523490599999882e-01 -1.397336445460000132e-01 -1.316561503499999901e+02 5.606726472590000299e+01 1.580855637159999958e+02
-1.059826711290000056e-01 2.428676693730000002e-01 -1.418204288309999894e-01 -1.314965571239999917e+02 5.502074176330000199e+01 1.569923869470000000e+02
-1.046992830760000021e-01 2.395891747080000078e-01 -1.433192069149999970e-01 -1.314871989860000099e+02 5.619949201229999858e+01 1.575869428979999896e+02
-1.070659362059999953e-01 2.344474168250000046e-01 -1.434065087789999915e-01 -1.306522548700000073e+02 5.676757986209999984e+01 1.583705365579999977e+02
-9.983512655149999471e-02 2.383678010710000017e-01 -1.435244665150000043e-01 -1.326768859469999882e+02 5.550479838649999920e+01 1.574440337769999871e+02
-9.891565069820000555e-02 2.407191156959999911e-01 -1.443388869639999905e-01 -1.327045072399999981e+02 5.560570128170000004e+01 1.573006344380000030e+02
-1.013078257760000045e-01 2.375920684139999906e-01 -1.432876557939999906e-01 -1.324146459309999955e+02 5.628582032050000095e+01 1.575949434249999968e+02
-1.051269611239999957e-01 2.411429116359999902e-01 -1.451616398810000041e-01 -1.317975199509999982e+02 5.552881048470000280e+01 1.571648824810000065e+02
-1.034343606580000047e-01 2.371146310159999993e-01 -1.461640890750000032e-01 -1.312943460420000008e+02 5.672654603880000224e+01 1.580309935850000045e+02
-1.016130508760000051e-01 2.366768712439999978e-01 -1.454558706759999931e-01 -1.323327071539999906e+02 5.689589731950000129e+01 1.579636548750000031e+02
-1.050603073879999988e-01 2.399270844349999932e-01 -1.483137506699999941e-01 -1.309635314109999911e+02 5.625923018619999993e+01 1.578246978909999996e+02
-1.001994758549999975e-01 2.412064970729999869e-01 -1.455387956059999988e-01 -1.324304363230000092e+02 5.590852212250000264e+01 1.572863279309999882e+02
-1.018101631120000017e-01 2.374421041370000096e-01 -1.443769927259999919e-01 -1.321415105680000011e+02 5.581362040580000183e+01 1.580545830169999988e+02
-1.005240009179999977e-01 2.388476084289999912e-01 -1.434609804739999939e-01 -1.327358268460000090e+02 5.603490957590000221e+01 1.570857587069999965e+02
-1.026407990090000000e-01 2.417940093329999929e-01 -1.442087359979999928e-01 -1.315227350030000082e+02 5.577141175380000249e+01 1.573948830029999897e+02
-1.081645695849999950e-01 2.374454462070000049e-01 -1.433409938169999953e-01 -1.308097781760000089e+02 5.616708030419999886e+01 1.577723662020000006e+02
-1.003730918950000023e-01 2.381769364269999967e-01 -1.460238452760000138e-01 -1.317738555020000035e+02 5.634031446569999702e+01 1.578285322670000141e+02
-1.039812171330000007e-01 2.353283191930000129e-01 -1.441871547949999943e-01 -1.317181864549999943e+02 5.654714240090000033e+01 1.581387807239999859e+02
-1.005612820189999979e-01 2.397698681310000135e-01 -1.417700081300000137e-01 -1.328996829410000089e+02 5.548796527340000040e+01 1.569871296850000135e+02
-1.041543158070000058e-01 2.388773003920000026e-01 -1.477050275440000005e-01 -1.315035657399999991e+02 5.620865466859999771e+01 1.579646320939999953e+02
-9.672839488369999739e-02 2.404046482989999900e-01 -1.495394303479999909e-01 -1.330886101270000097e+02 5.635352802570000108e+01 1.575574417740000115e+02
-1.006688604690000044e-01 2.389232100129999870e-01 -1.452231749350000045e-01 -1.324873850760000096e+02 5.530812328190000215e+01 1.575458319050000000e+02
-1.007731242519999959e-01 2.355800222710000003e-01 -1.442611448610000013e-01 -1.324825176600000134e+02 5.669062285569999915e+01 1.581505633220000107e+02
-9.974795437010000598e-02 2.337659679640000099e-01 -1.475055491979999911e-01 -1.325447231240000008e+02 5.741727594289999814e+01 1.579762859479999975e+02
-1.030929214129999993e-01 2.381831096310000062e-01 -1.421266627860000020e-01 -1.320554780520000122e+02 5.581847121020000202e+01 1.577465157020000106e+02
-1.023705272159999985e-01 2.384191363660000118e-01 -1.465992782589999877e-01 -1.318084424040000044e+02 5.660045604129999930e+01 1.575741213189999996e+02
-1.023401714689999992e-01 2.393027754610000113e-01 -1.472350219259999926e-01 -1.321756265859999928e+02 5.655423156420000197e+01 1.574831128529999944e+02
-1.009536349880000017e-01 2.368572980349999968e-01 -1.447404574370000085e-01 -1.320781642850000139e+02 5.644979902410000250e+01 1.579814299759999869e+02
-1.024197434409999941e-01 2.357163434729999951e-01 -1.447577108110000010e-01 -1.316888118539999937e+02 5.652074064579999657e+01 1.585120481579999989e+02
-9.989261430309999412e-02 2.356832542239999939e-01 -1.499734530529999998e-01 -1.320952524280000091e+02 5.687365254840000262e+01 1.581294708689999879e+02
-1.018458742370000059e-01 2.330893125609999894e-01 -1.414029083120000030e-01 -1.320946622650000108e+02 5.641299885410000314e+01 1.580252076479999914e+02
-9.924220634140000497e-02 2.368668074739999907e-01 -1.462175531600000133e-01 -1.329023409049999884e+02 5.632129705660000241e+01 1.577610911970000132e+02
-1.041382447719999965e-01 2.372772397959999890e-01 -1.480195798829999909e-01 -1.316308208529999888e+02 5.680410083659999998e+01 1.576147633569999869e+02
-1.026802831769999952e-01 2.375450319150000100e-01 -1.461260239680000073e-01 -1.324676947680000012e+02 5.626241643609999699e+01 1.576540285639999865e+02
-1.029767234639999973e-01 2.410028885009999899e-01 -1.455084259849999950e-01 -1.317901507480000021e+02 5.625047392460000140e+01 1.572878430359999982e+02
-9.965255466710000454e-02 2.390255392089999931e-01 -1.485415104989999957e-01 -1.325654737060000059e+02 5.706174255839999887e+01 1.577343926590000081e+02
-9.931824486409999986e-02 2.376085414069999957e-01 -1.476258869909999882e-01 -1.321172404499999971e+02 5.693520258600000261e+01 1.580781289889999925e+02
-1.009444402060000051e-01 2.377053758849999865e-01 -1.491169034489999989e-01 -1.318821564700000124e+02 5.705795348649999710e+01 1.581309642200000098e+02
-1.031635389070000020e-01 2.383756309770000137e-01 -1.450468893709999929e-01 -1.316420438830000137e+02 5.617040312569999827e+01 1.576624319100000093e+02
-1.020269538899999939e-01 2.347314978039999889e-01 -1.437356666850000131e-01 -1.321646960840000133e+02 5.657946484069999826e+01 1.576977896200000089e+02
-1.036587191599999958e-01 2.401653279719999923e-01 -1.483210071430000054e-01 -1.317901167509999993e+02 5.676687064010000228e+01 1.578000161150000054e+02
-1.039995307260000029e-01 2.329562918889999945e-01 -1.478776904749999899e-01 -1.316425921370000083e+02 5.744935228140000305e+01 1.586013642100000141e+02
-1.033806976779999970e-01 2.359597748779999893e-01 -1.449684919889999979e-01 -1.316541502590000050e+02 5.654817759929999710e+01 1.582499570049999988e+02
-1.027860460560000022e-01 2.386181277870000061e-01 -1.467959099749999996e-01 -1.312597711809999907e+02 5.645990794490000297e+01 1.579683970170000009e+02
-9.956811718649999365e-02 2.396044784509999970e-01 -1.434855608070000066e-01 -1.326571092890000045e+02 5.620657546969999885e+01 1.571995818340000142e+02
-1.025346140079999996e-01 2.409338537010000114e-01 -1.455508257810000095e-01 -1.319075371609999934e+02 5.546417536629999745e+01 1.575682470259999945e+02
-1.015192853130000017e-01 2.363538073239999926e-01 -1.451782614279999994e-01 -1.318701019719999863e+02 5.628465788849999996e+01 1.582252673229999971e+02
-1.024408705440000011e-01 2.374487088180000094e-01 -1.405474837139999988e-01 -1.321514820669999892e+02 5.547725640689999693e+01 1.578833013960000073e+02
-1.010475142930000042e-01 2.358249225700000118e-01 -1.400002423870000123e-01 -1.323342205419999971e+02 5.579609172079999979e+01 1.576676524339999901e+02
-1.054963281129999986e-01 2.393879575650000036e-01 -1.392857167300000087e-01 -1.316054698680000001e+02 5.550448476230000239e+01 1.572193011999999896e+02
-1.008239931360000036e-01 2.371762736670000038e-01 -1.467020982870000101e-01 -1.326402050240000108e+02 5.665894102779999741e+01 1.578739877460000116e+02
-1.013975150190000035e-01 2.390924017530000056e-01 -1.438247390940000092e-01 -1.322531488699999898e+02 5.534539239979999792e+01 1.574187393990000032e+02
-1.018391170329999984e-01 2.381131389579999869e-01 -1.500149125559999963e-01 -1.316208673529999942e+02 5.694585961509999805e+01 1.576951636029999975e+02
-1.024927591569999991e-01 2.380298496300000122e-01 -1.455136498119999899e-01 -1.318044875310000066e+02 5.669217216330000042e+01 1.579806445970000084e+02
-1.019772027699999972e-01 2.367259754269999961e-01 -1.466950876910000090e-01 -1.322014937490000079e+02 5.632762128360000276e+01 1.577769356189999996e+02
-1.013951336980000034e-01 2.356631999530000021e-01 -1.430401197379999878e-01 -1.323033290470000054e+02 5.580569774789999826e+01 1.579591839080000000e+02
-1.040603112320000051e-01 2.351864022629999995e-01 -1.475302850999999915e-01 -1.312387385849999930e+02 5.695530704650000331e+01 1.583489704289999906e+02
-1.004176096509999949e-01 2.379409522519999876e-01 -1.464649182170000008e-01 -1.314371191099999976e+02 5.527391236420000098e+01 1.575690400469999872e+02
-1.024198741329999940e-01 2.404609575509999986e-01 -1.401551348339999947e-01 -1.321334420500000135e+02 5.561902365849999796e+01 1.571875924859999998e+02
-1.013243159609999999e-01 2.385438504780000024e-01 -1.439760563539999871e-01 -1.325207052270000077e+02 5.612541919289999726e+01 1.574683978520000096e+02
-1.052377424650000060e-01 2.323058726580000122e-01 -1.365488928709999994e-01 -1.316987640579999947e+02 5.621852175370000282e+01 1.582292790090000096e+02
-1.005300390729999965e-01 2.385235323090000026e-01 -1.450091091500000096e-01 -1.317874381240000048e+02 5.538641312829999919e+01 1.583480748670000082e+02
-1.024974820879999970e-01 2.348369700930000026e-01 -1.427804469279999877e-01 -1.317553904940000109e+02 5.615129091459999700e+01 1.579241820359999906e+02
-1.055457023709999997e-01 2.354800455130000025e-01 -1.435477549939999931e-01 -1.315433642080000141e+02 5.663600562999999966e+01 1.580387488149999911e+02
-1.078575977870000063e-01 2.395198488580000118e-01 -1.429108407130000036e-01 -1.309105484840000031e+02 5.581077957349999963e+01 1.576903168780000044e+02
-1.004841919839999931e-01 2.376704107619999895e-01 -1.465451441210000039e-01 -1.323967935119999879e+02 5.651005810929999740e+01 1.570989512399999910e+02
-9.765883834350000403e-02 2.400440165620000010e-01 -1.508500844070000124e-01 -1.328293411619999915e+02 5.681168827279999789e+01 1.573123675049999974e+02
-1.026395751109999976e-01 2.369085142569999913e-01 -1.419184683199999908e-01 -1.323711701269999992e+02 5.561920409710000257e+01 1.572893345729999908e+02
-1.025520947630000068e-01 2.386775201699999904e-01 -1.462749579300000047e-01 -1.318508633870000040e+02 5.674705618200000146e+01 1.577876123579999899e+02
-1.014209612469999938e-01 2.369040496669999885e-01 -1.417933996690000087e-01 -1.325928600500000130e+02 5.623873715450000077e+01 1.575530977420000056e+02
-1.010124012940000066e-01 2.379312077019999916e-01 -1.460012021830000006e-01 -1.330712732320000100e+02 5.645444552139999672e+01 1.572445249989999922e+02
-1.059773107959999933e-01 2.385616308840000088e-01 -1.440142533150000070e-01 -1.316696727450000139e+02 5.567015829790000225e+01 1.575855593789999887e+02
-1.024177146350000039e-01 2.352098551069999877e-01 -1.453540321790000034e-01 -1.321325043779999930e+02 5.677922566939999882e+01 1.580956325999999876e+02
-1.023830011619999980e-01 2.409877772279999941e-01 -1.415333759719999973e-01 -1.318805361450000078e+02 5.550580796519999893e+01 1.570310407560000101e+02
-1.035532264470000047e-01 2.341734137629999934e-01 -1.418462101440000067e-01 -1.321614661799999908e+02 5.665396600620000100e+01 1.581622977320000132e+02
-1.029122111820000018e-01 2.386731684550000010e-01 -1.407579144320000031e-01 -1.320748202419999870e+02 5.513833864520000105e+01 1.576754039850000026e+02
-9.908169897860000241e-02 2.383743339949999929e-01 -1.475700682870000058e-01 -1.329693936950000079e+02 5.603221550180000321e+01 1.576697029210000096e+02
-1.006172152019999960e-01 2.377639663009999960e-01 -1.466735536210000135e-01 -1.323868917210000120e+02 5.699217240459999800e+01 1.580263796879999916e+02
-1.030789520699999934e-01 2.394859318579999896e-01 -1.428895088719999984e-01 -1.318163159409999992e+02 5.547028782110000122e+01 1.572958077609999918e+02
-1.004794915829999996e-01 2.433426793469999905e-01 -1.467360452639999979e-01 -1.322838598399999910e+02 5.536422707119999842e+01 1.570802902190000054e+02
-1.005479501440000034e-01 2.376053478969999966e-01 -1.460197100760000088e-01 -1.327324627879999923e+02 5.639271326179999733e+01 1.574493866290000028e+02
-1.034348686499999975e-01 2.399721367400000083e-01 -1.411835949970000059e-01 -1.322974938540000096e+02 5.514022391030000136e+01 1.571513317060000077e+02
-1.032716302259999996e-01 2.345424540870000019e-01 -1.422761507310000006e-01 -1.316683725809999999e+02 5.677361708539999796e+01 1.581503264410000043e+02
-1.042079673600000006e-01 2.394641898990000073e-01 -1.478357344740000023e-01 -1.313870988559999944e+02 5.666555047549999813e+01 1.580257912099999942e+02
-1.001516201050000054e-01 2.345940524779999981e-01 -1.468841774000000100e-01 -1.321332373459999872e+02 5.711567285320000309e+01 1.584142143429999976e+02
-1.101126934860000017e-01 2.410918168939999995e-01 -1.445413650279999962e-01 -1.302387566840000090e+02 5.581666022659999982e+01 1.577660138779999954e+02
-1.030243195100000037e-01 2.406864525899999885e-01 -1.451448112360000098e-01 -1.318165740420000134e+02 5.583225692010000074e+01 1.577913823220000040e+02
-1.035624761730000037e-01 2.373278142330000062e-01 -1.379232555050000086e-01 -1.323170249030000036e+02 5.543324309569999997e+01 1.571988637979999908e+02
-1.004714385419999967e-01 2.377528572579999944e-01 -1.457413787659999904e-01 -1.324420793939999896e+02 5.601804854779999943e+01 1.583282528910000053e+02
-1.039732136620000053e-01 2.399159935219999928e-01 -1.416523853749999950e-01 -1.318332299349999914e+02 5.547894080519999704e+01 1.575025017389999960e+02
-1.017378903140000040e-01 2.395023333000000088e-01 -1.469338857589999880e-01 -1.314388143040000045e+02 5.603140968510000164e+01 1.576191032879999909e+02
-9.837936054970000677e-02 2.352029948830000050e-01 -1.417791073530000057e-01 -1.332638989499999980e+02 5.623227351239999905e+01 1.575357816119999939e+02
-1.025145965239999957e-01 2.376672487919999910e-01 -1.441257630970000092e-01 -1.316380380720000005e+02 5.604136557009999819e+01 1.578040193170000123e+02
-1.027086613399999931e-01 2.369510462759999991e-01 -1.450446514160000089e-01 -1.325251569369999913e+02 5.680505525190000071e+01 1.577303731140000025e+02
-1.061217794200000064e-01 2.373805958440000086e-01 -1.472159341170000135e-01 -1.309155790830000115e+02 5.665318882340000073e+01 1.577486383909999859e+02
-1.051674069040000048e-01 2.391015072200000091e-01 -1.441080497910000036e-01 -1.316417369819999976e+02 5.546273414750000086e+01 1.573539250990000085e+02
-1.029779994259999998e-01 2.349649365719999883e-01 -1.467654412259999930e-01 -1.314830283809999969e+02 5.694817404150000328e+01 1.580184498170000040e+02
-1.023746915549999942e-01 2.376166668770000046e-01 -1.530630699530000083e-01 -1.315736037000000067e+02 5.765917684440000102e+01 1.581795131350000077e+02
-1.021619585110000034e-01 2.364907244560000010e-01 -1.487168594009999900e-01 -1.317103790079999897e+02 5.693711856150000017e+01 1.583720189370000071e+02
-1.018999564279999964e-01 2.390857549679999972e-01 -1.467956420460000133e-01 -1.319978743549999933e+02 5.688030073720000246e+01 1.579684777960000019e+02
-1.048425516539999991e-01 2.398186150770000025e-01 -1.396627702219999934e-01 -1.317261625840000079e+02 5.513771126070000150e+01 1.575031778219999978e+02
-1.020916830339999998e-01 2.400687617549999986e-01 -1.488824644819999876e-01 -1.320484117889999993e+02 5.602039040649999890e+01 1.575677064170000108e+02
-1.068086541900000047e-01 2.369355344519999962e-01 -1.463390650209999977e-01 -1.307282011650000015e+02 5.671533050650000263e+01 1.583276084279999907e+02
-1.028700431559999989e-01 2.388000574999999959e-01 -1.503716541760000136e-01 -1.312439498049999997e+02 5.706013092469999748e+01 1.580612696700000015e+02
-1.046017621060000014e-01 2.372858514869999880e-01 -1.355171493679999950e-01 -1.320117617690000031e+02 5.526686254770000062e+01 1.573975307180000129e+02
-1.021086106319999964e-01 2.378513116379999959e-01 -1.448060273539999998e-01 -1.321726577850000126e+02 5.643971023699999989e+01 1.581484708209999894e+02
-1.004818391439999958e-01 2.402363724540000078e-01 -1.441642242149999975e-01 -1.324371162490000131e+02 5.539745371200000079e+01 1.571892702920000033e+02
-1.001056406620000061e-01 2.426459281299999937e-01 -1.428893343950000117e-01 -1.328616374979999932e+02 5.538764653279999806e+01 1.566644164799999999e+02
-1.004832663809999971e-01 2.374781461300000118e-01 -1.447355251549999888e-01 -1.321221474150000006e+02 5.634797095950000312e+01 1.577597720130000027e+02
-1.018548698519999990e-01 2.395880332039999894e-01 -1.415226068780000013e-01 -1.320577550429999860e+02 5.498535790310000237e+01 1.573194363179999868e+02
-1.008677859379999986e-01 2.445716335500000005e-01 -1.492268384500000100e-01 -1.323685248769999987e+02 5.579636921230000013e+01 1.570657162150000090e+02
-1.042979351100000035e-01 2.404919291890000033e-01 -1.438162683439999923e-01 -1.315734328519999963e+02 5.548575406860000214e+01 1.576010185000000092e+02
-1.030536085590000039e-01 2.344739806950000005e-01 -1.456565427740000029e-01 -1.319986010519999979e+02 5.703555749299999889e+01 1.582985021199999949e+02
-1.015282443809999990e-01 2.330446688689999934e-01 -1.481694822890000096e-01 -1.319190079560000015e+02 5.764646613810000275e+01 1.585261838769999940e+02
-1.020237086639999985e-01 2.373409224559999975e-01 -1.508270542980000017e-01 -1.318044084610000084e+02 5.714379770120000046e+01 1.581931800119999991e+02
-1.039910234260000010e-01 2.352603793899999962e-01 -1.403320231229999993e-01 -1.316104405719999875e+02 5.612092185019999846e+01 1.578840768940000032e+02
-1.013753013720000012e-01 2.377385794269999963e-01 -1.447111221659999891e-01 -1.321161309229999858e+02 5.652351262780000241e+01 1.575117072900000039e+02
-1.019770664970000018e-01 2.345031169129999926e-01 -1.510416937809999915e-01 -1.319497819599999957e+02 5.756939810179999739e+01 1.583632082020000098e+02
-9.950779573359999630e-02 2.454400126969999985e-01 -1.477097499470000075e-01 -1.324888617480000050e+02 5.519345935390000335e+01 1.566568312820000131e+02
-1.002228683479999966e-01 2.385041994469999926e-01 -1.453971217599999977e-01 -1.324989236689999927e+02 5.622565276270000112e+01 1.573728417890000060e+02
-1.005056697639999941e-01 2.404697304800000046e-01 -1.403975130070000132e-01 -1.328625149920000013e+02 5.504841162790000197e+01 1.570316847349999989e+02
-1.066157326339999961e-01 2.405918643839999871e-01 -1.448556658519999929e-01 -1.311224898160000123e+02 5.574899586170000276e+01 1.575468873460000054e+02
-9.997938162540000173e-02 2.380678155510000116e-01 -1.467394723319999927e-01 -1.327041848220000020e+02 5.631592512489999791e+01 1.579194299099999910e+02
-1.001793311999999991e-01 2.398834151710000084e-01 -1.440330629969999998e-01 -1.327507806950000031e+02 5.538571983869999826e+01 1.573605144310000128e+02
-1.013965211920000026e-01 2.366376202159999886e-01 -1.439000230960000015e-01 -1.320009559890000048e+02 5.658302163369999960e+01 1.578573079100000029e+02
-1.025979573859999994e-01 2.376715701569999950e-01 -1.436799932800000013e-01 -1.319906841439999994e+02 5.566289765110000332e+01 1.577341386900000089e+02
-1.033467723820000045e-01 2.387232933210000074e-01 -1.433412463540000015e-01 -1.318007385230000068e+02 5.648403504670000075e+01 1.574506821999999886e+02
-9.911660010160000533e-02 2.335677665260000035e-01 -1.444587194660000018e-01 -1.328411881149999942e+02 5.691252578059999934e+01 1.581740864429999931e+02
-9.765786549230000280e-02 2.386299094210000138e-01 -1.507263571059999918e-01 -1.324486442509999904e+02 5.691155025709999649e+01 1.578542749019999860e+02
-9.930952613009999541e-02 2.391245264409999904e-01 -1.451836755410000068e-01 -1.326121886500000073e+02 5.590545438880000262e+01 1.572555913410000130e+02
-1.020094721250000003e-01 2.366695966440000021e-01 -1.452764048090000037e-01 -1.318275986149999994e+02 5.615343711970000129e+01 1.577835044869999876e+02
-1.000386603310000067e-01 2.357474213799999885e-01 -1.481455334510000110e-01 -1.321219232990000023e+02 5.683888973820000245e+01 1.581010180860000105e+02
-9.622070970219999408e-02 2.395333585230000062e-01 -1.467467487690000127e-01 -1.331242736739999941e+02 5.605407134549999881e+01 1.570957630439999946e+02
-1.014109714360000025e-01 2.373087518510000049e-01 -1.448928810239999976e-01 -1.322558214709999902e+02 5.639242831770000208e+01 1.572176087960000075e+02
-1.017633317870000054e-01 2.357515969339999962e-01 -1.456792808050000054e-01 -1.318259037409999905e+02 5.663855514600000163e+01 1.579385860620000130e+02
-1.053657836380000046e-01 2.390737835610000084e-01 -1.480856506559999897e-01 -1.312015895149999949e+02 5.650381141950000341e+01 1.581306686050000110e+02
-1.044919384149999991e-01 2.390420370509999948e-01 -1.434456198569999952e-01 -1.317743590350000034e+02 5.585694759420000111e+01 1.574070056760000114e+02
-1.011169896850000055e-01 2.379540961119999964e-01 -1.433752841489999985e-01 -1.320125145330000009e+02 5.606116071040000293e+01 1.574872476559999939e+02
-1.050385228349999950e-01 2.341923419760000014e-01 -1.419355573490000133e-01 -1.314077097230000106e+02 5.616507543670000047e+01 1.583953247510000040e+02
-1.061521534840000058e-01 2.338516038479999948e-01 -1.426026373160000082e-01 -1.311064250430000016e+02 5.665196375939999740e+01 1.587276603189999946e+02
-1.004750735689999980e-01 2.377499299589999893e-01 -1.447802083660000017e-01 -1.316685372960000109e+02 5.635362074550000244e+01 1.577093728909999868e+02
-1.007341999820000056e-01 2.357021165269999885e-01 -1.440727119749999896e-01 -1.326489637440000138e+02 5.625196506729999868e+01 1.580453801440000063e+02
-1.039584302179999975e-01 2.401732505470000056e-01 -1.449043846870000096e-01 -1.312948178910000081e+02 5.632543924760000209e+01 1.575710585280000089e+02
-1.025442199700000029e-01 2.408150698679999979e-01 -1.418057425779999936e-01 -1.317137799330000121e+02 5.537816613089999862e+01 1.571788871159999985e+02
-1.030259938229999978e-01 2.409217962509999922e-01 -1.439368801620000138e-01 -1.323433657719999985e+02 5.534126772989999665e+01 1.574360828659999925e+02
-1.002590933000000045e-01 2.346338819090000027e-01 -1.409824671959999942e-01 -1.328512646499999903e+02 5.632983644589999983e+01 1.580348180809999974e+02
-1.022954114980000051e-01 2.373340436270000020e-01 -1.438783471990000007e-01 -1.316896484600000008e+02 5.573698339319999917e+01 1.574502761969999938e+02
-1.023582704190000026e-01 2.395987429410000036e-01 -1.440712371400000025e-01 -1.322057988880000039e+02 5.616339910829999837e+01 1.572408849310000107e+02
-1.022926573519999938e-01 2.381812795059999877e-01 -1.444372357500000037e-01 -1.322338853159999985e+02 5.630208317900000026e+01 1.576970737249999956e+02
-1.004370021810000041e-01 2.358727467739999972e-01 -1.402608894240000015e-01 -1.326075927569999919e+02 5.606772060019999770e+01 1.577016669760000127e+02
-1.004873170680000011e-01 2.360736971379999993e-01 -1.415252633240000057e-01 -1.325568186000000139e+02 5.601272790010000335e+01 1.577615589799999896e+02
-1.027484015379999949e-01 2.366752795719999913e-01 -1.431888787689999942e-01 -1.321244730919999881e+02 5.667899242939999738e+01 1.578346453769999869e+02
-1.014089442220000026e-01 2.381261483519999944e-01 -1.426823516700000127e-01 -1.320174124179999922e+02 5.560327493780000196e+01 1.578234802439999953e+02
-1.039194477609999973e-01 2.384385026209999980e-01 -1.409367102530000027e-01 -1.322847953559999894e+02 5.574784649040000062e+01 1.575438590519999877e+02
-1.000730566490000001e-01 2.376761441030000033e-01 -1.443455503009999918e-01 -1.326430831829999875e+02 5.653200887349999704e+01 1.575039178499999935e+02
-1.009494974610000012e-01 2.344337400160000084e-01 -1.419751786760000134e-01 -1.329072518460000083e+02 5.625195953419999739e+01 1.580761230660000081e+02
-1.025711150109999970e-01 2.388192341919999906e-01 -1.454351850289999915e-01 -1.315900826779999875e+02 5.659845518240000217e+01 1.576347598590000132e+02
-1.016611388680000033e-01 2.380486907119999940e-01 -1.459906354830000086e-01 -1.323767459180000117e+02 5.660250002579999773e+01 1.579103496159999906e+02
-1.006390254580000060e-01 2.408271130920000003e-01 -1.464480422549999938e-01 -1.318401390170000127e+02 5.577765579870000323e+01 1.571885267440000007e+02
-1.046780409520000066e-01 2.352895915840000074e-01 -1.436221422950000048e-01 -1.320160844069999939e+02 5.651107651120000241e+01 1.580009614850000048e+02
-1.015782113500000028e-01 2.378878870460000017e-01 -1.459914745420000104e-01 -1.315717723669999941e+02 5.608851585410000240e+01 1.578733874950000029e+02
-1.011586489739999956e-01 2.385419968930000134e-01 -1.455838516699999863e-01 -1.319789390319999995e+02 5.595543614759999684e+01 1.572420222089999982e+02
-1.001902918770000012e-01 2.386477359480000116e-01 -1.474698596859999877e-01 -1.329286072760000081e+02 5.661056505199999833e+01 1.575354624109999975e+02
-1.018524003070000045e-01 2.373993904920000120e-01 -1.463455944360000094e-01 -1.319508694120000030e+02 5.594072729410000022e+01 1.579302608920000068e+02
-1.027615721899999973e-01 2.384987384249999953e-01 -1.435660488590000117e-01 -1.317954539970000098e+02 5.615031396140000197e+01 1.579393371689999981e+02
-1.004409757209999976e-01 2.363686944410000046e-01 -1.497028012149999865e-01 -1.323621039719999999e+02 5.704652891319999952e+01 1.578566730830000040e+02
-9.969492906669999432e-02 2.370791269899999998e-01 -1.418688205770000099e-01 -1.330507619720000037e+02 5.561672165099999887e+01 1.576618199190000098e+02
-1.031743929549999994e-01 2.349059109520000022e-01 -1.478943681290000034e-01 -1.316148616460000085e+02 5.742312050059999962e+01 1.582983454870000060e+02
-1.015650981990000035e-01 2.366500074319999869e-01 -1.434157968399999983e-01 -1.318568493230000058e+02 5.607695802570000154e+01 1.579763549950000083e+02
-1.027240978219999962e-01 2.394513419089999984e-01 -1.457606150820000002e-01 -1.319242782720000093e+02 5.623889527619999740e+01 1.575131277280000006e+02
-1.016623891150000014e-01 2.390983774100000070e-01 -1.415626125660000012e-01 -1.322337614049999956e+02 5.566733053739999804e+01 1.575285701159999974e+02
-1.015264940830000046e-01 2.378840205069999991e-01 -1.442872811439999958e-01 -1.321773875659999931e+02 5.621135202060000324e+01 1.575021597530000008e+02
-9.947974975029999500e-02 2.365221837469999866e-01 -1.471961631250000013e-01 -1.326932055899999909e+02 5.659412756190000238e+01 1.576808990959999903e+02
-9.687509387859999377e-02 2.407461534650000012e-01 -1.483798315890000052e-01 -1.330886184119999882e+02 5.628772717719999719e+01 1.570900316359999920e+02
-1.017050462970000013e-01 2.384292264339999967e-01 -1.471915757130000113e-01 -1.316828332670000066e+02 5.617946991689999692e+01 1.578341540719999898e+02
-1.045418411000000047e-01 2.347193716400000074e-01 -1.439940073269999898e-01 -1.319809630450000100e+02 5.668407264860000083e+01 1.581589766749999910e+02
-1.025168692829999950e-01 2.401657407489999896e-01 -1.474937109320000050e-01 -1.317079206370000009e+02 5.682768496810000158e+01 1.576116484940000078e+02
-1.006316925689999947e-01 2.380741011920000094e-01 -1.450587366099999886e-01 -1.329845938679999904e+02 5.585724927540000095e+01 1.571379263540000011e+02
-1.013905900960000023e-01 2.393364071690000094e-01 -1.421728852960000011e-01 -1.325945667960000094e+02 5.569778006180000318e+01 1.573853340059999937e+02
-1.006860811699999969e-01 2.374225770249999978e-01 -1.448181743460000004e-01 -1.325758238939999956e+02 5.570407252870000292e+01 1.573776249089999908e+02
-1.020622007619999966e-01 2.389400961879999952e-01 -1.444640555280000127e-01 -1.316597372219999897e+02 5.642826270169999958e+01 1.574769308220000141e+02
-1.009156765939999978e-01 2.391575461759999910e-01 -1.449018327790000116e-01 -1.315963576640000099e+02 5.549508949290000004e+01 1.574148922759999891e+02
-1.041647612010000029e-01 2.426700205750000061e-01 -1.391564132329999870e-01 -1.320347158959999945e+02 5.440022542469999678e+01 1.566908642239999949e+02
-9.449462023610000205e-02 2.402210865739999868e-01 -1.478928522390000055e-01 -1.336877737549999949e+02 5.602103768679999973e+01 1.569910073190000048e+02
-1.014508340540000025e-01 2.402019112340000040e-01 -1.448173529279999927e-01 -1.320846361559999877e+02 5.556698197280000073e+01 1.571450997770000129e+02
-9.932489078009999750e-02 2.406546127520000078e-01 -1.433294918470000012e-01 -1.330171246170000074e+02 5.534907485309999942e+01 1.568296240870000133e+02
-1.030601028069999953e-01 2.380474571769999881e-01 -1.445896117869999997e-01 -1.316659091109999906e+02 5.578358189010000245e+01 1.576115673829999935e+02
-1.008249836389999987e-01 2.366545226960000137e-01 -1.483926148220000019e-01 -1.323328950579999912e+02 5.674074054470000306e+01 1.581529669649999903e+02
-9.988843383699999579e-02 2.389943216640000034e-01 -1.451035134410000038e-01 -1.329555429670000137e+02 5.585108259929999974e+01 1.575342707339999890e+02
-1.033946460950000007e-01 2.317433467949999992e-01 -1.409899928059999974e-01 -1.318564993109999932e+02 5.681657211920000350e+01 1.585347249250000061e+02
-1.038634020449999973e-01 2.400259009359999862e-01 -1.368951914210000120e-01 -1.321838389970000094e+02 5.480521203069999814e+01 1.570698536849999982e+02
-1.003685664809999961e-01 2.377823666939999914e-01 -1.442339069759999981e-01 -1.326673724419999871e+02 5.620505419029999672e+01 1.572278733470000134e+02
-9.905856259169999734e-02 2.375781457920000117e-01 -1.475969121500000092e-01 -1.326332676579999941e+02 5.666463943330000319e+01 1.578751884209999901e+02
-9.996456341140000368e-02 2.335836080700000039e-01 -1.519545926030000105e-01 -1.321457656849999864e+02 5.784855274600000286e+01 1.583745585849999884e+02
-1.041954837780000032e-01 2.367969226169999997e-01 -1.444005675539999922e-01 -1.313314954770000043e+02 5.671036949380000181e+01 1.578270723960000055e+02
-1.021632267809999967e-01 2.371652123609999940e-01 -1.416033776760000085e-01 -1.322163637650000112e+02 5.632570563910000061e+01 1.580415966980000064e+02
-1.020133401289999991e-01 2.372938505709999979e-01 -1.441665753399999916e-01 -1.312872459970000136e+02 5.642328078420000281e+01 1.578540998469999863e+02
-1.023866570880000021e-01 2.387116852249999976e-01 -1.448690607450000001e-01 -1.315970390029999919e+02 5.624576369409999899e+01 1.578851372839999954e+02
-9.997978907360000056e-02 2.366450786679999974e-01 -1.438681532939999896e-01 -1.327161626959999978e+02 5.650538323909999860e+01 1.578565918490000115e+02
-1.018388457439999978e-01 2.342419931259999977e-01 -1.453939803890000049e-01 -1.324575187190000065e+02 5.703819553280000321e+01 1.581676174289999892e+02
-1.017211310680000008e-01 2.368654882020000130e-01 -1.464373276100000010e-01 -1.316418993409999985e+02 5.606901472290000044e+01 1.578624960799999997e+02
-1.032078118749999995e-01 2.391279064429999990e-01 -1.447566128359999982e-01 -1.320066641429999947e+02 5.627861078290000307e+01 1.574381247389999885e+02
-1.001844976279999966e-01 2.391397446219999945e-01 -1.461428333800000035e-01 -1.323144528269999967e+02 5.635981194899999736e+01 1.577277130100000022e+02
-1.026370373659999946e-01 2.388627815640000096e-01 -1.494310874080000129e-01 -1.313266501800000015e+02 5.654990450060000029e+01 1.578377426479999883e+02
-9.856751046770000080e-02 2.352089928930000129e-01 -1.472173947119999882e-01 -1.326938901480000084e+02 5.704854910459999928e+01 1.580309385170000098e+02
-1.009909458480000022e-01 2.408507576460000021e-01 -1.517729831490000070e-01 -1.320834481820000121e+02 5.631119908329999646e+01 1.575204877520000082e+02
-9.951312019279999477e-02 2.439549636660000020e-01 -1.411385895249999967e-01 -1.330675616190000028e+02 5.459412991810000193e+01 1.566447465219999913e+02
-1.060310386879999983e-01 2.350332075719999969e-01 -1.432645331290000046e-01 -1.313163339470000039e+02 5.648081386249999980e+01 1.579972138359999860e+02
-1.047527659749999951e-01 2.376777978890000087e-01 -1.480087347940000075e-01 -1.310904451529999903e+02 5.682717324360000077e+01 1.581263695940000105e+02
-1.022581042860000039e-01 2.416568553100000016e-01 -1.467305433589999875e-01 -1.320368718860000001e+02 5.630316935129999933e+01 1.574360799389999954e+02
-1.004680013559999946e-01 2.383454542679999955e-01 -1.467601682789999862e-01 -1.323311482009999906e+02 5.622222950799999808e+01 1.575982238960000075e+02
-1.019015244620000010e-01 2.419107922569999902e-01 -1.527370256860000053e-01 -1.316225978150000060e+02 5.654250421060000065e+01 1.576692257729999938e+02
-9.979827599290000406e-02 2.375260459050000106e-01 -1.424878741149999961e-01 -1.329651306879999879e+02 5.600864883989999754e+01 1.574039275910000129e+02
-1.040836418059999935e-01 2.361830459800000059e-01 -1.369375737150000105e-01 -1.320286869480000007e+02 5.551020220960000273e+01 1.578202818050000076e+02
-1.013410228770000032e-01 2.397999404479999874e-01 -1.438814701580000133e-01 -1.323556949199999906e+02 5.601032468969999911e+01 1.570333210709999889e+02
-1.019676216799999952e-01 2.381086788139999966e-01 -1.450245308760000074e-01 -1.323631099380000080e+02 5.623071770079999965e+01 1.578417242779999867e+02
-1.036445648249999935e-01 2.347355677940000107e-01 -1.377097468619999932e-01 -1.321172253960000091e+02 5.579387425129999656e+01 1.576245587409999871e+02
-1.024049275690000066e-01 2.386057637389999986e-01 -1.422497514069999969e-01 -1.318255568509999875e+02 5.549964742289999720e+01 1.575139162659999954e+02
-1.024507981470000051e-01 2.407124054089999909e-01 -1.443712048490000122e-01 -1.319609741220000103e+02 5.572896259280000208e+01 1.573593581799999868e+02
-1.028258722659999985e-01 2.422841609770000071e-01 -1.469623757930000052e-01 -1.318903807810000046e+02 5.564296999769999985e+01 1.569279438469999945e+02
-1.045563357690000028e-01 2.380929283250000084e-01 -1.424441898209999890e-01 -1.322021581079999919e+02 5.631372184349999799e+01 1.576080122920000122e+02
-1.019164331780000043e-01 2.391675973850000136e-01 -1.437020714209999994e-01 -1.322307227249999926e+02 5.553486124999999873e+01 1.569877399279999963e+02
-9.816301029040000459e-02 2.405912437880000088e-01 -1.477050208200000048e-01 -1.325657411020000040e+02 5.586875076719999811e+01 1.573423459850000086e+02
-1.009588747249999946e-01 2.383082487969999941e-01 -1.462018913860000102e-01 -1.319193225239999947e+02 5.621947046820000082e+01 1.575253605949999951e+02
-9.817709752799999579e-02 2.400261169110000092e-01 -1.483966711099999891e-01 -1.333564974939999956e+02 5.624105116719999842e+01 1.572000290139999947e+02
-1.021597174829999982e-01 2.380559433180000073e-01 -1.499973990229999943e-01 -1.318737955130000046e+02 5.721605154659999926e+01 1.580684091360000139e+02
-1.015807336280000056e-01 2.356573943999999976e-01 -1.460400224379999889e-01 -1.322034445600000083e+02 5.630471545319999649e+01 1.577864558709999869e+02
-1.001510390469999984e-01 2.378235131939999969e-01 -1.463567224139999956e-01 -1.326961727080000060e+02 5.666744845150000032e+01 1.580293145809999942e+02
-1.029834770320000037e-01 2.375808597580000014e-01 -1.443778841310000005e-01 -1.318154616939999926e+02 5.559487099479999728e+01 1.578355361300000084e+02
-1.028451644730000031e-01 2.401061408930000030e-01 -1.429803152259999932e-01 -1.321568762150000111e+02 5.508315000000000339e+01 1.570536768929999880e+02
-1.042727233669999976e-01 2.358740187299999957e-01 -1.471616520840000053e-01 -1.317771727630000100e+02 5.661539535989999905e+01 1.582074901430000011e+02
-1.030141911100000002e-01 2.392777665980000135e-01 -1.476467917579999956e-01 -1.320914574360000131e+02 5.680840204940000149e+01 1.575424927239999988e+02
-1.010295689840000066e-01 2.371205727640000038e-01 -1.468019299199999905e-01 -1.316383964759999969e+02 5.637905095530000210e+01 1.580398068700000067e+02
-1.009874640779999944e-01 2.348068685799999944e-01 -1.432133629429999944e-01 -1.323524085329999878e+02 5.668225057290000279e+01 1.579992528010000115e+02
-1.040044648820000056e-01 2.394419719199999963e-01 -1.432708332260000106e-01 -1.322213211670000135e+02 5.581436221140000242e+01 1.577823296949999872e+02
-1.036659206969999941e-01 2.355771214160000127e-01 -1.438476830169999887e-01 -1.320970190490000107e+02 5.642489597929999690e+01 1.580277147399999933e+02
-1.062512181250000048e-01 2.400593310680000092e-01 -1.442681507930000107e-01 -1.315000698100000136e+02 5.604919089719999903e+01 1.576204489570000078e+02
-1.012608140279999958e-01 2.326067253380000033e-01 -1.476122577729999941e-01 -1.323171119700000133e+02 5.771286420860000277e+01 1.586402273429999923e+02
-1.008785082730000032e-01 2.391377627519999938e-01 -1.475723532200000077e-01 -1.318829482970000129e+02 5.613488063820000207e+01 1.577538318779999997e+02
-1.065109383669999993e-01 2.348641063739999868e-01 -1.422437513560000089e-01 -1.310485625700000014e+02 5.664454745660000157e+01 1.583872360789999902e+02
-1.031710318020000045e-01 2.343777798080000085e-01 -1.409789540960000032e-01 -1.322788023980000105e+02 5.633102384789999917e+01 1.580196162070000128e+02
-9.979268622610000528e-02 2.384672836879999924e-01 -1.441155118299999871e-01 -1.325797169139999880e+02 5.582132924449999933e+01 1.569492108370000096e+02
-1.028559638510000013e-01 2.395365963880000115e-01 -1.439720155329999862e-01 -1.321912297130000127e+02 5.639270316849999887e+01 1.574735178310000094e+02
-1.044502623189999951e-01 2.374019761070000067e-01 -1.446938741459999900e-01 -1.318187771160000068e+02 5.630223430440000243e+01 1.583280631679999999e+02
-1.064608830919999971e-01 2.388417111530000136e-01 -1.431912517009999997e-01 -1.316150825189999978e+02 5.598074443600000194e+01 1.577557014889999891e+02
-9.933602306979999463e-02 2.388396696039999934e-01 -1.443838156330000122e-01 -1.327364724850000073e+02 5.592310752000000207e+01 1.570557151350000140e+02
-9.963054427320000572e-02 2.375684462980000022e-01 -1.475389489939999965e-01 -1.323101513619999992e+02 5.632166886310000109e+01 1.580698732609999979e+02
-1.006193327589999936e-01 2.354884126669999911e-01 -1.451026388370000031e-01 -1.323579067169999917e+02 5.696447164709999811e+01 1.577134322050000037e+02
-1.031457245760000058e-01 2.404537942880000112e-01 -1.436656127410000094e-01 -1.320582053539999947e+02 5.598856442799999655e+01 1.573980996889999915e+02
-1.027926242189999978e-01 2.349465037679999979e-01 -1.412615446940000130e-01 -1.316617852169999878e+02 5.611433335329999750e+01 1.581198030109999877e+02
-1.071925661299999999e-01 2.381891925819999978e-01 -1.432430403409999942e-01 -1.313351672999999948e+02 5.606879050020000221e+01 1.579700318820000007e+02
-1.003572323280000067e-01 2.377759248040000051e-01 -1.469877163180000057e-01 -1.324785101090000126e+02 5.666979177110000165e+01 1.579979287849999992e+02
-1.045754832450000033e-01 2.397318981010000127e-01 -1.472351983519999963e-01 -1.315431343440000092e+02 5.598143633059999758e+01 1.577131421349999982e+02
-9.958225966400000018e-02 2.376530344380000104e-01 -1.460042333780000035e-01 -1.320898886090000133e+02 5.634712382789999907e+01 1.570729260139999894e+02
-1.033888418259999997e-01 2.365589877529999940e-01 -1.394013597790000059e-01 -1.322605284299999937e+02 5.583463798799999722e+01 1.577689954200000102e+02
-1.005168400019999936e-01 2.390992322989999863e-01 -1.454847869539999949e-01 -1.319840102789999889e+02 5.574310679290000081e+01 1.578616094959999998e+02
-9.713421056719999391e-02 2.347233201979999906e-01 -1.410917815369999995e-01 -1.333123577789999956e+02 5.625059497680000220e+01 1.576957120360000033e+02
-9.976287453479999734e-02 2.348130463660000056e-01 -1.479230397219999937e-01 -1.320743108560000110e+02 5.715589439029999852e+01 1.581340545369999973e+02
-1.028258550569999957e-01 2.358596875629999923e-01 -1.448052101960000115e-01 -1.321759748839999986e+02 5.667176253659999929e+01 1.576635453279999979e+02
-9.944766475300000075e-02 2.352053373690000115e-01 -1.470363799499999902e-01 -1.328553429499999936e+02 5.678959044009999957e+01 1.578923888500000032e+02
-1.021919709709999957e-01 2.401274940719999862e-01 -1.477537990299999937e-01 -1.317236170900000047e+02 5.651092372389999952e+01 1.577253119469999945e+02
-9.967789137070000305e-02 2.389374736190000015e-01 -1.458958168070000061e-01 -1.328219879240000125e+02 5.593684836719999964e+01 1.576953684450000139e+02
-1.020924026040000016e-01 2.390295494140000088e-01 -1.464739372609999979e-01 -1.317359320719999971e+02 5.657211301049999719e+01 1.576266356239999880e+02
-1.016208515289999947e-01 2.338628934020000050e-01 -1.376664164289999881e-01 -1.324301310939999894e+02 5.597767833129999815e+01 1.579054961600000127e+02
-1.038674292870000043e-01 2.401870239949999986e-01 -1.452889182160000126e-01 -1.314072855379999964e+02 5.595734745379999708e+01 1.578787591859999964e+02
-1.034912341489999943e-01 2.372165732469999899e-01 -1.436674139330000044e-01 -1.316128201129999979e+02 5.598246274430000113e+01 1.582092720660000111e+02
-1.019736604119999973e-01 2.374804436640000072e-01 -1.476453596339999952e-01 -1.320143333039999902e+02 5.664143788980000238e+01 1.580473529669999948e+02
-1.008779025599999962e-01 2.371022245149999874e-01 -1.474512817629999861e-01 -1.325614867840000102e+02 5.660331190160000148e+01 1.577558191829999998e+02
-1.050555443509999937e-01 2.404819733820000027e-01 -1.486865072820000022e-01 -1.314051372280000010e+02 5.630845946240000188e+01 1.575856448570000055e+02
-1.071880017930000040e-01 2.352385438200000067e-01 -1.397180890830000133e-01 -1.308044085509999945e+02 5.591438825409999680e+01 1.581109487520000130e+02
-9.754733825870000319e-02 2.423493572260000117e-01 -1.482147527350000105e-01 -1.329891317640000068e+02 5.595778170599999868e+01 1.571168334330000107e+02
-1.027686817229999938e-01 2.395538667019999901e-01 -1.495324888490000004e-01 -1.313182819479999921e+02 5.630767878329999832e+01 1.577280493289999868e+02
-1.035452210719999960e-01 2.352742231899999925e-01 -1.438550719739999928e-01 -1.318343001359999960e+02 5.613380157160000294e+01 1.579883507350000116e+02
-1.001614355969999981e-01 2.392598507160000054e-01 -1.442101497059999904e-01 -1.327617072230000019e+02 5.558546309140000119e+01 1.571444758240000112e+02
-1.002313180909999990e-01 2.401742848170000111e-01 -1.436289484290000085e-01 -1.325458466620000024e+02 5.564624339440000256e+01 1.569155306330000030e+02
-1.012706380759999941e-01 2.386375673420000065e-01 -1.449931954189999928e-01 -1.323460647640000047e+02 5.596235247349999753e+01 1.573413199169999928e+02
-1.008545141729999955e-01 2.403588650600000098e-01 -1.452107374799999906e-01 -1.327059074549999877e+02 5.587319452149999677e+01 1.573815166550000129e+02
-1.003837028910000012e-01 2.361393365080000084e-01 -1.461880464389999912e-01 -1.321011550199999931e+02 5.698531584770000080e+01 1.579362619380000012e+02
-1.030804275910000012e-01 2.405835611250000117e-01 -1.440042968789999878e-01 -1.321210120979999942e+02 5.593273772989999770e+01 1.576134442039999897e+02
-1.011426435340000013e-01 2.408829276159999977e-01 -1.420519756209999984e-01 -1.324392293370000004e+02 5.542269426989999914e+01 1.571861844189999999e+02
-1.014583967120000069e-01 2.384647227510000023e-01 -1.457895038860000103e-01 -1.316176878670000008e+02 5.679813101679999932e+01 1.576423263560000123e+02
-1.008387304590000061e-01 2.378738950819999920e-01 -1.436897089539999894e-01 -1.322786898340000050e+02 5.608725318340000143e+01 1.573052851719999978e+02
-1.017771459549999952e-01 2.356682756990000072e-01 -1.447904188589999863e-01 -1.325793943889999866e+02 5.651903441399999650e+01 1.576327809109999976e+02
-1.019586381169999972e-01 2.373928287779999979e-01 -1.426015550779999863e-01 -1.315397159530000124e+02 5.588187297679999688e+01 1.577178901059999987e+02
-1.045591613269999942e-01 2.378444569460000102e-01 -1.418619141699999919e-01 -1.315258014240000080e+02 5.561451469560000049e+01 1.574923287489999950e+02
-1.024599386099999954e-01 2.366738860619999885e-01 -1.515576577689999871e-01 -1.317304587730000094e+02 5.755314183630000002e+01 1.583698202539999897e+02
-1.025491841249999980e-01 2.392129042639999925e-01 -1.356311452910000104e-01 -1.325428073729999880e+02 5.461121735929999943e+01 1.570111138780000033e+02
-1.028355992000000024e-01 2.358969486789999903e-01 -1.431754805849999868e-01 -1.321820092289999877e+02 5.617238509429999738e+01 1.577609129889999906e+02
-1.003685605780000045e-01 2.404945312400000035e-01 -1.438610669610000115e-01 -1.330421201419999875e+02 5.558402993199999997e+01 1.573924762030000011e+02
-1.039606788939999998e-01 2.426200436319999876e-01 -1.456590731219999935e-01 -1.315434717070000090e+02 5.569747921409999947e+01 1.573130244479999931e+02
-1.041590668120000035e-01 2.415606467109999989e-01 -1.446630120609999903e-01 -1.313634338820000096e+02 5.575132523359999936e+01 1.572772079620000056e+02
-1.003355435459999945e-01 2.374415480490000008e-01 -1.463065535080000090e-01 -1.331714964559999999e+02 5.612624631380000295e+01 1.567689208479999934e+02
-1.050078056470000049e-01 2.402625723100000055e-01 -1.449622798499999865e-01 -1.317080910180000046e+02 5.564935244320000152e+01 1.577593536880000045e+02
-1.009718948390000010e-01 2.373945641820000008e-01 -1.447797008429999865e-01 -1.322486429539999904e+02 5.569746286929999712e+01 1.572416316190000032e+02
-9.994003646330000545e-02 2.365150195379999987e-01 -1.427530327050000047e-01 -1.325352657239999985e+02 5.617412651680000124e+01 1.579270628170000066e+02
-1.045060052139999973e-01 2.381220778990000009e-01 -1.403516661810000066e-01 -1.317863051939999934e+02 5.519064084330000242e+01 1.574094650769999930e+02
-1.010223240369999970e-01 2.397483337280000015e-01 -1.449773596839999956e-01 -1.324767765690000090e+02 5.598396550009999828e+01 1.571904889420000018e+02
-1.021692431130000051e-01 2.378887673400000013e-01 -1.410952236449999897e-01 -1.322742103939999936e+02 5.580550678769999706e+01 1.577612855780000132e+02
-1.039089351910000014e-01 2.417374793070000139e-01 -1.481600070549999870e-01 -1.311745165369999881e+02 5.610557873740000190e+01 1.577330243709999991e+02
-1.034324696349999961e-01 2.360572901670000001e-01 -1.410752352219999950e-01 -1.319364547620000110e+02 5.598706558770000186e+01 1.581963217690000079e+02
-1.044168541970000030e-01 2.355436001560000103e-01 -1.453121961509999949e-01 -1.316193310310000015e+02 5.676909227099999811e+01 1.583042742169999997e+02
-1.037074005629999990e-01 2.348989506330000088e-01 -1.427640960890000088e-01 -1.322502074020000009e+02 5.611039640439999943e+01 1.578730017210000085e+02
-9.979923952409999743e-02 2.390443802649999949e-01 -1.461697713089999962e-01 -1.328599236150000138e+02 5.593838088660000096e+01 1.575027420570000061e+02
-1.023141405090000067e-01 2.413456117830000136e-01 -1.445268398170000135e-01 -1.323298376040000051e+02 5.595312924390000120e+01 1.570921240099999920e+02
-9.991545707679999611e-02 2.378358856189999870e-01 -1.454111835959999988e-01 -1.329217456439999978e+02 5.681313463299999711e+01 1.578699614779999933e+02
-1.044490440150000060e-01 2.376738505840000071e-01 -1.447836075820000123e-01 -1.310782208130000015e+02 5.623812632860000349e+01 1.582101851930000009e+02
-1.044252649830000046e-01 2.370381511740000113e-01 -1.424620747969999879e-01 -1.319349752509999973e+02 5.635420069909999796e+01 1.579511050700000112e+02
-1.009078081870000004e-01 2.371900797760000124e-01 -1.400632872939999995e-01 -1.326240835289999893e+02 5.540453434989999693e+01 1.575254369390000022e+02
-9.775996463449999896e-02 2.424892398390000037e-01 -1.512983842170000093e-01 -1.325436794620000001e+02 5.632740475659999646e+01 1.573627262589999987e+02
-1.027305212399999973e-01 2.398425542669999910e-01 -1.435541606690000083e-01 -1.317904319470000019e+02 5.554405091569999797e+01 1.573833896730000106e+02
-1.025370895650000030e-01 2.353559811389999978e-01 -1.425737300490000081e-01 -1.326895356269999979e+02 5.635494233379999685e+01 1.576293710330000124e+02
-1.010083583529999968e-01 2.402286049200000051e-01 -1.471757028239999987e-01 -1.322395534929999883e+02 5.658118729249999745e+01 1.579686681640000074e+02
-9.961439931429999506e-02 2.358535370029999911e-01 -1.383046176720000020e-01 -1.333592289949999952e+02 5.586455272940000327e+01 1.574656842310000116e+02
-9.933518571680000075e-02 2.394074343329999910e-01 -1.500372506269999906e-01 -1.325950756139999953e+02 5.658443004229999929e+01 1.573718887740000127e+02
-1.048432394639999959e-01 2.374702122929999992e-01 -1.377872389429999900e-01 -1.316643904739999869e+02 5.550506485759999720e+01 1.574165666170000009e+02
-9.757573770680000314e-02 2.374812925030000132e-01 -1.478464423589999910e-01 -1.328814784120000070e+02 5.679297865769999731e+01 1.576833782250000127e+02
-1.027499044800000011e-01 2.386010697260000091e-01 -1.416099581820000064e-01 -1.323904251200000033e+02 5.512237466210000036e+01 1.574563022789999991e+02
-1.020958677510000051e-01 2.394499523090000137e-01 -1.466595319600000058e-01 -1.316789477380000051e+02 5.621475121219999949e+01 1.576691276079999966e+02
-1.001431312389999967e-01 2.396429171739999919e-01 -1.482797238749999913e-01 -1.326811312350000094e+02 5.682579381739999747e+01 1.577364968310000108e+02
-9.864881028680000385e-02 2.400383561960000023e-01 -1.412373673100000004e-01 -1.331068640329999937e+02 5.551864082950000068e+01 1.570419920070000046e+02
-1.071958451000000062e-01 2.419451258689999940e-01 -1.492247466880000095e-01 -1.307482898849999913e+02 5.616961061730000182e+01 1.575985196229999872e+02
-1.062034451620000042e-01 2.400350243109999893e-01 -1.386657220660000023e-01 -1.316289198059999990e+02 5.506149856830000289e+01 1.573101890959999878e+02
-9.877077101009999749e-02 2.447060724429999945e-01 -1.422020584089999928e-01 -1.330205280890000097e+02 5.468822273109999799e+01 1.563510795660000099e+02
-9.934331424110000308e-02 2.333490210320000036e-01 -1.488717400210000097e-01 -1.325558457170000111e+02 5.752320545780000316e+01 1.583403692869999873e+02
-1.029204423389999956e-01 2.419022737969999948e-01 -1.445000145160000027e-01 -1.319322691780000127e+02 5.578334228130000128e+01 1.570769350989999964e+02
-1.016366447270000001e-01 2.387546850220000072e-01 -1.417773574679999926e-01 -1.326603832700000112e+02 5.578727979850000196e+01 1.573674731799999904e+02
-1.065028943080000012e-01 2.377279821080000022e-01 -1.454745838890000031e-01 -1.307281689360000030e+02 5.633937414790000275e+01 1.577351530219999916e+02
-1.030185568380000000e-01 2.371226556880000058e-01 -1.444343378459999883e-01 -1.314800317819999975e+02 5.601834744540000344e+01 1.582479725569999971e+02
-1.013556135959999965e-01 2.394183731329999898e-01 -1.448007007279999980e-01 -1.322917258299999901e+02 5.542726616329999700e+01 1.574367663529999959e+02
-9.997752625120000236e-02 2.365389037900000047e-01 -1.397956748760000034e-01 -1.328978142470000137e+02 5.551842276530000220e+01 1.575715835459999994e+02
-1.003052904900000042e-01 2.365686265699999957e-01 -1.426117070269999898e-01 -1.326322147239999936e+02 5.662303421650000246e+01 1.579608631490000050e+02
-1.023351850169999938e-01 2.361840031989999866e-01 -1.417077180999999908e-01 -1.322605156269999895e+02 5.649335473029999832e+01 1.579699326319999955e+02
-1.048593977290000062e-01 2.415484491300000092e-01 -1.452961847189999933e-01 -1.314693892839999876e+02 5.567858336740000169e+01 1.575655952090000085e+02
-1.008336149760000050e-01 2.397181500910000040e-01 -1.465528797969999908e-01 -1.326906125799999927e+02 5.629130586640000189e+01 1.574899909560000140e+02
-1.035762306219999984e-01 2.385785999779999889e-01 -1.421839614929999995e-01 -1.322189752820000024e+02 5.597698266790000332e+01 1.572732315760000006e+02
-1.030048971810000047e-01 2.347914962719999943e-01 -1.422026153819999916e-01 -1.323172352089999890e+02 5.654024146889999969e+01 1.580270462109999983e+02
-9.900217988300000216e-02 2.403408282479999880e-01 -1.516451706789999909e-01 -1.324141571540000086e+02 5.705915294020000061e+01 1.576553014739999981e+02
-9.992671796570000431e-02 2.377749268600000132e-01 -1.432108157499999979e-01 -1.326903225320000104e+02 5.590141703599999801e+01 1.573988621400000056e+02
-1.032778421350000059e-01 2.382348016760000020e-01 -1.426473252109999867e-01 -1.315501473349999912e+02 5.577221676010000095e+01 1.576287812349999911e+02
-1.007912240870000031e-01 2.416548069589999903e-01 -1.444344588719999878e-01 -1.321801753409999947e+02 5.581758206410000156e+01 1.569254604070000028e+02
-9.816233913230000552e-02 2.361670062640000012e-01 -1.395963723460000028e-01 -1.332332753029999992e+02 5.561474683440000177e+01 1.573206548919999932e+02
-1.055673044020000034e-01 2.418122055439999862e-01 -1.469106037369999895e-01 -1.311975886079999896e+02 5.577182641379999950e+01 1.577128954249999992e+02
-1.004658909419999940e-01 2.417447698440000070e-01 -1.485523463879999950e-01 -1.318968922450000036e+02 5.624119243309999661e+01 1.574649166499999922e+02
-1.050398613219999944e-01 2.415883747299999995e-01 -1.432334510230000024e-01 -1.315182860490000110e+02 5.550202602539999930e+01 1.574468218199999967e+02
-1.051018324319999975e-01 2.410330617089999905e-01 -1.410009185920000074e-01 -1.316334916600000042e+02 5.511835751339999945e+01 1.572491242879999902e+02
-1.013183383100000057e-01 2.377897274299999864e-01 -1.435403126819999875e-01 -1.325144470319999925e+02 5.571369540810000132e+01 1.572461493980000000e+02
-1.033733789329999986e-01 2.368693988259999994e-01 -1.462902814089999948e-01 -1.312903947940000080e+02 5.612389618480000308e+01 1.579240640200000030e+02
-1.031264804979999949e-01 2.399202279450000086e-01 -1.477301547500000090e-01 -1.314790239879999945e+02 5.570005990789999828e+01 1.576051015730000131e+02
-1.008291793069999998e-01 2.390702170619999900e-01 -1.471313610489999868e-01 -1.319756961610000019e+02 5.662297595199999733e+01 1.577315751620000128e+02
-1.006008937330000047e-01 2.410049304699999895e-01 -1.429759114370000028e-01 -1.325116368399999942e+02 5.518084724709999733e+01 1.572267010829999947e+02
-1.029239116420000016e-01 2.400890044550000046e-01 -1.414988400209999941e-01 -1.321521314969999992e+02 5.516431109970000080e+01 1.570592318459999888e+02
-9.797613237720000090e-02 2.394026548929999998e-01 -1.480099968589999870e-01 -1.330995208719999994e+02 5.671629206690000302e+01 1.574468401949999929e+02
-1.031701525679999953e-01 2.378071438609999921e-01 -1.414720635429999873e-01 -1.316064531119999970e+02 5.591796757870000079e+01 1.576914549939999972e+02
-1.040548659479999943e-01 2.385788298469999902e-01 -1.437306947789999956e-01 -1.318843928590000019e+02 5.610216859909999698e+01 1.579220746789999907e+02
-1.026551126820000048e-01 2.374008404329999988e-01 -1.461468398230000021e-01 -1.320476522209999928e+02 5.684714823320000221e+01 1.578980669999999975e+02
-1.003305301669999983e-01 2.366100776160000030e-01 -1.517027296590000018e-01 -1.319627821919999917e+02 5.727973378290000284e+01 1.578621320930000138e+02
-1.022885568380000054e-01 2.394389811800000101e-01 -1.451532700039999957e-01 -1.323863850150000019e+02 5.603463006169999971e+01 1.573939021889999879e+02
-9.995487008749999458e-02 2.367146986529999886e-01 -1.422472324899999863e-01 -1.321465092130000016e+02 5.622130998259999757e+01 1.577984085370000003e+02
-1.021124673430000018e-01 2.376209916660000088e-01 -1.464328934420000006e-01 -1.316752411980000090e+02 5.611127457580000311e+01 1.576024389300000053e+02
-1.023734867520000036e-01 2.397534879969999977e-01 -1.455029928290000052e-01 -1.322906627129999890e+02 5.582333654149999802e+01 1.571603342209999994e+02
-9.840543795999999455e-02 2.424820330570000015e-01 -1.463083098079999977e-01 -1.327700158840000029e+02 5.556183974759999700e+01 1.567691680849999898e+02
-1.058948125000000046e-01 2.355159049059999954e-01 -1.416575609819999970e-01 -1.317790838800000017e+02 5.615489286740000097e+01 1.577721105919999900e+02
-1.012201137590000022e-01 2.401218514709999863e-01 -1.485326505119999863e-01 -1.318296221839999873e+02 5.618582146829999857e+01 1.576162044630000025e+02
-1.101791052320000019e-01 2.403156586029999986e-01 -1.417498120229999936e-01 -1.303814011389999905e+02 5.540200689550000135e+01 1.574992026879999969e+02
-1.039496661349999934e-01 2.377562104590000003e-01 -1.407307561749999991e-01 -1.318520861210000135e+02 5.532015960420000056e+01 1.578984208089999868e+02
-9.883457591119999830e-02 2.383747546599999934e-01 -1.427757692959999991e-01 -1.332598120819999963e+02 5.582134359369999999e+01 1.570629450280000015e+02
-1.009574956749999947e-01 2.388520020509999897e-01 -1.469801381999999990e-01 -1.323990607229999910e+02 5.686564002160000086e+01 1.577331340689999877e+02
