0.000000000000000000e+00
0.000000000000000000e+00
-3.958271934349610888e-03
6.764419283777911573e-05
4.930653261565387524e-03
1.038433136508776222e-02
1.623332664100640699e-02
2.243478286823052947e-02
2.878410158504007832e-02
3.509920931445775771e-02
4.137098123400373417e-02
4.445604607970032873e-02
5.032913810455674763e-02
5.608318011966506589e-02
6.074780135916246770e-02
6.539363340805048885e-02
7.027702852902306674e-02
7.461177098815929831e-02
7.837989902724595837e-02
8.163365809014266894e-02
8.443296665096222675e-02
8.678101188580567005e-02
8.855639868170661622e-02
8.959206089680593621e-02
8.984845622314496794e-02
8.875241234986885885e-02
8.770726485023039309e-02
8.608935753414748149e-02
8.413618731102912029e-02
8.216917089986330858e-02
7.999397411601916197e-02
7.906968160272098700e-02
7.913955529019300883e-02
8.022545522020063657e-02
8.147797574125092979e-02
8.267043964363285369e-02
8.322430333205210751e-02
8.420762902256018201e-02
8.513231606767868165e-02
8.591561465606556425e-02
8.633562347705203699e-02
8.624172399250040755e-02
8.554962378904518161e-02
8.420625686957339262e-02
8.183789082367409762e-02
7.951771101334559333e-02
7.681660988638294718e-02
7.454624864817138707e-02
7.199952439745405108e-02
6.995514374658617918e-02
6.832050474104178761e-02
6.681771345704312637e-02
6.505678752291488287e-02
6.275685078117776428e-02
6.079640155437604498e-02
5.889361517695146375e-02
5.687168086925709076e-02
5.463212446430509850e-02
5.217227649340339113e-02
4.928910625865845496e-02
4.597299574120317089e-02
4.250997628828212527e-02
3.928043211510701127e-02
3.659811942467383616e-02
3.448867728920745890e-02
3.288734010762217608e-02
3.167936832285356274e-02
3.084028777264791188e-02
3.043542221650197277e-02
3.000378503846645728e-02
3.027007899796951840e-02
3.098272413908920164e-02
3.180255599473591488e-02
3.276682817801312986e-02
3.343687189083555111e-02
3.442893117731138375e-02
3.528317054063712099e-02
3.607800768208724307e-02
3.699367902747874304e-02
3.807607465993867457e-02
3.957192316233304474e-02
4.101595995742890466e-02
4.269701656493962716e-02
4.442221883175223596e-02
4.708684093729353926e-02
4.947804569084413018e-02
5.132622491825267197e-02
5.266126468781040515e-02
5.313683985019013178e-02
5.339808293021408581e-02
5.349381552915266624e-02
5.317220416308021669e-02
5.269281865387798192e-02
5.236714038597067855e-02
5.223356347343210970e-02
5.246757492763154396e-02
5.316946273284806068e-02
5.442094289969245935e-02
5.613362142182642955e-02
5.814512380522862678e-02
6.020230266651505069e-02
6.226824045090584292e-02
6.424354693881806355e-02
6.607715478024345224e-02
6.747277379802141262e-02
6.902717766799781884e-02
7.016735734115919776e-02
7.133006944423647688e-02
7.217313867860486454e-02
7.280127453463292042e-02
7.316953361958611346e-02
7.350972117429788177e-02
7.353468778153993135e-02
7.362212384940391985e-02
7.346412405783109278e-02
7.292093963402002110e-02
7.250017831467969742e-02
7.177868162696920962e-02
7.111237433937156460e-02
7.036536738649035172e-02
6.941528189218182376e-02
6.840097064411576611e-02
6.722946981652233589e-02
6.584278694574829949e-02
6.415695485774075557e-02
6.208226712231867950e-02
6.009826690405062344e-02
5.715654599027808480e-02
5.450093600417993400e-02
5.162339704795826378e-02
4.858532226572087609e-02
4.569366133746344261e-02
4.340728063357590649e-02
4.213583655048980248e-02
4.204849051991432773e-02
4.292597907855810746e-02
4.438227127540494976e-02
4.620654940343360551e-02
4.780670851537527355e-02
4.882776941172273233e-02
4.952737066699897106e-02
4.957256516444896732e-02
4.943251236340229227e-02
4.929106746878408885e-02
4.892229768893474606e-02
4.828109061217600306e-02
4.733154295249097920e-02
4.614651905096489592e-02
4.471949384610263145e-02
4.275079783812696377e-02
4.060105004354119806e-02
3.801567007040551616e-02
3.548827909237250999e-02
3.340467153742343598e-02
3.205931222852087537e-02
3.175830485536978998e-02
3.261863260797182029e-02
3.433036124953625645e-02
3.667210868830261816e-02
3.906384039244015227e-02
4.119143259689983516e-02
4.315293837705036495e-02
4.476731701765324090e-02
4.596760052099480021e-02
4.672745350383689100e-02
4.731535618856619330e-02
4.786754794455028161e-02
4.846947733308293316e-02
4.884178541859407474e-02
4.904015171695097486e-02
4.925960422768493885e-02
4.997317579423010692e-02
5.053361530121214251e-02
5.150122472577822741e-02
5.266102011987250364e-02
5.383030265187449537e-02
5.505473335545030267e-02
5.602153094418271806e-02
5.670756559051315371e-02
5.729955976773037918e-02
5.804720556116049757e-02
5.866289749679354237e-02
5.932573041778033129e-02
5.999714411268097791e-02
6.096832343191360692e-02
6.172921140794684902e-02
6.197620809099557704e-02
6.213612848523530907e-02
6.201525292988008253e-02
6.134719574781954954e-02
6.025809900051237733e-02
5.885314450761702787e-02
5.720293695025890912e-02
5.549750476297421464e-02
5.405008504684283288e-02
5.305824420073990133e-02
5.248861997547704661e-02
5.234737089867480542e-02
5.269692229984346277e-02
5.349339580403422723e-02
5.453881434786311821e-02
5.568415860281317187e-02
5.686471046760011028e-02
5.801560813601214228e-02
5.920599220609146229e-02
6.008972142073520928e-02
6.067916585029875520e-02
6.094990293036151030e-02
6.040052825042141471e-02
5.986612882473085762e-02
5.905440722727695047e-02
5.800102148854602291e-02
5.684400664802669034e-02
5.586316533770840920e-02
5.523267047734292667e-02
5.478828749163455747e-02
5.439413651264590754e-02
5.394390577234142725e-02
5.361975802654894707e-02
5.314618920264702062e-02
5.235052441796983480e-02
5.126520842806203682e-02
4.994805647246614022e-02
4.828610962333468315e-02
4.613275877388556268e-02
4.395416927797457518e-02
4.146122209434510708e-02
3.877137459931478958e-02
3.615549531570994013e-02
3.333195432903157673e-02
3.060299990892567656e-02
2.853985054744168082e-02
2.750867230268005947e-02
2.745621156804367580e-02
2.804269146830074000e-02
2.905191949967123044e-02
3.050187194499764942e-02
3.233138879792019083e-02
3.441258911921618591e-02
3.694544390426379721e-02
3.948693037852346599e-02
4.188630947586879927e-02
4.403105710121790750e-02
4.574147478584666970e-02
4.701998199105883458e-02
4.789736965474467034e-02
4.842857277314749354e-02
4.867635562165228968e-02
4.861759122484188289e-02
4.836723224556571665e-02
4.792479931414472816e-02
