0.000000000000000000e+00
0.000000000000000000e+00
-6.486970998831520507e-02
-3.250017087172973884e-02
-1.387154135162604884e-02
-5.058716426824538814e-04
9.771836781082843260e-03
1.783561552294421482e-02
2.412024751825869728e-02
2.887555271558595038e-02
3.226322909723045029e-02
3.440021413318472554e-02
3.538064122929940325e-02
3.528833886818216747e-02
3.420492948215136941e-02
3.221535398956532070e-02
2.941081886021801317e-02
2.588591380127280850e-02
2.079417688236451234e-02
6.042765883752743150e-03
-2.778698079442976088e-02
-5.093490685248280858e-02
-5.776507672953301586e-02
-6.563330651109855474e-02
-7.423261871970210368e-02
-8.211061127293883821e-02
-8.774731273268998599e-02
-9.167426966449354619e-02
-9.209821593509903703e-02
-1.033518598327523019e-01
-9.595080703806224687e-02
-1.024999589475531492e-01
-9.438304607003444868e-02
-8.722974220518586730e-02
-8.099575462028529849e-02
-7.566827307009693637e-02
-7.127765819141673731e-02
-6.788784061215435983e-02
-6.556104620447045228e-02
-6.459005585537613836e-02
-6.487100532594747282e-02
-6.636984261135991936e-02
-6.915406830372550218e-02
-8.604238472450420616e-02
-9.112454006196990530e-02
-9.795613018791959892e-02
-1.071759326901979836e-01
-1.209000696589016544e-01
-1.306103448889529561e-01
-1.330932932924260292e-01
-1.337772115541033813e-01
-1.336247155328645908e-01
-1.344949852786564426e-01
-1.364056064086235365e-01
-1.324688835743247362e-01
-1.216479535159993297e-01
-1.113595280861956471e-01
-1.037519351335021156e-01
-9.809301666887393356e-02
-9.386758560515795491e-02
-9.079218953788836810e-02
-8.871708863920590993e-02
-8.759580288634405409e-02
-8.742055630387512988e-02
-8.825511074028313807e-02
-9.020547822791702419e-02
-9.289759478334558285e-02
-9.414660434980948178e-02
-9.252318273251458614e-02
-9.138992816473689995e-02
-9.095894389946945768e-02
-9.114825108730983949e-02
-9.218211862033864890e-02
-9.327428706715146234e-02
-9.521072191732360412e-02
-9.757299399285090935e-02
-1.013864992962375533e-01
-1.061462657109113472e-01
-1.118887833983579494e-01
-1.198834738512926101e-01
-1.298449492932490790e-01
-1.461221533116395799e-01
-1.580467455713976399e-01
-1.720726423814016304e-01
-1.620868517099731676e-01
-1.586241138479617119e-01
-1.484466720461528055e-01
-1.407262570018571468e-01
-1.345644660396422276e-01
-1.298636172277281009e-01
-1.258753686414169071e-01
-1.227265053288173480e-01
-1.206551239784325880e-01
-1.186265556088168527e-01
-1.169804340491729100e-01
-1.157718963510195875e-01
-1.151432290487388599e-01
-1.153080162238324657e-01
-1.156581586802580830e-01
-1.161804435934777890e-01
-1.252143992820493601e-01
-1.262077314616008028e-01
-1.277023584683004698e-01
-1.298473808065629953e-01
-1.328266968077267407e-01
-1.357753105808269245e-01
-1.375566103099534754e-01
-1.408870874494613235e-01
-1.543782708409524584e-01
-1.824907265071514795e-01
-1.791616791108804341e-01
-1.772201162842260702e-01
-1.756985015637989589e-01
-1.744660344568167432e-01
-1.741755997360660002e-01
-1.730738488175953549e-01
-1.723499440838268670e-01
-1.709690556937832895e-01
-1.699886599151995137e-01
-1.694387402718025015e-01
-1.691596468046326907e-01
-1.697558107658037052e-01
-1.700302256071072327e-01
-1.711887167796594111e-01
-1.693099465545839788e-01
-1.679157681952043735e-01
-1.673180027575709161e-01
-1.668815965528248624e-01
-1.662835496304783112e-01
-1.650295061400806063e-01
-1.640915539905545284e-01
-1.634110335166116812e-01
-1.634194700741420370e-01
-1.632911795874509853e-01
-1.633770278134591969e-01
-1.637497614209382224e-01
-1.639896504103638408e-01
-1.639373723413662942e-01
-1.641907301357266036e-01
-1.648110411142673648e-01
-1.652241948384635117e-01
-1.660532078169831838e-01
-1.673022006247472104e-01
-1.684749953809515643e-01
-1.695618082116803205e-01
-1.704415884601137021e-01
-1.709971665968678112e-01
-1.713227223151475576e-01
-1.728713250692948122e-01
-1.703369719111083036e-01
-1.730368959767053516e-01
-1.727078729371542831e-01
-1.725573711169647861e-01
-1.730165025585169714e-01
-1.728734791906846313e-01
-1.717574727266416579e-01
-1.710359895487061355e-01
-1.710725849413612387e-01
-1.744335263089477062e-01
-1.794016510430607170e-01
-1.812587071532613114e-01
-1.838040335251371893e-01
-1.848174275199937489e-01
-1.861509690571423459e-01
-1.883585657354046594e-01
-1.905461724422713443e-01
-1.926496423992981599e-01
-1.934991464035379360e-01
-1.952295968941537563e-01
-1.942349286695698174e-01
-1.944806172671873501e-01
-1.953771917984191697e-01
-1.963554338024420254e-01
-1.971192301924750145e-01
-1.985484598765362430e-01
-1.997676808622775857e-01
-2.009912471807430157e-01
-2.022796428888338216e-01
-2.045278479598344745e-01
-2.080039037460637008e-01
-2.146569941141226456e-01
-2.178127643807853397e-01
-2.132022899717869180e-01
-2.106619624026708770e-01
-2.094236306674106540e-01
-2.066787743849229919e-01
-2.045938403194443866e-01
-2.037586688696948478e-01
-2.023373430979122922e-01
-2.024799500970504429e-01
-2.004496141339255910e-01
-1.996536284148089369e-01
-1.992009157458770607e-01
-1.981177514910408277e-01
-1.976191100187327798e-01
-1.971251225371219995e-01
-1.971994842339078735e-01
-2.003623097497299055e-01
-1.996939780437401168e-01
-1.995929388696768836e-01
-2.001368750514384010e-01
-2.001885666182222634e-01
-2.000825594830127896e-01
-2.000594817295345829e-01
-2.006474757411760290e-01
-2.027321034922402454e-01
-2.025945236081172496e-01
-2.009156788276964534e-01
-1.999850620606516971e-01
-1.995669235377331985e-01
-2.006039501307018691e-01
-2.033695400830165534e-01
-2.033496698620120835e-01
-2.037834850944320042e-01
-2.043850885433861064e-01
-2.052377770122846279e-01
-2.060181166337492487e-01
-2.074793263472469729e-01
-2.077231317485919160e-01
-2.079108210018044689e-01
-2.082469863294285073e-01
-2.088602132019080626e-01
-2.103279941656266416e-01
-2.114084295794730339e-01
-2.133837424274289685e-01
-2.131869079881203444e-01
-2.123902333842115908e-01
-2.106069013275240209e-01
-2.096946576733613732e-01
-2.138041725872208421e-01
-2.132317939212367008e-01
-2.130708036913677716e-01
-2.129845667871845816e-01
-2.127632929524183591e-01
-2.130397969163243532e-01
-2.138903950190760295e-01
-2.143430667937128442e-01
-2.149034929541630001e-01
-2.161404577817389594e-01
-2.171007018963958535e-01
-2.185789821026895563e-01
-2.183212049098214314e-01
-2.186634897378612052e-01
-2.194160815447425694e-01
-2.209041312456540007e-01
-2.228765621353411275e-01
-2.248395264489629897e-01
-2.268592664933567482e-01
-2.288413627874285039e-01
-2.313191220976293927e-01
-2.323313238809019410e-01
