0.000000000000000000e+00
-2.220446049250313081e-16
-5.818166200147967260e-02
-3.192066530236803423e-02
-1.638520181280933574e-02
-5.818502099752320689e-03
1.472039408282999062e-03
6.221816254175616123e-03
8.829898577940253901e-03
9.815663324365342390e-03
7.258663615850258211e-03
-2.079015392538541285e-02
-2.062313429276407817e-02
-1.930321813492974492e-02
-1.796527689503646386e-02
-1.803984120426815885e-02
-1.944351198019456106e-02
-2.214077361698485458e-02
-2.592074981782255261e-02
-2.941558266564126001e-02
-3.192351946310834077e-02
-3.365230068409097441e-02
-3.625422890619234284e-02
-4.029366325952654648e-02
-4.567860971955528537e-02
-5.164053277185087776e-02
-5.700474186722614967e-02
-6.085995272646638199e-02
-6.119248790737874533e-02
-5.696413509916542495e-02
-4.910483770530427172e-02
-4.093141924143217647e-02
-3.403741375640267908e-02
-2.859534365168781012e-02
-2.473690765850367068e-02
-2.252581346391946404e-02
-2.154571503364532958e-02
-2.069029753679707540e-02
-2.807529535007724508e-02
-2.590245058790285881e-02
-2.468760702427141851e-02
-2.506974356013613736e-02
-3.585894005787593208e-02
-3.914381752810791593e-02
-4.410392661332818154e-02
-5.055430744419719957e-02
-5.791847415925177600e-02
-6.636578876557852613e-02
-7.484306538573803902e-02
-8.148589590107069291e-02
-8.340067935879091898e-02
-8.237435000173276567e-02
-8.598759410565148809e-02
-9.001282380032471497e-02
-8.942666061981185965e-02
-8.314157575481151419e-02
-7.659354512235916346e-02
-7.119939805352204498e-02
-6.720889907349036907e-02
-6.487772413540227046e-02
-6.418146638530319859e-02
-6.502589975352546237e-02
-6.684543922881991396e-02
-6.789958005138074792e-02
-6.723726549534181363e-02
-6.502881811463967487e-02
-6.282582409507464494e-02
-6.094682299358344935e-02
-5.937869296275499753e-02
-5.819458356757412076e-02
-5.782116820869831475e-02
-5.844114444544012965e-02
-5.966652807443406648e-02
-6.067535516013866648e-02
-6.150727873683725644e-02
-6.277955090699349761e-02
-6.322075636973556456e-02
-6.447335808892751263e-02
-6.634379713200444506e-02
-7.082947008906159692e-02
-7.905561687231621448e-02
-9.280663821694923321e-02
-9.824286788103520074e-02
-1.161155204211402614e-01
-1.085781447410204548e-01
-1.011010285822744326e-01
-9.353319368382062571e-02
-8.877439924290497775e-02
-8.551139739022428632e-02
-8.332604821697853215e-02
-8.168953730725692086e-02
-8.044189360054920801e-02
-7.874645105307687132e-02
-7.704342168932665214e-02
-7.604381686027428255e-02
-7.609792666373460523e-02
-7.675975695575842916e-02
-7.833313938796948595e-02
-7.970157457960302949e-02
-8.080075652590312796e-02
-8.097597805811196370e-02
-8.075362468916880143e-02
-8.008186847160980726e-02
-7.897749447572843806e-02
-7.757410148652221782e-02
-7.702436125872169637e-02
-7.727610497955950120e-02
-7.805222195405103758e-02
-7.913311734629013827e-02
-8.042363108165995200e-02
-8.161582227169572601e-02
-8.260480712714379781e-02
-8.348761504217205864e-02
-8.462823266145180767e-02
-8.630461190875204913e-02
-8.879261271651373022e-02
-9.154353362047018550e-02
-9.342144749153380445e-02
-9.629236688727427218e-02
-9.883614153169917316e-02
-1.014130315924060000e-01
-1.045567855928858370e-01
-1.086022778801098987e-01
-1.119025322572725356e-01
-1.178816305004442011e-01
-1.214570974504136647e-01
-1.199158284545962516e-01
-1.152201369662003705e-01
-1.108130019856712334e-01
-1.076244387927035584e-01
-1.053074468293772048e-01
-1.023852685093127324e-01
-1.008197346731369848e-01
-1.002984946140793587e-01
-1.005620734036959396e-01
-1.009835103842430248e-01
-1.016574312343432318e-01
-1.021545726280796984e-01
-1.036035621162878506e-01
-1.067835607900893269e-01
-1.066916280185151722e-01
-1.071401071202497945e-01
-1.066479413395157172e-01
-1.062529898900130831e-01
-1.048628722585035478e-01
-1.033917430185750108e-01
-1.024884383361558404e-01
-1.011508317235673138e-01
-9.976975229946738466e-02
-9.883461578281416138e-02
-9.803849759478944215e-02
-9.780448894034421414e-02
-9.808711867876862556e-02
-9.751258947386576281e-02
-9.744397553047445815e-02
-9.771925525837443782e-02
-9.804630664525448847e-02
-9.700018494625750609e-02
-9.663625143550114149e-02
-9.729136118599979177e-02
-9.819342440650313808e-02
-9.992341781359070918e-02
-1.008110729210899281e-01
-1.009302507125661164e-01
-1.000858777070778860e-01
-9.981695521361799717e-02
-1.014758285611828681e-01
-1.023371744938228467e-01
-9.937909311277171032e-02
-9.836469560657423727e-02
-9.822100587292759144e-02
-9.866890182889642702e-02
-9.981112732275887467e-02
-1.011440099802984882e-01
-1.022667296546685423e-01
-1.037880794078136493e-01
-1.059427422729369850e-01
-1.089417440702836748e-01
-1.129914479782704317e-01
-1.189416417626957267e-01
-1.188090752473119904e-01
-1.202193540010570993e-01
-1.219767776778546420e-01
-1.238214509691529797e-01
-1.253946039408796453e-01
-1.253566983440770333e-01
-1.241392278427360107e-01
-1.221140318991215112e-01
-1.205618191374687731e-01
-1.191576444237685273e-01
-1.181345803774844772e-01
-1.171314491598672847e-01
-1.163233323030908872e-01
-1.156878517672145223e-01
-1.146657897848639696e-01
-1.140261165986413694e-01
-1.138582207540038693e-01
-1.141804324575148577e-01
-1.146439959219655025e-01
-1.155058010869262075e-01
-1.196064851321129163e-01
-1.200240185171108642e-01
-1.200884617748101402e-01
-1.204851257491383887e-01
-1.213043501547690362e-01
-1.222448627456135251e-01
-1.235310025222452479e-01
-1.252425870089357574e-01
-1.269553785671381219e-01
-1.278522987616543816e-01
-1.281443487172614359e-01
-1.277088579868603802e-01
-1.264707776927034288e-01
-1.250023433166679299e-01
-1.241615876767222515e-01
-1.236486959527299812e-01
-1.233619255456305241e-01
-1.234066762336109013e-01
-1.230795804427270435e-01
-1.208027181212196766e-01
-1.197295362043124811e-01
-1.192910331053271822e-01
-1.181771969527941613e-01
-1.173980150292187608e-01
-1.169373065307324211e-01
-1.169894468642146412e-01
-1.172471743433922686e-01
-1.176780892211755081e-01
-1.182565711252009377e-01
-1.191578822818182282e-01
-1.207983650449302448e-01
-1.220988087404805134e-01
-1.227218123264279814e-01
-1.238176045832600769e-01
-1.255425802810657965e-01
-1.273945653865178329e-01
-1.289712737498224238e-01
-1.295838614985770354e-01
-1.300770503092502084e-01
-1.299653588599331000e-01
-1.301648286659675691e-01
-1.306754767956638252e-01
-1.317144351055239415e-01
-1.329930686193140366e-01
-1.351135925175431796e-01
-1.384870277241545544e-01
-1.383216513605755038e-01
-1.354111821538368510e-01
-1.333581274209127976e-01
-1.314680520073283621e-01
-1.299083586044612604e-01
