0.000000000000000000e+00
0.000000000000000000e+00
-5.509447219311680577e-03
5.671132594849748187e-03
1.573081680773835700e-02
2.491874091118018164e-02
3.269928372544006479e-02
3.923278708657429448e-02
4.474988793055789671e-02
4.942677753692281684e-02
5.338656158932986173e-02
5.671290058574030013e-02
5.946076767022678844e-02
6.166414502539963038e-02
6.334251406582436239e-02
6.451033704614927977e-02
6.520001088642390918e-02
6.552301982130348534e-02
6.578063154980995364e-02
6.644349306740027217e-02
6.779383429196395028e-02
6.966431881012269400e-02
7.160008924082861270e-02
7.324777601458531961e-02
7.446030121328384155e-02
7.519793486699577478e-02
7.545471064350839363e-02
7.522890232399204180e-02
7.451328254437949994e-02
7.329459047934894222e-02
7.156852637325994415e-02
6.939556755286391265e-02
6.696841965602939872e-02
6.448210467626913633e-02
6.198602991308299615e-02
5.941581304263121588e-02
5.682851734521010556e-02
5.439269105081789846e-02
5.215780694240246262e-02
4.994612076122928457e-02
4.794457638249527420e-02
4.863655427484303573e-02
5.185082782205507890e-02
5.648997823039314525e-02
6.031733419127505158e-02
6.322623547408134925e-02
6.536429088081741057e-02
6.684036343877064468e-02
6.771829749128732701e-02
6.802962002751344883e-02
6.778447936441334143e-02
6.698448133069012655e-02
6.563465194144058046e-02
6.363564867399218450e-02
6.274007671736914205e-02
6.221903411461071620e-02
6.114092116535330135e-02
5.999633046398233915e-02
5.909669637121583996e-02
5.910968401749627787e-02
6.003895936334768813e-02
6.162395191860459143e-02
6.324013287450624965e-02
6.454077733086194257e-02
6.537895542834704088e-02
6.568087815236300919e-02
6.541889058956518177e-02
6.458662844918006130e-02
6.321012669748138357e-02
6.136952366849568463e-02
5.923103469037305224e-02
5.703879271806977513e-02
5.502028791609769875e-02
5.326497659461271184e-02
5.170765326707615905e-02
5.022681462772049521e-02
4.874170730406279795e-02
4.718869228772315516e-02
4.540919768867746065e-02
4.295828801643364336e-02
3.856832551774647122e-02
3.578865485206095265e-02
3.303180191890775497e-02
3.874134380407934231e-02
4.319734191665469680e-02
4.598478006514250538e-02
4.778546772171332613e-02
4.896411282303048118e-02
4.982921712355836696e-02
5.067902482747088655e-02
5.171962282983266768e-02
5.296130199689152995e-02
5.424430376395639186e-02
5.535935696047644683e-02
5.610226063165590915e-02
5.612394933632502969e-02
5.628522319470463664e-02
5.689274233054586460e-02
5.674059269010878204e-02
5.604134706450070169e-02
5.471916664809040043e-02
5.254609289754164081e-02
5.294988876566253388e-02
5.431179969915822525e-02
5.583997505535753803e-02
5.659668012509277979e-02
5.693823519857543758e-02
5.708323860246733439e-02
5.709230840553192188e-02
5.691692080769983342e-02
5.644436138755226651e-02
5.573044153078754448e-02
5.475556103136858255e-02
5.333498279519477414e-02
5.174892964257704620e-02
5.038238261876637480e-02
4.881548288022874438e-02
4.754633364427607312e-02
4.633955293097113959e-02
4.557860695006676899e-02
4.525645500551500611e-02
4.531815640492786734e-02
4.578065491685223698e-02
4.710714119932934985e-02
4.852020635972786877e-02
5.000232603421372879e-02
5.137217731556131817e-02
5.258427307273527695e-02
5.353536038404249631e-02
5.456828880063469001e-02
5.500143933660694984e-02
5.557768884527947151e-02
5.558512790330039088e-02
5.556580644421615922e-02
5.483809831783426070e-02
5.363553708291179944e-02
5.195620806214251708e-02
5.013116037098663824e-02
4.809561881840229702e-02
4.629615302302747537e-02
4.552379700813702357e-02
4.524909881721783655e-02
4.640230433484493489e-02
4.795434708720769379e-02
4.963481899283217480e-02
5.104984045193261544e-02
5.225096666463491246e-02
5.347394644082736903e-02
5.448833882191905786e-02
5.526205988926191637e-02
5.596331056577397156e-02
5.643188248521413541e-02
5.676064323466700756e-02
5.703348679553710276e-02
5.740730829670059876e-02
5.760936118260695515e-02
5.775223663121642481e-02
5.782617944899115514e-02
5.796629781658024783e-02
5.827510991887252523e-02
5.895628798604213294e-02
5.975412617128217363e-02
6.069492261879294581e-02
6.170928339087078385e-02
6.254028984595549900e-02
6.306163710536405453e-02
6.326588261724674922e-02
6.303744155220458723e-02
6.259136046604885095e-02
6.173762831392815009e-02
6.081237336655154202e-02
5.975004004321449180e-02
5.862642670797657551e-02
5.730913256441816372e-02
5.576450636808050199e-02
5.406532920506146311e-02
5.266201009163551383e-02
5.166236291724324303e-02
5.123651621730185290e-02
5.123000189059512266e-02
5.153129171462045299e-02
5.195880729509738671e-02
5.247326849031175300e-02
5.294638372311077923e-02
5.336975798414567151e-02
5.373417513036482518e-02
5.394477382247853114e-02
5.370819117332503723e-02
5.311448835062759777e-02
5.232396445320786071e-02
5.140744032775934613e-02
5.050388739551947559e-02
4.935031342804041543e-02
4.839013802435809808e-02
4.767575699581017012e-02
4.700515172351860116e-02
4.636406167074635931e-02
4.560492251097558736e-02
4.482732713504855582e-02
4.386405330087117527e-02
4.265218819149163565e-02
4.112318323120911501e-02
3.917558420953981546e-02
3.747114070289292442e-02
3.677849231467966717e-02
3.786571314768227836e-02
3.844168332120734277e-02
3.853437760361222431e-02
3.830439955159370413e-02
3.773614030399263797e-02
3.722333740726146978e-02
3.725996496282268922e-02
3.815280381909680329e-02
3.961405627840308696e-02
4.114626072361415865e-02
4.238384999512434526e-02
4.355239274979449959e-02
4.458529604828886939e-02
4.549390973082023670e-02
4.621633376059830489e-02
4.665846551837415923e-02
4.712251385477861376e-02
4.764925860250679435e-02
4.781511604953081473e-02
4.768070670698465463e-02
4.746890292025685021e-02
4.703070063338254947e-02
4.651950030206219999e-02
4.571624971738552645e-02
4.551480880262381845e-02
4.628349467480141755e-02
4.724864572773213034e-02
4.817398992407406766e-02
4.904901498848057706e-02
4.982146886712279787e-02
5.058667807219907608e-02
5.159091005532423502e-02
5.272098832137683821e-02
5.382700968951326104e-02
5.477195414099567117e-02
5.558645887482649428e-02
5.637453736417952221e-02
5.705456672364506154e-02
5.790621449356359030e-02
5.840459135275644087e-02
5.935348624461056488e-02
6.013732598664889295e-02
6.105480939388185924e-02
6.184721919589208916e-02
6.256452906182086160e-02
6.298132101740683275e-02
6.330490836212376848e-02
6.335026534613708016e-02
6.323698409963607325e-02
6.297538992963969129e-02
6.254572616944620300e-02
6.199600146045525229e-02
6.131061755053890394e-02
6.049791697370632271e-02
5.959362921429778304e-02
5.846842418213960002e-02
5.728033897736950486e-02
5.606279938956237885e-02
5.508510058043825097e-02
5.418659276800052993e-02
5.315001841998290288e-02
5.275020839321054034e-02
5.247349481346486044e-02
5.144009392952453297e-02
5.013902769644307256e-02
4.998992888067599338e-02
4.965419704307372228e-02
4.922919658285884736e-02
4.848707569481325308e-02
4.751968046556376279e-02
4.643299136415945938e-02
4.499087752708463839e-02
4.421434849720040638e-02
4.255921605457668733e-02
4.264904114939715996e-02
4.232591286330111835e-02
4.177207143815220292e-02
4.110310877525491513e-02
4.004532445715369704e-02
3.872996788202232032e-02
3.695904965686391819e-02
3.565918410573476471e-02
3.558317576038372287e-02
3.689996182869759167e-02
3.852326626309565683e-02
3.951647920092327126e-02
3.999096478561980916e-02
4.007602179482994131e-02
4.006075756535110166e-02
4.005541234253007232e-02
3.979761752859389823e-02
3.933960047408491256e-02
3.888244860327061403e-02
3.816362907534087689e-02
3.724319436043677101e-02
3.600268895567571015e-02
3.495538331946135280e-02
3.310205520513509470e-02
3.606586329594163587e-02
3.695908924235147275e-02
3.919736268435314308e-02
4.050571529285118544e-02
4.217647760778553412e-02
4.355798552664036372e-02
4.518837397576014325e-02
4.673428987973693438e-02
4.833122794431399250e-02
4.983268387742922911e-02
5.118185084141702035e-02
5.230673996126977698e-02
5.325798538797976711e-02
5.398744033296587475e-02
5.460474260240277822e-02
5.508636020171997494e-02
5.559387298694296042e-02
5.598079891326168678e-02
5.637449512596459655e-02
5.678518711817992504e-02
5.704517565106770327e-02
5.724044745218637154e-02
5.725736577641704628e-02
5.719441242954292903e-02
5.695153892737292445e-02
5.654668139599849930e-02
5.585694819575270920e-02
5.533193755869136865e-02
5.437813030660465508e-02
5.452074280902485803e-02
5.474415318439396216e-02
5.467710841600381677e-02
5.425600849167810935e-02
5.352641567748306350e-02
5.268711734017794690e-02
5.190363458892188753e-02
5.097400587992906296e-02
5.100846263257219348e-02
5.070355348821409258e-02
5.020275572724797186e-02
4.962311754339299164e-02
4.907912492147303851e-02
4.824940702816649107e-02
4.755478513167998855e-02
4.682211924190871066e-02
4.611308829300808654e-02
4.550438008449075866e-02
4.531115561239418277e-02
4.521838928860066886e-02
4.548813987576161288e-02
4.548812895081977281e-02
4.550537530840736977e-02
4.528434303452710807e-02
4.484659163549098437e-02
4.431807416859134818e-02
4.387088587844956145e-02
4.318230155387747793e-02
4.213471665967172264e-02
4.059337043849486903e-02
3.937676009866675209e-02
3.953268736676252004e-02
4.090737605086780526e-02
4.279623298130075248e-02
4.430772995017195903e-02
4.541954131565506536e-02
4.634475729334486260e-02
4.691522149071070125e-02
4.746514564407289249e-02
4.778722449449257503e-02
4.794193798155710340e-02
4.803033658218902602e-02
4.769627693077138630e-02
4.764152165591961641e-02
4.746982845143543628e-02
4.696729601404858734e-02
4.623416458871010271e-02
4.529053097136914730e-02
4.448071546103915530e-02
4.393275377240590807e-02
4.372162284067071525e-02
4.333952806012120185e-02
4.267254521776853160e-02
4.223437586288336654e-02
4.172219237879271070e-02
4.098864155116865859e-02
4.173054908773377036e-02
4.181934284287502912e-02
4.139460166123032359e-02
4.046725858031119394e-02
4.107633686551781516e-02
4.049017238870988855e-02
4.267757490587231750e-02
4.421088188352384485e-02
4.525845690170093860e-02
4.610447514352555842e-02
4.661199844457009078e-02
4.722579228474166335e-02
4.759841667224429251e-02
4.771938992237645394e-02
4.770664999381302174e-02
4.754769314504647681e-02
4.725711425038259250e-02
4.661069192871791778e-02
4.663492193095031269e-02
4.613533171260120191e-02
4.659464219884301706e-02
4.649469566790398467e-02
4.605160154725096433e-02
4.626159166303689396e-02
4.616645207552627639e-02
4.593234497743492462e-02
4.558145556322945602e-02
4.520917910873367696e-02
4.472654362692174423e-02
4.412639219913305766e-02
4.332422905535904256e-02
4.284015441310984329e-02
4.254049506499524291e-02
4.237656465861383559e-02
4.213767012955660363e-02
4.203219218441778260e-02
4.195149935034447886e-02
4.214645500490332708e-02
4.179253536843385852e-02
4.215764066488425499e-02
4.236320551339134433e-02
4.234570663959136283e-02
4.210939883571906961e-02
4.162067342825470639e-02
4.086217443211537237e-02
3.990745051690658407e-02
3.883727948152082554e-02
3.791252339463446752e-02
3.736301126617691537e-02
3.702710329962211055e-02
3.728603421250209493e-02
3.829948821515927193e-02
3.974540700846418417e-02
4.151123790968380689e-02
4.312603062891517958e-02
4.463960865702931713e-02
4.595102197838829561e-02
4.711366634036262546e-02
4.825974276802225127e-02
4.924575116893281646e-02
4.996435737425075629e-02
5.049896437747714018e-02
5.085394624778483141e-02
5.097725153730037206e-02
5.098649246151021330e-02
5.077921962644360576e-02
5.034859851933637387e-02
4.993647489495534053e-02
4.977298505323779487e-02
4.954691401776267767e-02
4.911465325674790883e-02
4.860326675254422746e-02
4.794499805776553103e-02
4.723518001956916734e-02
4.644403636136673619e-02
4.532345857108466269e-02
4.484408907138992539e-02
4.500115993425213290e-02
4.509884998626723096e-02
4.540754449804218496e-02
4.583254687606586053e-02
4.621107634677845688e-02
4.658523791291258043e-02
4.683100821622665499e-02
4.694251215498246310e-02
4.697620152704251595e-02
4.678547864947835144e-02
4.659573932343707980e-02
4.630614888954642794e-02
4.602270001889663398e-02
4.535615457583119792e-02
4.454770710000599543e-02
4.420569370390547981e-02
4.373543472280294608e-02
4.297833027951947216e-02
4.201218881188251153e-02
4.080465546648626152e-02
3.940681005635071621e-02
3.760462933111496930e-02
3.589593273049040967e-02
3.500922279418849925e-02
3.380472268554490789e-02
3.222357436008005394e-02
3.134624844833355795e-02
3.171089411957517257e-02
3.160035791400739313e-02
3.174662489478374816e-02
3.209190768370717706e-02
3.238721667420807471e-02
3.264646808241011833e-02
3.287289918386826493e-02
3.303880285093607760e-02
3.323837719055755535e-02
