-6.335578392139999682e-02 -1.597485955029999960e-01 -3.964048596290000170e-01 1.504588567209999894e+02 -2.107205041799999989e+01 -8.337868220320000034e+01
-7.536160095470000042e-02 -1.576793093999999951e-01 -3.948992157219999855e-01 1.503473653019999858e+02 -2.143367877620000073e+01 -8.461290222060000588e+01
-7.253926313029999962e-02 -1.629320362939999933e-01 -3.974988515310000081e-01 1.499936531259999981e+02 -1.974366514200000111e+01 -8.238146024159999570e+01
-1.022288278840000064e-01 -1.591021042630000049e-01 -3.860135055159999995e-01 1.494452703149999877e+02 -2.226217933350000067e+01 -9.169557934910000085e+01
-7.846889626500000436e-02 -1.615355943679999962e-01 -3.952431712719999823e-01 1.499850792679999927e+02 -2.060823556740000129e+01 -8.493879256910000208e+01
-9.101762866689999676e-02 -1.636795690829999927e-01 -3.946916273430000066e-01 1.497623297089999994e+02 -2.038895794389999949e+01 -8.471312692809999589e+01
-7.596754057839999463e-02 -1.597901876460000037e-01 -3.928232474059999979e-01 1.502868617940000036e+02 -2.137996026640000125e+01 -8.608681728899999541e+01
-8.225100776650000334e-02 -1.650355877859999987e-01 -3.961773629440000222e-01 1.499076681939999958e+02 -1.971775388169999843e+01 -8.329562914310000110e+01
-8.484170350750000478e-02 -1.608403514479999907e-01 -3.900723481019999772e-01 1.499971167960000002e+02 -2.100675369789999891e+01 -8.863297196560000657e+01
-7.990649610809999470e-02 -1.606788033919999970e-01 -3.948570371390000000e-01 1.500451672050000127e+02 -2.090144725169999873e+01 -8.489458958929999710e+01
-7.701018901749999424e-02 -1.566204084649999995e-01 -3.959997266240000147e-01 1.503156339969999920e+02 -2.179958583619999857e+01 -8.367315061029999868e+01
-8.562935267629999403e-02 -1.674015175609999961e-01 -3.939086009159999957e-01 1.496992065910000065e+02 -1.946771130859999843e+01 -8.525372575289999588e+01
-8.744122850709999673e-02 -1.558383819710000007e-01 -3.900765598029999892e-01 1.500061265520000120e+02 -2.237428400059999944e+01 -8.908819135890000496e+01
-6.916428203959999743e-02 -1.644107104260000007e-01 -3.935394301799999828e-01 1.503639917330000060e+02 -2.018537588170000063e+01 -8.514501989810000282e+01
-6.694162341590000065e-02 -1.582246701249999943e-01 -3.944968525429999873e-01 1.502601245269999879e+02 -2.120680981199999948e+01 -8.538851161389999334e+01
-6.409254491309999968e-02 -1.596307957339999917e-01 -3.969896195800000083e-01 1.506338985470000011e+02 -2.043100846300000129e+01 -8.253181128539999634e+01
-9.746555826199999883e-02 -1.660237027869999882e-01 -3.878070673740000029e-01 1.493480302240000128e+02 -2.081787101209999946e+01 -9.008235566969999297e+01
-9.394461299419999689e-02 -1.644926038710000094e-01 -3.922908066449999898e-01 1.495832554780000123e+02 -2.080032595300000153e+01 -8.660656774310000117e+01
-8.581171976420000347e-02 -1.644496997669999960e-01 -3.926725679899999988e-01 1.498945153509999955e+02 -2.052534215420000052e+01 -8.612930659970000136e+01
-7.834428736840000351e-02 -1.598297984319999865e-01 -3.938389636919999992e-01 1.501240549089999945e+02 -2.130810217419999830e+01 -8.583188696169999332e+01
-9.061860675720000147e-02 -1.611507516110000093e-01 -3.921700255550000236e-01 1.498332037160000141e+02 -2.166199181969999898e+01 -8.695355796360000511e+01
-8.182954341539999676e-02 -1.585133645189999996e-01 -3.918684976290000010e-01 1.501344864079999866e+02 -2.169796049179999997e+01 -8.731807750549999980e+01
-8.573846508700000424e-02 -1.606379688800000094e-01 -3.938256163680000088e-01 1.498851622889999931e+02 -2.140614071239999916e+01 -8.547119710040000484e+01
-7.698124286809999994e-02 -1.589405819199999903e-01 -3.938723703559999789e-01 1.504914957500000128e+02 -2.185222237709999860e+01 -8.487072516039999925e+01
-7.588672088299999730e-02 -1.613221696090000046e-01 -3.985099224479999869e-01 1.501337780220000013e+02 -2.060005857029999987e+01 -8.151733674359999782e+01
-8.224473576450000434e-02 -1.594381406929999967e-01 -3.916883540960000021e-01 1.502083081890000074e+02 -2.148528543089999943e+01 -8.684024344300000564e+01
-8.543746857719999865e-02 -1.613329442339999920e-01 -3.916116840000000154e-01 1.498293610110000031e+02 -2.115242745409999969e+01 -8.787693633409999450e+01
-9.404192493580000589e-02 -1.621370794180000130e-01 -3.922071179550000175e-01 1.497564057220000109e+02 -2.128226125329999974e+01 -8.659418968110000492e+01
-7.588473351699999425e-02 -1.623050408599999994e-01 -3.964141911660000184e-01 1.499308816440000101e+02 -2.022841738820000046e+01 -8.366646911089999605e+01
-9.170327113590000245e-02 -1.548499559310000107e-01 -3.903645150610000059e-01 1.499390124589999971e+02 -2.292449096420000032e+01 -8.847941982929999938e+01
-4.021533298649999921e-02 -1.629159937859999963e-01 -4.050368133739999932e-01 1.507545829739999874e+02 -1.874261422020000012e+01 -7.470096775390000232e+01
-7.541696222469999877e-02 -1.635836048609999871e-01 -3.941113495179999759e-01 1.499980861020000020e+02 -2.041859541030000003e+01 -8.545943844629999830e+01
-8.053466028080000227e-02 -1.627118907129999903e-01 -3.952200786369999830e-01 1.500761477510000077e+02 -2.086705310969999871e+01 -8.410931231649999518e+01
-7.642510831889999523e-02 -1.591590318240000135e-01 -3.943976230289999996e-01 1.500371549070000015e+02 -2.122281197519999907e+01 -8.553261368409999932e+01
-8.099926400290000106e-02 -1.600821890530000069e-01 -3.926998391559999857e-01 1.502034467290000066e+02 -2.132485530059999945e+01 -8.600698820540000611e+01
-7.420906938719999679e-02 -1.593159597009999873e-01 -3.949210556350000179e-01 1.501703326170000139e+02 -2.124761337309999831e+01 -8.454343537340000125e+01
-9.099861706129999672e-02 -1.614552498290000027e-01 -3.928346250559999753e-01 1.497277453600000001e+02 -2.089310470219999871e+01 -8.661017206680000413e+01
-8.639443564830000255e-02 -1.604465869249999954e-01 -3.915652715910000192e-01 1.501655835009999862e+02 -2.184240289139999902e+01 -8.706609732690000669e+01
-8.745167206970000384e-02 -1.607072047969999862e-01 -3.915504761160000236e-01 1.498769899689999932e+02 -2.128130785240000122e+01 -8.765895810840000024e+01
-6.256495348889999641e-02 -1.623185862390000012e-01 -4.005429714939999775e-01 1.502139627509999968e+02 -1.949335360499999936e+01 -7.983208760780000546e+01
-7.292221920890000486e-02 -1.585301330449999935e-01 -3.942488050649999853e-01 1.505390252550000127e+02 -2.155747724089999906e+01 -8.458363265500000239e+01
-7.451915491570000605e-02 -1.619800252999999968e-01 -3.980566694489999779e-01 1.500808682880000049e+02 -2.045748104369999965e+01 -8.182989438539999583e+01
-8.284030071749999558e-02 -1.618880374020000013e-01 -3.982486178069999938e-01 1.500354516909999916e+02 -2.072633974789999911e+01 -8.157005467400000498e+01
-7.928958461910000366e-02 -1.586546450280000020e-01 -3.901829790510000229e-01 1.501148376490000089e+02 -2.122434799990000087e+01 -8.862412225859999637e+01
-8.778129581549999616e-02 -1.613572262949999891e-01 -3.921196848669999957e-01 1.496236658489999911e+02 -2.083945333619999829e+01 -8.748363322580000556e+01
-8.216581121869999393e-02 -1.639868435179999973e-01 -3.932949238669999903e-01 1.500272209370000098e+02 -2.064674984539999869e+01 -8.552428339569999594e+01
-9.101281886560000367e-02 -1.595371291999999885e-01 -3.907730741070000180e-01 1.496550562760000105e+02 -2.138951917500000022e+01 -8.862386997129999600e+01
-8.046918421700000046e-02 -1.584743391450000038e-01 -3.900437770269999938e-01 1.501294511000000114e+02 -2.164821410280000080e+01 -8.905540962919999970e+01
-8.286475972430000503e-02 -1.635512322450000111e-01 -3.956612277980000036e-01 1.501058500560000084e+02 -2.077690572450000062e+01 -8.342419947749999665e+01
-8.346440146660000226e-02 -1.626197699970000077e-01 -3.940546809709999931e-01 1.497057627469999943e+02 -2.065431592559999885e+01 -8.588548966039999755e+01
-5.281265672450000115e-02 -1.638871601609999951e-01 -4.009310238079999977e-01 1.504617699640000126e+02 -1.914540089020000124e+01 -7.920886023299999579e+01
-7.820793139840000185e-02 -1.653174663710000047e-01 -3.966066893249999836e-01 1.497297057620000089e+02 -1.953276456000000039e+01 -8.347939857139999731e+01
-7.059508783300000312e-02 -1.584645546360000101e-01 -3.947154692290000266e-01 1.504551999930000079e+02 -2.121361248559999879e+01 -8.431226251079999656e+01
-7.160536519370000463e-02 -1.592463579629999904e-01 -3.950787855860000142e-01 1.502539408529999889e+02 -2.086293129279999903e+01 -8.457978484049999679e+01
-7.330439804959999750e-02 -1.611193269629999925e-01 -3.970143347499999753e-01 1.502686147119999873e+02 -2.037780617809999839e+01 -8.235970376020000572e+01
-6.874710684750000300e-02 -1.598107112899999904e-01 -3.970122743469999826e-01 1.504197840969999902e+02 -2.112066362819999910e+01 -8.228468194379999545e+01
-1.002940415200000018e-01 -1.658677131680000028e-01 -3.890222348310000133e-01 1.492933410539999954e+02 -2.088675861810000001e+01 -8.921153662019999331e+01
-7.676117665709999982e-02 -1.590294036309999881e-01 -3.940249378049999751e-01 1.500234459920000063e+02 -2.124231945629999885e+01 -8.590319554090000054e+01
-7.619149267880000187e-02 -1.611981230079999883e-01 -3.966680018700000088e-01 1.499958969280000076e+02 -2.069342737339999871e+01 -8.381909964090000642e+01
-7.860374874980000093e-02 -1.605969482719999952e-01 -3.936243718140000070e-01 1.501749037659999999e+02 -2.133771794120000109e+01 -8.562188494180000475e+01
-6.968536778009999655e-02 -1.599549285069999938e-01 -3.979386220269999774e-01 1.504429172680000022e+02 -2.059083267189999944e+01 -8.190276401180000221e+01
-9.581800383020000478e-02 -1.540478084230000044e-01 -3.909382166090000221e-01 1.497592718699999921e+02 -2.286245707329999988e+01 -8.829660396549999746e+01
-7.845341061520000325e-02 -1.609421018670000036e-01 -3.951510255089999979e-01 1.500441712639999992e+02 -2.076116678769999879e+01 -8.489887750660000165e+01
-7.349696642019999671e-02 -1.615540287739999914e-01 -3.945542356050000254e-01 1.501051592850000134e+02 -2.032751642410000059e+01 -8.511160627280000313e+01
-7.013888924859999763e-02 -1.627655104490000060e-01 -3.970304526399999756e-01 1.500647919030000139e+02 -1.980626001390000113e+01 -8.329640051539999490e+01
-8.237714162829999631e-02 -1.667400758170000108e-01 -3.941132878579999832e-01 1.498652386169999886e+02 -1.952466562369999892e+01 -8.509991870550000215e+01
-8.617756710469999526e-02 -1.589823912979999865e-01 -3.893884993649999737e-01 1.500110907689999920e+02 -2.153975566300000111e+01 -8.929005693579999559e+01
-7.658219941360000504e-02 -1.630587323459999904e-01 -3.972654141220000046e-01 1.501074848229999930e+02 -2.020963725600000060e+01 -8.241046879900000022e+01
-8.765903051819999570e-02 -1.645250894280000098e-01 -3.929563125380000077e-01 1.498525640889999977e+02 -2.080535497940000056e+01 -8.578880924579999601e+01
-7.061144719539999559e-02 -1.614837021639999870e-01 -3.938449828989999957e-01 1.502838212999999996e+02 -2.073992570709999939e+01 -8.547306664859999614e+01
-6.887761044500000096e-02 -1.607841830199999988e-01 -3.948301534170000071e-01 1.503195594370000094e+02 -2.039843409859999923e+01 -8.463131017310000459e+01
-8.134258032600000243e-02 -1.600313464070000080e-01 -3.930344733109999988e-01 1.498336052250000137e+02 -2.073680836389999982e+01 -8.716142798520000667e+01
-8.756278471049999679e-02 -1.574120300090000035e-01 -3.922410210189999913e-01 1.500901300970000136e+02 -2.180920698130000090e+01 -8.676015172580000012e+01
-9.511153330969999986e-02 -1.627362132959999930e-01 -3.886450019859999938e-01 1.496220101320000140e+02 -2.150630478700000126e+01 -8.935635429309999722e+01
-8.749789364109999967e-02 -1.600938349219999945e-01 -3.923350758720000053e-01 1.498591866890000119e+02 -2.140780911839999945e+01 -8.667934171029999391e+01
-7.156335364219999773e-02 -1.570205364220000066e-01 -3.960802732640000268e-01 1.502064736030000063e+02 -2.131061544350000148e+01 -8.400776472479999768e+01
-6.770823658129999922e-02 -1.591789327460000070e-01 -3.980473477059999765e-01 1.504206647039999893e+02 -2.091807911009999899e+01 -8.202119881420000524e+01
-8.735936549459999423e-02 -1.607017275740000029e-01 -3.905148688980000227e-01 1.499616369739999868e+02 -2.128683927799999864e+01 -8.798387381999999945e+01
-7.341729915889999569e-02 -1.599612876610000123e-01 -3.974043761070000236e-01 1.501693938340000045e+02 -2.059475979560000169e+01 -8.279046984549999877e+01
-7.893056300930000047e-02 -1.650488536080000068e-01 -3.960450048849999960e-01 1.500152441060000115e+02 -1.969012642439999894e+01 -8.355414965459999621e+01
-7.390130856029999973e-02 -1.628514701709999901e-01 -3.987924031169999828e-01 1.501846878229999902e+02 -1.971795980559999961e+01 -8.109748370020000152e+01
-6.004057790700000063e-02 -1.620004032569999919e-01 -4.000603645560000254e-01 1.504111844480000002e+02 -1.980532857140000047e+01 -7.988998389280000367e+01
-7.544989144130000158e-02 -1.606884554699999912e-01 -3.940028336029999800e-01 1.502601307840000118e+02 -2.062270591020000055e+01 -8.548062708540000187e+01
-8.587249256880000181e-02 -1.601942419350000091e-01 -3.919171874530000266e-01 1.499056266139999991e+02 -2.129469193370000113e+01 -8.709640565860000549e+01
-5.762789696250000121e-02 -1.587522478389999936e-01 -3.974609386119999921e-01 1.505473303379999948e+02 -2.022626826360000152e+01 -8.245281687959999317e+01
-7.859891145969999382e-02 -1.624801537820000086e-01 -3.968785857550000129e-01 1.501181853649999880e+02 -2.026042605740000013e+01 -8.289829021699999601e+01
-7.584994634889999365e-02 -1.590339282909999929e-01 -3.951167220349999787e-01 1.501072416289999865e+02 -2.138298548250000053e+01 -8.512742425419999392e+01
-9.468268601040000232e-02 -1.597042892270000014e-01 -3.913901797739999799e-01 1.497554363270000124e+02 -2.194272850990000023e+01 -8.783110796139999366e+01
-6.906495734310000301e-02 -1.616565011370000027e-01 -3.974026925560000256e-01 1.503503029469999888e+02 -2.063053959930000048e+01 -8.232181702959999825e+01
-8.444190075339999546e-02 -1.659848861880000026e-01 -3.954807721029999779e-01 1.497858915029999878e+02 -1.984099942079999934e+01 -8.391561853589999487e+01
-8.776211236139999650e-02 -1.612971161789999996e-01 -3.913907045930000161e-01 1.497557899930000076e+02 -2.090177445109999965e+01 -8.823738347239999769e+01
-6.867274517980000159e-02 -1.563938443379999932e-01 -3.990530588010000046e-01 1.503022980629999950e+02 -2.090458680200000074e+01 -8.166547019719999412e+01
-7.453980686029999803e-02 -1.568320278320000094e-01 -3.976321667280000027e-01 1.502840848730000118e+02 -2.170456391549999964e+01 -8.242760557210000627e+01
-7.627264152050000634e-02 -1.576858706940000021e-01 -3.924774667220000124e-01 1.501635289900000032e+02 -2.139206015619999945e+01 -8.708383464130000107e+01
-7.904871862479999345e-02 -1.565459502680000003e-01 -3.917437100630000169e-01 1.502022376950000080e+02 -2.203876158199999935e+01 -8.771661159350000503e+01
-7.401606208739999748e-02 -1.610326891799999938e-01 -3.937831119030000271e-01 1.501088811870000086e+02 -2.094193844009999950e+01 -8.607987840939999558e+01
-8.889412416689999874e-02 -1.596520762599999976e-01 -3.912790108659999766e-01 1.499275805059999982e+02 -2.142800914400000067e+01 -8.757492205449999290e+01
-6.258255119580000136e-02 -1.616735129640000102e-01 -3.986733588110000226e-01 1.504446357900000066e+02 -2.051113047109999954e+01 -8.089085914209999828e+01
-7.381844257290000322e-02 -1.604571227180000004e-01 -3.942835728619999980e-01 1.502764822530000117e+02 -2.048668463519999960e+01 -8.513664117659999420e+01
-6.809393389829999921e-02 -1.571712595620000097e-01 -3.924571038110000187e-01 1.505591852590000030e+02 -2.186288997169999959e+01 -8.647624346690000152e+01
-8.442125425530000449e-02 -1.663848726849999904e-01 -3.939314761100000117e-01 1.498797830629999908e+02 -1.982701675619999904e+01 -8.520388256869999566e+01
-6.972609459289999534e-02 -1.589832663550000136e-01 -3.951241030600000093e-01 1.501239622930000053e+02 -2.056502247810000128e+01 -8.514349702510000384e+01
-9.200608596089999980e-02 -1.582307398389999897e-01 -3.862283128319999870e-01 1.498733750050000140e+02 -2.225141156429999967e+01 -9.167522438070000135e+01
-6.979427141119999567e-02 -1.622916718440000072e-01 -3.978111340570000265e-01 1.503103862830000139e+02 -2.000292593980000078e+01 -8.156436470639999925e+01
-5.295890761980000250e-02 -1.599177486239999890e-01 -3.993949821289999869e-01 1.505989435200000059e+02 -1.996709993729999866e+01 -8.048099130459999628e+01
-7.585875550680000468e-02 -1.617709905559999994e-01 -3.959860510220000185e-01 1.502867491670000106e+02 -2.073251474019999918e+01 -8.317857132170000511e+01
-8.058115292169999722e-02 -1.613890437459999938e-01 -3.930570928100000083e-01 1.500745677360000059e+02 -2.143745885579999921e+01 -8.613319189000000620e+01
-7.402275963040000351e-02 -1.636310193290000103e-01 -3.974445916239999765e-01 1.501330658900000117e+02 -1.982290474839999916e+01 -8.224249667780000550e+01
-6.720174248490000390e-02 -1.586109430659999875e-01 -3.957419870359999980e-01 1.501619908449999912e+02 -2.069310222649999886e+01 -8.473994003629999838e+01
-5.618504396809999996e-02 -1.545957120720000133e-01 -3.980855681000000090e-01 1.506981652780000047e+02 -2.138011627290000050e+01 -8.213177054489999307e+01
-8.730852168350000664e-02 -1.593477922940000069e-01 -3.921762074160000111e-01 1.499365638060000094e+02 -2.150037265139999931e+01 -8.686068494910000481e+01
-6.736211002820000071e-02 -1.632762807510000080e-01 -3.998788604540000069e-01 1.502596603620000053e+02 -1.998526063199999925e+01 -8.015842902139999637e+01
-6.850682554539999636e-02 -1.580319710889999951e-01 -3.956195639339999959e-01 1.501550782639999966e+02 -2.102030396780000032e+01 -8.460338471769999558e+01
-5.433368899169999794e-02 -1.599303533439999925e-01 -3.999358987059999926e-01 1.505922738600000059e+02 -2.005475220339999964e+01 -8.039567817619999346e+01
-9.084022290899999852e-02 -1.628877319200000007e-01 -3.929286355059999902e-01 1.495475206360000016e+02 -2.072563031250000165e+01 -8.686335640910000677e+01
-9.839420820460000050e-02 -1.612717193930000015e-01 -3.894739977109999973e-01 1.494403533230000107e+02 -2.182508158570000134e+01 -8.938845285019999665e+01
-7.015849108289999581e-02 -1.607126982969999951e-01 -3.938214152530000178e-01 1.502723918869999977e+02 -2.080070853180000157e+01 -8.567622234319999563e+01
-8.984278673670000048e-02 -1.597429822920000131e-01 -3.903794750680000258e-01 1.499855188189999922e+02 -2.186170823160000154e+01 -8.808428732890000390e+01
-7.890435196450000521e-02 -1.613015132939999985e-01 -3.937478383770000034e-01 1.500446791539999936e+02 -2.107352439259999954e+01 -8.550008376190000092e+01
-9.337043017549999380e-02 -1.636538049350000079e-01 -3.885618772350000194e-01 1.495680914929999972e+02 -2.105870577050000136e+01 -8.975887192970000683e+01
-8.106220048180000359e-02 -1.616888374680000018e-01 -3.910636071370000022e-01 1.499573458600000038e+02 -2.118697482860000036e+01 -8.796759379659999922e+01
-8.160685859859999336e-02 -1.558608509970000056e-01 -3.888380639399999783e-01 1.502043560749999926e+02 -2.238702664119999852e+01 -8.958823014649999550e+01
-7.583783406520000492e-02 -1.646558647149999888e-01 -3.970777303349999898e-01 1.498826348769999868e+02 -1.996686860280000175e+01 -8.251930957390000287e+01
-7.417865808909999970e-02 -1.586301881780000089e-01 -3.955780275160000192e-01 1.502234132229999943e+02 -2.125878750360000069e+01 -8.449840564890000394e+01
-9.324416724020000158e-02 -1.600651435429999991e-01 -3.907568536500000134e-01 1.498890858149999872e+02 -2.195949828139999838e+01 -8.785007608589999961e+01
-8.040083673150000276e-02 -1.598450710769999950e-01 -3.970331172070000192e-01 1.501087149859999954e+02 -2.101555847639999897e+01 -8.291319122069999992e+01
-8.413611259830000577e-02 -1.563356543409999966e-01 -3.938334789190000018e-01 1.499369067940000093e+02 -2.172078017089999946e+01 -8.621155133339999566e+01
-8.075153849549999985e-02 -1.589983827460000054e-01 -3.963787673529999833e-01 1.499464234460000114e+02 -2.113240124429999867e+01 -8.383601500499999304e+01
-6.043753059740000072e-02 -1.587182467050000101e-01 -3.987585641549999949e-01 1.504033180579999964e+02 -2.089775520599999936e+01 -8.153587355269999648e+01
-8.367955157629999863e-02 -1.622207836319999874e-01 -3.900127489349999865e-01 1.500480606840000064e+02 -2.127465166620000048e+01 -8.840499825899999564e+01
-8.298940660560000238e-02 -1.667001489109999901e-01 -3.963099524250000005e-01 1.499037678029999938e+02 -1.976994415089999890e+01 -8.278188727229999699e+01
-5.452480210420000001e-02 -1.629360462820000077e-01 -4.017552622460000000e-01 1.504662627929999985e+02 -1.947049035370000070e+01 -7.834888841030000606e+01
-8.242128057179999578e-02 -1.625559697279999882e-01 -3.967351553749999815e-01 1.498560965419999889e+02 -2.057964407249999894e+01 -8.345711167339999292e+01
-6.677817536879999960e-02 -1.568697326540000048e-01 -3.914979840360000019e-01 1.505747787779999953e+02 -2.173508119430000107e+01 -8.729039534679999690e+01
-7.476786548619999972e-02 -1.625461213219999979e-01 -3.965675339659999743e-01 1.502281811999999945e+02 -2.049456257670000170e+01 -8.274820552260000284e+01
-9.003610818429999552e-02 -1.640069919480000027e-01 -3.944422878569999735e-01 1.498662726109999994e+02 -2.082855033099999886e+01 -8.470402731229999915e+01
-9.046161599969999856e-02 -1.663362554099999946e-01 -3.935138840919999992e-01 1.495437033419999864e+02 -1.981245052890000125e+01 -8.567233227299999498e+01
-7.545736846860000291e-02 -1.679915519250000100e-01 -3.979107434679999833e-01 1.500353708289999872e+02 -1.928011173140000167e+01 -8.135048362630000440e+01
-7.478144427310000342e-02 -1.611089744030000104e-01 -3.999299032590000191e-01 1.501411319329999969e+02 -2.067406482270000012e+01 -8.044671874780000564e+01
-7.723838476260000419e-02 -1.617053916099999988e-01 -3.950670579500000223e-01 1.498461235089999946e+02 -2.029275395089999989e+01 -8.530079206060000274e+01
-7.900578051600000429e-02 -1.620216730759999890e-01 -3.960967772260000075e-01 1.501500032280000028e+02 -2.094041014469999951e+01 -8.300284443649999844e+01
-9.087958885930000341e-02 -1.634387474979999977e-01 -3.922977694950000038e-01 1.495782246519999887e+02 -2.064926651340000063e+01 -8.704393537679999326e+01
-7.947058034380000135e-02 -1.663739022429999992e-01 -3.984248451049999806e-01 1.498346280469999954e+02 -1.956843629000000107e+01 -8.158998370770000008e+01
-7.046026440390000534e-02 -1.616192106029999964e-01 -3.975053519289999948e-01 1.501309462000000110e+02 -2.032732334729999835e+01 -8.283214789509999321e+01
-7.857483790199999707e-02 -1.649055391679999927e-01 -3.936931896299999956e-01 1.499742682799999898e+02 -1.998196110550000171e+01 -8.550776220829999374e+01
-7.888790556760000294e-02 -1.581431748010000138e-01 -3.920022931539999811e-01 1.500365406989999997e+02 -2.130365971129999991e+01 -8.761110377170000163e+01
-8.274627455020000522e-02 -1.621251783980000027e-01 -3.952080541849999906e-01 1.499667960040000025e+02 -2.054874695079999825e+01 -8.436558570680000457e+01
-4.921248718460000116e-02 -1.568856890820000127e-01 -3.968107765569999779e-01 1.508864177350000091e+02 -2.114598493600000140e+01 -8.288038227280000569e+01
-8.073081318779999627e-02 -1.609970225950000111e-01 -3.935076925150000071e-01 1.501121212330000105e+02 -2.118991367030000106e+01 -8.571081881649999445e+01
-6.849336562449999388e-02 -1.584575127819999874e-01 -3.966732103389999931e-01 1.502684026409999944e+02 -2.047789595200000079e+01 -8.370923014730000489e+01
-6.269169528510000478e-02 -1.598725029870000092e-01 -4.003387570329999812e-01 1.503606590249999897e+02 -1.998114791960000147e+01 -8.019130872549999367e+01
-6.659329738319999525e-02 -1.606439755969999994e-01 -3.975118276419999930e-01 1.503375184520000118e+02 -2.025428068749999966e+01 -8.286284290700000099e+01
-8.132532513170000199e-02 -1.657654767679999919e-01 -3.957743300170000200e-01 1.499839121500000090e+02 -1.959130331020000071e+01 -8.344172113690000003e+01
-8.878045060189999893e-02 -1.616682852369999979e-01 -3.936219020439999938e-01 1.496906239429999914e+02 -2.091808835659999843e+01 -8.587012485680000395e+01
-6.351708984190000684e-02 -1.613581932139999953e-01 -3.968945322699999889e-01 1.503408985549999954e+02 -1.973902613610000145e+01 -8.309594410440000445e+01
-7.623427606150000313e-02 -1.531227607700000048e-01 -3.940094376109999907e-01 1.502756584169999883e+02 -2.237564750139999958e+01 -8.590026107689999435e+01
-8.060236700549999744e-02 -1.630698947919999864e-01 -3.943867464720000049e-01 1.500182485500000098e+02 -2.020886530499999978e+01 -8.508199618999999814e+01
-9.390015218430000643e-02 -1.595135934380000065e-01 -3.904268682450000028e-01 1.498831678809999914e+02 -2.201649164859999885e+01 -8.817609529850000172e+01
-8.040237054549999318e-02 -1.611296367729999901e-01 -3.920951443480000242e-01 1.500614284600000019e+02 -2.113824145579999936e+01 -8.690533169190000251e+01
-7.223259561120000394e-02 -1.580094738470000093e-01 -3.950211326599999961e-01 1.505054169649999949e+02 -2.123903443509999889e+01 -8.416159450099999617e+01
-9.065091947280000395e-02 -1.633763225550000087e-01 -3.913343281610000002e-01 1.496149421629999949e+02 -2.076099810370000043e+01 -8.805631600140000614e+01
-8.290399909470000384e-02 -1.552702308099999928e-01 -3.939422004929999943e-01 1.501731917529999976e+02 -2.253597798550000064e+01 -8.592850128790000497e+01
-7.400944514019999754e-02 -1.603549823679999986e-01 -3.960693413649999939e-01 1.503091489759999888e+02 -2.101760978869999974e+01 -8.325755662970000515e+01
-5.878571162030000324e-02 -1.606347750450000111e-01 -4.000005301449999773e-01 1.505804753419999997e+02 -2.032557497080000175e+01 -8.006093735199999628e+01
-8.563990926709999507e-02 -1.654413750050000020e-01 -3.937318403760000085e-01 1.498574939959999881e+02 -2.040328503119999937e+01 -8.547694419200000482e+01
-7.931897825969999594e-02 -1.612337165050000132e-01 -3.922233857599999873e-01 1.502337912280000012e+02 -2.114822452190000135e+01 -8.669782118310000385e+01
-4.948016083389999986e-02 -1.606337993649999962e-01 -4.007414103970000085e-01 1.507983482100000003e+02 -1.994615067810000042e+01 -7.875776343120000433e+01
-8.242069702220000682e-02 -1.594045369880000007e-01 -3.943875650129999855e-01 1.501091242839999893e+02 -2.179798098150000030e+01 -8.517995302529999435e+01
-5.537509367460000109e-02 -1.578393771319999972e-01 -3.995689605669999755e-01 1.505721941150000021e+02 -2.088382820660000050e+01 -8.078050967400000104e+01
-4.919654499860000307e-02 -1.555700005070000114e-01 -3.976164789270000277e-01 1.508246218319999912e+02 -2.110758768179999834e+01 -8.245833117719999450e+01
-6.447769454269999811e-02 -1.641461246510000083e-01 -3.981531321419999880e-01 1.502446858669999870e+02 -1.933010028169999828e+01 -8.152730611510000358e+01
-8.386998245450000278e-02 -1.563130094490000066e-01 -3.908765727330000272e-01 1.500808424159999959e+02 -2.237212036380000058e+01 -8.850583324939999841e+01
-7.405732011469999543e-02 -1.647078971200000019e-01 -3.955956436429999834e-01 1.500443652849999978e+02 -1.977075114499999842e+01 -8.396555328739999879e+01
-8.022110944360000273e-02 -1.597364985249999925e-01 -3.949174145789999812e-01 1.501935402670000030e+02 -2.139445484950000065e+01 -8.487407353170000590e+01
-6.010950062510000275e-02 -1.616390102320000022e-01 -4.005033274059999759e-01 1.503027280450000092e+02 -1.974394131000000030e+01 -7.994261337890000618e+01
-7.930107798490000637e-02 -1.607079377189999936e-01 -3.954596965439999834e-01 1.501151549589999945e+02 -2.056107085220000030e+01 -8.434757798069999524e+01
-8.370390826750000179e-02 -1.615912620230000041e-01 -3.933211052310000011e-01 1.498655790260000060e+02 -2.093688915559999941e+01 -8.610558687329999827e+01
-7.524410033139999898e-02 -1.558757506610000121e-01 -3.923691171740000261e-01 1.502330679700000076e+02 -2.197291781890000095e+01 -8.752956446620000008e+01
-6.312774082779999685e-02 -1.552374298549999976e-01 -3.973987363300000020e-01 1.506258653920000086e+02 -2.194291902459999832e+01 -8.273014469429999451e+01
-8.869076601200000243e-02 -1.577857047350000042e-01 -3.899765016760000091e-01 1.499809118389999867e+02 -2.225326198009999956e+01 -8.876994507630000442e+01
-8.062675950790000601e-02 -1.613160269879999886e-01 -3.934787018329999886e-01 1.499823409569999910e+02 -2.079808586820000116e+01 -8.604489684959999352e+01
-7.569764417610000407e-02 -1.611224061490000026e-01 -3.965988787049999909e-01 1.501071483380000018e+02 -2.041510256320000138e+01 -8.355684678369999574e+01
-6.864458616179999750e-02 -1.609853021529999983e-01 -3.983587253859999788e-01 1.504507644409999898e+02 -2.063193685250000087e+01 -8.091346684779999521e+01
-8.809751539700000356e-02 -1.624142500790000110e-01 -3.940013898279999816e-01 1.498963980350000043e+02 -2.107706111590000120e+01 -8.502661274320000473e+01
-7.385334071330000583e-02 -1.631142961790000012e-01 -3.951933672949999865e-01 1.501053933000000029e+02 -1.996857037790000078e+01 -8.418774124579999807e+01
-6.180883994670000048e-02 -1.597433281710000097e-01 -4.007232319010000099e-01 1.504883050370000035e+02 -2.054256039259999866e+01 -7.914795094320000146e+01
-8.112560315269999600e-02 -1.623576688389999911e-01 -3.936905803840000106e-01 1.501540477370000133e+02 -2.118402242770000043e+01 -8.549846418900000344e+01
-9.193738224759999411e-02 -1.560924071149999981e-01 -3.914131259420000064e-01 1.498550311429999908e+02 -2.235781825240000131e+01 -8.779456493099999648e+01
-6.869665912630000537e-02 -1.641783937279999994e-01 -3.990574325280000223e-01 1.502089213270000130e+02 -1.952454849829999972e+01 -8.065783310800000550e+01
-8.184635569050000004e-02 -1.632111695900000103e-01 -3.952340848290000208e-01 1.499271174179999946e+02 -2.039334459219999829e+01 -8.436783349220000616e+01
-7.819785072969999418e-02 -1.593751580839999904e-01 -3.928205538230000182e-01 1.502533677039999986e+02 -2.136417357139999851e+01 -8.627949897749999764e+01
-6.362472802240000391e-02 -1.600374600910000056e-01 -3.954752110950000010e-01 1.504547710699999925e+02 -2.058392281880000141e+01 -8.414425044819999755e+01
-8.312627039370000526e-02 -1.632093082319999999e-01 -3.959119601089999829e-01 1.500516132109999887e+02 -2.024681427810000045e+01 -8.335990066210000293e+01
-7.256036611350000221e-02 -1.592721577510000097e-01 -3.954304867130000178e-01 1.501996483020000142e+02 -2.061850099950000015e+01 -8.487355350500000384e+01
-7.082480706679999960e-02 -1.596612334370000053e-01 -3.980704301049999838e-01 1.504154107539999927e+02 -2.096651911989999917e+01 -8.187822426809999854e+01
-7.149603282960000084e-02 -1.662631945870000072e-01 -3.988606883770000056e-01 1.500365126869999983e+02 -1.914320280460000134e+01 -8.108770560019999607e+01
-9.421834548639999862e-02 -1.652834246140000019e-01 -3.931707820049999969e-01 1.495271282909999968e+02 -2.054485461850000050e+01 -8.592614430759999777e+01
-6.919359627710000571e-02 -1.618889544999999874e-01 -3.958918466999999941e-01 1.501395951549999950e+02 -2.034164165689999848e+01 -8.403648794279999379e+01
-7.098154779290000160e-02 -1.564162485720000106e-01 -3.942317718819999817e-01 1.503843455969999923e+02 -2.182430157410000149e+01 -8.556098605569999904e+01
-6.339766715099999506e-02 -1.601596112210000034e-01 -3.970699220980000166e-01 1.505259947099999920e+02 -2.082656440779999940e+01 -8.290739110990000427e+01
-7.445255846150000689e-02 -1.596709617300000050e-01 -3.984010970519999972e-01 1.500794469639999988e+02 -2.054937035889999919e+01 -8.191472216779999371e+01
-7.720588636250000358e-02 -1.592401225429999900e-01 -3.911597846350000074e-01 1.502922785389999945e+02 -2.174306331889999910e+01 -8.732032633730000271e+01
-7.643087919160000687e-02 -1.624234827719999996e-01 -3.954777763719999895e-01 1.502868415229999925e+02 -2.092477620629999890e+01 -8.339752356949999523e+01
-8.514814429849999755e-02 -1.653841687310000086e-01 -3.956668132439999930e-01 1.498528792950000081e+02 -1.993311135229999920e+01 -8.357552696449999985e+01
-6.196649837519999787e-02 -1.560545920710000034e-01 -3.987642440790000187e-01 1.506654582339999990e+02 -2.135211521029999915e+01 -8.114248076389999653e+01
-8.411420992979999622e-02 -1.548342098349999862e-01 -3.900010796469999819e-01 1.501413928590000069e+02 -2.265716601069999925e+01 -8.902691659250000100e+01
-8.853501779300000651e-02 -1.579488755819999923e-01 -3.877457909309999784e-01 1.501068560850000040e+02 -2.230274016630000133e+01 -9.003008865680000383e+01
-7.029643641390000142e-02 -1.597190815550000031e-01 -3.963557852260000125e-01 1.504499379819999945e+02 -2.059847095470000156e+01 -8.323754003690000047e+01
-8.111203849640000185e-02 -1.580951678239999880e-01 -3.955802717890000153e-01 1.501066904330000114e+02 -2.159282976860000147e+01 -8.447853603149999913e+01
-7.804268085290000379e-02 -1.632899504720000117e-01 -3.937924554019999746e-01 1.501182504809999898e+02 -2.016930659770000034e+01 -8.526507159700000216e+01
-5.677756717380000318e-02 -1.629879740069999916e-01 -3.995682132480000148e-01 1.504174767419999910e+02 -1.913210304640000103e+01 -8.044747534869999583e+01
-8.569489340720000403e-02 -1.593511789660000122e-01 -3.899292807399999949e-01 1.500993460949999871e+02 -2.179743630640000163e+01 -8.830795370139999534e+01
-8.625231279509999738e-02 -1.620865666469999966e-01 -3.940044548950000225e-01 1.498041900409999982e+02 -2.083572159810000102e+01 -8.579815238809999300e+01
-8.866084893950000601e-02 -1.583723503920000109e-01 -3.914431236120000102e-01 1.498387477269999977e+02 -2.176538494020000059e+01 -8.811762844179999377e+01
-6.065460072039999956e-02 -1.592865833450000101e-01 -3.979804824589999734e-01 1.504763299859999961e+02 -2.019840758530000002e+01 -8.234113168460000054e+01
-8.483093720959999917e-02 -1.579554946679999905e-01 -3.899555245469999987e-01 1.499688886449999927e+02 -2.172736742400000054e+01 -8.927559258310000700e+01
-7.406244855219999701e-02 -1.572115880649999908e-01 -3.929517897800000048e-01 1.502808659590000104e+02 -2.199238329150000126e+01 -8.627040170690000309e+01
-8.522854578609999343e-02 -1.587571999750000129e-01 -3.912307909180000043e-01 1.500818583010000111e+02 -2.160074525969999826e+01 -8.741546811649999427e+01
-7.108615308509999564e-02 -1.607331347319999881e-01 -3.950280711349999918e-01 1.503107807089999994e+02 -2.095408447109999983e+01 -8.439158986140000707e+01
-7.598751667780000163e-02 -1.634274940129999965e-01 -3.968415341120000162e-01 1.500049824529999967e+02 -2.019519686519999979e+01 -8.254507112480000330e+01
-6.581686914379999975e-02 -1.613957738959999888e-01 -3.952030341750000231e-01 1.502700575309999920e+02 -2.037886122529999966e+01 -8.462672077780000279e+01
-6.884933793130000590e-02 -1.615275262289999902e-01 -3.978965260790000014e-01 1.502621572429999901e+02 -2.046086312530000129e+01 -8.195246452109999780e+01
-6.802577652260000107e-02 -1.597266125809999882e-01 -4.008229860079999818e-01 1.503738763409999990e+02 -2.085276199770000005e+01 -7.931035229799999797e+01
-7.803790561550000282e-02 -1.627895018080000034e-01 -3.963835077589999978e-01 1.499955402939999942e+02 -1.975952907159999938e+01 -8.337736760769999478e+01
-7.526027294150000602e-02 -1.598623437399999958e-01 -3.943868933470000004e-01 1.500970336370000098e+02 -2.116969363469999976e+01 -8.558383891110000263e+01
-7.870155966120000179e-02 -1.668047573089999902e-01 -4.011069423090000141e-01 1.498708214510000118e+02 -1.937315736500000085e+01 -7.877780778279999652e+01
-7.960631871730000642e-02 -1.613447162999999962e-01 -3.941648230049999979e-01 1.500829833059999885e+02 -2.042684777510000060e+01 -8.518301096679999773e+01
-8.254294380809999720e-02 -1.596390523350000035e-01 -3.931091693029999945e-01 1.501193273419999912e+02 -2.116540216559999976e+01 -8.615393956270000331e+01
-6.117257559440000131e-02 -1.626947430919999937e-01 -3.993300216139999970e-01 1.503765473960000065e+02 -1.982239399290000037e+01 -8.077327876110000204e+01
-6.995801636909999843e-02 -1.563971853070000029e-01 -3.961797616600000183e-01 1.503746587260000069e+02 -2.184463686000000138e+01 -8.386574821649999478e+01
-7.676483901470000648e-02 -1.668703245500000043e-01 -3.970998505530000111e-01 1.500560755049999955e+02 -1.973420013129999973e+01 -8.197215316819999487e+01
-9.018679274539999347e-02 -1.624475851380000058e-01 -3.927601782410000131e-01 1.498524597109999945e+02 -2.085243224410000096e+01 -8.607538145559999521e+01
-8.591565941699999542e-02 -1.597630281830000054e-01 -3.905736085190000262e-01 1.499853405450000139e+02 -2.167081833399999979e+01 -8.837218875560000697e+01
-6.082266685439999959e-02 -1.617890964529999920e-01 -4.002531146919999783e-01 1.503164150039999925e+02 -1.994514811670000043e+01 -8.008351932230000614e+01
-7.759094797639999597e-02 -1.594698054379999896e-01 -3.956666603680000227e-01 1.502864108210000040e+02 -2.124229582359999924e+01 -8.379284597859999906e+01
-7.288923499709999698e-02 -1.583542447060000136e-01 -3.949357708540000012e-01 1.504957568840000022e+02 -2.176418271960000084e+01 -8.418342900189999511e+01
-6.816447883159999777e-02 -1.605585160050000126e-01 -3.961552697260000144e-01 1.500969972450000114e+02 -2.023296631299999859e+01 -8.391680205190000663e+01
-8.747263846300000478e-02 -1.609114295869999989e-01 -3.895973889300000104e-01 1.498787780639999880e+02 -2.146254901069999832e+01 -8.877322593559999575e+01
-7.304617087949999421e-02 -1.599664473999999892e-01 -3.956236883009999761e-01 1.503826652269999897e+02 -2.082627795180000163e+01 -8.389996775170000376e+01
-8.586279197990000223e-02 -1.638565306979999914e-01 -3.927949208429999950e-01 1.497477525730000139e+02 -2.017258958449999895e+01 -8.642494954849999544e+01
-8.740893115959999515e-02 -1.594348037220000014e-01 -3.926879661170000202e-01 1.500863734570000076e+02 -2.174933139799999893e+01 -8.644607116619999942e+01
-7.065902604380000507e-02 -1.640805461039999968e-01 -3.960939791749999994e-01 1.502079688190000013e+02 -1.968653827740000040e+01 -8.311278156529999706e+01
-6.586468497950000167e-02 -1.605558015599999888e-01 -3.955881784979999871e-01 1.505243381509999949e+02 -2.034237535089999938e+01 -8.352605963589999760e+01
-7.686516330279999365e-02 -1.628841963759999900e-01 -3.946150834780000061e-01 1.501583912350000105e+02 -2.101939701310000075e+01 -8.436728104700000586e+01
-6.500157528800000473e-02 -1.596671723699999990e-01 -3.980962978190000223e-01 1.502048614910000026e+02 -2.024050713959999825e+01 -8.236082711369999743e+01
-9.648979227739999665e-02 -1.613509254620000000e-01 -3.887064643429999911e-01 1.494607679970000049e+02 -2.155743816320000050e+01 -9.011765720729999884e+01
-8.775462304190000118e-02 -1.636900153189999874e-01 -3.966167587750000223e-01 1.497593345759999863e+02 -2.047605858760000075e+01 -8.323850928310000086e+01
-7.346666077159999531e-02 -1.584243297090000002e-01 -3.931296093900000233e-01 1.504021899749999989e+02 -2.183334278239999904e+01 -8.584700796389999766e+01
-7.061792317850000555e-02 -1.662111097679999927e-01 -3.961885395940000221e-01 1.500882847149999861e+02 -1.934386028169999960e+01 -8.341088470219999351e+01
-9.354519500169999890e-02 -1.574925516390000002e-01 -3.874358549499999915e-01 1.499774980729999925e+02 -2.265524096500000084e+01 -9.028358119920000036e+01
-9.051296061470000265e-02 -1.625834597549999927e-01 -3.902213184530000101e-01 1.497699063329999944e+02 -2.107441313520000037e+01 -8.835196856459999992e+01
-7.862980556479999550e-02 -1.620740751670000090e-01 -3.937333616500000022e-01 1.500316530119999925e+02 -2.110905908619999849e+01 -8.550288966949999292e+01
-8.654993792729999413e-02 -1.616697056089999862e-01 -3.899322106420000100e-01 1.499295913560000031e+02 -2.113352374009999934e+01 -8.871378883510000435e+01
-5.929855916889999884e-02 -1.593421463720000042e-01 -3.978962337799999971e-01 1.505406755180000005e+02 -2.053173809789999993e+01 -8.182111476439999365e+01
-8.334684800380000314e-02 -1.665141424219999944e-01 -3.948366088990000189e-01 1.497897216389999926e+02 -1.962690807859999964e+01 -8.486191049069999792e+01
-8.171239320919999882e-02 -1.611300803900000134e-01 -3.943060524240000198e-01 1.500370757430000026e+02 -2.039144554659999997e+01 -8.547984042689999740e+01
-8.425465386130000234e-02 -1.611298567949999982e-01 -3.956874707410000247e-01 1.499969499599999949e+02 -2.101328080169999879e+01 -8.377510444000000689e+01
-6.895432929920000675e-02 -1.585581560980000027e-01 -3.980131944470000072e-01 1.504172895110000070e+02 -2.092225884739999842e+01 -8.195281051300000286e+01
-5.982669377020000123e-02 -1.554833329560000033e-01 -3.990926576030000006e-01 1.506478313609999873e+02 -2.171655957269999959e+01 -8.105628361639999468e+01
-5.419803255600000313e-02 -1.658215345300000088e-01 -4.000803281349999962e-01 1.503842255710000018e+02 -1.876445211269999902e+01 -7.985990009290000557e+01
-7.313836993630000449e-02 -1.580214571849999916e-01 -3.981205736639999992e-01 1.502133131390000074e+02 -2.095479289269999867e+01 -8.210456408630000169e+01
-9.428128114519999936e-02 -1.610413742609999865e-01 -3.850665362840000050e-01 1.496709025339999926e+02 -2.162148124639999835e+01 -9.236740029550000486e+01
-8.069114511100000664e-02 -1.596703860810000097e-01 -3.918929739040000193e-01 1.500522357039999974e+02 -2.173996408109999834e+01 -8.753997810840000682e+01
-6.122755592939999741e-02 -1.594520239589999888e-01 -3.970942775219999943e-01 1.505157580469999914e+02 -2.066079918169999985e+01 -8.241952960899999425e+01
-8.720578647439999886e-02 -1.621750755630000096e-01 -3.931784000410000202e-01 1.499097095980000063e+02 -2.094055342169999889e+01 -8.577057592059999536e+01
-7.502045552580000054e-02 -1.590489379879999887e-01 -3.959790147869999832e-01 1.502374663319999968e+02 -2.085564764009999905e+01 -8.380381717100000571e+01
-8.057002811390000241e-02 -1.677481882530000024e-01 -3.969161561419999873e-01 1.498187540669999862e+02 -1.955789014380000168e+01 -8.258046932589999756e+01
-7.859496447279999687e-02 -1.585785187469999913e-01 -3.936608359020000170e-01 1.502825033510000026e+02 -2.119408051399999948e+01 -8.551552021850000074e+01
-6.839547073320000059e-02 -1.609761014370000021e-01 -3.973773245900000251e-01 1.501661096859999986e+02 -2.024146704540000030e+01 -8.276960171829999524e+01
-9.014824337870000481e-02 -1.599699536170000047e-01 -3.917228414410000026e-01 1.497834478199999921e+02 -2.182869315980000025e+01 -8.730971770600000070e+01
-7.618818744270000609e-02 -1.634914099779999908e-01 -3.955286918640000260e-01 1.499684765879999873e+02 -2.033537746540000057e+01 -8.430363224069999717e+01
-7.035486451429999455e-02 -1.600950025890000017e-01 -3.969714777360000002e-01 1.503468058759999906e+02 -2.047976998740000099e+01 -8.282556481800000370e+01
-7.466702392460000670e-02 -1.612774936689999883e-01 -3.964974332869999896e-01 1.501818114289999926e+02 -2.101645656479999857e+01 -8.343386680000000410e+01
-6.207094906220000236e-02 -1.563517246480000122e-01 -3.982562893230000012e-01 1.505451314789999913e+02 -2.150884981429999954e+01 -8.187986372049999773e+01
-6.760510720100000592e-02 -1.636253758679999948e-01 -3.972447017330000274e-01 1.502385674170000129e+02 -1.967123397820000008e+01 -8.282628431960000626e+01
-7.455404997919999610e-02 -1.586950937000000117e-01 -3.957562882530000214e-01 1.502761161999999899e+02 -2.166817440599999856e+01 -8.382877639039999451e+01
-7.441301361360000421e-02 -1.609901486649999991e-01 -3.950610309550000032e-01 1.503118718149999893e+02 -2.069822147809999890e+01 -8.412873239079999621e+01
-6.247048221160000220e-02 -1.623368013310000080e-01 -3.999302677650000137e-01 1.502800616179999906e+02 -1.974282860310000132e+01 -8.017037416549999307e+01
-8.381199690820000103e-02 -1.577560832869999985e-01 -3.915203879970000078e-01 1.501409437309999930e+02 -2.208307300130000073e+01 -8.748353687799999534e+01
-9.199667140549999678e-02 -1.565556115170000095e-01 -3.902802754460000245e-01 1.497675940130000072e+02 -2.214721241699999865e+01 -8.879760875419999877e+01
-7.931212979429999588e-02 -1.626813563349999991e-01 -3.934836354880000275e-01 1.500825343870000097e+02 -2.058725892209999841e+01 -8.562126410909999663e+01
-7.116825874630000603e-02 -1.628231138350000051e-01 -3.973653805110000103e-01 1.500786923390000140e+02 -2.001594589369999966e+01 -8.281612931169999570e+01
-8.743801681410000304e-02 -1.598069420329999990e-01 -3.919828300989999792e-01 1.500862622829999964e+02 -2.130559053180000006e+01 -8.687070085070000403e+01
-8.264301705139999454e-02 -1.582234468279999917e-01 -3.890732480599999876e-01 1.501386808469999892e+02 -2.187077310109999928e+01 -8.934314592340000161e+01
-7.889267918999999518e-02 -1.565075466620000078e-01 -3.968806415510000019e-01 1.502164026199999967e+02 -2.179292206470000082e+01 -8.324498172580000244e+01
-7.578933865390000135e-02 -1.591602544640000061e-01 -3.957417395830000184e-01 1.501705214950000027e+02 -2.121191166270000039e+01 -8.420688954189999720e+01
-7.920856511859999949e-02 -1.645348062479999873e-01 -3.932079557190000241e-01 1.499099898030000020e+02 -1.980622731929999958e+01 -8.612040765310000268e+01
-9.038724742079999597e-02 -1.580637892289999957e-01 -3.897637079990000086e-01 1.499856243920000054e+02 -2.222039109110000155e+01 -8.909412287940000397e+01
-7.420871488730000631e-02 -1.639751288430000009e-01 -3.969765416189999785e-01 1.499751123510000070e+02 -1.973467007229999837e+01 -8.263316761020000456e+01
-6.369661734289999711e-02 -1.586023251339999940e-01 -3.979019405650000007e-01 1.506664634770000077e+02 -2.095260783060000165e+01 -8.155948734999999772e+01
-7.387317180560000474e-02 -1.655673599080000058e-01 -3.974182631220000150e-01 1.500535881840000059e+02 -1.957960212949999956e+01 -8.189180283480000355e+01
-6.478843121760000101e-02 -1.614493592169999880e-01 -3.986664768029999917e-01 1.503370722569999884e+02 -2.021605881749999867e+01 -8.140675294310000254e+01
-9.587660664220000462e-02 -1.590109860499999972e-01 -3.888838160479999861e-01 1.496785333630000139e+02 -2.204566698849999895e+01 -8.984706807460000277e+01
-7.858369891560000597e-02 -1.608562658719999983e-01 -3.928911305450000224e-01 1.500557089860000133e+02 -2.113182548229999824e+01 -8.611591982570000425e+01
-7.787887753659999968e-02 -1.589782769549999975e-01 -3.964399157049999789e-01 1.501442900369999904e+02 -2.083054816450000146e+01 -8.378612605249999490e+01
-8.997015688590000171e-02 -1.631725803609999914e-01 -3.933745216050000271e-01 1.498181955359999904e+02 -2.080510686430000078e+01 -8.566384829499999398e+01
-7.216152560090000057e-02 -1.623465519210000041e-01 -4.009426890050000192e-01 1.502512658610000074e+02 -2.007876938500000108e+01 -7.898562300320000418e+01
-7.875056924749999909e-02 -1.569986298349999865e-01 -3.948381660549999950e-01 1.500785435559999996e+02 -2.140001059029999908e+01 -8.521057899960000270e+01
-8.080777465020000383e-02 -1.582681940569999890e-01 -3.921167691179999748e-01 1.499522598350000067e+02 -2.138191598859999942e+01 -8.760504023939999740e+01
-8.255855820259999645e-02 -1.640787129899999863e-01 -3.928251870230000109e-01 1.500597972079999920e+02 -2.091567245979999967e+01 -8.591499902459999305e+01
-6.618840464580000305e-02 -1.570239697309999960e-01 -3.982690361799999801e-01 1.505340110960000004e+02 -2.120528562280000173e+01 -8.174480695969999999e+01
-7.462129754139999738e-02 -1.641354157090000043e-01 -3.973764192959999830e-01 1.501683798379999928e+02 -1.963453488429999894e+01 -8.178600128809999603e+01
-8.512791946929999798e-02 -1.628672007189999882e-01 -3.931134407460000202e-01 1.499587158619999911e+02 -2.049434784920000041e+01 -8.584453565629999616e+01
-7.075223094249999400e-02 -1.610614358090000087e-01 -3.970580346199999999e-01 1.504650980229999959e+02 -2.103424633259999865e+01 -8.204947459459999948e+01
-8.075687162200000102e-02 -1.560964994690000052e-01 -3.930344701039999999e-01 1.502976247690000093e+02 -2.241631566979999945e+01 -8.634684429039999998e+01
-6.860976314120000030e-02 -1.635776412409999936e-01 -3.982349606019999766e-01 1.502442550970000070e+02 -1.997156865490000044e+01 -8.162474099210000134e+01
-6.383303645589999409e-02 -1.614544574310000091e-01 -3.982728923150000155e-01 1.504509296390000088e+02 -2.023217626899999999e+01 -8.153772931560000359e+01
-5.679109971239999777e-02 -1.596232449699999945e-01 -3.996174461720000126e-01 1.505165511129999913e+02 -1.999471814400000014e+01 -8.048040849180000578e+01
-8.837976946030000336e-02 -1.584910516099999889e-01 -3.918337022389999924e-01 1.499559182870000029e+02 -2.160470285490000109e+01 -8.736258436190000509e+01
-6.707052676180000339e-02 -1.604468622609999950e-01 -4.005618095619999930e-01 1.501717975420000073e+02 -2.017738094199999921e+01 -8.033363155269999822e+01
-7.676768011470000430e-02 -1.612702869840000053e-01 -3.949666711870000180e-01 1.501043640659999880e+02 -2.063551114950000098e+01 -8.490662434310000606e+01
-8.848677384839999382e-02 -1.606295356569999999e-01 -3.921666551410000201e-01 1.500229035049999879e+02 -2.179790640450000083e+01 -8.656813524170000562e+01
-7.897736484030000448e-02 -1.657320473999999988e-01 -3.936742672360000195e-01 1.498574723829999868e+02 -1.953538503669999926e+01 -8.563716701799999953e+01
-7.556665915089999519e-02 -1.557852919749999898e-01 -3.907947043059999959e-01 1.502293221250000101e+02 -2.216664986389999825e+01 -8.865065117039999620e+01
-6.351405488290000345e-02 -1.529988744559999947e-01 -3.931766993410000244e-01 1.506960555400000032e+02 -2.251296177440000079e+01 -8.637988026130000208e+01
-6.203930655280000261e-02 -1.575828301340000126e-01 -3.991211336959999967e-01 1.506461082079999869e+02 -2.130671090919999955e+01 -8.075101614259999394e+01
-8.008426774650000135e-02 -1.580931990090000128e-01 -3.956045455680000100e-01 1.501082167639999909e+02 -2.141747175640000123e+01 -8.427152814439999418e+01
-8.680295833260000260e-02 -1.567568984390000086e-01 -3.924524162529999805e-01 1.499342062510000062e+02 -2.200535151040000059e+01 -8.732644190349999747e+01
-6.931869936539999943e-02 -1.628753191760000107e-01 -3.985782646089999770e-01 1.501578049590000035e+02 -1.999319204980000109e+01 -8.136931193520000249e+01
-8.231726027609999330e-02 -1.617313790430000009e-01 -3.962624409109999912e-01 1.500115748650000000e+02 -2.041951251129999889e+01 -8.372347997469999825e+01
-9.155308469440000263e-02 -1.557450717910000004e-01 -3.895267381779999871e-01 1.498467823910000050e+02 -2.231248000949999977e+01 -8.962279503320000629e+01
-6.259807176369999726e-02 -1.649005554150000108e-01 -4.008511800480000220e-01 1.503005333920000055e+02 -1.953075487910000163e+01 -7.911200847589999796e+01
-8.548568307579999803e-02 -1.602909724680000036e-01 -3.937421388590000015e-01 1.497990611109999861e+02 -2.151148877989999875e+01 -8.602427763480000067e+01
-8.268046556689999382e-02 -1.611165837140000057e-01 -3.969890385839999758e-01 1.500147106459999975e+02 -2.080306713959999954e+01 -8.266188789209999754e+01
-7.543096676089999786e-02 -1.571403315250000099e-01 -3.942708603760000097e-01 1.501333870070000103e+02 -2.128137157229999943e+01 -8.591391851669999369e+01
-7.470011644129999351e-02 -1.580665232210000104e-01 -3.958626940830000107e-01 1.504385641350000071e+02 -2.175131922459999956e+01 -8.342327247549999925e+01
-6.356779836879999923e-02 -1.595398497440000118e-01 -3.975428375139999915e-01 1.504928362569999933e+02 -2.026343636080000010e+01 -8.244585521749999657e+01
-7.091227413289999393e-02 -1.658629793389999885e-01 -3.998662635710000246e-01 1.501766281909999918e+02 -1.920093990699999864e+01 -7.983685919670000430e+01
-9.641127508060000351e-02 -1.593484476800000049e-01 -3.917585475740000267e-01 1.497031636499999934e+02 -2.185931221090000065e+01 -8.749588997450000250e+01
-7.208552313070000495e-02 -1.563335128730000134e-01 -3.884137708070000139e-01 1.505514607039999930e+02 -2.202711929379999845e+01 -8.965437484599999607e+01
-7.371824518790000280e-02 -1.557635375729999883e-01 -3.960695258870000068e-01 1.503900861369999973e+02 -2.217164342839999946e+01 -8.378937541010000700e+01
-8.339574111589999339e-02 -1.584853200799999917e-01 -3.921036756319999927e-01 1.501974398899999983e+02 -2.193122087429999922e+01 -8.658895395759999758e+01
-7.507696437880000129e-02 -1.623715561219999937e-01 -3.981312021639999976e-01 1.501616810490000091e+02 -2.022758017450000168e+01 -8.134662036170000476e+01
-7.386121557249999969e-02 -1.627400638569999891e-01 -3.966748889680000167e-01 1.502050549299999886e+02 -2.031059099859999861e+01 -8.254964663350000365e+01
-9.159516376019999351e-02 -1.627563349489999922e-01 -3.925041391340000074e-01 1.498736404470000139e+02 -2.081893713650000066e+01 -8.626029011810000213e+01
-7.074245074899999930e-02 -1.609273633449999907e-01 -3.962853950779999801e-01 1.501625100960000054e+02 -2.027329898820000054e+01 -8.402642848540000386e+01
-7.910464602729999628e-02 -1.586490291400000086e-01 -3.926834682240000207e-01 1.500464585500000112e+02 -2.132615557069999923e+01 -8.714430205870000634e+01
-9.824660400989999876e-02 -1.627061004199999994e-01 -3.950894966799999852e-01 1.494821415199999990e+02 -2.086464665109999927e+01 -8.460555940339999381e+01
-5.758720272940000273e-02 -1.632852806760000108e-01 -4.012191810740000086e-01 1.503437406300000134e+02 -1.910610852840000007e+01 -7.919884408110000606e+01
-8.087121710639999517e-02 -1.572373706659999926e-01 -3.950630068079999946e-01 1.500892204460000130e+02 -2.190884358739999982e+01 -8.486286479919999692e+01
-7.051352708619999798e-02 -1.602581813720000137e-01 -3.943503251089999773e-01 1.504092419890000087e+02 -2.079871768690000167e+01 -8.485716723960000252e+01
-8.961102501880000015e-02 -1.616961981920000124e-01 -3.884660348569999866e-01 1.498290710409999917e+02 -2.165102369739999943e+01 -8.940351792410000087e+01
-6.997068957480000184e-02 -1.603982138130000124e-01 -3.970406357580000267e-01 1.503887529259999951e+02 -2.051456125209999826e+01 -8.239934166839999818e+01
-7.813727687740000538e-02 -1.661580303730000041e-01 -3.958405817010000050e-01 1.497613675130000104e+02 -1.961853230879999899e+01 -8.405763779839999472e+01
-7.262312107740000189e-02 -1.596521544969999873e-01 -3.950564100930000211e-01 1.502158304300000111e+02 -2.064222434959999930e+01 -8.467639689290000149e+01
-8.688493273380000492e-02 -1.608557371169999917e-01 -3.928401832239999947e-01 1.496638541860000089e+02 -2.117314250169999923e+01 -8.710764426539999761e+01
-8.616503207860000402e-02 -1.666895937619999879e-01 -3.960058825969999807e-01 1.497335585429999867e+02 -1.975386815510000105e+01 -8.365156053479999798e+01
-9.955491023269999462e-02 -1.615872845190000073e-01 -3.888949047809999726e-01 1.495310262719999912e+02 -2.137461243770000152e+01 -8.954008296909999842e+01
-9.807520728969999768e-02 -1.647029120740000074e-01 -3.873342156560000138e-01 1.495513229610000110e+02 -2.139562005650000032e+01 -9.007490130790000649e+01
-8.144817031579999755e-02 -1.616683189110000030e-01 -3.930163576719999941e-01 1.501447865490000027e+02 -2.110580431589999861e+01 -8.618733488920000241e+01
-8.618045198479999669e-02 -1.607972786380000019e-01 -3.908569706969999835e-01 1.498321644119999974e+02 -2.158695472129999970e+01 -8.797705146539999532e+01
-7.758055324599999469e-02 -1.601986870129999962e-01 -3.937505586630000165e-01 1.500707791529999895e+02 -2.093104903020000052e+01 -8.608732683949999398e+01
-7.779838741500000321e-02 -1.619615437830000115e-01 -3.936029181890000062e-01 1.501742476720000070e+02 -2.086788852140000117e+01 -8.559987544169999296e+01
-6.410128867900000138e-02 -1.520650098090000069e-01 -3.948420159380000016e-01 1.507028275749999864e+02 -2.272520358590000100e+01 -8.503289348830000449e+01
-5.973031435429999869e-02 -1.527799333559999861e-01 -3.965507447950000208e-01 1.506097773189999884e+02 -2.199673859419999999e+01 -8.381102467869999373e+01
-7.289929789360000134e-02 -1.599613161300000030e-01 -3.959695790089999834e-01 1.501932678569999950e+02 -2.102381163389999941e+01 -8.380906814450000297e+01
-6.509773959169999624e-02 -1.620279383769999970e-01 -3.984635068940000080e-01 1.504696224379999876e+02 -1.987418215639999985e+01 -8.096070416370000089e+01
-8.564962252780000673e-02 -1.672386875380000026e-01 -3.949139782950000233e-01 1.497905057600000021e+02 -1.986322511250000034e+01 -8.440154713420000121e+01
-8.208719336460000571e-02 -1.612835208520000119e-01 -3.962237069969999914e-01 1.499498303199999896e+02 -2.066068755099999876e+01 -8.393272553459999585e+01
-7.281099717809999539e-02 -1.641362268300000093e-01 -3.958873946820000156e-01 1.499397667210000122e+02 -1.978550240079999867e+01 -8.396387173790000702e+01
-6.835364804769999969e-02 -1.576445923560000073e-01 -3.958898999589999801e-01 1.503287350530000026e+02 -2.143339020259999828e+01 -8.439113120080000385e+01
-8.282355756419999826e-02 -1.602584817749999890e-01 -3.893161415120000024e-01 1.499816086270000142e+02 -2.173080798490000021e+01 -8.914010041999999601e+01
-6.785056413510000273e-02 -1.629160584050000082e-01 -3.991239843470000270e-01 1.501797203520000039e+02 -1.971595846090000137e+01 -8.072858848500000306e+01
-6.416308446150000011e-02 -1.623549890730000000e-01 -3.986401665150000051e-01 1.502070009020000043e+02 -1.964545739160000082e+01 -8.155104015860000288e+01
-9.075497566079999967e-02 -1.600409773489999965e-01 -3.910129175079999908e-01 1.498979190969999991e+02 -2.163238317640000119e+01 -8.776083037460000469e+01
-7.003850721729999729e-02 -1.594829813649999983e-01 -3.932040427299999807e-01 1.501805078470000012e+02 -2.053556401109999996e+01 -8.647211131970000508e+01
-8.614648573479999349e-02 -1.615120976920000062e-01 -3.929443438169999969e-01 1.498631175719999931e+02 -2.098995752029999906e+01 -8.665432233149999774e+01
-1.005986288819999963e-01 -1.572061747050000069e-01 -3.853127466119999900e-01 1.495680955830000016e+02 -2.282893124710000166e+01 -9.223530632140000307e+01
-7.915718776470000162e-02 -1.598791051119999862e-01 -3.939416090530000192e-01 1.501361680560000025e+02 -2.072784312099999937e+01 -8.554901939609999317e+01
-1.009488296850000050e-01 -1.641446031259999883e-01 -3.878439687970000049e-01 1.493392700930000103e+02 -2.138737503759999825e+01 -8.993265169629999889e+01
-7.640635359160000140e-02 -1.634502649560000132e-01 -3.967320223599999918e-01 1.497269035749999944e+02 -1.989686711730000113e+01 -8.370270341050000695e+01
-7.923110280940000305e-02 -1.613063340929999923e-01 -3.931626760079999783e-01 1.500088970369999970e+02 -2.040767647899999915e+01 -8.662633176309999783e+01
-6.561053953810000450e-02 -1.608447973229999994e-01 -3.989255609390000012e-01 1.503858549949999883e+02 -2.024763457650000120e+01 -8.147704039629999784e+01
-5.433136926030000119e-02 -1.612454958829999951e-01 -3.977675060840000221e-01 1.506165376980000019e+02 -2.013976886529999888e+01 -8.196037404679999838e+01
-7.172523619529999617e-02 -1.596676093359999937e-01 -3.961782193389999929e-01 1.501182702890000087e+02 -2.027220522840000072e+01 -8.387981460989999505e+01
-8.177953727719999844e-02 -1.595114034039999962e-01 -3.930725547610000037e-01 1.500814726190000101e+02 -2.111891816119999987e+01 -8.606681237079999391e+01
-6.210721343700000008e-02 -1.566751597949999908e-01 -4.004883510960000059e-01 1.504813068180000073e+02 -2.101686576390000027e+01 -8.033380229280000151e+01
-6.784753941439999880e-02 -1.602353342860000085e-01 -3.969363133389999798e-01 1.503480779690000020e+02 -2.071543932269999999e+01 -8.262790827790000492e+01
-6.648937573480000196e-02 -1.614381045140000082e-01 -3.962086748220000065e-01 1.503520143679999990e+02 -2.020891532519999956e+01 -8.347801609319999727e+01
-5.217949560460000136e-02 -1.583495437849999909e-01 -4.009371402360000225e-01 1.506851135210000052e+02 -2.051154260530000073e+01 -7.907794266540000194e+01
-7.136230095119999728e-02 -1.636307788789999884e-01 -3.976613709430000254e-01 1.500323970919999965e+02 -1.972965125500000028e+01 -8.269639772070000561e+01
-8.285762251009999579e-02 -1.643343406249999916e-01 -3.973640826879999977e-01 1.499824267479999946e+02 -2.026288233660000060e+01 -8.226170828150000602e+01
-8.437907221880000530e-02 -1.578923754919999978e-01 -3.899635218659999736e-01 1.500905258980000099e+02 -2.220489467470000022e+01 -8.869037266189999968e+01
-8.605208571910000215e-02 -1.621209210579999949e-01 -3.936886109819999757e-01 1.499428953709999917e+02 -2.073343263490000155e+01 -8.582456053520000694e+01
-7.525981808489999592e-02 -1.605987765590000116e-01 -3.936707503369999972e-01 1.503108534700000121e+02 -2.104851848610000076e+01 -8.502450386840000363e+01
-5.520962011379999812e-02 -1.567235156760000137e-01 -4.008603384650000212e-01 1.506790607970000053e+02 -2.066181486689999858e+01 -7.948313621670000373e+01
-6.709653074690000163e-02 -1.601151586550000061e-01 -3.948323993310000057e-01 1.503600472020000041e+02 -2.082304981429999913e+01 -8.462424353119999410e+01
-8.063605448350000260e-02 -1.613891888929999963e-01 -3.949159528780000206e-01 1.498331425929999909e+02 -2.053787165370000167e+01 -8.539909671540000602e+01
-7.711031720390000566e-02 -1.644591682150000067e-01 -3.957642107889999816e-01 1.499043938869999977e+02 -2.013193198389999949e+01 -8.386864247809999995e+01
-7.650128107560000279e-02 -1.615246362799999946e-01 -3.958680194900000004e-01 1.501543198640000014e+02 -2.085774194980000118e+01 -8.366573275739999360e+01
-7.977706697109999967e-02 -1.611417525509999948e-01 -3.953528662290000106e-01 1.501687610300000131e+02 -2.072971237750000029e+01 -8.405503164600000332e+01
-7.661305245520000362e-02 -1.610802033010000078e-01 -3.948838810199999938e-01 1.502881244639999920e+02 -2.091493159410000047e+01 -8.422439764210000135e+01
-9.789628013890000480e-02 -1.581543525920000026e-01 -3.894221888959999989e-01 1.495771011239999950e+02 -2.229048095379999950e+01 -8.951541038969999420e+01
-7.308961841930000647e-02 -1.629802740250000104e-01 -3.991673377709999970e-01 1.502396827929999858e+02 -1.995009801409999994e+01 -8.053225341360000300e+01
-7.429644205120000677e-02 -1.584376327679999918e-01 -3.914408365129999900e-01 1.503091512610000109e+02 -2.146819232100000008e+01 -8.765662987240000348e+01
-7.532172654789999477e-02 -1.619904139730000137e-01 -3.973127148539999931e-01 1.500486191020000035e+02 -2.048727207359999980e+01 -8.245381199550000417e+01
-9.144708737630000139e-02 -1.552612533180000032e-01 -3.888768233100000082e-01 1.499503662600000098e+02 -2.267325629790000008e+01 -8.968093465789999641e+01
-7.476595752509999915e-02 -1.573775381410000007e-01 -3.949809397929999744e-01 1.503434744200000068e+02 -2.200145375580000007e+01 -8.479331864569999766e+01
-6.247217166710000019e-02 -1.641429243370000068e-01 -4.019913740709999961e-01 1.503156756500000029e+02 -1.929867496110000147e+01 -7.811123206860000323e+01
-5.690433832950000242e-02 -1.585780904899999899e-01 -3.986922517650000053e-01 1.505959607869999957e+02 -2.073190966829999837e+01 -8.152296088960000020e+01
-6.703437946960000282e-02 -1.602184948929999964e-01 -3.943913599489999866e-01 1.502589413949999937e+02 -2.075835249940000082e+01 -8.564242798200000095e+01
-8.884912288009999548e-02 -1.597555051379999924e-01 -3.913833296429999886e-01 1.497513696830000072e+02 -2.103412027770000137e+01 -8.803627324040000701e+01
-8.070237810810000634e-02 -1.623968792380000026e-01 -3.958859906780000104e-01 1.499924558630000035e+02 -2.041027064780000089e+01 -8.417759282279999411e+01
-7.844415210010000084e-02 -1.605737497599999952e-01 -3.927671205030000001e-01 1.500551589830000125e+02 -2.125633753700000028e+01 -8.681420166739999900e+01
-7.835120244219999364e-02 -1.608666512730000109e-01 -3.912616492300000082e-01 1.499899559179999926e+02 -2.063081391089999883e+01 -8.807859910300000195e+01
-6.495229505360000655e-02 -1.629204810769999956e-01 -4.000789051459999746e-01 1.503618787339999869e+02 -1.947986917129999895e+01 -7.989197919270000625e+01
-5.423065906439999972e-02 -1.628356231230000117e-01 -4.003473337030000190e-01 1.505009697049999886e+02 -1.951923458190000105e+01 -7.980595060240000294e+01
-5.811149421979999730e-02 -1.659659284349999930e-01 -4.007471040460000022e-01 1.502835643720000007e+02 -1.865392818169999956e+01 -7.914489166100000261e+01
-7.803477812509999889e-02 -1.592175511699999990e-01 -3.927681172349999916e-01 1.501896336430000076e+02 -2.125229803530000083e+01 -8.682792941239999607e+01
-6.748330284079999408e-02 -1.637707603199999862e-01 -3.995092501690000186e-01 1.501433175649999896e+02 -1.933653117149999900e+01 -8.082885571650000145e+01
-8.006256865459999983e-02 -1.645172153270000048e-01 -3.946248597600000019e-01 1.499834886149999988e+02 -2.017472905019999985e+01 -8.488787443840000435e+01
-8.481685311719999731e-02 -1.637456991000000028e-01 -3.931442863299999813e-01 1.498606959710000126e+02 -2.030289352440000172e+01 -8.634240753269999402e+01
-7.388841977320000087e-02 -1.583165314299999904e-01 -3.941513203299999990e-01 1.503775506059999998e+02 -2.129899933709999971e+01 -8.529651778150000041e+01
-8.199825296500000416e-02 -1.565448691609999943e-01 -3.928179264919999802e-01 1.500542332809999948e+02 -2.190723602139999926e+01 -8.685844538809999449e+01
-7.318475321929999999e-02 -1.621718864449999964e-01 -3.965790479779999766e-01 1.502826282359999936e+02 -2.032420909780000073e+01 -8.294518980009999609e+01
-7.769270599869999849e-02 -1.583359719690000111e-01 -3.916176076589999999e-01 1.502568855600000006e+02 -2.151331509070000081e+01 -8.753166395060000582e+01
-8.984886634369999847e-02 -1.640051282680000111e-01 -3.933009731409999876e-01 1.496548946409999985e+02 -2.020073464649999906e+01 -8.594772550749999596e+01
-6.770526632730000660e-02 -1.588057518359999865e-01 -3.999051286649999981e-01 1.503610934300000110e+02 -2.054453037329999887e+01 -8.071501465980000489e+01
-7.261592749100000133e-02 -1.630488847880000036e-01 -3.984621845110000171e-01 1.499344003889999897e+02 -1.999882865789999897e+01 -8.193514057379999826e+01
-7.131421532399999375e-02 -1.569234932219999989e-01 -3.928147088949999755e-01 1.505436817739999924e+02 -2.207732970949999896e+01 -8.613718249180000441e+01
-8.114935422100000295e-02 -1.648040169170000013e-01 -3.943527209830000047e-01 1.498368199850000053e+02 -2.008985811759999862e+01 -8.532723443070000258e+01
-7.399364450110000602e-02 -1.591893620579999946e-01 -3.950010003719999774e-01 1.502854049260000124e+02 -2.111120259009999955e+01 -8.455048972989999356e+01
-7.222759529840000470e-02 -1.573582257280000118e-01 -3.962425034490000275e-01 1.504244059600000014e+02 -2.153962901259999896e+01 -8.359465568359999565e+01
-9.685646156980000365e-02 -1.598099109159999975e-01 -3.897361254350000248e-01 1.495049473169999885e+02 -2.151747764370000127e+01 -8.909014795119999519e+01
-6.968970763989999762e-02 -1.602188784930000109e-01 -3.952571909970000186e-01 1.502670631009999909e+02 -2.026241192759999876e+01 -8.458721371779999743e+01
-8.864554891839999951e-02 -1.630480719129999978e-01 -3.949325995699999869e-01 1.499546878470000024e+02 -2.059560680799999943e+01 -8.416086989149999908e+01
-8.360831307219999953e-02 -1.592486401569999932e-01 -3.923480226320000264e-01 1.498193858799999987e+02 -2.131662891059999865e+01 -8.762645814280000423e+01
-6.710231806739999638e-02 -1.619390489749999995e-01 -3.976484503309999918e-01 1.503804233349999890e+02 -2.036773180369999992e+01 -8.183272494060000213e+01
-5.246744483219999838e-02 -1.630064484250000056e-01 -3.998265539759999765e-01 1.505107206970000107e+02 -1.918551471150000154e+01 -8.023345557970000641e+01
-6.479916776449999583e-02 -1.606978217460000025e-01 -3.982296766419999856e-01 1.505236882389999948e+02 -2.040902771789999903e+01 -8.126550122989999636e+01
-9.141627190579999784e-02 -1.655443908260000041e-01 -3.913313900379999932e-01 1.495833997519999912e+02 -2.030300789749999879e+01 -8.732316530430000512e+01
-1.050455138740000044e-01 -1.602250957889999883e-01 -3.859470892490000082e-01 1.493962116790000039e+02 -2.240248744470000020e+01 -9.161797209649999729e+01
-8.861641563590000326e-02 -1.583835074549999888e-01 -3.909163723299999837e-01 1.499294517449999944e+02 -2.237263716169999839e+01 -8.826630599950000544e+01
-6.581694043970000296e-02 -1.561085345740000074e-01 -3.963920827579999751e-01 1.504321361830000114e+02 -2.117807707149999885e+01 -8.397037042069999302e+01
-6.148792016569999686e-02 -1.561717514950000107e-01 -3.954783801560000089e-01 1.505792684200000053e+02 -2.143501948669999990e+01 -8.433258759209999766e+01
-7.167581385309999831e-02 -1.590536032600000094e-01 -3.954340139679999866e-01 1.503950966230000006e+02 -2.109738218080000038e+01 -8.418844729719999975e+01
-7.119711988950000459e-02 -1.630274892749999927e-01 -3.998209644310000144e-01 1.500672831569999914e+02 -1.973031339799999984e+01 -8.039386920030000283e+01
-8.314782760069999723e-02 -1.628151137670000026e-01 -3.989422264779999838e-01 1.500255947590000005e+02 -2.044974874280000066e+01 -8.080367526189999694e+01
-6.004319001990000154e-02 -1.587637209409999972e-01 -3.969296348140000097e-01 1.503575754739999866e+02 -2.027959695470000057e+01 -8.346458043040000518e+01
-7.626348356039999721e-02 -1.572364731439999941e-01 -3.914124431459999887e-01 1.503737841489999880e+02 -2.179536370190000127e+01 -8.744527547360000597e+01
-5.437430745710000041e-02 -1.593934878569999991e-01 -3.972407601840000080e-01 1.507303241580000019e+02 -2.082281393490000099e+01 -8.230221799059999910e+01
-6.292387206940000532e-02 -1.630728684620000035e-01 -4.016314525240000100e-01 1.503222649880000006e+02 -1.959203543319999952e+01 -7.893898050849999493e+01
-6.316810431229999412e-02 -1.556393432029999913e-01 -3.907195901300000163e-01 1.507411538679999978e+02 -2.186907924930000036e+01 -8.797095324549999873e+01
-7.515018666910000533e-02 -1.640276561360000107e-01 -3.981944290930000130e-01 1.501802302590000124e+02 -2.001673374050000120e+01 -8.154499785790000033e+01
-6.024570857839999655e-02 -1.603491064120000087e-01 -3.988078659170000151e-01 1.505194374579999987e+02 -2.029505502789999838e+01 -8.132027763009999433e+01
-7.805310515409999428e-02 -1.602408608460000050e-01 -3.971420800279999996e-01 1.500504568959999858e+02 -2.072047987119999846e+01 -8.298617393780000384e+01
-8.662195771160000057e-02 -1.606625903439999892e-01 -3.927073904069999788e-01 1.497732044219999921e+02 -2.139358952030000083e+01 -8.677461906450000129e+01
-8.044870366180000010e-02 -1.616326534399999959e-01 -3.925073608529999758e-01 1.501934209259999875e+02 -2.082899422330000050e+01 -8.622182663079999543e+01
-7.564819077749999898e-02 -1.611661670650000044e-01 -3.959476606599999782e-01 1.499994520589999922e+02 -2.044614771250000018e+01 -8.410570264550000275e+01
-7.292935799149999343e-02 -1.614702701909999927e-01 -3.971873460759999808e-01 1.502772187529999997e+02 -2.052558783879999993e+01 -8.214053594799999303e+01
-7.852808219269999390e-02 -1.637348623740000064e-01 -3.958232711540000115e-01 1.500368245479999985e+02 -2.020389985010000089e+01 -8.389755847850000237e+01
-8.137795909959999463e-02 -1.595756134280000016e-01 -3.975432254860000181e-01 1.501212081589999912e+02 -2.118930111430000096e+01 -8.221312187620000600e+01
-8.078134464470000664e-02 -1.629234053689999906e-01 -3.962940111570000257e-01 1.500140480139999966e+02 -2.018475680579999931e+01 -8.342053318019999608e+01
-7.305679957550000048e-02 -1.658056632869999991e-01 -3.972237851229999950e-01 1.499386371770000039e+02 -1.935044412739999942e+01 -8.260689602840000134e+01
-8.476615100010000126e-02 -1.605825172329999884e-01 -3.931034415219999967e-01 1.499803557150000017e+02 -2.160263497709999925e+01 -8.601013374379999732e+01
-7.199097770550000330e-02 -1.608186174200000040e-01 -3.954596294450000160e-01 1.504167036020000126e+02 -2.064863241480000156e+01 -8.379562695590000487e+01
-8.212608253849999762e-02 -1.590327838120000059e-01 -3.886044678650000250e-01 1.500440593110000123e+02 -2.149102223599999917e+01 -9.009423285590000319e+01
-6.860321617919999670e-02 -1.581402866920000039e-01 -3.930650884090000075e-01 1.505212971359999869e+02 -2.117759589459999958e+01 -8.619360005720000117e+01
-6.880185947929999546e-02 -1.604645259999999962e-01 -3.971744906090000082e-01 1.502511771650000014e+02 -2.057231653230000035e+01 -8.276717823490000114e+01
-9.113411083969999438e-02 -1.638676271429999887e-01 -3.926025545040000009e-01 1.496726827189999938e+02 -2.074844653499999936e+01 -8.668326543460000266e+01
-7.718490828030000195e-02 -1.629472031510000030e-01 -3.945432722630000111e-01 1.500759873719999860e+02 -2.089327063949999896e+01 -8.484381385000000364e+01
-7.644375847369999644e-02 -1.622927848630000003e-01 -3.956324338330000079e-01 1.501722755060000054e+02 -2.079812655799999987e+01 -8.378012565400000256e+01
-7.998534093869999473e-02 -1.590526688599999960e-01 -3.952159545530000151e-01 1.500487149989999978e+02 -2.110076464460000167e+01 -8.475321199450000620e+01
-9.370425184620000125e-02 -1.592583544979999932e-01 -3.924980127800000163e-01 1.498392071810000061e+02 -2.170564823610000005e+01 -8.671109297290000484e+01
-9.784597547930000416e-02 -1.603266700269999900e-01 -3.861404597590000209e-01 1.496075879429999986e+02 -2.195069009239999858e+01 -9.135506338769999957e+01
-7.370401970169999928e-02 -1.545909880369999989e-01 -3.963289655019999747e-01 1.503863995039999963e+02 -2.239612777440000002e+01 -8.370096184940000228e+01
-9.169570591079999333e-02 -1.641289010960000072e-01 -3.904340789490000074e-01 1.497453985630000091e+02 -2.105194590960000056e+01 -8.779444682010000633e+01
-8.933356883979999552e-02 -1.583716940590000066e-01 -3.924164306160000115e-01 1.500003280169999869e+02 -2.228952650409999947e+01 -8.684444364120000159e+01
-7.251993845080000056e-02 -1.559525882370000061e-01 -3.909810663909999984e-01 1.504907406350000088e+02 -2.198464101729999953e+01 -8.775797042739999654e+01
-7.372179079280000158e-02 -1.591618657009999938e-01 -3.955998156819999778e-01 1.502957097130000079e+02 -2.081943857150000099e+01 -8.432114782239999329e+01
-8.056399571849999497e-02 -1.588783481940000131e-01 -3.938508772289999738e-01 1.501254051939999954e+02 -2.107894442819999981e+01 -8.542359452460000568e+01
-6.242987989300000096e-02 -1.577197272430000130e-01 -3.979635487529999960e-01 1.504694182030000036e+02 -2.110393551390000155e+01 -8.233701119929999379e+01
-5.811944696069999694e-02 -1.582862130799999878e-01 -4.030963131029999813e-01 1.505184753100000137e+02 -2.050452904029999956e+01 -7.728906940710000129e+01
-5.789862486030000061e-02 -1.586086937979999945e-01 -3.995585190659999841e-01 1.506266237670000123e+02 -2.035454482360000128e+01 -8.038614314870000044e+01
-6.849304165080000173e-02 -1.577677523969999995e-01 -3.925868210060000085e-01 1.503938116999999863e+02 -2.148724459989999858e+01 -8.670527577529999519e+01
-7.367505050189999960e-02 -1.637614416479999946e-01 -3.969830319589999768e-01 1.500841913939999870e+02 -2.020571977009999998e+01 -8.235408605760000000e+01
-9.400702620509999996e-02 -1.630593571370000106e-01 -3.898570760169999816e-01 1.497303000059999931e+02 -2.124424810240000028e+01 -8.848717585270000541e+01
-8.779884949239999403e-02 -1.605805662869999872e-01 -3.905985674790000139e-01 1.499122247089999860e+02 -2.181096629030000145e+01 -8.828668031239999436e+01
-8.138188655920000625e-02 -1.586170604240000059e-01 -3.893008143389999898e-01 1.501713214979999975e+02 -2.186840744379999890e+01 -8.933537293610000063e+01
-7.751330116809999893e-02 -1.605736743139999922e-01 -3.939147449820000202e-01 1.501606585289999884e+02 -2.101562612529999896e+01 -8.568140703650000489e+01
-8.939556168670000080e-02 -1.616686127599999967e-01 -3.901430530219999748e-01 1.499993870309999977e+02 -2.157265027389999901e+01 -8.817475920120000410e+01
-6.510677098679999719e-02 -1.555184572109999941e-01 -3.972965447630000257e-01 1.504335553349999941e+02 -2.186577410820000011e+01 -8.319874713919999465e+01
-9.058375935739999829e-02 -1.562095403100000057e-01 -3.928227153600000188e-01 1.498556587870000101e+02 -2.249722650849999894e+01 -8.662323937850000277e+01
-7.471245697190000146e-02 -1.647791985269999870e-01 -3.983032148780000226e-01 1.501807013069999925e+02 -1.966941393820000172e+01 -8.087665528969999684e+01
-7.580013769110000021e-02 -1.624668917590000039e-01 -3.966671547619999849e-01 1.501301356250000083e+02 -2.039095643699999982e+01 -8.331451810410000292e+01
-8.218388268340000302e-02 -1.603115265460000050e-01 -3.911995881309999756e-01 1.500743127689999881e+02 -2.099558986259999926e+01 -8.807021188870000117e+01
-7.373929775550000509e-02 -1.590345376589999971e-01 -3.985489159060000008e-01 1.502457653140000104e+02 -2.099297634959999925e+01 -8.167469547100000682e+01
-6.502293122919999835e-02 -1.602093640900000004e-01 -3.967080945420000115e-01 1.506633175139999992e+02 -2.078999142019999979e+01 -8.242460794490000353e+01
-7.812229203470000272e-02 -1.617490885510000087e-01 -3.960586349360000202e-01 1.498572748109999964e+02 -2.076929537939999904e+01 -8.412124246140000139e+01
-8.620326199979999604e-02 -1.595286931909999928e-01 -3.916978388410000123e-01 1.500676409289999924e+02 -2.166869837060000137e+01 -8.739824715170000502e+01
-7.858797410590000199e-02 -1.629800822970000063e-01 -3.965102749359999956e-01 1.500820592050000073e+02 -2.048981934509999903e+01 -8.271406907089999549e+01
-5.774215449600000188e-02 -1.630203473849999862e-01 -4.008415181960000018e-01 1.504547533690000023e+02 -1.951511607870000020e+01 -7.895029226190000315e+01
-7.534264066319999731e-02 -1.653809845499999986e-01 -3.964293296190000149e-01 1.499716365230000008e+02 -1.990525433419999857e+01 -8.328205982960000142e+01
-8.308667665129999824e-02 -1.604187762909999870e-01 -3.958382932110000030e-01 1.499904245730000127e+02 -2.079713940879999967e+01 -8.421084060920000525e+01
-7.290420065380000259e-02 -1.578190429209999912e-01 -3.921427015000000238e-01 1.504625796489999914e+02 -2.133649755700000128e+01 -8.697577744100000530e+01
-7.594870473560000335e-02 -1.638584487460000017e-01 -3.964974226970000015e-01 1.501007472009999901e+02 -2.005057994610000094e+01 -8.238940644890000442e+01
-9.117002292009999953e-02 -1.554719093760000004e-01 -3.892576819820000034e-01 1.498941908500000011e+02 -2.250420696369999973e+01 -8.940391473379999354e+01
-6.055809669750000096e-02 -1.614479942600000051e-01 -4.023562519580000107e-01 1.503280015459999959e+02 -1.982033129759999923e+01 -7.820851428810000527e+01
-7.621060029810000636e-02 -1.641209097709999953e-01 -3.975579149549999802e-01 1.498786251150000055e+02 -1.991152346300000175e+01 -8.242843355159999419e+01
-7.788062160370000375e-02 -1.657630690280000041e-01 -3.962594840059999735e-01 1.499181006430000025e+02 -1.946619661240000099e+01 -8.335391119019999451e+01
-7.784203772759999695e-02 -1.613143465030000001e-01 -3.956519027509999842e-01 1.501313942980000036e+02 -2.136060467760000137e+01 -8.406937910429999761e+01
-6.229302318760000096e-02 -1.613017476649999948e-01 -3.970450402699999826e-01 1.504491997400000116e+02 -2.006073145650000100e+01 -8.268698531719999778e+01
-6.896894047759999369e-02 -1.609048155159999993e-01 -3.968301720160000157e-01 1.503844177999999943e+02 -2.058459571719999914e+01 -8.273588059360000102e+01
-9.332011373930000631e-02 -1.589351024539999990e-01 -3.877503650429999782e-01 1.495938573089999863e+02 -2.166175579249999927e+01 -9.082517333399999870e+01
-6.811010657820000536e-02 -1.613436696240000134e-01 -3.969467407160000016e-01 1.502125626199999999e+02 -2.027257033320000090e+01 -8.298270764939999822e+01
-6.658879800399999938e-02 -1.610483153570000103e-01 -3.954137486270000168e-01 1.504911901440000008e+02 -2.074772603539999949e+01 -8.370220249429999626e+01
-7.433821123129999431e-02 -1.527223357389999869e-01 -3.941672102400000099e-01 1.503313768769999967e+02 -2.257584598680000099e+01 -8.602603601769999386e+01
-6.107148275609999843e-02 -1.602288566349999999e-01 -3.957564483020000190e-01 1.503907353619999867e+02 -2.017238897549999876e+01 -8.416473376310000276e+01
-8.255590317949999812e-02 -1.606353298350000069e-01 -3.953520893699999927e-01 1.501376316260000010e+02 -2.089209258469999853e+01 -8.408690415419999908e+01
-7.497984127329999915e-02 -1.598153868390000121e-01 -3.942170068640000191e-01 1.503546997640000029e+02 -2.164741044120000169e+01 -8.506605926330000500e+01
