5.595836472740000067e-01 1.250937738979999991e-01 4.893334399279999913e-01 -9.868517468759999645e+01 2.337220368839999907e+01 -4.771235913809999829e+01
5.692547434639999571e-01 1.235291890680000060e-01 4.934761361280000092e-01 -9.719258440909999308e+01 2.345510024689999895e+01 -4.656687466160000355e+01
5.551227715609999835e-01 1.360713527759999930e-01 4.868765362179999778e-01 -9.816717106980000551e+01 2.249497932219999896e+01 -4.953047817659999907e+01
5.989740764580000487e-01 1.243258828079999989e-01 5.133213057269999657e-01 -9.327246802109999635e+01 2.414591749750000105e+01 -3.839983278430000269e+01
5.690880041420000035e-01 1.308599687570000114e-01 4.958418151039999944e-01 -9.685422450830000685e+01 2.312170827890000169e+01 -4.605361487729999936e+01
5.742959872520000397e-01 1.374298874500000101e-01 4.960829671270000074e-01 -9.557366494900000475e+01 2.303582533280000177e+01 -4.660768146160000214e+01
5.728022710310000098e-01 1.254652843340000046e-01 4.969713317289999877e-01 -9.695674904130000016e+01 2.356144256319999997e+01 -4.472573758080000061e+01
5.654822216120000133e-01 1.397862946660000105e-01 4.907718801000000020e-01 -9.680463816430000179e+01 2.256485599430000022e+01 -4.827692233839999858e+01
5.829019183760000278e-01 1.281650209619999981e-01 5.046771364840000329e-01 -9.561818590469999890e+01 2.339339505679999931e+01 -4.170810978469999952e+01
5.707789319910000492e-01 1.294604448209999981e-01 4.953293144550000027e-01 -9.668348306539999726e+01 2.325183011040000025e+01 -4.619312534280000193e+01
5.680332322179999505e-01 1.221534044039999933e-01 4.911515274830000055e-01 -9.712922753809999676e+01 2.360106644649999907e+01 -4.777920059979999934e+01
5.701511476789999922e-01 1.431872349099999886e-01 4.964853585730000241e-01 -9.621923298619999798e+01 2.266297901589999952e+01 -4.589848422779999737e+01
5.878402032009999445e-01 1.180592354309999981e-01 5.065230962819999849e-01 -9.509264040760000114e+01 2.403287295710000038e+01 -4.115946529730000236e+01
5.655783680589999696e-01 1.335817676259999920e-01 4.936616195090000048e-01 -9.793052223470000683e+01 2.299659993050000040e+01 -4.567182217679999923e+01
5.641499773300000520e-01 1.226138488639999941e-01 4.948208301859999825e-01 -9.811311707919999492e+01 2.338914163780000166e+01 -4.549477574489999654e+01
5.584469945269999736e-01 1.273410481739999933e-01 4.866810612040000095e-01 -9.875798244959999295e+01 2.283507526089999828e+01 -4.883884531030000176e+01
5.891204669909999581e-01 1.370218384989999871e-01 5.090568438489999625e-01 -9.419184793290000357e+01 2.361362158309999870e+01 -4.020681699029999834e+01
5.802194971449999850e-01 1.364442724990000133e-01 5.007961455970000308e-01 -9.498269890900000689e+01 2.340407706170000068e+01 -4.434808952350000055e+01
5.759004875169999593e-01 1.356885566159999890e-01 4.984737314079999981e-01 -9.592923109820000604e+01 2.321041354100000120e+01 -4.476583461509999751e+01
5.731421348690000084e-01 1.262138452959999935e-01 4.974941845420000064e-01 -9.667863255989999516e+01 2.353885989549999991e+01 -4.497197156859999723e+01
5.827998291120000118e-01 1.287050991940000000e-01 5.016403933899999945e-01 -9.512221077530000457e+01 2.381993044829999917e+01 -4.372687032219999992e+01
5.800175595990000321e-01 1.232838047879999954e-01 5.013917160759999714e-01 -9.602279620199999499e+01 2.373097661279999926e+01 -4.320861590290000009e+01
5.747606912360000431e-01 1.290262046840000010e-01 4.968060924089999775e-01 -9.599184239150000053e+01 2.357186251770000140e+01 -4.569328348829999698e+01
5.735930652349999770e-01 1.238499280180000023e-01 4.937762875319999800e-01 -9.687249725479999540e+01 2.379695745460000111e+01 -4.611148860400000160e+01
5.587720024100000238e-01 1.325661727690000125e-01 4.856591915410000126e-01 -9.770576477420000572e+01 2.298453702879999838e+01 -5.036501830560000315e+01
5.790124266939999931e-01 1.256133724609999891e-01 4.993916498820000216e-01 -9.610662791519999359e+01 2.359422179959999966e+01 -4.392538445640000333e+01
5.805496811979999894e-01 1.286640174039999918e-01 5.038344875119999955e-01 -9.563418631710000284e+01 2.352662337739999998e+01 -4.251486757480000023e+01
5.825022051110000376e-01 1.321967825420000131e-01 5.006362003519999604e-01 -9.488445439829999373e+01 2.358407907420000171e+01 -4.435849938350000343e+01
5.611446819049999979e-01 1.339980893730000067e-01 4.916566294759999733e-01 -9.749886065219999409e+01 2.288878882230000045e+01 -4.784802409329999762e+01
5.889220789279999702e-01 1.166385234010000049e-01 5.049199896920000263e-01 -9.470496543829999325e+01 2.428872223640000172e+01 -4.211196252189999711e+01
5.227995977039999742e-01 1.361672768609999973e-01 4.625573641999999874e-01 -1.027255282950000037e+02 2.165697812950000056e+01 -5.807131409699999836e+01
5.673725542359999707e-01 1.330801022950000023e-01 4.961663109969999819e-01 -9.721966246649999732e+01 2.309922589119999969e+01 -4.542266587110000131e+01
5.697688204290000114e-01 1.328218802599999970e-01 4.929953256460000155e-01 -9.671940831480000611e+01 2.329301132089999982e+01 -4.708589328440000088e+01
5.692205923259999745e-01 1.256139649019999971e-01 4.964110587050000190e-01 -9.702774604729999908e+01 2.343498005260000028e+01 -4.547878755170000176e+01
5.758781427079999737e-01 1.271357422100000134e-01 4.971100655719999928e-01 -9.639175331689999382e+01 2.350822356440000149e+01 -4.491872512709999654e+01
5.659009751400000399e-01 1.260975372039999931e-01 4.928903973270000183e-01 -9.745917987970000240e+01 2.341923110020000109e+01 -4.674676588959999890e+01
5.794791083579999835e-01 1.318524917090000137e-01 5.009977722339999939e-01 -9.526305866459999550e+01 2.329878779839999936e+01 -4.430919340559999853e+01
5.835219579789999722e-01 1.262547808779999892e-01 5.009507216490000081e-01 -9.549040166279999653e+01 2.391334879369999911e+01 -4.345622451090000027e+01
5.817661247419999571e-01 1.281640090600000004e-01 5.031391663880000475e-01 -9.543305024590000585e+01 2.354964136250000095e+01 -4.288233922180000235e+01
5.447009505340000279e-01 1.351664936020000041e-01 4.797768591450000120e-01 -9.957333390680000207e+01 2.228117663180000108e+01 -5.234510065540000312e+01
5.695927584040000324e-01 1.236711398140000057e-01 4.924293033480000026e-01 -9.743193427440000676e+01 2.357078412770000142e+01 -4.650786568150000022e+01
5.575927056599999654e-01 1.334578938930000014e-01 4.859916260509999919e-01 -9.788005360789999543e+01 2.292788398740000133e+01 -5.005195947989999894e+01
5.636354807929999655e-01 1.343780850799999871e-01 4.866771765799999816e-01 -9.687732879489999505e+01 2.309450409689999972e+01 -5.033235327959999950e+01
5.797202354339999752e-01 1.237593950700000001e-01 5.037566562599999909e-01 -9.626130231759999845e+01 2.343482472679999873e+01 -4.175793953950000059e+01
5.779148761569999904e-01 1.307052685539999981e-01 5.028547775410000531e-01 -9.558234863709999729e+01 2.328193981169999915e+01 -4.328034928000000292e+01
5.735170478750000189e-01 1.343581469429999953e-01 4.964104084909999881e-01 -9.637915666070000498e+01 2.325173527400000140e+01 -4.541806662430000330e+01
5.843930242929999963e-01 1.268143930769999872e-01 5.060932024080000424e-01 -9.496156629940000471e+01 2.357644035039999864e+01 -4.186650332220000337e+01
5.835595333930000406e-01 1.218398271249999942e-01 5.056750743910000123e-01 -9.590978599880000388e+01 2.374432357459999920e+01 -4.097918359060000171e+01
5.696823265170000150e-01 1.351227196060000024e-01 4.910826768880000026e-01 -9.657056789710000544e+01 2.326847018819999846e+01 -4.796657707180000330e+01
5.719895202010000235e-01 1.327227473650000045e-01 4.986248371159999748e-01 -9.625441537790000268e+01 2.321066831310000111e+01 -4.505841133410000054e+01
5.396573118930000357e-01 1.361630991960000037e-01 4.771173213020000192e-01 -1.006572364270000008e+02 2.216501579250000020e+01 -5.272067384000000345e+01
5.611116841459999893e-01 1.398851381550000050e-01 4.918445328030000008e-01 -9.724919449680000128e+01 2.246533376129999837e+01 -4.801787705409999774e+01
5.655155775339999469e-01 1.244764435420000065e-01 4.914148490460000240e-01 -9.784111418800000592e+01 2.333036550559999966e+01 -4.694474334779999936e+01
5.647257795610000075e-01 1.264523918119999923e-01 4.929863387840000000e-01 -9.774331314479999833e+01 2.315580401740000127e+01 -4.660628254769999756e+01
5.592549067380000460e-01 1.321355105249999995e-01 4.866130078299999995e-01 -9.795106563609999739e+01 2.283222953599999983e+01 -4.946634464009999732e+01
5.591726477520000405e-01 1.271627760269999907e-01 4.859092053590000071e-01 -9.832827160600000127e+01 2.328248262429999826e+01 -4.936673642369999726e+01
5.886508724079999588e-01 1.376855086740000067e-01 5.076744928290000125e-01 -9.397174393790000124e+01 2.362978667750000028e+01 -4.127160027650000274e+01
5.703831154139999970e-01 1.251724341899999871e-01 4.975352868180000221e-01 -9.692770618619999823e+01 2.345221864830000058e+01 -4.501417403410000162e+01
5.641362703390000455e-01 1.306245638759999939e-01 4.927402108689999949e-01 -9.729294739409999693e+01 2.313571059359999893e+01 -4.745621124080000186e+01
5.733226752069999765e-01 1.273647748460000062e-01 4.965077029559999966e-01 -9.668039946189999512e+01 2.356860282550000107e+01 -4.523036490999999870e+01
5.588199111370000249e-01 1.292101976389999907e-01 4.859081051560000253e-01 -9.824999518110000452e+01 2.292827248640000093e+01 -4.972255215159999864e+01
5.891844019169999447e-01 1.170787721469999931e-01 5.053151625199999719e-01 -9.432864314350000257e+01 2.418183114509999854e+01 -4.247788875479999859e+01
5.695687567510000493e-01 1.297338109479999890e-01 4.955412265779999825e-01 -9.684815553200000693e+01 2.319491412120000007e+01 -4.612227876229999879e+01
5.653862272049999804e-01 1.307503572239999967e-01 4.948157858839999923e-01 -9.751167989159999649e+01 2.290750551209999841e+01 -4.596557093940000271e+01
5.576911701729999615e-01 1.344035305519999945e-01 4.905288982850000146e-01 -9.815616437820000328e+01 2.263459596659999917e+01 -4.804764212959999981e+01
5.695585711409999474e-01 1.415054644840000042e-01 4.958795708659999857e-01 -9.653252900990000285e+01 2.266475191070000150e+01 -4.595202582659999990e+01
5.863297956980000336e-01 1.241429873210000007e-01 5.064388958059999890e-01 -9.531590978079999843e+01 2.366595875599999843e+01 -4.091730336949999725e+01
5.606350619950000169e-01 1.357859277790000041e-01 4.876514095419999806e-01 -9.753687035490000312e+01 2.285244467800000123e+01 -4.929956002360000156e+01
5.763985605460000272e-01 1.355656774519999885e-01 4.976492629350000030e-01 -9.575385545979999335e+01 2.339291517819999910e+01 -4.520669232779999902e+01
5.671593262680000302e-01 1.285105287430000076e-01 4.953346685069999755e-01 -9.768097582000000045e+01 2.321010490780000168e+01 -4.530719534360000011e+01
5.630848271749999689e-01 1.289390627249999977e-01 4.927108063180000164e-01 -9.806254897899999889e+01 2.290158124530000094e+01 -4.645771766949999915e+01
5.750738803870000249e-01 1.279552572600000104e-01 5.020663360979999990e-01 -9.624702339210000446e+01 2.316662354520000022e+01 -4.342487076510000321e+01
5.815904560050000338e-01 1.235153369669999973e-01 5.001902142020000497e-01 -9.549625788429999318e+01 2.369067803449999943e+01 -4.414279040859999981e+01
5.890662039730000243e-01 1.307796525840000113e-01 5.069735851479999500e-01 -9.442586482570000328e+01 2.383529237229999964e+01 -4.105296591559999797e+01
5.785152456190000292e-01 1.279783563440000105e-01 4.998993154370000025e-01 -9.564913282599999889e+01 2.355647751220000075e+01 -4.430153818809999677e+01
5.630896021110000094e-01 1.228610029080000055e-01 4.917054868579999738e-01 -9.780392849989999604e+01 2.333072336709999917e+01 -4.738521008779999732e+01
5.581914134350000056e-01 1.267065320309999910e-01 4.862133358790000082e-01 -9.841663436119999631e+01 2.313657569080000087e+01 -4.952275577380000016e+01
5.826959305069999706e-01 1.281224352760000074e-01 5.029978954370000199e-01 -9.544520959579999442e+01 2.353342552810000043e+01 -4.262221953739999947e+01
5.603262910670000485e-01 1.296314165190000089e-01 4.888634922130000171e-01 -9.780937279190000311e+01 2.295857429140000150e+01 -4.882103551040000156e+01
5.646514335750000280e-01 1.391594352709999982e-01 4.920656861919999736e-01 -9.711421285650000357e+01 2.255506850629999960e+01 -4.776993614239999886e+01
5.554496548689999980e-01 1.369517179270000051e-01 4.842065319759999986e-01 -9.806570327709999901e+01 2.243294779480000045e+01 -5.090578405059999767e+01
5.450989429529999875e-01 1.332785296619999893e-01 4.791772792080000176e-01 -9.980427193280000608e+01 2.247260629080000172e+01 -5.219282566479999730e+01
5.700248540200000269e-01 1.288013393090000069e-01 4.961412254249999987e-01 -9.712404755379999699e+01 2.307591069789999949e+01 -4.539970397049999917e+01
5.787104195440000431e-01 1.277224233429999911e-01 5.009449937219999649e-01 -9.576980923669999868e+01 2.350262237300000123e+01 -4.372249329120000283e+01
5.517749940070000303e-01 1.259034422749999993e-01 4.858346562699999982e-01 -9.961103191809999657e+01 2.265442425610000043e+01 -4.902021584079999883e+01
5.642516874720000519e-01 1.351673151090000136e-01 4.895448115680000045e-01 -9.723310570779999296e+01 2.288035353200000088e+01 -4.861884633230000219e+01
5.693803601939999570e-01 1.249371869519999984e-01 4.958835760909999779e-01 -9.705065544389999843e+01 2.355000793940000037e+01 -4.578961645990000306e+01
5.875787853049999621e-01 1.264051864290000049e-01 5.045977316959999737e-01 -9.450337085969999862e+01 2.395065461540000129e+01 -4.269683952590000331e+01
5.589528848160000285e-01 1.307031479890000125e-01 4.868837440959999929e-01 -9.827336646050000013e+01 2.307375408520000093e+01 -4.914771855659999744e+01
5.674956700740000359e-01 1.406914330039999994e-01 4.932031845759999866e-01 -9.646835885190000681e+01 2.275263768439999978e+01 -4.748157612699999675e+01
5.820825700109999445e-01 1.297225142100000006e-01 5.052266905619999804e-01 -9.534552013729999942e+01 2.336359770900000044e+01 -4.212166428199999757e+01
5.557566320429999651e-01 1.240349365650000035e-01 4.857748113479999907e-01 -9.845296254980000583e+01 2.294618139669999834e+01 -5.017081083869999958e+01
5.628243952200000511e-01 1.228154731609999994e-01 4.878929792869999837e-01 -9.760843925259999310e+01 2.351867298579999854e+01 -4.925284360900000280e+01
5.744983272239999605e-01 1.221976120140000066e-01 5.002403594909999862e-01 -9.677144052769999405e+01 2.348549387279999934e+01 -4.354489176580000276e+01
5.799660386649999610e-01 1.188955080489999955e-01 5.023157141199999787e-01 -9.623114328650000004e+01 2.387108613390000045e+01 -4.266797265409999795e+01
5.700061996930000374e-01 1.275238927809999867e-01 4.980802688359999841e-01 -9.717086760739999818e+01 2.335830674059999978e+01 -4.454186910130000143e+01
5.827530658780000206e-01 1.269944151019999912e-01 5.025017243920000265e-01 -9.530075500830000124e+01 2.356805434070000160e+01 -4.313624757950000088e+01
5.513895014240000059e-01 1.305534678120000014e-01 4.819107453490000248e-01 -9.925096560820000491e+01 2.296570962030000018e+01 -5.089945516480000265e+01
5.675332101209999980e-01 1.289336375550000080e-01 4.946864526379999849e-01 -9.741784908270000187e+01 2.295261545469999831e+01 -4.590935103910000237e+01
5.718940497050000182e-01 1.187018520929999932e-01 4.969785156159999828e-01 -9.766053662449999706e+01 2.378136510070000043e+01 -4.404750287369999739e+01
5.719500594140000116e-01 1.404350124279999945e-01 4.963962670029999913e-01 -9.624035013479999634e+01 2.285452610409999963e+01 -4.579990041939999657e+01
5.633487970670000289e-01 1.261784737649999932e-01 4.950019232310000072e-01 -9.789879729349999593e+01 2.296786570409999939e+01 -4.588170657730000102e+01
5.964255984990000092e-01 1.207721357949999991e-01 5.123255474629999640e-01 -9.426325739339999643e+01 2.411759570390000107e+01 -3.806196446060000227e+01
5.551912690420000018e-01 1.343645667339999905e-01 4.841528275870000120e-01 -9.845660033820000478e+01 2.262250497440000174e+01 -5.035521421090000160e+01
5.443711446560000056e-01 1.283736393949999888e-01 4.799226989900000073e-01 -1.004363848630000007e+02 2.249623439160000160e+01 -5.134111211239999761e+01
5.644076911500000016e-01 1.317833559559999923e-01 4.892609687439999910e-01 -9.745947010320000459e+01 2.312632220529999927e+01 -4.831663589610000287e+01
5.757325213249999685e-01 1.280601618480000092e-01 4.983056735540000171e-01 -9.636030934059999709e+01 2.368870845680000059e+01 -4.455168719969999813e+01
5.581082085040000029e-01 1.368943525130000005e-01 4.868500687769999891e-01 -9.788782903370000099e+01 2.258347568199999955e+01 -4.951682488630000023e+01
5.610996134700000360e-01 1.251195634970000137e-01 4.937570589520000053e-01 -9.822006757799999832e+01 2.306002640979999896e+01 -4.630835778640000200e+01
5.532303883579999804e-01 1.171829723129999973e-01 4.851254484729999872e-01 -9.966315783020000652e+01 2.321078853930000108e+01 -4.930863999470000181e+01
5.797906896950000277e-01 1.266277850779999881e-01 5.004973367249999638e-01 -9.559583316580000201e+01 2.359790435960000110e+01 -4.402676002799999821e+01
5.507207988469999815e-01 1.356401237650000091e-01 4.811875165380000152e-01 -9.885988754890000507e+01 2.266153879250000003e+01 -5.180380329860000188e+01
5.616966068850000049e-01 1.239167481729999964e-01 4.931078333989999951e-01 -9.810302504099999510e+01 2.323009434569999954e+01 -4.657893421419999669e+01
5.459202179140000277e-01 1.282208901830000081e-01 4.806866544019999798e-01 -1.002025321400000024e+02 2.258195857979999843e+01 -5.127485448899999909e+01
5.784184497000000036e-01 1.338252116280000126e-01 5.021386981740000310e-01 -9.527584488479999436e+01 2.329846513800000096e+01 -4.393104232580000001e+01
5.905856258220000266e-01 1.285689832309999947e-01 5.085483460699999902e-01 -9.400648107749999838e+01 2.398652367800000107e+01 -4.095015271140000124e+01
5.673444057690000264e-01 1.271714706319999888e-01 4.959933372129999851e-01 -9.769063114460000463e+01 2.322235999609999979e+01 -4.505358382320000032e+01
5.862914399769999507e-01 1.256456224770000074e-01 5.036513759490000020e-01 -9.503937980320000634e+01 2.388502378100000101e+01 -4.242898066970000315e+01
5.714068224999999668e-01 1.292676531789999916e-01 4.961111396089999959e-01 -9.675114985300000114e+01 2.339966933639999880e+01 -4.549130037770000001e+01
5.879919407670000098e-01 1.326176964230000033e-01 5.082289623989999505e-01 -9.459489364149999346e+01 2.362344539389999909e+01 -4.046980406939999853e+01
5.789621154170000450e-01 1.280930694290000060e-01 5.029402608790000118e-01 -9.611649213920000534e+01 2.357599485969999975e+01 -4.236573990819999835e+01
5.864369705530000365e-01 1.165383479810000039e-01 5.060365936859999580e-01 -9.570025422909999691e+01 2.404643155280000144e+01 -4.056469201630000043e+01
5.575824642769999784e-01 1.382853468059999924e-01 4.874407204089999945e-01 -9.774314218920000030e+01 2.271800067159999870e+01 -4.932599560839999953e+01
5.672142964590000114e-01 1.249310537969999940e-01 4.937864964270000101e-01 -9.734829617350000319e+01 2.341671304260000142e+01 -4.659231923229999950e+01
5.876186007920000121e-01 1.265609716249999905e-01 5.037040388850000383e-01 -9.467188298089999421e+01 2.396559153469999970e+01 -4.271669215379999685e+01
5.667602601290000486e-01 1.296749489840000047e-01 4.900581492600000200e-01 -9.689770829030000243e+01 2.322170124730000040e+01 -4.864248681619999815e+01
5.761581432760000121e-01 1.221040121199999939e-01 4.993007736789999984e-01 -9.600478074430000675e+01 2.358623896949999832e+01 -4.479480371279999673e+01
5.676388132709999645e-01 1.279063153409999987e-01 4.927387573379999886e-01 -9.676427673390000450e+01 2.328926260409999927e+01 -4.763732840480000164e+01
5.511998810129999926e-01 1.249177781999999959e-01 4.840158756060000123e-01 -9.938922555909999801e+01 2.311268994470000138e+01 -5.011833012919999675e+01
5.829676054429999699e-01 1.287348528080000110e-01 5.037914003850000322e-01 -9.571857438489999481e+01 2.366083944829999908e+01 -4.184300213910000110e+01
5.644363514450000396e-01 1.422983097709999978e-01 4.891088677439999755e-01 -9.681668093919999762e+01 2.270866487720000038e+01 -4.890586561920000008e+01
5.386020859869999899e-01 1.351044407770000122e-01 4.747385888430000200e-01 -1.006019269039999955e+02 2.228786104960000003e+01 -5.385629959330000105e+01
5.669533290299999528e-01 1.344959295650000053e-01 4.922718380089999846e-01 -9.665410669029999724e+01 2.311689485500000174e+01 -4.795257980670000109e+01
5.729383631979999558e-01 1.179126233329999968e-01 4.987820276800000174e-01 -9.770474609670000632e+01 2.368542727619999866e+01 -4.306989301269999970e+01
5.616586487179999754e-01 1.335982151700000065e-01 4.880537458459999756e-01 -9.768530104299999550e+01 2.302273184959999952e+01 -4.884831232549999669e+01
5.757623598300000145e-01 1.360503917460000045e-01 4.957196604860000244e-01 -9.558660514260000696e+01 2.336063678189999848e+01 -4.648254400769999961e+01
5.731528694880000385e-01 1.417548391150000031e-01 4.980824643580000211e-01 -9.565169569459999366e+01 2.282765642940000106e+01 -4.554379041229999814e+01
5.560279404329999675e-01 1.445818303070000033e-01 4.846136815970000233e-01 -9.790002974579999773e+01 2.244341002599999868e+01 -5.050103918970000194e+01
5.558922056380000143e-01 1.323623064649999959e-01 4.831662722780000196e-01 -9.793973738079999691e+01 2.299619416379999848e+01 -5.157250598249999740e+01
5.664120313880000035e-01 1.316262511329999996e-01 4.966112819710000181e-01 -9.706820768170000235e+01 2.292454847069999957e+01 -4.575945939019999997e+01
5.659008053070000432e-01 1.324156964890000066e-01 4.891072757559999928e-01 -9.711137992390000306e+01 2.326194221089999914e+01 -4.856472174529999819e+01
5.787723721899999951e-01 1.347276186580000090e-01 5.020345362060000260e-01 -9.528409797630000355e+01 2.326613091389999965e+01 -4.378310190909999733e+01
5.581251750839999470e-01 1.425114617279999996e-01 4.866099364140000216e-01 -9.739319373120000023e+01 2.254753769730000101e+01 -5.024095526629999853e+01
5.582604387320000416e-01 1.317107098339999893e-01 4.890462187219999923e-01 -9.813198457500000416e+01 2.289537138969999930e+01 -4.861127144879999662e+01
5.691598445490000380e-01 1.368412421830000059e-01 4.963370720690000182e-01 -9.688566284579999888e+01 2.286002805840000107e+01 -4.543572137089999785e+01
5.765145924340000505e-01 1.232535076360000009e-01 5.020984690759999758e-01 -9.642270048529999826e+01 2.346023082609999832e+01 -4.292087271289999961e+01
5.700382421930000332e-01 1.334514342039999912e-01 4.941689464180000213e-01 -9.649961711310000112e+01 2.305527701509999972e+01 -4.691965374939999833e+01
5.534055981750000131e-01 1.183430366819999968e-01 4.862540526069999980e-01 -1.002284713180000040e+02 2.326110944610000075e+01 -4.802203813530000076e+01
5.745857891919999849e-01 1.286240509930000053e-01 4.970608136849999914e-01 -9.642893884580000474e+01 2.347111901170000081e+01 -4.514851461279999967e+01
5.601222671669999764e-01 1.263513034279999947e-01 4.911337767860000092e-01 -9.819889306199999623e+01 2.283353956990000100e+01 -4.761278828190000212e+01
5.478809877710000276e-01 1.304857365569999927e-01 4.810590640829999765e-01 -9.939241398699999763e+01 2.249349416440000127e+01 -5.182756901089999957e+01
5.581940182960000163e-01 1.295417261629999983e-01 4.889854455970000235e-01 -9.846499838530000659e+01 2.280084273330000144e+01 -4.840127305320000062e+01
5.659972998059999982e-01 1.406731949570000084e-01 4.911626543050000016e-01 -9.685523826130000202e+01 2.253357017529999951e+01 -4.800871647750000193e+01
5.752338565029999629e-01 1.321768892480000013e-01 4.984834502570000270e-01 -9.568427627180000172e+01 2.329848836660000089e+01 -4.529950289220000315e+01
5.553574035749999638e-01 1.313854155910000043e-01 4.886724656729999894e-01 -9.889586499899999694e+01 2.249577497670000170e+01 -4.823810543870000345e+01
5.731960720640000284e-01 1.145261775149999939e-01 4.971503232239999903e-01 -9.685897102639999900e+01 2.382222123540000069e+01 -4.510347731790000125e+01
5.706220093810000504e-01 1.345165340950000010e-01 4.957790962270000046e-01 -9.664245771710000099e+01 2.290066191109999849e+01 -4.595843775360000194e+01
5.888621513309999500e-01 1.256635183099999997e-01 5.046276691469999687e-01 -9.454496870369999328e+01 2.397579164949999964e+01 -4.233943727989999672e+01
5.764453579330000021e-01 1.280788117240000135e-01 5.000076352010000003e-01 -9.634534296750000237e+01 2.346757640139999879e+01 -4.372487638740000193e+01
5.670226116069999600e-01 1.241774466919999959e-01 4.915170678960000261e-01 -9.762383139000000654e+01 2.332045752759999857e+01 -4.708192742140000320e+01
5.823272878359999627e-01 1.334470352630000023e-01 5.049051523580000422e-01 -9.509100140089999798e+01 2.338921146139999863e+01 -4.238195806150000067e+01
5.789142052200000332e-01 1.177503057559999983e-01 4.985555423040000100e-01 -9.596697589219999713e+01 2.406589437919999952e+01 -4.487719329929999645e+01
5.638152244340000063e-01 1.286829095189999939e-01 4.892567778019999980e-01 -9.763386791550000510e+01 2.325866298280000066e+01 -4.823883197370000175e+01
5.479876479969999492e-01 1.293580894789999880e-01 4.800177298650000202e-01 -9.974305673649999449e+01 2.277661716089999899e+01 -5.174286511759999740e+01
5.742915273930000453e-01 1.374618420640000005e-01 4.973389722289999759e-01 -9.600289128810000250e+01 2.319462906680000103e+01 -4.542417198919999777e+01
5.772313310050000146e-01 1.279447696749999863e-01 4.994832406229999799e-01 -9.641573371680000548e+01 2.348561673200000044e+01 -4.382526559229999918e+01
5.399204145299999480e-01 1.292728125940000028e-01 4.744938424169999891e-01 -1.010261274509999936e+02 2.247188158060000163e+01 -5.329666399319999925e+01
5.755267410879999490e-01 1.255272701200000063e-01 4.962933269290000227e-01 -9.621927740450000499e+01 2.380726486220000027e+01 -4.574891294420000065e+01
5.481134721760000383e-01 1.231468992290000036e-01 4.816727518500000249e-01 -9.999418023489999996e+01 2.304333381320000029e+01 -5.086864853109999984e+01
5.511585265249999699e-01 1.173088324839999946e-01 4.853421741560000058e-01 -1.003429933440000070e+02 2.313692494360000040e+01 -4.864483926270000325e+01
5.507267251440000067e-01 1.372856136770000124e-01 4.839193742569999901e-01 -9.910005529030000559e+01 2.228199788170000062e+01 -5.025408343130000333e+01
5.849938759130000054e-01 1.180689734450000028e-01 5.049181481969999830e-01 -9.553483411610000076e+01 2.407401161660000000e+01 -4.172121915030000139e+01
5.616789889879999498e-01 1.371843632220000053e-01 4.920801782750000020e-01 -9.766711153629999842e+01 2.264194442570000021e+01 -4.730005132029999970e+01
5.736925382369999493e-01 1.267723289409999898e-01 4.956064168839999784e-01 -9.650066901620000692e+01 2.355846971069999896e+01 -4.603326712530000009e+01
5.443390774499999862e-01 1.329602364199999887e-01 4.798944247240000127e-01 -9.978779813170000068e+01 2.242854388299999968e+01 -5.212347902669999655e+01
5.690432314129999503e-01 1.306839118039999914e-01 4.939431929679999889e-01 -9.684107495000000654e+01 2.300879489680000134e+01 -4.687875946249999970e+01
5.744217985639999968e-01 1.305712278039999896e-01 4.986366380250000230e-01 -9.615018387310000492e+01 2.332876033160000162e+01 -4.482623571220000258e+01
5.770433104669999702e-01 1.175406666099999969e-01 5.018269043649999928e-01 -9.668103343319999965e+01 2.380185031050000077e+01 -4.280669225070000294e+01
5.602352070939999873e-01 1.170813245959999999e-01 4.877441303819999852e-01 -9.868485898849999671e+01 2.364462884519999974e+01 -4.851690112410000211e+01
5.876120715179999898e-01 1.212878970229999964e-01 5.054624262039999483e-01 -9.503032049559999450e+01 2.405957467500000035e+01 -4.157296574429999936e+01
5.733740223879999487e-01 1.298608790549999892e-01 4.983554959739999735e-01 -9.646346737940000082e+01 2.323156623970000112e+01 -4.479383048150000235e+01
5.631248742869999768e-01 1.315778873750000078e-01 4.915149804649999732e-01 -9.744563951819999659e+01 2.293152304710000067e+01 -4.785147464079999935e+01
5.553493316909999811e-01 1.308755859540000066e-01 4.822976527980000205e-01 -9.856928444800000477e+01 2.295882628709999906e+01 -5.103653448930000280e+01
5.751873533710000208e-01 1.328878856800000119e-01 4.958420821110000043e-01 -9.579637727329999564e+01 2.342353880880000006e+01 -4.621576448980000151e+01
5.623399835390000545e-01 1.346923388819999956e-01 4.921183766610000010e-01 -9.768745234989999915e+01 2.275359549370000067e+01 -4.716552475259999966e+01
5.460958613609999679e-01 1.290736471670000107e-01 4.771559652710000154e-01 -9.963315830530000028e+01 2.280442372410000118e+01 -5.315323593050000284e+01
5.753921242509999479e-01 1.303862934660000028e-01 4.968023571590000076e-01 -9.635668296769999586e+01 2.354335753350000005e+01 -4.523887718900000010e+01
5.857835559920000490e-01 1.205458972000000017e-01 5.036273630380000421e-01 -9.484992672490000132e+01 2.399148869560000108e+01 -4.296179701490000014e+01
5.510052241230000147e-01 1.382379888770000065e-01 4.821850022949999981e-01 -9.875036406220000629e+01 2.237116410810000033e+01 -5.136660981440000029e+01
5.690050035339999646e-01 1.350257201879999924e-01 4.941932915830000161e-01 -9.661811794439999801e+01 2.301757261579999891e+01 -4.686326409160000139e+01
5.749543508340000386e-01 1.252350724799999870e-01 4.981026146470000082e-01 -9.663704252530000360e+01 2.354436116930000011e+01 -4.447842602499999742e+01
5.604915519569999560e-01 1.264901665710000123e-01 4.911058043109999827e-01 -9.863358811400000548e+01 2.303624442670000150e+01 -4.687078307120000176e+01
5.679274437719999957e-01 1.367550693769999937e-01 4.908044408259999991e-01 -9.666654042650000633e+01 2.288423217049999892e+01 -4.820453029069999928e+01
5.660177457739999918e-01 1.269298387979999887e-01 4.948404229899999729e-01 -9.754265792690000580e+01 2.301311340009999995e+01 -4.611818215160000278e+01
5.600904342210000220e-01 1.278797740089999968e-01 4.861708838609999916e-01 -9.807302820099999963e+01 2.317248185400000082e+01 -4.969878519099999892e+01
5.521534562880000552e-01 1.421938523400000098e-01 4.840881399340000169e-01 -9.840980613780000397e+01 2.225507289320000126e+01 -5.080900016399999686e+01
5.776824648039999843e-01 1.387190143719999880e-01 4.992346791080000123e-01 -9.509398776640000506e+01 2.326862858189999983e+01 -4.519760711360000016e+01
5.603931629380000112e-01 1.308691329539999892e-01 4.917369879940000077e-01 -9.812251668700000096e+01 2.293209204840000126e+01 -4.715282695300000171e+01
5.700535425660000488e-01 1.190809578589999973e-01 4.958274140289999909e-01 -9.746392036839999662e+01 2.369560262510000115e+01 -4.522336553819999949e+01
5.592280052060000228e-01 1.264072793709999920e-01 4.884509772580000186e-01 -9.870282467949999727e+01 2.320746207399999861e+01 -4.817978513479999947e+01
5.575415529580000085e-01 1.302599167579999995e-01 4.865751897250000235e-01 -9.787771187149999719e+01 2.286901390530000100e+01 -5.001568008200000293e+01
5.775094024200000398e-01 1.231157318479999957e-01 4.999069801009999869e-01 -9.659425384700000450e+01 2.379261357389999887e+01 -4.323145189299999913e+01
5.658871066370000369e-01 1.319565104469999917e-01 4.896976323359999994e-01 -9.734117678120000505e+01 2.328339100310000020e+01 -4.801358095199999809e+01
5.677713944819999803e-01 1.400934766539999876e-01 4.917268244810000244e-01 -9.643935172739999473e+01 2.275138127250000153e+01 -4.798677305940000082e+01
5.542693443499999706e-01 1.208402291389999994e-01 4.828214532039999951e-01 -9.916212683739999534e+01 2.322733768249999997e+01 -5.061431563899999730e+01
5.869315343240000260e-01 1.152188344970000028e-01 5.056977225869999648e-01 -9.542974578579999445e+01 2.415856772120000073e+01 -4.119584583299999991e+01
5.916972414529999558e-01 1.205897222539999980e-01 5.075335213020000236e-01 -9.486314313970000001e+01 2.409739011119999930e+01 -4.009625615990000114e+01
5.623651033850000092e-01 1.281402930249999905e-01 4.893491544549999905e-01 -9.801464214169999423e+01 2.294253471680000089e+01 -4.812970951549999654e+01
5.721878051969999657e-01 1.248208942349999934e-01 4.946825650339999880e-01 -9.649596864100000460e+01 2.358302800670000110e+01 -4.667055257079999819e+01
5.692823306809999817e-01 1.343903744469999995e-01 4.953535743940000180e-01 -9.696358836170000473e+01 2.286850663099999892e+01 -4.578472623380000073e+01
5.439080151570000465e-01 1.354614309859999977e-01 4.805023709230000217e-01 -1.001191032979999989e+02 2.209222384210000101e+01 -5.144347585460000261e+01
5.843480353569999730e-01 1.244083142129999986e-01 5.032955852429999988e-01 -9.551044461989999945e+01 2.382256584730000171e+01 -4.218068256619999801e+01
5.751155345149999709e-01 1.321395151399999968e-01 4.986919165770000162e-01 -9.587941889969999920e+01 2.329757129889999945e+01 -4.513092173750000313e+01
5.841383007799999527e-01 1.238929076299999932e-01 5.048034118080000354e-01 -9.517217376860000400e+01 2.377714721079999904e+01 -4.232909417100000127e+01
5.533112999239999663e-01 1.270861333599999921e-01 4.864813990529999743e-01 -9.924708175969999502e+01 2.267964127060000123e+01 -4.909453338409999645e+01
5.854658337999999462e-01 1.219460860140000047e-01 5.068533168340000339e-01 -9.542973909719999881e+01 2.375217107450000142e+01 -4.085069740170000330e+01
5.726444725229999921e-01 1.199132653109999946e-01 4.972843663729999975e-01 -9.709463644000000215e+01 2.384829076680000171e+01 -4.453064160049999742e+01
5.810605042080000393e-01 1.248149511050000021e-01 5.012308967330000309e-01 -9.572726302019999878e+01 2.363709204499999927e+01 -4.333539804629999992e+01
5.650957316179999745e-01 1.278514248250000040e-01 4.923879865640000131e-01 -9.777844476609999447e+01 2.329250659839999926e+01 -4.669087062660000242e+01
5.589300485460000356e-01 1.362725977869999883e-01 4.872906607670000056e-01 -9.768267390859999466e+01 2.282889620839999978e+01 -4.931249919399999726e+01
5.611910698600000025e-01 1.288724205590000005e-01 4.929284043919999747e-01 -9.837054900639999744e+01 2.296040671360000118e+01 -4.629569696589999950e+01
5.562950175919999518e-01 1.314172286349999941e-01 4.857869299679999919e-01 -9.842784295379999548e+01 2.293357311999999837e+01 -4.972394914729999726e+01
5.509050130629999931e-01 1.293618811120000045e-01 4.789033361210000006e-01 -9.882230687889999388e+01 2.300543607479999864e+01 -5.289354387059999851e+01
5.623190477520000341e-01 1.362766402789999942e-01 4.906991361179999789e-01 -9.732240414269999462e+01 2.252076020850000049e+01 -4.824574033199999690e+01
5.694586069000000528e-01 1.261866038720000083e-01 4.966912428679999825e-01 -9.711036405909999303e+01 2.344315503789999866e+01 -4.526656344839999946e+01
5.497924321520000213e-01 1.452890441880000105e-01 4.784121857540000189e-01 -9.796476293610000141e+01 2.231318981580000127e+01 -5.379852054500000236e+01
5.704521404319999878e-01 1.314683323380000102e-01 4.955216802599999859e-01 -9.676117939140000601e+01 2.294848677879999954e+01 -4.595279398489999778e+01
5.766295692049999699e-01 1.271299258680000099e-01 4.984640676040000273e-01 -9.617683460339999613e+01 2.338627310429999895e+01 -4.470830034490000315e+01
5.485176556790000157e-01 1.336066918930000069e-01 4.821354094690000203e-01 -9.948573507609999922e+01 2.256915965110000144e+01 -5.098771963410000296e+01
5.647940552760000177e-01 1.198463611630000009e-01 4.913929924950000139e-01 -9.785163993269999594e+01 2.365907826830000005e+01 -4.732066388439999827e+01
5.591885655089999796e-01 1.417714397979999985e-01 4.860811656380000234e-01 -9.763491941659999895e+01 2.267815802089999977e+01 -4.979206954370000204e+01
5.784418386170000481e-01 1.334404627330000037e-01 4.986854815780000227e-01 -9.544372305279999580e+01 2.329500344990000116e+01 -4.500408781670000025e+01
5.841256392429999833e-01 1.250725784689999953e-01 5.044980766219999690e-01 -9.544232114039999715e+01 2.379465913619999995e+01 -4.194366008370000287e+01
5.457974535740000022e-01 1.326081369769999962e-01 4.803322681780000103e-01 -9.965713293049999777e+01 2.258407037759999980e+01 -5.191119130730000109e+01
5.681348135360000384e-01 1.273865287469999885e-01 4.915199723120000086e-01 -9.708931215219999444e+01 2.339456409090000122e+01 -4.756066532060000185e+01
5.687232102589999672e-01 1.229859513410000021e-01 4.917157152139999821e-01 -9.745739829590000625e+01 2.370267988979999885e+01 -4.694004593039999662e+01
5.579974372199999477e-01 1.296413754359999893e-01 4.911263484030000126e-01 -9.833722552039999698e+01 2.276913002070000047e+01 -4.747381984030000268e+01
5.842621055129999519e-01 1.274487651560000101e-01 5.048283630150000034e-01 -9.533292071610000562e+01 2.369448717690000095e+01 -4.166454582499999759e+01
5.655322202789999642e-01 1.279402878060000026e-01 4.914683743259999904e-01 -9.761292426949999879e+01 2.313965098279999921e+01 -4.733026585609999870e+01
5.741923963799999697e-01 1.360693945900000035e-01 4.995003448499999998e-01 -9.598684560659999931e+01 2.294481790549999900e+01 -4.454384090149999764e+01
5.815930773549999877e-01 1.260564319230000063e-01 4.998228058949999997e-01 -9.549122273720000464e+01 2.378529108089999866e+01 -4.429989462609999862e+01
5.580138079209999713e-01 1.366185430119999933e-01 4.887736038189999799e-01 -9.819526515120000454e+01 2.254605418190000066e+01 -4.839049047590000185e+01
5.603845480589999539e-01 1.287901871450000124e-01 4.890740867660000046e-01 -9.850679545299999518e+01 2.282342438979999955e+01 -4.776818069259999788e+01
5.678650157519999908e-01 1.316803420479999986e-01 4.926588613139999961e-01 -9.714960871789999430e+01 2.340876131959999995e+01 -4.679400084099999901e+01
5.535150915509999825e-01 1.287263462550000126e-01 4.869144297820000022e-01 -9.885445048059999351e+01 2.271376521519999869e+01 -4.927662564610000118e+01
5.908506076699999721e-01 1.286730929730000028e-01 5.101086156999999899e-01 -9.414491756820000035e+01 2.383001969589999902e+01 -4.003853749129999784e+01
5.684231710539999760e-01 1.374037235430000115e-01 4.917748419319999953e-01 -9.617064845710000043e+01 2.306923892280000032e+01 -4.839791264189999964e+01
5.724249471110000043e-01 1.218943547049999993e-01 4.959876655400000112e-01 -9.718897107070000629e+01 2.378617354549999874e+01 -4.493899147930000026e+01
5.582762053099999955e-01 1.396701805399999941e-01 4.902300447969999975e-01 -9.812848184509999783e+01 2.245807848129999940e+01 -4.786718807919999819e+01
5.952711771569999533e-01 1.198524315299999976e-01 5.087593732309999561e-01 -9.423862785880000104e+01 2.429373860919999828e+01 -3.985971106160000232e+01
5.843420111779999981e-01 1.314689909460000083e-01 5.045782944729999553e-01 -9.505530466189999572e+01 2.352568017990000016e+01 -4.214167695199999741e+01
5.713146441499999950e-01 1.300337696749999938e-01 4.961899959889999878e-01 -9.677156640309999602e+01 2.346360631889999837e+01 -4.541459595789999781e+01
5.841126901069999544e-01 1.290237253679999974e-01 5.051222069009999593e-01 -9.539970993420000411e+01 2.353150260560000007e+01 -4.157768974319999700e+01
5.516213978639999960e-01 1.264371341159999940e-01 4.839297015039999983e-01 -9.950673089750000599e+01 2.288229113159999883e+01 -4.982177038670000258e+01
5.694013205100000308e-01 1.411182327899999922e-01 4.960377683519999747e-01 -9.642642819760000350e+01 2.272861468199999990e+01 -4.616492632309999777e+01
5.727527389990000328e-01 1.314482034449999948e-01 4.972943492410000221e-01 -9.641982913319999682e+01 2.293378055530000026e+01 -4.548624835430000246e+01
5.702118760719999679e-01 1.316445098529999969e-01 4.923271186609999850e-01 -9.639400730020000196e+01 2.328894463600000009e+01 -4.771939129119999734e+01
5.583426294379999488e-01 1.263780742770000132e-01 4.859139546449999791e-01 -9.832392337320000308e+01 2.308607394150000047e+01 -4.972227328790000200e+01
5.531521339610000476e-01 1.184608639560000010e-01 4.826556456730000111e-01 -9.937439968559999670e+01 2.345010818109999917e+01 -5.062296391980000010e+01
5.409134985360000147e-01 1.395143798379999966e-01 4.788292363330000079e-01 -1.004837768670000031e+02 2.198301708099999985e+01 -5.197415602769999765e+01
5.589648883819999803e-01 1.266098685379999922e-01 4.868615918629999872e-01 -9.792279504020000047e+01 2.306212623900000125e+01 -4.973956254979999869e+01
5.967394646739999642e-01 1.264705071810000026e-01 5.137863661499999512e-01 -9.406579452520000473e+01 2.387673620909999883e+01 -3.734576348160000236e+01
5.796736934630000171e-01 1.239774302470000034e-01 5.023267158380000375e-01 -9.609263426619999393e+01 2.385516906249999991e+01 -4.277570416700000067e+01
5.543331739100000322e-01 1.262575979339999876e-01 4.855696618670000131e-01 -9.920340552880000473e+01 2.299348702989999893e+01 -4.912832843630000212e+01
5.762239436910000512e-01 1.323822422029999890e-01 4.975662804670000217e-01 -9.581470845779999479e+01 2.333582666299999886e+01 -4.532488736989999722e+01
5.648111498240000472e-01 1.273762940410000100e-01 4.914517169290000265e-01 -9.745986164100000337e+01 2.310494148920000157e+01 -4.763081891659999911e+01
5.615027241960000026e-01 1.437400633550000029e-01 4.888135329739999868e-01 -9.712845389349999436e+01 2.264851618950000045e+01 -4.904083212510000322e+01
5.729896078380000146e-01 1.254376205520000009e-01 4.958964531769999851e-01 -9.673853495420000570e+01 2.335067656180000029e+01 -4.554394174939999829e+01
5.563457835420000386e-01 1.309060447940000038e-01 4.881829403419999935e-01 -9.842943776289999391e+01 2.278245896600000009e+01 -4.879886985430000124e+01
5.824367063890000251e-01 1.266895004230000066e-01 5.021023494070000481e-01 -9.517992697649999911e+01 2.387258809480000110e+01 -4.344837183829999816e+01
5.643738570499999829e-01 1.343651800269999863e-01 4.933934800779999907e-01 -9.732544557069999769e+01 2.301564575249999933e+01 -4.689911453890000104e+01
5.600559527940000004e-01 1.293707265959999908e-01 4.882766309500000124e-01 -9.811660894089999374e+01 2.287634646420000095e+01 -4.869836168409999999e+01
5.644515375280000358e-01 1.296526884280000125e-01 4.908742891960000132e-01 -9.746930173059999447e+01 2.333894793920000055e+01 -4.784040233190000180e+01
5.555122366019999980e-01 1.202356927800000003e-01 4.850739297669999783e-01 -9.904520270529999948e+01 2.338964815299999955e+01 -4.967196997979999651e+01
5.569037731439999694e-01 1.354088615019999886e-01 4.889142927219999879e-01 -9.844600078320000591e+01 2.258618862599999844e+01 -4.844293572539999815e+01
5.665584620089999524e-01 1.244195759419999964e-01 4.913048347039999930e-01 -9.739693854989999977e+01 2.365689946690000056e+01 -4.747341148489999796e+01
5.658686323389999773e-01 1.298209124099999889e-01 4.917920671739999805e-01 -9.748776802470000291e+01 2.308911334229999923e+01 -4.715733157260000041e+01
5.465728316219999883e-01 1.341755954949999941e-01 4.804622967430000058e-01 -9.949363985899999818e+01 2.245631415069999903e+01 -5.188794086309999898e+01
5.823122377070000244e-01 1.215723208449999981e-01 5.018187556669999605e-01 -9.573895882269999902e+01 2.393941482150000155e+01 -4.304675165649999968e+01
5.870289488859999905e-01 1.211864536220000066e-01 5.060518328399999932e-01 -9.476873506910000344e+01 2.389497274200000021e+01 -4.178452361120000091e+01
5.719444819790000523e-01 1.323005414860000117e-01 4.966313958129999762e-01 -9.669401292189999708e+01 2.313744068369999951e+01 -4.528284981600000236e+01
5.574807305269999791e-01 1.345385660529999916e-01 4.888525430099999736e-01 -9.811433845160000544e+01 2.276559852899999825e+01 -4.869149452389999766e+01
5.814688663029999871e-01 1.275349095880000116e-01 5.006154571219999516e-01 -9.551913046759999304e+01 2.347666416399999889e+01 -4.390113669720000189e+01
5.856609690780000266e-01 1.213758518579999973e-01 5.057280907360000022e-01 -9.565918550540000354e+01 2.384674865210000050e+01 -4.081097791290000032e+01
5.679916718709999701e-01 1.226149565970000022e-01 4.908818935300000019e-01 -9.694209574379999594e+01 2.358160100570000139e+01 -4.824173689199999870e+01
5.667839110860000140e-01 1.263611357059999940e-01 4.929744593350000037e-01 -9.725164072559999795e+01 2.339701133559999846e+01 -4.703736898910000264e+01
5.702250527509999944e-01 1.367714124659999975e-01 4.981304835390000241e-01 -9.675536283479999611e+01 2.274460587889999985e+01 -4.473982829450000054e+01
5.903276556519999607e-01 1.217052378029999937e-01 5.068883856960000323e-01 -9.472257171479999727e+01 2.406720249030000147e+01 -4.105586062689999949e+01
5.568520040919999747e-01 1.375542589340000010e-01 4.874175431339999864e-01 -9.793923342710000668e+01 2.252767459160000030e+01 -4.922261883870000077e+01
5.565446721329999624e-01 1.252569283960000002e-01 4.837912604519999937e-01 -9.891242885030000309e+01 2.312427752070000153e+01 -5.006364793120000201e+01
5.558638480599999987e-01 1.402278552569999892e-01 4.854854303389999903e-01 -9.805142631639999706e+01 2.249240496150000013e+01 -5.000807632709999950e+01
5.531589491559999461e-01 1.313247769889999972e-01 4.842201237900000121e-01 -9.892612433520000081e+01 2.277223030580000085e+01 -5.026122266750000023e+01
5.924819430659999941e-01 1.243509890750000013e-01 5.092297922120000431e-01 -9.413339503519999596e+01 2.400386377970000140e+01 -4.034455060559999851e+01
5.724554094899999557e-01 1.280182931490000120e-01 4.974439163500000149e-01 -9.672004395390000298e+01 2.342100152729999962e+01 -4.480339535329999734e+01
5.665130023009999904e-01 1.279137180609999924e-01 4.924066418040000115e-01 -9.708982154279999577e+01 2.309916546119999836e+01 -4.761720802239999983e+01
5.771524886009999911e-01 1.345862550689999881e-01 4.978578113159999874e-01 -9.551622824560000424e+01 2.330258764690000106e+01 -4.543985699059999916e+01
5.503100018859999887e-01 1.363746754329999977e-01 4.783066805419999845e-01 -9.852387241050000455e+01 2.260590451979999926e+01 -5.341218388800000128e+01
5.705935402599999762e-01 1.232300665800000056e-01 4.959450054599999769e-01 -9.677332087150000461e+01 2.340988278240000042e+01 -4.596600190769999728e+01
5.773831071520000302e-01 1.236107105739999990e-01 5.024537366979999753e-01 -9.620098705030000019e+01 2.351671655310000020e+01 -4.294096412369999882e+01
5.758935721350000314e-01 1.333150672639999978e-01 4.976325050659999860e-01 -9.621038018420000526e+01 2.346323942509999938e+01 -4.482652517740000064e+01
5.575425156929999515e-01 1.231029966609999970e-01 4.851318609170000018e-01 -9.860926455659999590e+01 2.320088010350000118e+01 -4.990665325930000051e+01
5.569002358860000168e-01 1.386557341659999942e-01 4.850648773819999926e-01 -9.796456788240000435e+01 2.242944987390000122e+01 -5.020707460839999925e+01
5.748859429270000154e-01 1.339833086339999868e-01 4.976399181799999738e-01 -9.605470908159999510e+01 2.307852563699999848e+01 -4.519194437710000045e+01
5.607150312390000169e-01 1.293683714159999942e-01 4.855543110139999841e-01 -9.809868075180000346e+01 2.327712409200000110e+01 -4.956908690929999750e+01
5.794174348830000154e-01 1.183803965469999997e-01 4.988843634719999920e-01 -9.615049543419999623e+01 2.405159010890000104e+01 -4.433472897450000261e+01
5.550026371920000479e-01 1.354197131880000016e-01 4.850513384230000224e-01 -9.850435569139999359e+01 2.272013541120000113e+01 -5.003673260170000248e+01
5.540136831349999902e-01 1.309315975199999982e-01 4.842628106490000084e-01 -9.898361125680000328e+01 2.279095665859999897e+01 -5.004943695320000074e+01
5.457929245639999705e-01 1.287833447279999877e-01 4.805472527490000090e-01 -1.000308391709999967e+02 2.248854683969999968e+01 -5.143522584029999933e+01
5.824335752729999927e-01 1.250842575589999894e-01 5.022383603969999832e-01 -9.534518952710000406e+01 2.364016626140000099e+01 -4.335645270149999675e+01
5.499877949539999644e-01 1.314923060569999913e-01 4.824481112799999805e-01 -9.886995347100000231e+01 2.265271020320000162e+01 -5.164322546180000018e+01
5.680663129620000529e-01 1.301960907009999946e-01 4.950671260719999855e-01 -9.708800870100000679e+01 2.311479511810000176e+01 -4.614152349390000296e+01
5.820041643209999949e-01 1.275882806879999887e-01 4.997869342810000171e-01 -9.539427615510000180e+01 2.387058357300000111e+01 -4.420896145630000262e+01
5.678382941649999793e-01 1.393652740870000017e-01 4.967419844420000175e-01 -9.690512423350000404e+01 2.261459764110000137e+01 -4.536717246370000112e+01
5.802276888620000461e-01 1.161682188039999952e-01 5.041351605710000516e-01 -9.648839721800000291e+01 2.393058786279999950e+01 -4.146745516819999722e+01
5.709860893570000151e-01 1.103492978510000055e-01 4.968267307099999974e-01 -9.804078597080000179e+01 2.396105016319999947e+01 -4.404786104010000258e+01
5.536631910020000102e-01 1.229387379559999938e-01 4.819113270390000259e-01 -9.918149631439999325e+01 2.328810281149999994e+01 -5.098822007239999721e+01
5.701372894909999545e-01 1.254496047579999884e-01 4.935665710079999990e-01 -9.670903704520000588e+01 2.345075522449999994e+01 -4.705144046529999713e+01
5.817008566579999762e-01 1.213874419300000063e-01 5.025647512009999707e-01 -9.547039920369999777e+01 2.382797259000000167e+01 -4.332198132429999760e+01
5.533421437790000397e-01 1.349821243110000124e-01 4.843068308819999945e-01 -9.854146895120000238e+01 2.266398248369999990e+01 -5.050472572510000191e+01
5.688020556420000373e-01 1.337734484439999927e-01 4.929500683049999887e-01 -9.659156523389999904e+01 2.295577475920000055e+01 -4.761171886580000034e+01
5.903165467359999807e-01 1.188471207549999936e-01 5.083558759859999610e-01 -9.460503836140000544e+01 2.397829811189999916e+01 -4.062938063800000066e+01
5.446832792719999983e-01 1.387615260969999875e-01 4.779022772150000042e-01 -9.961155348110000318e+01 2.239706404420000041e+01 -5.299021121029999648e+01
5.757352783470000013e-01 1.277682416189999948e-01 4.988515809169999926e-01 -9.590295545940000466e+01 2.367276451849999930e+01 -4.492509427040000247e+01
5.659465866309999482e-01 1.326468159310000006e-01 4.891943944350000129e-01 -9.676856744399999855e+01 2.311729310400000159e+01 -4.910034253279999916e+01
5.704262556970000064e-01 1.225012820370000033e-01 4.976849830380000173e-01 -9.704153029229999561e+01 2.337732906409999956e+01 -4.497266860229999708e+01
5.672936000460000461e-01 1.236020416760000018e-01 4.899126789389999792e-01 -9.739262559610000380e+01 2.365001850270000006e+01 -4.795480368869999666e+01
5.561016986190000511e-01 1.277742249499999871e-01 4.867787099540000217e-01 -9.888387709360000599e+01 2.272710569399999869e+01 -4.900082487859999958e+01
5.500147614989999711e-01 1.421917571480000031e-01 4.804197773189999854e-01 -9.862302017659999365e+01 2.221537568809999996e+01 -5.231944896670000134e+01
5.869057415820000401e-01 1.269813520149999930e-01 5.038471718600000537e-01 -9.440440151139999614e+01 2.384932847940000045e+01 -4.323147521780000346e+01
5.830030898579999787e-01 1.160447342139999949e-01 5.047165984000000494e-01 -9.671177911370000402e+01 2.385666246790000145e+01 -4.024370755180000003e+01
5.676709884499999692e-01 1.189046377489999945e-01 4.914453388900000275e-01 -9.739961777450000113e+01 2.381498679979999977e+01 -4.747612129529999692e+01
5.798923718539999994e-01 1.235551962589999941e-01 4.989771219460000240e-01 -9.594941848930000106e+01 2.384241197000000057e+01 -4.421520859030000139e+01
5.569466617639999839e-01 1.351352051449999925e-01 4.843013989630000071e-01 -9.791099833789999707e+01 2.275394981810000061e+01 -5.071379599410000338e+01
5.596630273960000457e-01 1.344372910049999870e-01 4.871052623820000260e-01 -9.786884270960000265e+01 2.289928528240000105e+01 -4.918484660899999739e+01
5.804219360040000497e-01 1.340081037720000090e-01 4.994721721200000020e-01 -9.522086316739999745e+01 2.329970327319999868e+01 -4.472094188869999698e+01
5.618303661900000412e-01 1.301206770399999935e-01 4.924703750850000228e-01 -9.790026233710000270e+01 2.283769040210000156e+01 -4.712401210099999815e+01
5.761924203460000449e-01 1.239895145700000006e-01 5.012919864489999711e-01 -9.640898261099999900e+01 2.351002932489999964e+01 -4.338676343320000228e+01
5.766771108549999525e-01 1.365932406519999864e-01 4.967264528290000203e-01 -9.481606915540000102e+01 2.329089983069999903e+01 -4.694112889230000008e+01
5.406727862019999886e-01 1.368119837329999922e-01 4.777887009030000187e-01 -1.002025210750000070e+02 2.209087592110000031e+01 -5.292229743579999734e+01
5.728294143530000548e-01 1.225460008500000031e-01 4.953579237799999868e-01 -9.648169352690000267e+01 2.374804687479999998e+01 -4.627276375280000309e+01
5.664097423299999656e-01 1.273479108899999990e-01 4.933237220730000150e-01 -9.778116146659999686e+01 2.316061666779999939e+01 -4.613330431010000154e+01
5.872709356469999475e-01 1.278950607919999982e-01 5.061603779659999969e-01 -9.500352711499999714e+01 2.387360961770000145e+01 -4.092900329020000072e+01
5.589303263820000200e-01 1.299380639630000056e-01 4.865609947330000185e-01 -9.824253113909999513e+01 2.289274684989999997e+01 -4.927877992039999810e+01
5.627481012310000530e-01 1.402692267339999965e-01 4.932703325350000223e-01 -9.720323875639999756e+01 2.262337181610000059e+01 -4.722235387850000166e+01
5.649857037230000545e-01 1.276560052780000010e-01 4.934766150659999906e-01 -9.763441421800000342e+01 2.301216459629999989e+01 -4.651583401450000110e+01
5.777567151829999803e-01 1.288993214140000121e-01 5.023024438919999612e-01 -9.563984129780000387e+01 2.348670985080000051e+01 -4.358875232209999950e+01
5.679093980480000026e-01 1.421883231739999864e-01 4.929414938480000119e-01 -9.627891990029999647e+01 2.274744862489999875e+01 -4.774582100650000172e+01
5.917065018479999994e-01 1.306818820310000073e-01 5.086124338999999939e-01 -9.388832188749999830e+01 2.368196903409999976e+01 -4.086564513439999757e+01
5.924367057360000466e-01 1.336590065820000006e-01 5.086611735889999819e-01 -9.400344201379999731e+01 2.390371659790000081e+01 -4.018128707049999804e+01
5.770171134289999726e-01 1.292365870649999915e-01 4.987931531550000019e-01 -9.623181503009999460e+01 2.346210293040000039e+01 -4.443277375649999783e+01
5.811825842850000257e-01 1.270955000429999926e-01 5.031566343500000205e-01 -9.557772965350000050e+01 2.376934414600000167e+01 -4.257957026849999949e+01
5.720004589320000221e-01 1.272645459289999947e-01 4.984070034890000223e-01 -9.677564139860000125e+01 2.329477436710000049e+01 -4.467795529360000018e+01
5.718356828080000120e-01 1.301841629509999931e-01 4.965221744489999867e-01 -9.682911522160000573e+01 2.329735720720000103e+01 -4.522947771580000165e+01
5.682290539609999858e-01 1.094866380929999938e-01 4.936753334060000054e-01 -9.814585503690000223e+01 2.401166102430000038e+01 -4.572812243679999966e+01
5.596766125309999840e-01 1.127620137560000069e-01 4.902193461970000277e-01 -9.897431626629999357e+01 2.355605471610000023e+01 -4.729709305309999934e+01
5.634595865870000164e-01 1.275756884039999928e-01 4.912484098559999901e-01 -9.767948740180000300e+01 2.328003608070000041e+01 -4.753430313100000149e+01
5.526074598750000400e-01 1.335759220109999923e-01 4.822719773420000022e-01 -9.899711532649999413e+01 2.252900513850000053e+01 -5.091258711790000291e+01
5.701785458960000330e-01 1.420182446369999962e-01 4.947599091759999901e-01 -9.621673431889999506e+01 2.290454554909999985e+01 -4.675102810229999761e+01
5.689211478989999460e-01 1.321659336799999862e-01 4.936080451400000069e-01 -9.657725113029999875e+01 2.309929449550000058e+01 -4.735876530470000034e+01
5.596131416080000198e-01 1.363278791030000103e-01 4.920231393469999825e-01 -9.781342425660000117e+01 2.267018072289999964e+01 -4.737312282460000290e+01
5.643209094369999734e-01 1.219202585089999985e-01 4.930212675480000195e-01 -9.797712269679999508e+01 2.349560418269999928e+01 -4.657533689840000335e+01
5.837165231440000213e-01 1.244552811930000058e-01 5.053062105519999792e-01 -9.573178313789999549e+01 2.387584059459999963e+01 -4.104628323989999927e+01
5.502152655869999576e-01 1.360319045470000099e-01 4.822379504059999822e-01 -9.885769448909999824e+01 2.244028199739999963e+01 -5.135530442409999807e+01
5.505880267880000067e-01 1.340805671180000103e-01 4.844474836320000199e-01 -9.910398544909999430e+01 2.243377906579999959e+01 -5.021546674079999661e+01
5.850125459310000497e-01 1.270869687750000032e-01 5.032781904240000159e-01 -9.501582286880000083e+01 2.373930410119999834e+01 -4.284902793069999660e+01
5.675013120170000480e-01 1.261608930399999995e-01 4.980113954639999729e-01 -9.766780616959999861e+01 2.298944831520000065e+01 -4.423854301610000306e+01
5.779622881479999918e-01 1.302801195269999990e-01 5.008341500999999862e-01 -9.573988615550000247e+01 2.338363591490000104e+01 -4.405266138980000079e+01
6.011837108269999508e-01 1.194523634530000045e-01 5.142012463130000155e-01 -9.328671471309999674e+01 2.440843652279999887e+01 -3.769472749410000034e+01
5.718189416590000462e-01 1.283470908680000022e-01 4.965409327549999974e-01 -9.671576865449999616e+01 2.309570924670000025e+01 -4.548797684550000042e+01
5.916136792920000387e-01 1.338696642570000039e-01 5.089030315089999590e-01 -9.378527756249999925e+01 2.385101658150000148e+01 -4.050794320699999673e+01
5.597398408379999912e-01 1.364752031310000058e-01 4.923867856119999997e-01 -9.741723724099999515e+01 2.269470191190000108e+01 -4.782830272260000015e+01
5.736178058209999708e-01 1.303382926209999959e-01 5.000970130130000246e-01 -9.654684190339999361e+01 2.300750109089999995e+01 -4.401338277100000340e+01
5.548114601570000026e-01 1.304784265120000064e-01 4.851043657340000093e-01 -9.875068530880000139e+01 2.277791174329999890e+01 -5.006298623970000250e+01
5.502197696130000093e-01 1.284510411969999877e-01 4.843084192680000011e-01 -9.997383364099999881e+01 2.275831407460000122e+01 -4.933132599959999709e+01
5.604263000229999792e-01 1.292506619240000043e-01 4.914469673740000100e-01 -9.792653997429999890e+01 2.273434545370000137e+01 -4.760566215840000126e+01
5.749570203120000222e-01 1.271786986669999897e-01 4.977861280629999885e-01 -9.632819374970000581e+01 2.333496768659999887e+01 -4.493160260519999838e+01
5.506789534510000417e-01 1.230807577709999989e-01 4.818657857809999778e-01 -9.927652603110000484e+01 2.303942335669999864e+01 -5.150461672680000191e+01
5.581491655779999839e-01 1.284595487280000004e-01 4.870124634219999971e-01 -9.842898366240000030e+01 2.303807800550000096e+01 -4.895718758569999807e+01
5.592127199780000391e-01 1.303876570040000127e-01 4.897511308090000126e-01 -9.845635864199999787e+01 2.280397819470000087e+01 -4.776246233530000040e+01
5.419937875229999813e-01 1.253333466459999879e-01 4.761732198559999740e-01 -1.006500871899999936e+02 2.274344087409999915e+01 -5.298415088790000027e+01
5.566608312240000078e-01 1.363455748990000105e-01 4.886099110229999987e-01 -9.812142531179999594e+01 2.259703696840000120e+01 -4.883499502179999752e+01
5.646672988549999994e-01 1.381832200339999928e-01 4.883531309460000247e-01 -9.683372409550000270e+01 2.290181279560000149e+01 -4.945017877080000090e+01
5.853026992169999554e-01 1.206655779030000042e-01 5.045579238999999827e-01 -9.552223496880000653e+01 2.404132375000000010e+01 -4.160458798349999654e+01
5.763102043910000027e-01 1.323767976740000130e-01 4.985316438879999756e-01 -9.586480661199999531e+01 2.322569303539999908e+01 -4.506257223320000094e+01
5.689217795050000026e-01 1.281146898720000038e-01 4.935525717850000049e-01 -9.727276191679999329e+01 2.332258164139999934e+01 -4.614822629849999913e+01
5.452227800790000467e-01 1.234879125179999954e-01 4.782105939899999880e-01 -1.002046347539999971e+02 2.278176405789999848e+01 -5.250939151899999757e+01
5.629866808819999902e-01 1.265553484159999964e-01 4.924778067360000011e-01 -9.821870503399999563e+01 2.319841815410000052e+01 -4.639078439099999684e+01
5.701624366299999913e-01 1.311550627549999959e-01 4.974153089639999914e-01 -9.658860686810000118e+01 2.306664766800000166e+01 -4.557961097649999971e+01
5.628419595789999619e-01 1.370084560250000028e-01 4.922577768199999926e-01 -9.736101879320000307e+01 2.289115131280000170e+01 -4.749458336189999841e+01
5.651694078729999626e-01 1.308926137210000007e-01 4.911569129660000033e-01 -9.730603979430000550e+01 2.321453851500000098e+01 -4.771732839399999904e+01
5.695040955550000339e-01 1.312400886800000055e-01 4.927667343570000247e-01 -9.681465843220000522e+01 2.311388621689999923e+01 -4.721888557980000201e+01
5.678919989990000028e-01 1.297816746550000122e-01 4.922980830750000036e-01 -9.719655132799999819e+01 2.324473173570000029e+01 -4.702951815670000002e+01
5.921450907940000175e-01 1.232753871530000017e-01 5.087530751300000098e-01 -9.397338355830000012e+01 2.410163422890000007e+01 -4.084295517950000232e+01
5.544590367830000144e-01 1.366198148999999973e-01 4.823593730260000156e-01 -9.821148948500000131e+01 2.258451590880000026e+01 -5.155466185510000088e+01
5.765157139890000337e-01 1.220042598320000005e-01 5.012259587920000481e-01 -9.684656013049999501e+01 2.359611655659999840e+01 -4.268117693370000154e+01
5.592379258909999651e-01 1.333295953939999945e-01 4.875511339160000235e-01 -9.772207204309999895e+01 2.296960504760000177e+01 -4.933809488909999885e+01
5.915617795180000416e-01 1.171266453970000038e-01 5.076970442589999744e-01 -9.458434705489999317e+01 2.416835872209999891e+01 -4.063441052879999660e+01
5.708783996970000496e-01 1.209082462850000067e-01 4.943843987789999783e-01 -9.711015852769999412e+01 2.384425741500000129e+01 -4.614491384440000132e+01
5.415023635029999616e-01 1.389937196029999988e-01 4.749309870749999773e-01 -9.978948088280000661e+01 2.215876299849999853e+01 -5.430229579659999928e+01
5.511212099729999592e-01 1.243804150850000012e-01 4.837708141859999866e-01 -9.969918073990000096e+01 2.301173907529999951e+01 -4.993857712999999876e+01
5.652505972489999531e-01 1.259169906760000124e-01 4.961733160999999837e-01 -9.802281769729999894e+01 2.321154806659999892e+01 -4.496503229119999645e+01
5.815740490090000048e-01 1.280429889849999947e-01 5.042855004149999765e-01 -9.531430886469999564e+01 2.332476323479999891e+01 -4.260053667439999714e+01
5.689664750649999769e-01 1.336796531899999974e-01 4.942445228969999937e-01 -9.669148664450000297e+01 2.300186458969999848e+01 -4.695616990010000080e+01
5.752338178200000485e-01 1.265608322910000139e-01 5.002522727160000349e-01 -9.652464186589999429e+01 2.356687099970000077e+01 -4.370191088539999669e+01
5.762167693319999451e-01 1.282594675660000128e-01 5.030345944270000480e-01 -9.648737549470000374e+01 2.316350133219999918e+01 -4.230958473769999983e+01
5.486603877760000136e-01 1.363549397780000061e-01 4.801340156510000012e-01 -9.919544482909999772e+01 2.228012731209999941e+01 -5.214953104130000128e+01
5.429665508709999866e-01 1.336625880400000022e-01 4.789443741900000218e-01 -1.003660990220000002e+02 2.236617460729999962e+01 -5.198311685259999848e+01
5.395510561590000087e-01 1.415086452060000111e-01 4.770126889390000069e-01 -1.002281865430000067e+02 2.183784150010000147e+01 -5.306879040860000174e+01
5.760495500779999611e-01 1.247589746919999937e-01 5.002256303409999827e-01 -9.653807618909999633e+01 2.348874809719999845e+01 -4.369120121550000135e+01
5.500817444609999995e-01 1.378461571469999924e-01 4.832995856499999743e-01 -9.884973305430000323e+01 2.225068425499999947e+01 -5.107609252110000142e+01
5.696987517110000399e-01 1.363525436980000116e-01 4.953912457829999783e-01 -9.672248623529999634e+01 2.296454233180000060e+01 -4.608948566130000302e+01
5.754248694750000448e-01 1.350523928029999932e-01 4.998232945300000174e-01 -9.598905264079999711e+01 2.305105280049999905e+01 -4.440597927820000024e+01
5.703201905500000501e-01 1.239114703220000058e-01 4.951589381759999853e-01 -9.725310063109999703e+01 2.342559674669999836e+01 -4.563379779310000117e+01
5.779458502409999809e-01 1.207186439059999977e-01 5.004924757449999984e-01 -9.609633606840000652e+01 2.374590453669999945e+01 -4.389486945590000033e+01
5.614085588370000268e-01 1.330281975810000128e-01 4.887750660249999823e-01 -9.782109855230000051e+01 2.290669798029999882e+01 -4.854230274839999737e+01
5.782000576839999573e-01 1.224967251970000004e-01 5.014335420309999902e-01 -9.647280724709999333e+01 2.361486626350000151e+01 -4.288736430069999983e+01
5.748661983289999888e-01 1.374047907919999922e-01 4.987345999300000221e-01 -9.562371737879999500e+01 2.294838761069999933e+01 -4.521580089550000281e+01
5.536775643429999727e-01 1.281880503499999990e-01 4.833711072910000239e-01 -9.864838308299999881e+01 2.281045167130000095e+01 -5.114001642150000038e+01
5.546275998320000511e-01 1.355968300550000061e-01 4.865861545010000122e-01 -9.814558084200000110e+01 2.269460338369999874e+01 -4.989505332049999708e+01
5.736884054119999465e-01 1.185748497280000036e-01 4.965799722890000267e-01 -9.729988322350000374e+01 2.388647476019999871e+01 -4.448382632759999922e+01
5.699695809649999445e-01 1.368813311619999917e-01 4.968059756250000070e-01 -9.658564095100000202e+01 2.294407176700000051e+01 -4.561076152599999745e+01
5.671075027359999687e-01 1.260938366100000096e-01 4.932094593390000115e-01 -9.742081476280000629e+01 2.332264500870000035e+01 -4.661822782459999814e+01
5.657824913100000241e-01 1.226893585539999970e-01 4.907822223350000179e-01 -9.763850358000000540e+01 2.349733391490000045e+01 -4.766857296309999725e+01
5.878222008110000063e-01 1.279772217459999861e-01 5.072104028299999623e-01 -9.431906346949999431e+01 2.364886272260000055e+01 -4.153760955549999778e+01
5.629429016489999604e-01 1.288296310079999896e-01 4.931300108989999931e-01 -9.797410871910000196e+01 2.278161030500000095e+01 -4.652480609599999894e+01
5.733097371609999771e-01 1.359806962929999974e-01 4.938257059730000176e-01 -9.587098666999999352e+01 2.312006835929999937e+01 -4.726555583769999913e+01
5.784889676240000389e-01 1.255017998530000012e-01 5.033060601519999677e-01 -9.587627443419999906e+01 2.353144222659999940e+01 -4.286529653209999680e+01
5.559667210140000204e-01 1.318463043610000052e-01 4.849156477480000005e-01 -9.862405102850000560e+01 2.288849617909999878e+01 -4.982757647999999762e+01
5.422515246439999492e-01 1.343834035860000109e-01 4.796708804879999954e-01 -1.005534296619999992e+02 2.215719235299999923e+01 -5.151282833129999972e+01
5.545764378349999912e-01 1.299716220799999877e-01 4.831714152489999803e-01 -9.891221640620000244e+01 2.283971232229999870e+01 -5.047049862730000314e+01
5.792339041530000232e-01 1.384354570299999865e-01 5.020073037700000240e-01 -9.525044378059999417e+01 2.315639896309999912e+01 -4.351403968599999672e+01
6.011214569080000070e-01 1.257000813130000061e-01 5.135521723010000317e-01 -9.291471802610000452e+01 2.431554751139999837e+01 -3.842051451609999901e+01
5.866183160869999913e-01 1.217652983209999984e-01 5.048303419349999821e-01 -9.505489932170000600e+01 2.419050727249999966e+01 -4.203816331550000029e+01
5.617120010849999678e-01 1.206694814729999954e-01 4.915550702140000228e-01 -9.834951405220000709e+01 2.321320766550000059e+01 -4.716527476320000289e+01
5.613874065930000157e-01 1.186829298660000004e-01 4.913468346700000100e-01 -9.875730070519999515e+01 2.340240099529999895e+01 -4.665455163690000262e+01
5.660188500880000140e-01 1.256143675999999987e-01 4.921888409340000048e-01 -9.767978423050000458e+01 2.330768962879999862e+01 -4.692863759560000148e+01
5.506060963859999990e-01 1.370323770949999909e-01 4.821641968820000179e-01 -9.853551194259999590e+01 2.244176198779999964e+01 -5.178035033689999977e+01
5.612617503219999859e-01 1.369174051700000061e-01 4.845384928679999925e-01 -9.697338948179999818e+01 2.290726208490000104e+01 -5.130203960120000062e+01
5.543422301129999896e-01 1.256514252810000121e-01 4.894770716660000187e-01 -9.920711827750000111e+01 2.274473732310000074e+01 -4.777856118809999941e+01
5.781054621940000526e-01 1.201912106309999950e-01 5.005480476770000076e-01 -9.662547306780000156e+01 2.372994491720000099e+01 -4.304110624810000019e+01
5.531405145900000209e-01 1.240289222270000019e-01 4.850433281000000041e-01 -9.982964367319999610e+01 2.315953732679999888e+01 -4.887833693259999990e+01
5.452474587869999834e-01 1.362436254349999876e-01 4.782570122920000166e-01 -9.950508965330000422e+01 2.239764786839999999e+01 -5.314812248119999794e+01
5.744918046089999564e-01 1.146510502170000056e-01 5.000647188769999918e-01 -9.791075737799999956e+01 2.372058105050000165e+01 -4.208352540229999761e+01
5.586016197209999756e-01 1.373584349420000073e-01 4.855595148810000206e-01 -9.776964639700000248e+01 2.272503868220000101e+01 -5.021433478290000352e+01
5.512487297589999669e-01 1.286988113499999975e-01 4.835333421949999932e-01 -9.942179482849999772e+01 2.278434943059999895e+01 -5.027024630089999846e+01
5.635344155979999936e-01 1.306056632550000041e-01 4.899222768250000026e-01 -9.724364511509999431e+01 2.306110795349999876e+01 -4.862460635480000093e+01
5.778290312610000479e-01 1.283078414490000096e-01 5.007626617149999459e-01 -9.570320975789999807e+01 2.360704338000000035e+01 -4.404785085289999813e+01
5.756035513610000542e-01 1.300459092919999948e-01 4.979971629950000200e-01 -9.643001279179999585e+01 2.324952227789999881e+01 -4.456771624000000287e+01
5.632557297169999977e-01 1.311798518389999946e-01 4.927446551269999975e-01 -9.742086996049999925e+01 2.295345422709999994e+01 -4.728614522680000221e+01
5.590129922959999886e-01 1.321215444570000008e-01 4.860055720299999993e-01 -9.799344739800000070e+01 2.294628098560000140e+01 -4.967577928149999877e+01
5.661866182020000027e-01 1.360011775899999942e-01 4.928403109960000084e-01 -9.706750891890000332e+01 2.290745118410000103e+01 -4.731685276009999797e+01
5.654641068539999482e-01 1.294537271279999902e-01 4.879857786399999786e-01 -9.690977609220000488e+01 2.328254693130000064e+01 -4.958659100319999880e+01
5.664076132369999517e-01 1.362380325220000077e-01 4.914248318559999995e-01 -9.690633289359999480e+01 2.285736037619999905e+01 -4.802105888879999895e+01
5.556989649839999545e-01 1.402963067949999920e-01 4.878444591659999996e-01 -9.808243236740000270e+01 2.238367657459999904e+01 -4.909187458040000251e+01
5.770667320250000287e-01 1.277345143389999882e-01 4.980298171699999998e-01 -9.595755069579999486e+01 2.373823622729999983e+01 -4.492054767949999672e+01
5.646015705589999545e-01 1.293588142190000012e-01 4.907576676020000139e-01 -9.776629889119999461e+01 2.304645259440000160e+01 -4.745588590130000028e+01
5.861137114740000431e-01 1.229337287900000020e-01 5.080153948629999583e-01 -9.564156833059999485e+01 2.367266283980000097e+01 -3.980470052670000314e+01
5.703648723849999991e-01 1.221676785999999959e-01 4.967860456629999977e-01 -9.768721541440000067e+01 2.335248364650000141e+01 -4.438475791999999842e+01
5.581063812759999854e-01 1.292790087329999948e-01 4.880168372390000231e-01 -9.831728467390000503e+01 2.296846500630000065e+01 -4.876581204099999667e+01
5.796313626719999945e-01 1.350621921859999908e-01 5.012710034080000154e-01 -9.522758145000000241e+01 2.335614021219999970e+01 -4.409508328990000336e+01
5.686792710960000274e-01 1.317857703900000010e-01 4.945076137300000174e-01 -9.703664158760000191e+01 2.335440166169999898e+01 -4.615450424630000015e+01
5.657617877789999916e-01 1.318866473739999934e-01 4.914849785459999842e-01 -9.728370246679999411e+01 2.321812896069999965e+01 -4.751428439210000221e+01
5.703904493429999834e-01 1.270630281560000130e-01 4.950683138659999760e-01 -9.668844643430000474e+01 2.330164115210000020e+01 -4.643542917509999768e+01
5.839240856039999983e-01 1.273115131080000129e-01 5.012571819540000417e-01 -9.482403901210000186e+01 2.371591998750000130e+01 -4.419699204329999986e+01
5.961449459369999593e-01 1.260255700990000061e-01 5.116852600660000139e-01 -9.381777842319999650e+01 2.401234442399999836e+01 -3.873728388709999848e+01
5.676009149880000271e-01 1.168255422310000013e-01 4.913429310690000107e-01 -9.739643327899999292e+01 2.388968834790000173e+01 -4.760003675909999998e+01
5.835341144879999664e-01 1.340269722720000001e-01 5.029004544099999752e-01 -9.502284953150000035e+01 2.358199829380000168e+01 -4.285505626650000011e+01
5.840700399749999550e-01 1.231587455050000002e-01 5.012640582420000435e-01 -9.516438573290000136e+01 2.409519521269999842e+01 -4.380739811600000166e+01
5.775691450530000548e-01 1.170386057249999945e-01 5.006118922900000268e-01 -9.696869643530000360e+01 2.377933923879999867e+01 -4.263101227989999842e+01
5.663084503880000398e-01 1.268432632239999969e-01 4.931243860539999968e-01 -9.747380651449999789e+01 2.312047721580000115e+01 -4.683451818199999650e+01
5.725411256300000362e-01 1.267786459999999948e-01 4.959183432109999790e-01 -9.657829398890000050e+01 2.326349814980000019e+01 -4.576144475019999902e+01
5.560378382739999958e-01 1.229892040070000025e-01 4.866182112249999858e-01 -9.895627886500000159e+01 2.323680949710000121e+01 -4.906874902599999899e+01
5.391488248019999929e-01 1.277951398480000056e-01 4.721119337729999810e-01 -1.003207554229999943e+02 2.263199432209999884e+01 -5.533680221969999735e+01
5.478700761339999614e-01 1.266950232429999990e-01 4.803540046120000073e-01 -9.985128528209999388e+01 2.267120832839999878e+01 -5.151892359949999900e+01
5.706150964739999942e-01 1.205514473699999950e-01 4.980246337870000151e-01 -9.765151343479999468e+01 2.356265491359999942e+01 -4.381934713919999780e+01
5.578938524230000473e-01 1.360828341080000115e-01 4.865808835409999866e-01 -9.794374453999999730e+01 2.287016259199999979e+01 -4.944775719950000337e+01
5.872796253600000016e-01 1.321336573440000106e-01 5.052265633320000005e-01 -9.460907853649999311e+01 2.367095017389999967e+01 -4.197810163670000350e+01
5.850299373599999742e-01 1.260602699479999866e-01 5.045328403319999655e-01 -9.522886074950000079e+01 2.393332516999999982e+01 -4.202703065709999919e+01
5.856219901850000520e-01 1.213923411399999985e-01 5.060002357049999677e-01 -9.574599296419999916e+01 2.389035354239999975e+01 -4.066064411280000002e+01
5.718612365990000113e-01 1.278222402230000110e-01 4.970042161079999965e-01 -9.682696037739999895e+01 2.335695459360000115e+01 -4.514528749640000171e+01
5.863719766020000224e-01 1.285522241450000047e-01 5.038846352970000053e-01 -9.506940403970000375e+01 2.380490816640000062e+01 -4.220961286850000249e+01
5.608654244070000461e-01 1.178960860859999960e-01 4.896309901829999922e-01 -9.843786870610000506e+01 2.362242405399999967e+01 -4.799660721930000307e+01
5.820578922350000406e-01 1.206342196730000038e-01 5.005431134600000220e-01 -9.516725927299999910e+01 2.407049073359999980e+01 -4.437458949250000018e+01
5.552409698089999512e-01 1.398672213150000121e-01 4.828515966929999848e-01 -9.805268869379999330e+01 2.246859850210000076e+01 -5.123890492280000331e+01
5.631435956920000097e-01 1.335937003980000037e-01 4.908138104379999866e-01 -9.745683184499999641e+01 2.299601252509999938e+01 -4.804726801230000177e+01
5.810416306900000327e-01 1.271024349919999963e-01 5.037462541910000535e-01 -9.591139904470000488e+01 2.337395950939999878e+01 -4.220309443659999715e+01
5.593047160920000538e-01 1.279296918860000076e-01 4.860499558260000241e-01 -9.785520795749999934e+01 2.313682085479999984e+01 -5.012224001730000111e+01
5.598237156090000166e-01 1.274050408200000095e-01 4.860346730289999972e-01 -9.863972675569999637e+01 2.310527262360000122e+01 -4.894396284089999938e+01
5.652423952399999729e-01 1.315181789529999978e-01 4.933325086890000266e-01 -9.707552049170000430e+01 2.320290296840000011e+01 -4.720016332379999824e+01
5.827686003940000248e-01 1.254427661760000035e-01 5.022148270530000236e-01 -9.551132300650000673e+01 2.376032105999999899e+01 -4.310650930290000105e+01
5.632499875749999996e-01 1.353084374599999862e-01 4.882751946469999771e-01 -9.729352078259999814e+01 2.302908424190000147e+01 -4.896682768779999861e+01
5.414413218500000458e-01 1.355155531789999923e-01 4.762458236509999887e-01 -1.002105750930000028e+02 2.231806687099999920e+01 -5.328460831959999666e+01
5.606736484730000525e-01 1.385076729789999905e-01 4.907864108369999756e-01 -9.756579775740000571e+01 2.273979909139999833e+01 -4.806924319729999695e+01
5.706809165280000151e-01 1.306782916520000115e-01 4.943140347239999843e-01 -9.641283312980000630e+01 2.313857770910000156e+01 -4.706154786390000311e+01
5.751344519509999920e-01 1.216938749979999956e-01 4.993266279119999984e-01 -9.706984013119999588e+01 2.344864127379999985e+01 -4.348697997939999738e+01
5.590172728879999609e-01 1.372207333969999998e-01 4.862561601600000061e-01 -9.772866941190000034e+01 2.270907567220000089e+01 -4.956148885649999869e+01
5.895761280650000380e-01 1.181487838710000016e-01 5.069530072119999842e-01 -9.471750085109999873e+01 2.406317381919999931e+01 -4.104463224340000238e+01
5.401068973399999473e-01 1.340169952330000080e-01 4.753053176989999740e-01 -1.000073576909999957e+02 2.242608330199999855e+01 -5.425050986730000346e+01
5.576587869800000430e-01 1.378506563480000058e-01 4.877801477600000046e-01 -9.768776512460000561e+01 2.265778128619999876e+01 -4.938256672530000202e+01
5.618234173639999884e-01 1.405107634720000054e-01 4.909229164789999933e-01 -9.732174234129999491e+01 2.242850838109999856e+01 -4.813097677799999730e+01
5.687495983400000510e-01 1.290100227260000121e-01 4.929260587340000277e-01 -9.697387027809999438e+01 2.359069326250000032e+01 -4.703999071469999649e+01
5.549409313069999516e-01 1.301550153259999898e-01 4.870995670639999831e-01 -9.904891978220000226e+01 2.269749219119999850e+01 -4.868920673040000224e+01
5.597075680040000112e-01 1.297181241370000127e-01 4.876968688020000275e-01 -9.825679720239999426e+01 2.299205712299999860e+01 -4.873186529190000016e+01
5.908916454829999942e-01 1.246111911930000010e-01 5.108669709269999526e-01 -9.443627675279999778e+01 2.374903664480000032e+01 -3.931122725939999896e+01
5.573296714350000070e-01 1.309854287920000082e-01 4.886186642620000131e-01 -9.840914168499999448e+01 2.282692679089999999e+01 -4.849375497599999818e+01
5.620375169700000395e-01 1.281636802720000079e-01 4.897955742860000128e-01 -9.834478080149999357e+01 2.315072393659999861e+01 -4.744112335530000024e+01
5.736563890410000255e-01 1.126638280279999987e-01 4.977918832079999967e-01 -9.696076649929999292e+01 2.395313631459999826e+01 -4.475873438509999858e+01
5.572081535730000201e-01 1.274538050769999931e-01 4.910638455249999867e-01 -9.898536064799999679e+01 2.275615436580000051e+01 -4.688314004810000313e+01
5.713889637969999935e-01 1.307119184449999916e-01 4.931911323879999975e-01 -9.647865394170000286e+01 2.319153570350000138e+01 -4.722603895649999828e+01
5.714311953339999972e-01 1.249158197850000068e-01 4.947131762079999828e-01 -9.709701579999999410e+01 2.374316284000000010e+01 -4.577927890590000004e+01
