1.459078628761332208e-01
1.983559796701411249e-01
3.631239621905653081e+01
5.195500781818372937e-01
1.232960454892757518e-01
1.939146251736697246e-01
4.483773824357228932e-01
1.162485351410432188e-01
1.858356416327872074e-01
1.506326943821813535e-01
2.231490512703658280e-01
1.549028917660614790e-01
1.011980833192517998e-01
1.051669519549765508e-01
1.500615544721298211e-01
6.684572107894548587e-01
1.885002808391367524e-01
4.532776092678327817e-01
6.819784839407190269e-01
1.852572852899547762e+00
2.088573265135562351e-01
1.018456774308570401e-01
1.139329845223438914e-01
1.196484066013135533e-01
1.195650265186648520e-01
1.661699380322515240e-01
9.377879768145644945e+00
2.127289907549634040e-01
1.410335151885618588e-01
1.784883404160748643e-01
1.110920236420802482e-01
1.575709812244995567e-01
2.781137726551001221e-01
1.117467301725620366e-01
1.049063942325716425e-01
3.073050415450469530e-01
1.097883027945455447e-01
6.768414486181917322e-01
1.161204092920119779e-01
7.048248207531123688e-01
1.136423931290759248e-01
1.079265903486212458e-01
4.349553781645332795e-01
1.465859067483459843e-01
1.016084936793818366e-01
2.514743744157674210e-01
2.977960349939292040e-01
1.161094568642790509e-01
3.116774151623774580e-01
1.979671116503947947e-01
1.079464025556759799e+00
1.448889373581997153e-01
3.426751917479167187e-01
2.185726241791550728e-01
1.206700823109067983e-01
9.835720955425822920e-01
1.028783809255005982e-01
7.518455842710476400e-01
5.967092444929585904e-01
5.216177339092014087e-01
2.057357180902290306e-01
3.717891415851621861e-01
2.579032105554572851e-01
7.380962122224857813e-01
1.570598231124616939e-01
2.623150939689516958e-01
1.097765426291121421e-01
1.902175511676172659e-01
1.041986911906535584e-01
1.243634662992448292e-01
2.795276127952689427e-01
1.544308071151757333e-01
1.744589698402494449e+00
2.611003334257600006e-01
1.432765927510771531e-01
4.557387778203323414e-01
2.293998157558483908e-01
2.469422764814289462e+00
5.418731927562988604e-01
2.483792390786297433e-01
1.291027313520642372e-01
1.040194408767710632e-01
8.791672409541542166e-01
2.120576721397128550e-01
1.868997472929316839e-01
2.093129684891365250e-01
1.226460191574497982e-01
1.876703233685983185e-01
1.291929967435073712e-01
2.143853824629621263e-01
2.265281927826121311e-01
4.057725759572573532e-01
2.078999485725038510e-01
1.449234108279477129e-01
1.444482179331205429e-01
1.102117466608844992e-01
2.659165765126320635e-01
1.444971223761502277e-01
1.358961220572039441e-01
1.585683569319802366e-01
3.005753838312115733e-01
1.417519022734032852e-01
1.218690128332865358e-01
1.457086456533074337e-01
1.838849769322486449e-01
2.230014998738280851e-01
1.146915987083568234e-01
4.829478283112349501e-01
3.587084988876020897e-01
4.956622779866530770e-01
1.397751596748743330e-01
4.646585791728961579e-01
1.059114490826926769e-01
1.092826453264155867e-01
2.170030216574279636e-01
1.120148155058127010e-01
1.218699514839994003e-01
1.352695490135067402e-01
1.973974865465287776e-01
1.319922892585850271e-01
2.607755453128208778e-01
2.785731705063029806e-01
1.071713163117417045e-01
2.374767889616594907e+00
1.458455545504219741e-01
4.879996005136584825e-01
1.835335397181616646e-01
1.094059139997406310e-01
2.017452634086677188e-01
1.220641720821130233e-01
1.235085609057783529e+00
1.018698884349514278e-01
1.071625468097502643e-01
1.576204406487548004e-01
1.191834913571545029e-01
1.775683409914493305e-01
2.786639282536244600e-01
2.100922267610682292e-01
2.155567686452373177e-01
3.602189855200041979e-01
1.197497906164557702e-01
3.010941611954656150e-01
1.556273989211881814e-01
2.691739738731665499e-01
1.471101666940238528e-01
1.412380108968340209e-01
1.227336181475195132e-01
1.461668929858464250e-01
1.222972504555819573e-01
3.735781276678991070e-01
2.266119460425490839e-01
4.738219519203188956e-01
1.857277805051744668e-01
7.940418424148605325e-01
1.214953318213991135e-01
4.117520585112233178e-01
1.140081865309530706e-01
1.428407856556248579e-01
1.165622824918187972e-01
2.104248260240436930e-01
1.803412431879768962e-01
2.297806903319574712e-01
1.527468762569126337e-01
1.109582025981980247e-01
3.146704428774416140e-01
1.379596802987522464e-01
1.710651243889611817e-01
1.099087575427790259e-01
2.514612701606808720e-01
1.063392782982982565e-01
3.907675874596197030e-01
8.502353800541548878e-01
1.332194308962326157e-01
2.559151016312758986e-01
3.217606482534884904e+00
2.483143039803345220e-01
1.022278006080360041e-01
2.364734777293241663e+01
1.637580969989879676e-01
1.360654819606126331e-01
1.125567238290345884e-01
1.091275266900922081e-01
5.174371560673555193e-01
2.425047301327916127e-01
1.036456726530917971e-01
5.066992501685692041e-01
2.823726093501664480e-01
1.476664668760872545e-01
1.901367557880820347e-01
1.758380094292234241e-01
1.059141968574285608e-01
5.965426129238713404e-01
4.288441462027290929e-01
1.629226773361745206e-01
6.523490621983493165e-01
1.293124538047156546e+00
1.509894856248713280e-01
1.186539451077371493e-01
1.036473884332498596e-01
4.428548390902589116e-01
1.050440257612636485e-01
1.393512743775760510e-01
1.083614690559430438e-01
1.366942862727447972e-01
1.400094928659591231e-01
5.667609936408557481e-01
3.043613597226420553e-01
3.294435291367778795e-01
4.100132486331931059e-01
7.827224907826366707e-01
1.006069390011270354e-01
1.038918678541440599e-01
1.256314253501676637e-01
1.496711830440983770e-01
2.075823158718453909e-01
1.277850288198275064e-01
1.299024331198263271e-01
1.441005333618380346e-01
3.251388683851713091e-01
1.765482782948297191e-01
6.602544285406648505e-01
2.124918261356621985e-01
1.350089277624816064e-01
1.220538136724262507e-01
4.643200787078971548e-01
6.329959552171606774e-01
2.132791039466392091e-01
6.115973592929747626e-01
1.116843634835235632e-01
5.154092449061401515e-01
1.059115743990795971e-01
4.593659988696677243e-01
1.224560365947990753e-01
1.344507190989236711e-01
2.665025445359495704e-01
1.258243105289547081e-01
1.120169760513031187e-01
2.720673759214349285e-01
3.528463475743319755e+00
1.258769093612016610e-01
1.893220193748588187e-01
1.383194177083677257e-01
2.122169188687917374e-01
1.001620648291474958e-01
1.276432893568663907e-01
8.212686701024743963e-01
1.616806201523706132e-01
1.080252621568476706e-01
7.828887286799490752e-01
3.050843340667781511e-01
1.080469624775962506e-01
1.595022701150581590e-01
9.849511199284975760e+00
1.053035868505382555e-01
3.315642737818378927e-01
1.166853837734712906e-01
1.456150281642840105e-01
1.500085483265463093e-01
1.414218943941337459e-01
5.984358078833031946e-01
2.793446152069779531e-01
1.451802865358942096e-01
2.041662729610509985e-01
1.424621251842809466e-01
3.133530734090552161e-01
2.300372033773658842e-01
1.077098222423374524e-01
1.403711251720590469e-01
3.306419441260900483e-01
1.631954428502022936e-01
2.852088863506266891e-01
2.819084418754642107e-01
6.321287472880681158e-01
1.371521303537790670e+00
1.018725815077092256e-01
2.765787040667485597e-01
1.030710133253671251e-01
1.000776667163678496e-01
2.032554908068610333e-01
1.184591808627718512e-01
6.251958153404572061e-01
1.608045916428680611e-01
2.160430913525776264e-01
1.908192634666127652e-01
2.699253484903171074e+00
1.878008572896423256e-01
1.331639178904955034e-01
3.005097912606823352e-01
1.377358653794982513e-01
9.502306373982867260e-01
1.253903280423796784e-01
1.297158683903077148e-01
2.113164820342902928e-01
2.989944021722653056e-01
3.031099571537566040e-01
1.008780616751790427e-01
1.466568720986805019e-01
1.435936057874651617e-01
1.193081999205369004e-01
1.300494639429648769e-01
1.156744772890229700e-01
1.011356188512697596e-01
4.797307662890409330e-01
1.141911470479027441e-01
1.310345519129371417e-01
1.904249565681651601e-01
1.815427178011083109e-01
2.439616588155271160e-01
3.994161010174480664e-01
5.593308515903314682e-01
4.046821341179072107e-01
3.840476839013370891e-01
1.030662966496501270e-01
4.475089774399043208e+00
1.353438558267471281e-01
2.214242896541411543e-01
2.537979528051939049e-01
1.769246281823383393e-01
1.219598812661744303e+00
1.707872806306203195e-01
1.822627133685750522e-01
1.227841700754855742e-01
1.542493041226571659e-01
1.089364569483884271e+00
1.102010065035018693e-01
1.101287647436084427e-01
2.621365773003269672e-01
3.206925474948536525e-01
2.975010383357359345e-01
3.383429385103431941e-01
5.251640710561605863e-01
1.196507871752861968e-01
1.298408304088659315e-01
1.638053350931856500e-01
1.172290705114342746e-01
1.538322201771122888e-01
1.093732809610986068e-01
1.779958185533005166e-01
3.436958364994517345e-01
1.797759717989421135e-01
1.182277376187649554e-01
1.272585612423736967e-01
1.461718935246171247e-01
1.134014208863209500e-01
2.189887332322523472e-01
1.029189135814370659e-01
1.933581992356181445e-01
2.558097165354973335e-01
1.337743496483116412e-01
3.480131825111422716e-01
3.148362947306809212e-01
1.287893265210331983e-01
2.721447012024181822e-01
1.376024192896816156e-01
2.337828388534552992e-01
1.228503627271022025e-01
1.565786207810722086e-01
1.112038203843633832e-01
1.721504269710157353e-01
1.544462613044005339e-01
1.950366994208428684e-01
1.586037376100029594e-01
2.332520397432696346e-01
2.116477148859977619e-01
1.642263970516983362e-01
1.000120954164808451e-01
1.099123262022383418e-01
1.598113114017430392e-01
1.465217838997899535e-01
5.926998719646465741e-01
3.178589834054430519e-01
1.167561516303068647e-01
4.525133716318861521e-01
1.667407380707954245e-01
1.803571296763689935e-01
1.890431730321237014e-01
1.014484377426881495e-01
1.227257154020176433e+00
1.903058600130338451e-01
4.197027392662760481e-01
1.376385131693874941e-01
1.587574232202391133e-01
2.758503170516429792e-01
1.553624952181577590e-01
1.092514524693745104e-01
1.836012232097398167e-01
1.510400198307638442e-01
1.476900729050478756e-01
1.040579855743574422e-01
3.336120327870815139e-01
3.377284017072463285e-01
1.437978855411655432e-01
1.056179944767283274e+00
2.846263625719999690e-01
1.718294493969629300e-01
1.564380258339420626e-01
5.289408817125984541e-01
1.931765346914933179e-01
1.458863198291086294e-01
1.005098128941400937e+00
1.442847715322697344e-01
1.745021868131486631e-01
5.689731727146665197e-01
3.566263412078540807e-01
1.054785115791119221e-01
1.515519966836756272e+00
1.310526197808918047e-01
1.293963766072785126e-01
1.217716416336288021e-01
1.701585675294547406e-01
1.809264030852993366e-01
1.444486732738566037e-01
1.105128445750607480e-01
8.660253207029559031e-01
1.184680941575756707e-01
1.203002757722488048e-01
1.917353807016391742e-01
4.861403081223009126e-01
1.237211521225487498e-01
1.126233236701421198e-01
1.403282166823074661e-01
2.033223821036651557e-01
5.505885848720559750e-01
3.292622650693698416e-01
2.096923777768970876e-01
1.171959662415742037e-01
5.840179854331520870e-01
1.339433723697143752e-01
1.984284816929900996e-01
1.661948468545167978e-01
2.761719956598038817e-01
1.673037527372740474e-01
1.760704958902216122e-01
1.430884165201972980e-01
2.920764648885068038e-01
1.736308027133891818e-01
1.583601522486195179e-01
9.740217428483245454e-01
4.069731873360931118e-01
1.246343093246242567e-01
4.838573391371860932e-01
3.957962804499914888e-01
1.076869663372216901e-01
2.477063321817629393e-01
1.045749188946135250e-01
1.777527686061921575e-01
3.101595869137196981e-01
4.061250924250886740e+00
1.752630754996189477e-01
1.942190333351064280e-01
9.420497275943277016e-01
1.739081902015589542e-01
1.008498071961369258e-01
1.055160938398288367e-01
1.458868424256366259e-01
1.480084908575545755e-01
3.514770946785013006e-01
1.543799186303366766e-01
3.452780768977479653e+00
1.570273731169587184e-01
1.190081547544373647e-01
2.918492435505681271e-01
1.190163607017592357e-01
7.867862020000464529e-01
3.239184393459718092e-01
1.549944708956255413e-01
1.944201811157371118e-01
1.320083526155071130e-01
7.484061729370139471e-01
1.540992553813322619e-01
1.924160152973173887e-01
1.227355063055396711e-01
4.023971629897655777e-01
6.321162177436925322e-01
3.638694917945629048e-01
2.081885871875518434e-01
1.528091747740012718e-01
3.176546082219143807e-01
1.630895647588296582e-01
1.659940616884779674e-01
2.237777305688563034e-01
1.120012520056546113e-01
1.219644887416038714e-01
1.684293138859355721e-01
2.450939007324021146e-01
1.537211910027246331e-01
2.983106132140504574e+00
2.000761589508148475e-01
1.298034821309392572e-01
1.714972079314733555e-01
1.091356862399434080e-01
1.951034832644213401e-01
3.707163151068246232e-01
1.293362069511035384e-01
1.277540576164723773e-01
1.297416011895203558e-01
1.978774568662736710e-01
1.358481641843338472e-01
1.391546388401492806e-01
1.241505146920384856e-01
1.310153948617670538e-01
3.889869559512592612e-01
1.286603052279294557e-01
1.593646875664574414e-01
1.540258895549925788e-01
2.044509193187827867e-01
1.636460437934905143e-01
1.066535116344416168e-01
1.338611666083549256e-01
1.368823945435893863e-01
1.052596385820027819e-01
2.720685697854471896e-01
2.125736006988609150e-01
1.215361131794760463e-01
1.126721354973553996e-01
1.402612251357579776e-01
1.989848467753032590e-01
1.436549060406969169e-01
1.599636848152244939e-01
1.072754790301057248e+00
1.470756539006117247e-01
5.314730402333460724e-01
1.094455509609963545e-01
3.535018989225259811e-01
1.813323144339924753e-01
1.271030361581150236e-01
7.797506959965727624e-01
1.834374792208089133e-01
2.173355904667486627e-01
2.346173266035163629e-01
1.369711207137274400e-01
1.219104470761055020e-01
1.296529436509220312e-01
1.105818088434451091e-01
5.010032678010844620e+00
1.392680436751534967e-01
7.768669986289595819e-01
1.022489984155136727e-01
1.894738138406636130e-01
1.177087226762050937e-01
1.251536585080752217e-01
3.745645621053043106e-01
1.932484733533733068e-01
1.193722425786015062e+00
4.140211303342917204e-01
1.164333639028359429e-01
1.379189638702309761e-01
2.286566625060533764e-01
1.085970491561793483e-01
1.278499176507666701e-01
1.728381828260402153e-01
3.491249704101220264e-01
1.502448455981967856e-01
1.041149662684373034e-01
2.025782777257446043e-01
1.007980238746218477e-01
1.688146205398406430e-01
1.167789049209526642e-01
1.237643419719707122e-01
1.007645238599162579e-01
1.464738441379533074e-01
1.718302314843869638e+00
4.696976007239806461e-01
2.176201790923524004e-01
1.901430534472460798e-01
1.037476736203400557e-01
2.669883205144012894e+00
1.385041147059699884e-01
1.707466768961640735e-01
1.303394519029581200e-01
1.288425197850903425e-01
1.080213096992031496e-01
1.055985330906770436e-01
1.082555091850126577e-01
1.630071496934590303e-01
2.618087380863047264e-01
1.110366955208486273e+00
1.069823820217750826e-01
1.074098734520408938e-01
1.392984852848235811e-01
1.827920292373812217e+01
2.140545275070060149e-01
1.688302600826744881e-01
6.168727190255242077e-01
1.023441921781706176e-01
1.507584586470926691e-01
1.472401784890587095e-01
1.342873457350649558e-01
1.406828108303513902e-01
1.170554965309245354e-01
1.202396417932212191e-01
1.623276927392271474e-01
1.116814492160698724e-01
1.236038840947729645e-01
2.905420643857880569e-01
1.364539855847933247e-01
1.160303755192634984e-01
2.817198502774708735e-01
1.540178158644701645e-01
1.400828708290216829e-01
1.402686990826682856e-01
1.265716383710744908e-01
1.467301975806940550e-01
5.141917730462389757e-01
2.497406482077412448e+00
2.553684088933242391e-01
1.005860934265192103e-01
2.390367378445528712e-01
3.581088316932093396e-01
1.008908241455252902e-01
1.329476417754485718e-01
1.256324133393088016e-01
1.472576001629222475e-01
6.023874526930076412e-01
1.354194319682884728e+00
1.791582878042911331e-01
3.592705449213079438e-01
1.520882947346886560e-01
5.447480864124281119e-01
4.092515077378460209e-01
5.732086548065303822e-01
1.339429856556291487e-01
1.010613751156623774e-01
1.718204940589603824e-01
2.916989070547590379e-01
2.099805395473883507e-01
8.444983820959157228e+00
1.902698340043981196e+00
1.893511121035983957e-01
3.572623887799251108e-01
1.296296639489567804e-01
1.909822956357916102e-01
6.003759262711344524e-01
1.918444801259179266e-01
1.089771403372186420e-01
1.116796790080398644e-01
2.321600290980784520e-01
1.034940353592416068e-01
2.030271216096471987e-01
1.142979403017928414e-01
4.835038129180293520e-01
3.556524674163696442e+00
1.543442857084354747e-01
3.325921653661914057e-01
4.098103938708551053e-01
1.492224071185699052e-01
2.220631672874246731e-01
1.662579426373019253e-01
2.005435319456601584e-01
1.396393456105814446e-01
2.127647788760361758e-01
1.181105994030568485e-01
2.566832635968234189e-01
1.331183673909615561e-01
2.817019912697734108e-01
1.011759378585414870e+00
1.533813032210410432e-01
3.543208444510297372e-01
5.094668696597863811e-01
2.583686428785844647e-01
1.299605745444552818e-01
1.085834149827117207e-01
6.206523376072646814e-01
1.758626674822185154e-01
1.066465990237316364e-01
1.074707130012446249e-01
2.420851943000136286e-01
1.174711463671094802e-01
1.143713908359655085e-01
1.960902671202045255e-01
1.464076490792667606e-01
2.547569218905554878e-01
1.517031885797658908e-01
1.434428880215020963e-01
5.089271279496253575e-01
1.972054453849189648e-01
1.071671840256545605e-01
3.459426513442858120e-01
1.229723384738083958e-01
1.311512545821729436e-01
2.356234265241571313e-01
1.957908508803064829e-01
1.118150820566735926e-01
1.319307931658640909e-01
3.071413273730563831e-01
3.180919446076251322e-01
1.224737523361376507e-01
3.412891916083847788e-01
2.553400018618967593e-01
1.004573093854743970e-01
3.963058422724836660e-01
4.021563079415063635e-01
1.971797408271608043e-01
3.312345241898650983e-01
2.462747458146906931e-01
2.161779562498622187e-01
2.501311343510894125e-01
1.056432739002829413e-01
5.038957678330445722e-01
2.163538884417671726e-01
2.309459229458600549e-01
1.637285705926556090e-01
1.143965334972887549e+00
1.300462158332679474e-01
1.250367042723850575e-01
2.008175167797452143e-01
1.506607169833730220e-01
7.165722579552906701e-01
1.439047012459825359e-01
3.371505727562467691e-01
1.130950181310247937e-01
1.543952994207339335e-01
1.510866296854798396e-01
1.760439949651934066e-01
1.740291387145518343e-01
1.569849992658061688e-01
2.012114978540865684e-01
1.153794938726622893e-01
1.289588895509100608e-01
1.734108401851613135e-01
1.008680797508481747e-01
4.807677790614881541e-01
1.148324447633474743e-01
1.575878574032393287e-01
2.026748922559756250e-01
1.130234609741932739e-01
1.044003441591226378e-01
1.369078849351313965e-01
1.841248136479158859e-01
1.225306928439588855e-01
1.153177435394601713e-01
1.538187418399915019e-01
1.906495180589050931e-01
2.096842162637961859e-01
1.224057571692203777e-01
2.757510792656454046e-01
1.824369525510610435e-01
1.555581921327241490e-01
1.128161577235868296e-01
1.087549474105514169e-01
1.205896630386557311e-01
1.346603722957686877e-01
1.048271267562990827e+00
1.149877410679553819e-01
1.000560817617182630e-01
2.149423781944535539e-01
1.394293838036466948e-01
1.762618158534440260e-01
4.224693326915311409e-01
2.051056674003954028e-01
2.148175426678488875e-01
2.677462379252993352e-01
2.004318427465507091e-01
2.076548408288544589e+00
1.912638848316368378e-01
3.714067764905288338e-01
1.141767228033429976e-01
1.806384961063365324e-01
2.211411445032459788e+00
1.714149326918234240e-01
1.793610825222471306e+01
5.496900509397534274e-01
2.404805112947878687e-01
3.527825491025497473e-01
1.050959584684177384e-01
1.959065609972645561e-01
2.440634065819563825e-01
1.540166715612568127e-01
1.165942900319570930e-01
1.274743360247707069e-01
1.594193759502188223e-01
1.792757605284482914e-01
1.588410020153790403e-01
1.038787557480657375e-01
1.046237978465478502e-01
3.270439604284663404e-01
2.717440650491382836e-01
1.060916990720939951e-01
2.121473199766418516e-01
2.835935967756506582e-01
3.676375630109158799e-01
1.378123688376725331e-01
2.212155075098991286e-01
4.837709868905044619e-01
2.196476184693261224e-01
2.260747932023159379e-01
1.296684312637162162e-01
1.251964401379278002e-01
1.118289006388655249e-01
2.391661319672180042e-01
1.976123243434470544e-01
1.614763723171443455e-01
1.224688779138811273e-01
1.184319971163617091e-01
1.034647519782840031e-01
1.626101324302815510e-01
2.696467261909417656e-01
9.796886871588296186e-01
9.389200915059627839e-01
1.034521203444471737e-01
2.387981204024565707e-01
1.233746310950974145e-01
1.188575309937552754e-01
8.235635247609878196e-01
1.031407605252539494e-01
1.126846230181413333e-01
1.301676875938214961e-01
2.174540004442893082e-01
7.459525839360994226e-01
1.294043604306755468e-01
1.600229227085118722e-01
2.330702592006086427e-01
1.532278774597224669e-01
2.528213650488105313e-01
1.557018616851428283e-01
1.617933496832369145e-01
1.949446966242497081e-01
1.844711165888401616e-01
1.166306575847209370e-01
2.359788552747205392e-01
1.547093386098329082e-01
2.183808910105659307e-01
1.795952539058466024e-01
1.137651355056776836e-01
1.105913396786145642e-01
1.700475846168079119e-01
4.879557173801924996e-01
2.034333021247505702e+00
1.018467916361060904e-01
2.535351918413578653e-01
3.211653804965164394e-01
4.248640158559264801e-01
1.602402142528558671e-01
1.130385990579939187e-01
2.054468678106409207e-01
1.005525926970130685e-01
1.264938422923863048e-01
3.482205086095802038e-01
1.060223583380144607e-01
1.698856452950628926e-01
1.045516722313238889e-01
1.896147316617124989e-01
1.999548510836660631e-01
1.052663275293984624e-01
2.587429986367748014e-01
1.644788815580508490e-01
2.987737134272465123e-01
1.645578394600077099e-01
4.633900092574613772e-01
1.304082062805837494e-01
1.704338837185193634e-01
1.099107936219709258e-01
1.318165731533390839e-01
1.351195325258684188e-01
1.008485429783118337e-01
2.494158439733130950e-01
1.271381219065141621e-01
2.262261339292558571e+00
1.216260940681453406e-01
1.071911313477528771e-01
6.545560778402005342e-01
1.060144642202518750e-01
1.097310494674893777e-01
1.328168987455365102e-01
6.779592161950909190e-01
1.321804675358879966e-01
1.271240397506389896e-01
3.657001364967510382e-01
1.073021359268748753e-01
1.114487845361112062e-01
1.069726205824039350e-01
1.096118668825164788e-01
2.195429683475974558e-01
1.126047799718040976e-01
2.074058504803905356e-01
5.468344759572234537e-01
1.614371305590752703e-01
1.404993163179837912e-01
2.579616279498248010e-01
2.468711295771163494e-01
1.196072390386891809e-01
4.336015494640279577e-01
3.390967289459104750e-01
8.688512184654397785e-01
4.399155168755761736e-01
1.560306393900664501e-01
3.952908474616801948e-01
1.304953625065994327e-01
1.599244254483846994e-01
2.693830499919439014e-01
4.182385038209497918e-01
1.029128889103212291e-01
7.099723564024560396e-01
1.318320803127871754e-01
5.903630866392143295e-01
1.100883425210691935e-01
2.466138387730736070e-01
2.215604578480755427e-01
1.681895188161990629e-01
1.556138602042597407e-01
4.460296947954934810e-01
1.892368329252015480e-01
1.821985296892203177e-01
3.526162703891381200e-01
1.696884867047650236e-01
1.126345941097207093e-01
2.230494253867786325e-01
4.208805629355928390e-01
1.142186618476628834e-01
1.010863814065423860e-01
2.652881445332965771e-01
1.157650771648048027e-01
2.811481751881759750e-01
1.147467839181029459e-01
1.103457870721552408e-01
1.074173478104168827e-01
2.518920141221969167e-01
1.104813976318879398e-01
1.007649053028369102e-01
1.556662650808963433e-01
1.279113851541849034e-01
5.387985307583960104e-01
1.132581267178119355e-01
7.750401344550721383e-01
2.100519604106931004e-01
2.044805914014242720e-01
1.507792840109269950e-01
2.435666551222445131e-01
3.035288301133955979e-01
1.014974934530410294e-01
4.816527223543864977e-01
1.912011209651892363e-01
5.120096882269405958e-01
1.777839837750910812e-01
1.854142012193920608e-01
2.921431683765859932e-01
1.063529466250680566e-01
1.122386679665343251e-01
2.180941764181182629e-01
4.141617857558722027e-01
1.898897660903012263e-01
1.707074484844714746e-01
5.125731773799514501e-01
1.348258797233181372e-01
4.151604599358301728e-01
2.024798079588875643e-01
1.608603748546854617e-01
1.381595295511783006e-01
1.670497804684647480e-01
1.572902364147988064e-01
1.214896539597782321e-01
3.455699825284561655e-01
1.504935996630363537e-01
1.483403924648669381e-01
1.752593937855568551e-01
1.548527624804626468e-01
5.330293281305503728e-01
1.277470298119667003e-01
2.948894533852724487e-01
1.962418337331691687e-01
1.613792086240259105e-01
4.425822491855824214e-01
2.856490077220958379e-01
4.650671984974020789e-01
7.444054397489840991e-01
1.247346215237064987e-01
1.424197011370739174e-01
1.492764108379665000e-01
1.023889864972397784e-01
1.105113241560368031e+01
2.634108130672276338e-01
4.190305800735856234e-01
2.740247307412599365e-01
3.132687116305396535e-01
2.075548731510739042e-01
1.649422279718999462e-01
1.364639947508808904e-01
2.317742788443478030e+00
2.485577664005108600e-01
1.111035936651877942e-01
1.028742461660700491e-01
2.469258391715261070e-01
1.155759029545441879e-01
1.866348536201868358e-01
4.975735801921646884e-01
1.019895538353854936e-01
1.037589574538997916e-01
1.229652197153054960e-01
1.333282055264329413e+00
1.126793972385955050e-01
1.379473566638394766e-01
1.760554473716189339e-01
1.911533454509376062e+00
2.096587317625581814e+00
1.739801390937335268e-01
1.046218596603435691e-01
1.225785983176010535e-01
1.472510829987886960e-01
1.712018334089998595e-01
3.887685757345846205e-01
3.341324977897132675e-01
1.016545892978298227e+00
1.023160350658029460e-01
2.158162653983372870e-01
1.628850125185797582e-01
1.616571410729963354e+00
2.387087790391967390e-01
1.207966703403107883e-01
1.019290428261701992e-01
1.078855190481605719e-01
1.023320648834895458e-01
1.798631004289261925e+00
1.216031258488446953e-01
1.233892899101990404e-01
1.772888592893652193e-01
1.397035503033006165e-01
2.994109710418280668e-01
1.181112637871058607e-01
1.100880298906169730e-01
2.947758430611619462e-01
2.507850814134212625e-01
1.400627671583054845e-01
2.451467832532343571e-01
1.763015036517627809e-01
1.037669065339102831e-01
1.367351273342152784e-01
1.129297680656969338e-01
1.086642363875219008e-01
1.412407800861989471e-01
1.030987959807360133e-01
1.070162115564225885e-01
1.006515281650998128e-01
3.365986923459727276e-01
1.008734747770297480e+00
1.069720168968830293e-01
1.655353850197249510e-01
1.225370183857648065e-01
2.668038328007830695e-01
3.120409108374762042e-01
2.358887932645402918e-01
2.070617858056526817e-01
8.327628544078369277e-01
1.175207122218501488e-01
2.395985423792578839e+00
3.834455580109334405e-01
1.153746653921815080e+00
1.686818170222509350e-01
3.671844749012671549e-01
6.888270290710224453e-01
1.876415657152291361e-01
1.180418260491341576e-01
1.012600236889065197e-01
3.127639519529423762e-01
1.197238314043924112e-01
1.356352100235780345e-01
1.145990172678880425e-01
1.577388262196331437e-01
1.664174395908313286e-01
3.926218557983147672e+00
3.186463733093823913e-01
1.254966852469740213e-01
5.061346308251248871e-01
1.089129358525407487e-01
4.752479894997500565e-01
1.139438492859832230e-01
3.893350052559723107e-01
1.718725473023950401e-01
1.447208028032223037e-01
1.383716711068480876e-01
1.202348298291620043e-01
2.945513597624024871e-01
3.243237900162732057e-01
1.772902337165192521e-01
1.096199000700966569e-01
9.589597275452521608e-01
3.190710382173007620e-01
1.111512224151122441e-01
1.797446517856216563e-01
2.608852659362547732e-01
2.854672268765281462e-01
1.126893780096530212e-01
1.161728813897718315e-01
1.985809329334432272e-01
4.774327021649217295e-01
1.434163281759721353e-01
1.628722382965208937e-01
1.078699449373884400e+00
1.934467270384087056e-01
1.553082856455011707e-01
1.047948388559790528e-01
6.266968419593959005e-01
1.083492586875057367e-01
2.162686265163035193e-01
1.440272193914995391e-01
1.030824812692115872e-01
1.361541847635636682e-01
4.617502926765080784e-01
2.622691656932935600e-01
3.338186001892452293e+00
