1.831853478722820228e-01
2.343337876569009937e-01
1.011617916366080450e-01
2.163275232034269357e-01
1.289972312476818928e-01
1.401244910491898032e+00
2.536418101335249919e-01
4.623011110711599869e+00
1.120460079001698861e-01
1.297252738215604606e-01
1.991543707510789463e-01
4.701129139900470100e-01
1.799086996294303464e-01
2.034906655454739866e-01
1.367761426918569223e-01
1.104997903706536749e-01
9.620731248588723084e-01
1.770020813107853641e+00
1.504644614763512023e-01
1.606442659986282995e-01
3.941611648577473037e+00
3.482311815310049630e-01
3.717148604464227679e-01
1.026978889621566610e-01
4.051491761968595284e-01
1.260869124092854621e-01
3.276198700854533463e-01
1.180275128789957106e-01
1.428787509326064631e-01
1.110134795567223054e-01
8.601185899712204819e-01
1.792400737461598559e-01
2.633780793216208838e-01
2.634230729459449138e-01
1.883593669049188624e-01
1.269357873303197104e-01
2.771706793967020910e-01
1.128984355408752666e-01
1.180805000784669878e-01
1.210272884160097928e-01
1.460346293361468595e-01
4.112355026733391927e-01
3.157928576645381291e-01
1.135387503916647917e-01
4.093586551563621612e-01
1.703197121057216379e-01
9.104428648269519142e-01
6.401441373792510214e-01
1.086473336026703707e-01
1.313543969609174134e-01
3.108081386498781074e-01
1.115969811872731948e-01
1.297163250265624956e-01
1.441491680306223599e-01
1.217108881379679597e-01
3.227737240082535486e-01
1.006832482111836846e-01
1.962393168133997889e-01
1.574814082476067856e-01
1.469106520677989636e-01
4.665329925136165734e-01
4.572812490312045952e+00
1.076181746489151270e-01
1.301347020700054646e-01
2.259120559870063105e-01
7.172000548722888835e-01
1.250431286333540670e-01
2.140656318378734158e-01
1.532023412927664419e-01
1.143583984023665984e-01
2.130049443808942344e-01
3.215712396798380279e-01
1.116148593600424094e-01
1.261242521109252057e-01
1.580845438111968260e-01
1.723636536132783503e-01
1.550553926187465403e-01
1.119461332963571226e-01
2.090937012182032262e-01
1.135990761277508865e-01
1.004521657417386388e-01
1.538956395810961442e-01
1.193531965994686639e-01
1.836339269128751395e-01
5.340085251029184077e-01
2.263196078668607836e-01
8.444210001971582669e-01
3.293272109645604684e-01
1.372002586024096693e-01
3.404934423626309603e-01
3.307212667764554692e-01
2.613277502586676682e-01
3.090462344865563260e-01
1.122241950986161002e-01
1.088581608335499606e-01
2.235241667280793987e-01
3.727756503014419409e-01
1.088363674289533761e-01
1.163393898735265719e-01
1.203662274051851000e-01
4.666274848414766474e-01
2.414136972667683789e+00
1.050123462395273349e-01
1.896323615676351604e-01
1.797461464767925454e-01
1.249399840365124359e-01
5.405855648120937440e-01
1.035258318321130439e-01
1.167318621441602589e-01
1.104570099983520487e-01
1.629817743766311944e-01
4.479540294984363236e-01
1.019475109656344386e-01
3.051628433645355853e-01
1.192707470355497956e-01
1.666945463240150360e-01
1.567483067206714709e-01
1.599980601484309040e-01
1.922939498826577720e-01
1.424738778957802821e-01
2.075525142989518013e-01
1.075035713044961150e-01
1.688776002814900146e-01
1.171416886515358469e+00
1.365848797855705177e-01
4.008598449575135891e-01
1.424016211237293938e-01
1.714785153924432981e-01
1.062583577608481183e-01
1.078958645556951784e-01
4.383436063996167253e-01
1.840073882443480358e-01
1.447050259040989495e-01
1.752125480557589210e-01
1.495439032775748300e-01
1.222566676072358166e-01
1.380039703795851447e-01
2.311905810600100863e-01
3.515451446872954744e-01
2.972161103502244939e-01
2.309844592726963963e-01
2.696085528730364778e-01
1.186802118838486825e-01
1.225262293768089733e-01
1.645412912593983701e-01
1.107556497703918591e-01
1.644922729142322404e-01
6.686168781204464562e-01
1.420916516675557462e-01
5.314472305412051290e-01
1.952490507110393736e-01
2.058123979897098499e-01
1.331301228883693122e-01
1.640837936910581885e-01
1.169192170961918520e-01
1.200980236326158190e-01
1.905485191970042180e-01
1.334304050974995937e-01
1.154558651683273568e-01
5.489807867895909466e-01
1.061619238106944335e-01
1.436798665964578170e-01
1.027803865334231681e-01
1.667436836745987971e-01
1.005350951032671081e-01
1.642239638852872607e-01
1.582999505087927250e-01
1.867770095097526784e-01
1.071929007718913085e-01
1.089338245269350636e-01
1.378953159134344852e-01
1.362974890593978972e-01
1.130784427405024800e-01
4.945588544138860287e-01
1.391112497169335604e-01
1.321366014001412181e-01
1.181544527514747644e-01
6.975904146448933529e-01
1.033729100374475574e-01
1.077289425804754536e-01
1.106833927057959271e-01
1.131032987510466603e-01
1.822973872285423846e-01
1.239396715513645941e-01
5.539786532442310119e-01
1.152216201037628007e-01
1.681191522835356000e+00
1.386755524874752898e-01
2.006720824758700950e-01
1.024895751867146015e-01
1.061535896318025057e-01
1.143190928885617352e-01
2.878258720174353691e-01
4.550233580286215385e-01
4.848461997016760283e-01
1.719854785675533626e-01
1.520190637813870760e-01
2.157140128035935911e-01
1.536687105616848237e-01
3.425611219441476174e-01
1.462253252341908227e-01
2.523340599923221683e-01
1.439928593419119995e-01
1.092767597479439856e-01
3.056758832564894224e-01
1.115100083065806436e-01
1.010262893417485791e-01
3.718389205924001462e-01
1.914014583635620381e-01
1.448336749611759400e-01
1.590064143301337940e-01
1.086980499510150494e-01
2.524657816490581408e-01
2.245409660949060360e-01
3.610103853682073427e-01
3.709164354622628057e+00
1.671132757141593483e-01
2.575374364102680502e-01
1.088450100888724847e-01
1.279299759250091262e-01
1.100721227532395069e-01
4.450352460987574421e-01
4.828857643730984361e-01
2.594166940892995155e-01
1.364705837851679093e-01
8.939004118842315272e-01
2.526339134284434351e-01
1.496124695080033318e-01
2.521175952500210871e-01
2.913011912825690941e-01
1.498921882028902697e-01
1.150717514415722925e-01
1.523243852138431276e+00
7.273174742995414110e-01
1.420423388558137157e-01
4.823950138714699354e-01
2.834742757744145858e-01
4.145386351356126764e-01
2.786113384742620602e-01
3.342676256822725289e-01
1.370592566722000638e-01
1.432253230144902023e-01
1.134457844381113328e-01
1.031506910992670556e-01
4.409651707511966778e-01
1.112781839349564622e-01
3.554745367615200990e+00
1.659982489219833934e-01
1.022572310026167719e-01
2.809737911211401817e-01
1.298225273115563849e-01
2.464891191544125171e-01
4.917202469619273986e-01
1.153765297350815566e-01
2.380271437399412093e+01
1.198835344328052638e-01
1.004215573281702079e-01
2.653819925679020142e-01
1.082589235059450705e-01
1.143005270602208273e-01
1.139431138121317216e-01
1.206942786099924753e-01
1.150274734616831274e-01
2.004888057343342800e-01
1.002754293185348644e-01
2.360795195316872097e-01
1.369318984413840645e-01
2.402617548782224333e+01
4.409972738588547880e-01
1.514319675734742132e-01
8.275975056562068222e-01
1.055466790799051424e-01
2.301513486220036153e+00
1.361055524412671802e-01
1.371248168786525223e-01
8.086592736909721246e-01
3.696898064398035366e-01
4.877107900425155407e+00
5.103727100126979721e+00
1.647962496180056247e-01
1.112154993326759378e-01
3.486108137480921076e-01
1.329701249303088806e-01
1.453481203067558680e-01
1.068914207046920417e-01
6.148643194425145175e-01
1.335810335646752389e-01
1.025903795064917912e+00
1.144599275415630751e-01
