1.026617352565355051e-01
1.039556460632562740e-01
1.112096007376139756e-01
1.519018430624377025e-01
2.044975576890875613e-01
1.586564565693357187e-01
1.997956810058858779e-01
2.680550161252318042e-01
1.078935226026083161e-01
1.060719906555643716e-01
1.010825812351187625e-01
1.171543896333178403e-01
1.230355876518636205e-01
1.285765281744861488e+00
2.914936034101724416e-01
2.371788736300855516e-01
2.854945582936585513e-01
2.587222922163298078e-01
2.369665109248602630e-01
1.396008192708937112e-01
1.062540025643756991e-01
1.282472964134184490e-01
2.804246344242672939e-01
2.283976660511685963e-01
1.101786423188089170e-01
1.946137961935235028e+00
3.257174542102755921e-01
1.634720131943921684e-01
1.754592041727850715e-01
2.113225446592870149e-01
2.841766549524276098e-01
1.552027198477627490e+00
1.133918512507909315e-01
2.784630144953908482e-01
6.879359484760795285e-01
1.123605808939909523e-01
1.040760750793321199e+00
1.625783984627578449e-01
1.105088083887124928e-01
1.017869646082863594e-01
1.695777118451354815e-01
1.754914308542601109e-01
1.353179617279103020e-01
1.584543798657966629e-01
1.204950314250316928e-01
1.135412397458512856e-01
2.129206111774790411e-01
1.816363718869078159e-01
1.304532577325941134e-01
1.779937436041056087e-01
1.407847155590283561e-01
1.718702116997771479e-01
1.591878539629254519e-01
8.354246918281999612e+00
1.159425346010272140e-01
1.049869162807586798e-01
1.511376666666972013e-01
1.000381559667751441e+00
1.173579516018055102e-01
1.026878352690128171e-01
1.070014280285969399e-01
1.913796803830397353e-01
1.579284595445743511e-01
1.019419393686276376e-01
1.401672243610654067e-01
2.255352159382314758e-01
2.244733105565552000e-01
1.203988895912696533e-01
1.124134533112288170e-01
2.291306332569441606e-01
1.049064099958855190e-01
3.756373774789710795e-01
1.943271992837195261e-01
1.007351792089391518e-01
1.773459444404834606e-01
6.177870928263132777e-01
1.672445599345121492e-01
1.166370028955956012e-01
3.962885620411379373e-01
6.547978216910155247e-01
2.318522047944372444e-01
4.385539445719236484e-01
4.284423826695584747e-01
1.752770633348583740e-01
1.990910283351469967e-01
3.320242492099472198e-01
1.227876110807104570e-01
2.549902617555440676e-01
1.139430902807672397e-01
1.990683200100944739e-01
2.137895649627171990e-01
1.780011193132417235e-01
3.094972595257284853e-01
1.725745088038763697e-01
1.173987570158283172e-01
1.150110480799011736e-01
1.150582316707659952e-01
1.146558582623619787e-01
1.384185656145444365e-01
1.266964568492110199e-01
1.483905619750763849e-01
1.003101731238039279e-01
1.577345227194570376e-01
3.166531341778778819e-01
1.730112977373849947e-01
1.027138614621535551e-01
2.270948884620462016e-01
6.763911623116848348e-01
1.216027172261393424e-01
1.199271175374186371e-01
1.331938974829211253e-01
1.597011746768362828e-01
2.369238373192205094e-01
1.486653249107482422e-01
3.419391805933743034e-01
4.425056733512481855e-01
3.693850540964740414e-01
1.151188993911636205e+00
8.700570451088982526e-01
1.004000915651797332e-01
1.045233827037382879e-01
1.685441199524819467e-01
6.269116316246351461e-01
1.645011650991425434e+00
1.664753700143808413e-01
1.371386215996291402e-01
1.450092114334310123e-01
2.190480426384859014e-01
1.197409095577181282e-01
1.808093604617139194e-01
2.403542421246450678e-01
2.225163212247413258e-01
1.533084014747901069e-01
1.291324906749819201e-01
6.788097289697399006e+00
1.848665645588200013e-01
7.921438448475213168e-01
1.348735084888560420e-01
6.935901363324979974e-01
1.052149398939952046e-01
1.179795265623330702e-01
1.030933797884426184e+00
1.240338105132098995e-01
5.154710985773578447e-01
3.845649855251469518e-01
1.439550091015256716e-01
1.111783013037804663e-01
2.848644525325049748e-01
3.164260867217629780e-01
1.278808291148261500e-01
4.619105765528606078e-01
4.532102359451936069e-01
3.347613365848186029e-01
1.558200946835008316e-01
2.588183505644862104e-01
6.299036996326357052e-01
1.071827085491257603e-01
3.427632172327341742e-01
1.154517082252230903e-01
1.653725638738800796e-01
2.060055097711137317e-01
1.311149064507018958e-01
1.097392918049801547e-01
5.227090857174029326e-01
1.197718799087109515e-01
2.835521185527113408e-01
1.918329716147927910e-01
1.741761696859074060e-01
1.323043166652703440e-01
1.126653666909611246e-01
1.118193440824156726e-01
3.650923092068668052e-01
2.020773849954180246e-01
3.454311059862854028e-01
1.631457344299204637e+00
9.503496711133609942e-01
1.258265814601841059e-01
1.901999505380440325e-01
2.163209177682566819e-01
3.566978223458819874e-01
2.120935267639240951e-01
1.569736443639226375e-01
1.536203280249251180e-01
1.127541344338347379e-01
1.266650196885886714e+01
5.585251026596694812e-01
2.868973677448019566e-01
3.067311084294840895e-01
1.058474950387188418e+00
2.138234044117026666e-01
1.906555158893443735e-01
1.383881412715757819e-01
1.195483218179362456e-01
1.308150905636739081e-01
3.539549945454499857e-01
1.236507701568823753e-01
4.206526575739292229e-01
1.058516520868277855e-01
3.236243122653582049e-01
1.938029095407613200e-01
2.644474330656862437e-01
2.879404704200309029e-01
1.479813205606350379e-01
2.423077234598454144e-01
2.700465709182510721e-01
2.396277143099841966e-01
2.591952976089322846e-01
1.327679927107328350e-01
5.857976239282773889e-01
4.746092820158420711e-01
4.578483999707041452e-01
1.423808123314999063e-01
1.240840044874691461e-01
2.055284968834597825e-01
1.907759403829203115e-01
1.364879688380846445e-01
1.199426096903830896e-01
1.230344563467799246e-01
1.008347417880536834e-01
1.304271601571695971e-01
2.005552152287369272e-01
3.503741186897407212e-01
1.232184108117596183e-01
3.438213341374242726e-01
3.039253367650588400e-01
2.346692270990659301e-01
1.241343788923859465e-01
2.628064827229689704e-01
1.893613992448465455e-01
2.402208744825425901e-01
1.004123489599498820e-01
4.915189686473089847e-01
1.548514624761616054e-01
3.373867585819667614e-01
3.182751125191550234e-01
5.998718315714787197e-01
1.347649992151983833e-01
2.803730198549612496e+01
1.516483650750193590e-01
1.263639619213293153e-01
1.415611090161194296e-01
2.906239437075476828e-01
1.244961543220430428e-01
1.397674058616253656e-01
7.029834267182386576e-01
1.890332045920716797e-01
1.213583451828703225e-01
1.907517774734631411e-01
2.892683353741670182e-01
2.285896931277765776e-01
1.729531157906777084e-01
2.044145542202798760e-01
6.725054197310730286e-01
1.018925673967923384e-01
1.824846496113544936e-01
2.139432477849899650e-01
1.356924006450921594e+00
1.317045277823869764e-01
1.475076505040487040e+00
2.877007618213855422e-01
1.362911397272793257e-01
1.136991110713294062e-01
1.084732953121022581e-01
3.673968357777345761e-01
1.715201116306543927e-01
5.063034191659876448e-01
4.196341357279144701e-01
1.046738704048517654e-01
1.236009818879129363e-01
2.700215552578618672e-01
1.251375530413839365e-01
1.564780385887964143e-01
1.290113405768286980e-01
1.373476442896114647e-01
1.411391446588778076e-01
1.794656972043415233e-01
1.957944042954171959e-01
1.141851480604835073e-01
1.188417629603034653e-01
5.010863249482510051e-01
2.848996142158892186e-01
2.988495972039864057e-01
1.087980615254103417e-01
1.177330620287447699e-01
1.587240270865604985e-01
1.902115420183961847e-01
1.744946946655769326e-01
1.224029146519545752e-01
3.374726073261316017e-01
3.238646510624100250e-01
1.458390039863471377e-01
4.175800295537803186e-01
1.063074956577451380e-01
1.182888208188886542e-01
1.372383397865619414e-01
3.344239278290990658e+00
2.422948714575863804e-01
1.220698020554233099e-01
1.724462833474373069e-01
1.097859083213442166e-01
1.970382516000391271e-01
1.309763624551509020e-01
2.110419626678708416e-01
7.385797525182211665e-01
1.043518342658246723e-01
2.264318170757025905e-01
8.973419061362589710e-01
1.665150993056695450e-01
1.030373976596266061e-01
2.403389821303092422e-01
5.081439404773883117e-01
1.356593506500795576e-01
1.532952166189329724e-01
1.191556573306548766e-01
1.340086894671076445e-01
1.006638362034453921e-01
1.397559680295888673e-01
1.347743175561919027e-01
1.014141627213581281e-01
7.684476477187374144e-01
1.835932831809927446e-01
1.794411732463637166e-01
1.934456593564271576e-01
7.701968118894901849e-01
1.630046993279026246e-01
1.275748236138807001e-01
2.552575474598808292e-01
1.439137840354201836e-01
2.031919651719114039e-01
2.655201647449060842e-01
1.819380858487719965e-01
2.919050949835736986e-01
1.293182305464674609e-01
1.410241466724916903e-01
1.406395165440317563e-01
9.760292548556233072e-01
2.306852529823249509e-01
1.981599849158360849e-01
1.469068341582560611e-01
1.664223231476847920e-01
1.232656950658081452e-01
1.394712701556986290e-01
1.412934320417094658e-01
1.222450588901866503e-01
4.145271564799204889e+00
3.109581427147560806e-01
1.695069501540295565e-01
3.121003193754479099e+00
3.315327432672398600e-01
1.427753260666669022e-01
3.622097135896165110e-01
2.144141095881048065e-01
1.673350196189454520e-01
1.551109827371811023e-01
2.063832181264605714e-01
1.763205209325400480e+00
3.782131000354598260e-01
1.795676324912527377e-01
1.124193889633835070e-01
2.726925624831448292e-01
1.148636189930455631e-01
1.059561934986984477e-01
6.126483402113249710e-01
1.460163059689571219e-01
1.233316178587327977e-01
1.025969691950119611e-01
1.603104655686297952e-01
2.775430043536373792e-01
1.919801982618166980e-01
5.317606502371312605e-01
2.172551175478538710e-01
1.496125856518620012e-01
6.239822562072903089e-01
1.436397365428822848e-01
1.154431520520349530e-01
1.123429732579918072e-01
1.055685045304060043e-01
1.881795892915721913e-01
1.315849740454327621e-01
3.423519615924127124e-01
1.094149070136163915e-01
1.804968381959874968e-01
3.836261409369861597e-01
1.018471511572007632e-01
1.936138097881628939e-01
1.528290263658417525e-01
1.638519235004293195e-01
2.242510974344066599e-01
4.997074282161431680e-01
5.895002627456958910e-01
1.281581974024650350e-01
1.268661049147935260e-01
1.473886483326445340e-01
1.500472629940641234e-01
1.010122332616004703e-01
1.221904875445695704e-01
1.123126138114243083e-01
2.163406024350190970e-01
2.076987298933702653e-01
