1.170398784501695433e+00
2.567564104286443327e-01
1.035395233529048942e-01
3.852274030744518019e-01
1.896635715862021065e+00
1.010167007549289536e-01
1.965879858395419011e-01
2.051436894917726128e-01
3.737714213569874877e-01
2.133416779974152411e-01
1.238976127926526422e-01
4.147721584968970809e-01
1.163974455481926462e-01
1.030926989824385021e-01
4.240226305606036306e-01
1.451157659842288172e-01
1.103109235069713451e-01
1.798893449850316739e-01
1.236319608077883631e-01
1.449238775989158123e-01
3.809041864311606962e-01
1.310136990422407222e-01
1.646093081969119132e-01
1.156322697099252256e-01
1.406038423224869882e-01
1.979883854096925744e-01
7.074094263133016147e-01
1.354588791044386009e-01
3.667992465032264282e-01
1.611542378080132454e-01
1.197784237646074557e-01
1.055768305464307999e-01
3.909315875153587805e-01
1.234270693610767800e-01
1.574684686283521484e-01
1.023644799941276773e-01
1.111449348187923541e-01
6.966464694879794806e-01
1.471692496414142848e-01
1.059750419494602663e-01
2.646346173096635113e+00
4.407401409891131272e-01
8.942625279406812844e-01
4.144253505697905737e-01
2.031752734600148491e-01
1.165009436642277518e-01
3.105592311856056331e-01
1.237132637311081917e-01
2.271342945444630446e-01
1.180088500146352637e-01
1.108900443965319393e-01
2.536565082289923834e-01
1.093911869043729113e-01
1.557555225451023873e-01
1.141870675084632192e-01
2.393007596531213643e-01
1.761447429456237113e-01
3.909859187979630724e-01
1.369313025446536047e-01
1.269593329107988611e-01
2.176231316749775990e-01
1.064298013652764524e-01
7.538118579362654836e-01
1.224589549126911953e-01
3.669642187553364687e-01
1.085147560145628409e-01
2.247236015421691657e-01
1.135229243798499682e-01
1.131444558566928466e-01
1.017285339963004687e-01
1.324477394201420410e-01
1.796163900927413848e-01
3.027311467350192742e-01
1.491114566063637403e-01
1.764007254154189019e-01
1.315103934427202803e-01
1.255376431053743802e-01
6.749901369135901108e-01
1.066401935170232518e-01
3.888868547624960148e-01
2.219151057975693453e-01
6.069675621241056973e+00
4.358581365309474598e-01
3.457135055265876389e-01
1.237382224303930772e-01
3.038505859496937189e-01
2.138037773833400823e-01
2.861396011595510602e-01
2.419739729956484897e-01
5.488253497716222284e+00
1.162028666030604784e-01
1.790202693806902667e-01
1.046113234278382154e-01
8.637758972698637017e-01
1.099456128087215739e-01
1.009439716327007464e-01
2.955986774109052462e+01
2.288305635341132127e-01
3.133047680954890168e-01
1.051629478538758655e-01
1.770199547728502354e-01
1.391222845650786077e-01
1.199456494829164860e-01
6.447655826579015148e-01
2.959547645279582140e-01
1.363170775916902611e-01
1.630059156890075189e-01
7.451288754941476355e+00
1.978408219940329671e-01
1.087428466415779477e-01
1.286915923477195689e-01
1.325141015524863852e-01
2.961300790908891201e-01
2.236605423065591014e-01
4.078422213474641733e-01
2.142795794046609414e-01
1.180874408525380281e-01
3.253748117138565155e-01
4.726685361833790622e-01
1.461861648935679214e-01
3.215486850367215155e-01
2.209170085618946122e-01
1.148765129534033563e-01
1.603418246733551711e-01
2.164609754801084529e-01
1.014342732844484840e-01
1.894053743713354221e-01
4.967168618117996370e-01
2.548085743816097537e-01
1.068636303686136685e-01
2.550835529381700328e-01
1.324958233354512904e-01
1.016195569137849780e-01
1.199748776335852196e-01
1.002735961769137263e-01
3.656057256781292120e-01
1.254577632570299528e-01
2.016052644573247954e-01
7.392328967318921862e-01
1.519460316520298837e-01
1.911774436124090704e-01
6.352160531660177023e-01
1.585406155223396119e-01
1.091665913906309515e-01
1.448647971649716648e-01
1.457298974735643238e-01
9.882014123269512451e-01
2.697178822886719729e+01
3.201071081432143028e-01
1.593664700580081639e-01
1.411199748714542790e-01
1.027488022906503651e-01
2.046938906846210993e-01
1.691051495833741092e-01
1.407403449355942304e-01
2.459235152768905197e-01
2.011886624170334814e-01
5.145191536812639965e-01
1.657843042327420413e-01
1.253748238852335328e+00
1.247584295863516657e-01
1.112393583959629811e-01
2.813429437124361221e-01
2.402850691859937382e-01
2.087829551768158043e-01
1.159462166592112320e-01
1.320416623254050958e-01
2.334153530276137922e-01
1.373641104134551427e-01
1.638782814648220842e-01
1.289855619642805151e-01
1.664268138684885379e-01
1.061889473501910069e-01
3.377958794336564652e-01
1.403824439697750337e-01
3.229141520694923106e-01
1.245330006781674714e-01
1.052031791376648456e-01
1.195958644157751050e-01
1.837348421201379089e-01
2.270122817654023351e-01
1.198250355392275202e-01
1.003149682830548894e-01
3.607501280983800296e-01
6.544465499066065561e-01
1.018767544137932496e-01
1.916835777331513391e-01
1.273422844193939918e-01
1.083293864631406367e-01
1.350549770536838279e-01
1.982595742649423953e-01
1.513259379904973168e-01
6.444070988303751690e+00
1.161386420462815067e-01
3.381328793148746570e+00
1.093154086916075518e-01
1.649725409481461735e-01
1.804854981194080332e-01
2.797041267132533426e-01
3.307653861878429025e-01
1.662662789427502286e-01
1.324366490007510277e-01
3.509460934335967286e-01
1.139265432765049768e-01
1.143339813758543211e-01
1.070028109948274908e+00
1.032128381472732503e-01
1.722713495841154407e-01
1.560279091629685477e-01
1.891794191534184322e-01
1.265925308991070475e-01
3.340786843105894022e-01
1.197640178214637308e-01
1.034189278673495194e-01
1.170431981834708507e-01
2.149205166583434967e-01
7.654675710076083162e-01
1.313146877594663364e-01
1.050701432247573425e-01
1.913690391399011648e-01
1.167822429050343613e-01
2.034723502873346246e-01
1.388997382957948723e+00
1.291747608847555184e-01
2.565697998630548926e-01
1.064583756569754264e-01
3.431968861335314425e-01
4.434761319340975172e-01
2.947664942022037993e-01
1.490756575552054652e+00
1.913138331953309068e-01
1.006189024402895510e-01
5.650370463370690821e-01
1.128781788079216419e-01
4.585081723345668658e-01
1.178757337848366921e-01
1.079937302325753717e-01
4.886916300239836919e-01
1.133906993831548027e+00
1.222077000260271273e-01
1.146640446362793136e-01
1.315490760674474791e-01
1.737895371234289554e-01
1.305661039967963843e-01
1.416505404553496106e-01
2.797228667240498345e-01
5.225241659000843253e-01
1.989466051542761182e-01
4.754044444067521136e-01
1.011794520340399128e-01
2.644979173577317044e-01
9.328668270868197832e-01
1.540923656824063348e-01
1.083400622798542434e+00
1.478619505184673721e-01
1.160102863257445049e-01
2.044869289637168963e-01
1.518269881127175813e-01
1.054058544222524763e-01
1.823159309744447620e-01
1.286470481442633929e-01
1.375935389159356481e-01
1.009856780877779192e-01
1.624873005656896074e-01
1.194371406365424965e-01
1.918833011649378750e-01
2.700761592414533396e-01
1.919697123976807918e-01
1.055696758152794290e-01
1.484823404020696180e-01
1.328598657406836192e-01
1.544556711298541440e-01
1.454024875035602460e-01
1.287812559212211105e-01
1.233106710578564802e-01
1.185090801898699697e-01
2.165719588601878742e-01
6.280227352440806987e-01
2.474021497363487476e-01
