1.024933829215788350e-01
8.536790595293467732e+00
1.015936332580495149e-01
3.935778343951785718e-01
1.300547654278157994e-01
1.810715878560406056e-01
1.017083404479982162e-01
1.059040646213721681e-01
1.011791936992494645e-01
1.613172141405068705e-01
1.445441638061944201e-01
1.262643426099528676e-01
1.134131707083871898e-01
1.125487525587051119e-01
2.001925855657904207e-01
1.091158700854753943e-01
1.020178894624958893e-01
1.309785165748940938e-01
1.081316147411884726e-01
1.424498027257425914e-01
3.605862249051106638e-01
2.485625845112393317e-01
1.451530819259814753e-01
2.385650925489547491e-01
1.374980687621411846e-01
1.215658568351843521e-01
2.501609155067962553e-01
3.538848763267334330e-01
1.095133702552980176e-01
2.875875589118436770e-01
2.090393933830493323e-01
1.386949455336796422e-01
6.818090835900879609e-01
1.451930504508751885e-01
1.174316822562325308e-01
2.915834000171821372e-01
1.495556856414297364e-01
1.865275763122827002e-01
1.606082998758362190e-01
4.901503893077976404e-01
3.216947371062507388e-01
1.084951516913084113e-01
1.989045181537141271e-01
1.492057802985465864e-01
1.188519874267101734e-01
1.416126803238839105e-01
1.423472163359474074e-01
1.349978504651431210e-01
4.381850499718641934e-01
5.521194059357351636e-01
1.064303070879756286e-01
1.554182591220701348e-01
3.733001203208805574e-01
1.235074754676168118e-01
1.688764124305678627e-01
2.138702680317911831e-01
1.330230977679112969e-01
4.709144591672345115e-01
1.227445257123687128e-01
1.225744184583228286e-01
4.451108066274475639e-01
2.239178669320750492e-01
1.456033855147775558e-01
1.011245336530393613e-01
3.753804831306510326e-01
1.834296637347415937e-01
4.844578277250521925e-01
1.504831838706476577e-01
1.663086450315566234e-01
2.306002065099123921e-01
1.878844822615277632e-01
1.753830322028648858e-01
3.258104052323834710e-01
3.220760343565670092e-01
1.111063030113532468e+00
1.359477695142147224e-01
2.819629778141908849e-01
7.227573707637310330e-01
1.123322772525332386e-01
1.070730594598969659e-01
1.028150402547365200e-01
2.071669120860283320e-01
1.474093991991005381e-01
1.470072564834750961e-01
1.047132352404729627e-01
1.269682471734515372e-01
3.718309711169218157e-01
1.257050075117752130e-01
1.120785609836706664e-01
1.598335125705044879e-01
4.156002412755220310e-01
3.695086945508051501e-01
1.747880885183311084e-01
1.073772875144219513e-01
5.332204101882879188e-01
1.277312586034607400e-01
1.148955401629186968e-01
1.085113933778742573e-01
1.224265412672052022e-01
1.414589766753401034e-01
1.163161999562638826e-01
3.154013813542047018e-01
2.384751816396043778e-01
3.157176713781065791e-01
3.022484151072013514e-01
1.285460307920114620e-01
1.260368097229851159e-01
2.969754406658521861e-01
2.870343821696011433e-01
5.794325460568824360e-01
2.195561079563491114e-01
3.450207855201260498e-01
1.574820683055562776e-01
1.303027218000541165e-01
1.460290897225465789e-01
1.866632533934696747e-01
1.429429845962395251e-01
1.276590346617147154e-01
1.232971199051955680e-01
5.583259908154770690e-01
7.889653161073655330e-01
3.230558720207200030e-01
1.550194489575678070e-01
7.432169952361072918e-01
1.750885075918104938e-01
1.257389845826281938e-01
3.060095660669435169e-01
1.676350618480265120e-01
3.803399757898819900e-01
2.761113317182246063e-01
1.272514565217739424e-01
2.183300114639687983e-01
1.899322521004134512e-01
1.987333444538443017e-01
1.776883748978780320e-01
3.810499662107067476e-01
1.125650751655976889e-01
1.007156071614663112e-01
4.044537757140206913e-01
4.667744821300003899e-01
2.232220762090956212e-01
2.212987483666663258e-01
4.873448330937661388e-01
1.293401134274947684e-01
2.244027982471399341e-01
3.896555493858646635e-01
1.936363034645959758e+01
2.868359792157204602e-01
1.220907467935984647e-01
2.364331882694859499e-01
5.020926647125253384e-01
1.480685011608002533e-01
1.609373319051086160e-01
5.370508763144848929e-01
4.254502291145907944e-01
5.602406516814251169e-01
3.419296749229499000e-01
1.192766441040244429e-01
1.110352781675031653e-01
2.483398385714882528e-01
1.833608160609104809e-01
2.193315427697191122e-01
1.254956276486186295e-01
1.064058026666846735e-01
1.310987575801589033e-01
1.679092225963071949e-01
2.045986353033008853e-01
1.208034257442445858e+00
1.229395574826784715e-01
1.567910142121457240e-01
1.118681135006220073e-01
1.137830504659648745e-01
3.379194729278339748e-01
4.356450375163987698e-01
1.148731319864769174e-01
7.577293423422600815e-01
2.542508011936863155e-01
1.022457234010653304e-01
1.796685537127924726e-01
5.042854734116926085e-01
1.792299679402925838e-01
8.653784131239791177e-01
1.291400294281492001e-01
1.322413214392035019e-01
1.027301061547726824e-01
5.039048213551741151e-01
1.071040446025058740e-01
2.384166327097158866e-01
1.748517928631375118e-01
1.845393410158017444e-01
1.328964935174382911e-01
1.205163785478844951e-01
1.137386650431626567e-01
1.041393109345326584e-01
7.338301783108667209e-01
1.729101033549073352e-01
1.233084845580086908e-01
1.080247351947361267e-01
1.657920527621021545e-01
6.569536967363143187e-01
4.145788336720461764e-01
6.316085989212999463e-01
1.485811591562753664e+00
2.794530043573233424e+00
1.527082934373360235e-01
1.031983308184559606e-01
1.169437457002677622e-01
1.339892489084803517e-01
3.032503325232811520e-01
1.404541340352069845e-01
1.679288676582956497e-01
1.536148954175637349e-01
1.348185604376122559e-01
1.308533413879300056e-01
2.423242694371803008e-01
1.031056708440069303e-01
5.910204459377149666e-01
1.526722944019670014e-01
1.071755365158697793e-01
1.167148098278702611e-01
2.436317405629609412e-01
1.259706813648176493e-01
3.939325852496857738e-01
1.024193417140885631e-01
1.671316231761641458e-01
2.229074966228260790e-01
1.220060286358465862e-01
1.294304839943481722e-01
1.149814091548569811e-01
1.220364978665273714e-01
4.377362033834648614e-01
2.465076301556001770e-01
2.797035968519362981e-01
1.486156683914568732e-01
1.067835320523407711e-01
1.209690713725403710e-01
1.101348589682559220e-01
1.521439883339399390e-01
4.204983687566745676e-01
1.604187316624663684e-01
1.184105618679842514e-01
1.178939857193889440e-01
1.096919386335050844e-01
9.437824941408146096e-01
1.339973226577795273e-01
1.011688668205190517e-01
1.112600844396688243e-01
2.518628164394525193e-01
1.734201500064547208e-01
2.065593961433455084e-01
2.287694284770646069e-01
5.338362322714492736e-01
1.315406777396219695e-01
1.553810152415723567e-01
1.695924678639205707e-01
6.945296446255752043e-01
1.835223607794062572e-01
7.001064177163811575e-01
1.303861809493966906e-01
1.045276816710723200e-01
2.057316882728826291e-01
2.758755525953544008e-01
2.016533874933232884e-01
1.205541063598698281e+00
1.383610087512317510e-01
2.232496548052965157e-01
7.166834197075760970e-01
1.077030623588698666e-01
1.418981853933162229e-01
1.129048341259332178e-01
2.398914897908086097e+00
2.801741564712270094e-01
2.562947033833768984e-01
1.122798289105447767e-01
2.591217601793658898e-01
1.598995134894509174e-01
1.876478115873841113e-01
1.458901205598788220e-01
2.304721732944436108e-01
3.682554622759902641e-01
1.987247115859713809e-01
1.822053811902165865e+00
7.831265340220006088e-01
1.063212262671432012e-01
