2.694606817081539041e-01
1.388374558950181137e-01
1.362006409535975460e-01
1.966624957486026171e-01
1.394255968796645484e-01
1.120098155631055054e-01
2.705935728393378814e-01
1.167578532034381777e-01
1.154341180956387075e-01
2.121186575738818192e-01
1.522167284727672654e-01
1.910505957592298354e-01
3.903445280706241971e-01
1.937477236301325123e-01
1.052873664911090357e-01
5.266168803739362803e-01
1.147061961447834455e-01
1.769791072433831991e-01
6.944031599805832178e-01
1.133204897390024946e-01
2.534745216404671875e-01
1.624224706359129189e-01
1.961048167550391019e-01
1.334867361988665013e-01
1.760617183305033528e-01
1.451775883498370168e-01
2.404777153839368631e-01
2.581211155548158720e-01
1.377255749518291050e-01
1.473939997128621282e-01
1.899507627737949123e-01
1.031713146672492559e-01
1.343682079943533947e-01
5.226589829955412547e-01
3.280500954127049673e-01
1.078707438795716511e+00
1.281524307412334807e+00
1.842986025769144109e-01
1.235528947017720258e-01
3.351457202126779666e-01
1.451769191234437428e-01
2.817509583298120623e-01
2.121337601503379688e-01
1.031484545349163340e-01
8.700900658634376228e-01
1.224005218693390296e-01
1.286508901985585485e-01
1.136472843817740164e-01
1.002367582674716373e-01
1.242920211200954639e-01
2.703193270897241152e-01
1.903331060058152113e-01
2.466811900743207664e-01
1.691802109180637892e-01
1.554676937388015656e-01
1.273247783071035366e-01
3.361166952117787821e-01
1.105200278951332105e-01
2.613189295186860162e-01
1.317813177690202175e-01
1.464085428583672410e-01
4.568384929827882246e-01
1.295707782164047250e-01
1.654704516447379481e-01
1.744636081230378499e-01
1.220967858591921751e-01
2.075122412673437722e-01
1.395402984834746840e-01
5.289672666424258818e-01
1.623096101476258768e-01
1.253725027413870041e-01
7.670715291519164536e-01
1.166821447203388457e-01
3.379788794206690650e-01
1.933897413219662909e-01
1.512544741356059985e-01
1.214596874999918641e-01
1.911718046183338293e-01
1.567593169937467334e-01
1.450494716862046063e-01
2.203396353157754950e-01
6.468882176671403306e-01
4.139158646941157871e-01
4.870555172870840166e-01
1.495695410805963077e-01
1.017606450669684692e+00
2.026630368404789273e-01
1.309120349327367039e-01
3.553047235643823076e-01
2.069672658683572308e-01
1.103635763040915346e-01
1.471998408098179612e-01
1.934945770969504486e-01
1.480843819687188700e-01
1.233989719913720917e-01
4.256678047261359676e-01
1.294745870817873568e-01
1.695871261990525569e-01
1.385149598094519985e-01
1.299304895134683890e-01
5.760350298368080990e-01
1.440977218866266174e-01
2.529014072109797007e-01
1.771675079890105975e-01
1.309695889363548804e-01
1.002218908234803196e-01
1.012348109738201302e-01
1.996824176086914870e-01
1.549817297410955863e-01
1.373568286858562748e-01
1.346275910557601652e-01
1.010760954942695050e-01
1.002559165838285138e-01
1.066112126623947498e+00
1.004856602841964452e+01
1.878271765575489638e-01
1.815515271501170480e-01
3.697270705166734728e-01
1.312325767090639594e+01
1.160647189354571118e-01
3.510988405622108566e-01
1.057029651484505256e-01
1.773202861125249830e-01
1.224080615552387424e-01
2.194440316585927198e-01
3.835858850990405688e-01
1.492741668528576593e-01
2.686427463792832593e-01
2.296938929151788877e-01
1.798510516757143574e-01
2.591171548256597790e-01
1.984354266791066301e-01
1.390276724509180439e-01
1.877761380249863554e-01
3.759559296952048046e-01
1.730210301572800424e-01
1.060760200839453021e-01
3.099407683409830527e-01
1.318162809132530089e-01
1.025147128920123329e-01
1.997395858434954652e-01
1.071170083224723540e-01
9.969006374452846764e-01
6.704724986112251539e-01
1.886711297696231637e-01
1.007133383298260826e-01
2.546444472249081437e-01
2.125004712002394602e-01
1.371960298192524685e-01
1.101519003066242508e-01
1.119404482962575859e-01
1.109915839143103683e-01
3.213630608157246327e-01
1.353030229180271771e-01
1.349439486316882653e-01
1.283118471315036202e-01
1.116923595609604636e-01
1.433194455602608275e-01
4.811847772255684053e-01
1.038860030639275345e-01
1.593273066267359983e-01
3.014000198678470910e-01
1.822414109033894336e+00
1.279253974836514762e-01
1.057509664380505421e-01
1.397722411147873933e-01
1.213437151633640076e-01
3.198765891831490960e-01
2.495376753321934538e-01
9.012405748837727382e-01
1.073333701491541448e-01
1.418201328011177709e-01
1.366069845698866525e-01
1.251065618456310702e-01
2.507933556118966956e-01
1.202353760449406672e-01
1.959076279985049185e-01
1.307986050227972485e-01
3.352777288454215077e-01
1.429992548191515445e-01
1.524362078231564499e-01
1.072873777687469582e-01
1.615195254520589707e-01
1.016771509373737142e-01
1.521522333958774675e-01
2.297764411055067402e-01
6.725623064542607388e-01
1.571727634782673633e-01
1.253049125937819031e-01
1.595830746328320282e-01
1.135528145328834893e-01
1.159936193105700897e-01
1.372201296961116646e-01
1.076065026155007542e-01
1.836244664409793781e-01
1.256840400983276484e-01
1.075967546472442610e-01
2.329271114154898847e-01
1.121780982912011643e-01
4.286037627905487923e-01
1.001529856384443251e-01
1.805019937657958429e-01
1.147650995361844117e-01
1.279868161893119582e-01
2.785139916140118577e-01
6.551380292587403176e-01
1.905632449911053572e-01
1.436936063385441942e-01
1.362123475772668846e-01
5.494025315730454162e-01
1.860253605756401196e-01
2.453442411324402439e-01
3.861755119352068277e-01
1.537878233532697370e-01
2.339246970126684644e-01
1.044882265142279137e-01
1.385507696923854171e-01
1.030809333611552026e+00
1.602602650109009041e-01
1.426607684591293668e-01
1.080093458518068400e-01
1.811750418455793099e-01
1.572027855558170983e-01
2.166067292118319942e-01
1.357921533999310870e-01
1.086699116883792088e-01
2.376163117606340802e-01
2.231327571910817764e-01
1.126784249786586811e-01
2.881718590794926649e-01
2.428222312658601667e-01
1.032652244584103124e-01
1.446505244681191849e-01
2.286521115803762660e-01
1.386234607555743570e-01
5.677640805411635627e-01
2.977814365016490106e-01
1.197097841660831885e-01
1.426289578065918773e-01
1.168220542695257297e-01
1.394339469385247055e-01
3.880022585768343468e-01
1.562207971520903904e-01
1.043002061946298326e-01
1.251039354394904435e-01
2.775931366853319759e-01
2.405416700466009028e-01
1.601811463916579525e-01
3.437257417163511186e-01
4.222777480166274855e-01
1.438696556510773994e-01
1.299337745489106410e-01
1.550614875619495958e-01
2.080315769095038014e-01
1.142756500636246675e-01
2.016818899761154693e-01
1.540410146086211296e-01
4.203293897093620668e-01
6.113365267507033796e-01
3.624458553122509308e-01
1.176307403416274600e-01
1.008738257325011212e+00
8.254857045271191129e-01
1.488652573492821318e-01
1.130021028736140076e-01
1.279018652952156332e-01
1.952565571526290733e-01
3.599224425926752513e-01
1.337735789890347748e-01
2.092282979193092474e-01
1.102075798214646601e-01
3.957956007197903081e-01
4.688517267040006598e-01
1.455962565406576203e+00
1.319779759315022893e-01
1.291110563004017608e-01
1.027143883861014600e-01
3.025305839497201554e-01
1.958424367427995527e-01
1.325055817205734454e-01
1.024959817883050600e-01
2.092726426906393211e+00
1.429145978761262314e-01
1.058023200097499394e+00
1.513508281344366491e-01
1.824232867808554537e-01
1.426893657980755348e-01
3.754029076843408141e-01
2.073587697820677700e-01
1.196606178540373516e-01
2.083277552920144715e-01
2.832910507510041920e-01
1.974398527229574152e-01
1.337445556431751947e-01
1.655969387272703819e-01
2.446752051375988835e-01
1.176505492348914744e-01
1.429997754568504698e-01
1.148851572962436285e-01
2.591123995980672001e-01
2.510496850274862024e-01
2.801706000693764409e-01
2.363742531803610381e-01
1.214188223762317220e-01
1.165587339910967163e-01
6.142250973921203894e+01
1.214758521277662651e-01
1.804079241556110769e-01
1.319379467778536152e-01
2.081183227091516486e-01
2.306065580176235030e-01
1.356580228027078616e-01
5.431623534009418774e-01
4.317096059688310117e-01
3.966916667023406284e-01
1.614325458911889111e-01
1.405658129823413593e-01
1.751337868828629074e-01
3.258311422168433391e-01
3.052810470017948696e-01
1.033844794695316094e-01
2.122940865399715882e-01
2.084506413201674124e-01
1.605700893927204387e-01
1.328915709457758332e-01
2.511276936845586727e-01
1.017524368108251587e-01
1.722321651642502727e-01
1.562792558992192604e-01
2.634729421660980675e-01
1.010299873236043117e-01
1.918444219012748753e-01
1.163021565531901169e+00
1.051759412010212363e-01
1.008732603703420411e-01
1.904654175045647491e-01
3.959085651057739241e+00
1.630848284550495408e-01
1.890960500259705190e-01
1.716180553136630316e-01
1.233723020877360438e-01
5.674983441335700318e-01
1.210909252639987166e+00
9.469538690806363901e-01
1.283121785369849277e-01
2.263144493095347043e-01
1.044090186964528738e-01
1.986588913237639920e-01
2.574204246113957484e-01
1.704882865859246865e-01
1.113363015056430677e-01
1.224480412939183832e-01
1.358044278490944112e-01
1.185507841217056102e-01
1.637384507397611766e-01
1.226725309092587674e-01
1.248432312139015621e-01
6.380931038008613720e-01
2.886199842536745219e+00
1.109230601476435929e+00
4.175559761204241105e-01
1.626165885435383762e+00
1.467839953272032372e-01
1.949252218319086349e-01
7.903694006975684472e-01
1.788289390476470730e-01
2.751386281122486510e-01
1.119277905339514656e-01
1.083493232328872485e-01
1.318170251902860968e-01
2.915913947157436903e-01
1.227751804327536639e-01
1.212038902002714469e-01
1.017592683008688159e-01
1.140254591777473347e+00
3.357320724531854816e-01
2.454563077623411971e+00
1.508674803021428090e-01
1.838911338029079745e-01
1.227182141823905392e-01
1.017731943389083016e-01
2.050246230058448416e-01
1.147154520896410540e-01
1.443646726456887242e-01
1.278098600978178068e-01
1.096299527595456791e-01
2.207455965132273656e-01
1.069872142155440103e-01
3.302270357037116355e+00
1.087260646202751757e-01
1.264553398761285807e+00
2.180125061443553280e-01
1.181949438865051577e-01
1.411468166886641062e-01
1.076447351618918385e-01
1.009895153078361196e-01
2.698045110175312788e-01
3.534932452349180410e-01
1.056443320145911691e-01
1.638794697723180982e-01
1.940389477262951246e-01
1.525376014279627712e-01
3.288734710451870491e-01
1.260294552849053895e-01
1.133083417215555722e-01
1.267842857466031092e-01
1.418694497493245554e-01
6.950973097625690045e-01
8.977328532755403101e-01
6.904180430358789478e-01
3.045739616022040686e-01
1.093462900983499103e-01
8.350003246214643404e-01
1.217274099638653573e-01
1.022052640236520010e-01
1.171786542006899579e-01
2.277903593082644673e-01
4.610360187815492061e-01
1.357946791168077316e-01
