1.050270844501714623e-01
1.964110090576983714e-01
1.085916964483166769e-01
1.186310936321245957e-01
2.512116067041968992e-01
1.219643838347374692e-01
7.459060376936510472e-01
1.068524485655726552e+00
3.691697580966188386e-01
1.742678161080597476e-01
5.661199756441749997e+00
4.117883862170093612e-01
4.296441431943585076e-01
1.056403399834930784e-01
1.509265954979273627e-01
1.432755665574987070e-01
1.788503462240060848e-01
4.161629022350991081e-01
1.060191065807751382e-01
1.229271604153832353e-01
1.167436914812288312e-01
5.310806677914274854e-01
1.365809319685090395e-01
1.211138139437888672e-01
1.150111115327103611e-01
1.644828726462587709e-01
5.594772030215348080e-01
6.926756430386578067e-01
1.054768194188322045e-01
1.007530131092488901e-01
2.109983527252287383e-01
6.423440001381462983e-01
1.313734454788070549e-01
1.583301734409692685e+00
2.220772693094051342e-01
2.077175115374851611e-01
3.539894269846715624e-01
1.869565886590596748e-01
1.049201013015150230e-01
1.607605100272970211e-01
2.635759584839179048e-01
1.822635582403668020e-01
1.480933616298752420e-01
1.535821468384362953e-01
1.107206142906133756e-01
1.141764920054050558e-01
3.735725700903934077e-01
1.870287327699320101e-01
2.861109351254380040e-01
9.540938092322882591e-01
2.045243153680461889e-01
1.151967843928739382e-01
1.070646873536135052e-01
1.211464056327997973e-01
1.554223877403161369e-01
2.941303806869331461e-01
1.372156454295289929e-01
4.009523864048849529e-01
1.354665638080591317e-01
1.136456837082084059e-01
1.154837249881215666e-01
2.331306437729171732e-01
1.060140094067623107e-01
1.612746623784887534e-01
1.331460541324895885e-01
2.971470115906491016e-01
1.040097111122913809e+00
6.144131232199563364e-01
1.738587415969741201e-01
2.349590180569951947e+00
1.054878343835526783e-01
2.030159098676074803e-01
1.009416484320761476e-01
2.716801429191321726e-01
2.084348386808097531e-01
1.271515976369787526e-01
4.751317972130811862e-01
3.105647564688779894e-01
1.569544228934154351e-01
1.159822863791057923e-01
1.974507403149946549e-01
1.969370403214449616e-01
1.063368324560169109e-01
4.787832874710886144e-01
1.469516735380046735e-01
1.002011497080360636e-01
1.094641534426957774e-01
1.706136543783236537e-01
1.337718818267209231e-01
6.593918828069575966e-01
1.531446701573305758e-01
3.525716757614889563e-01
2.413764349278454402e-01
2.052456441475505322e-01
1.831505635838287793e-01
1.011008102992964064e-01
2.598369597048253432e-01
5.137734328335180622e-01
1.144387739074357591e-01
1.129055581648414908e-01
1.073342519515235183e-01
1.215622083688548821e-01
6.431409570297313971e-01
1.658600259410470679e-01
1.186757062591451278e-01
1.373811886883337108e-01
9.507107695040581952e-01
1.027852749938333726e-01
2.536750825121545927e-01
6.066157607738649205e-01
2.205405885680271627e-01
1.922114182367569979e-01
8.012680709705064519e-01
1.220193469318946733e-01
1.269003443581922796e-01
1.275449230891048391e-01
1.069250646114039971e-01
2.274560569680150746e-01
2.640096488358661397e-01
2.864716209779102907e-01
3.964487109481171778e-01
1.767895752924316111e-01
6.042288139131357649e-01
2.470867238266500066e-01
1.253522093151755168e-01
1.078175692561447047e-01
1.030762610965000770e+00
7.744651594977933762e-01
2.061332110577304422e-01
1.067148837942526324e-01
1.540152779380769554e-01
1.447015764750335942e-01
1.278080138725375126e-01
1.285992928780673450e-01
1.767051903538774393e-01
1.223871856170935246e-01
1.714308287993652757e-01
2.578990539745781296e-01
1.298858457044556880e-01
1.974490142533565917e-01
1.140170076966462026e-01
1.853593201579609440e-01
1.288182005640756411e-01
5.666826826250693783e-01
2.296553835519847375e+00
2.319249377363245268e-01
1.235584891801644603e-01
3.311114753433272995e-01
1.926913257641311716e-01
1.289175584489634652e-01
1.281262578405112929e-01
1.082469977086935736e-01
1.152578784823169306e-01
2.374666864841957215e-01
1.527582203730478982e-01
3.676677777516543788e-01
2.316738371325250678e-01
3.085733608317368648e-01
1.041250264319071861e-01
2.444493146936245198e-01
2.703999838493615360e-01
1.147218668883766557e-01
1.105832577052155152e-01
1.130442013113244215e-01
1.657274542683671581e-01
2.626630105927614811e-01
1.134247619519409833e-01
1.114128432470714442e-01
6.609025669475580012e-01
1.987587846316048457e-01
2.465907263701853092e-01
1.940619545693913928e+00
2.171156818566271629e-01
1.250037925804721728e-01
2.568113061023624688e-01
1.014391019191049487e-01
2.034843314430666017e-01
1.347104276425615532e-01
1.184279557101010072e-01
1.274086497985656707e-01
1.987964525297371277e-01
1.542929693009810477e-01
1.801372392277663659e-01
1.633629318197164781e-01
7.931528640001261898e-01
5.528799695612998111e-01
1.165871337901865923e-01
6.683578163383921966e-01
1.217631874031713662e-01
1.370721728309120535e-01
1.377462145019516138e+00
1.254319978914728573e-01
2.865629813418790195e-01
1.430215391750133958e-01
1.652292642773652842e-01
1.437425566655403109e-01
1.090373511835347753e-01
1.445089276613892859e-01
3.762515499739315650e-01
1.081002217752549399e-01
1.638696521196442157e-01
1.421350237842000930e-01
1.253208702956915832e-01
2.590079585649490146e-01
1.172400188989884962e-01
2.156383043276866029e-01
3.345009046273685893e-01
1.492794455105509455e-01
1.031812394581687331e-01
1.146786507318999365e-01
1.038005730366732132e-01
1.063200893191663526e-01
5.820811756813866200e-01
1.291044278573132420e-01
1.045259165111485089e-01
1.008537855255536436e-01
1.460705203822331155e+00
2.920843828366715411e-01
1.369993621971746789e-01
4.133375560085651990e-01
1.025084367245386735e-01
3.932621178427618824e-01
1.559599125115200824e-01
1.051477990504613297e-01
2.829796485919058857e-01
1.648999373121935730e-01
1.071811775795389193e-01
7.937838609835349279e-01
1.585136574842641866e-01
1.555800727943976725e-01
3.702500364741653227e-01
1.408079432055307778e-01
1.291593867551716623e-01
1.337353640619598494e-01
3.711426035148399083e-01
5.439951440272089433e-01
2.030829653377841937e-01
1.859530549929462040e-01
1.751982750319191484e-01
1.474725744514243375e-01
1.146238900878861627e-01
2.215785997174231636e-01
1.902612452735558790e+00
1.793180528554069453e-01
1.530690669570700102e-01
1.823744732664052126e-01
6.733397315806456396e-01
3.416861505955837708e-01
2.117913945192670955e-01
4.075760666547147970e-01
2.781088947843946557e-01
2.282180618583337373e-01
2.539582943559413608e-01
1.583697324189120292e-01
1.582338477166638779e-01
1.064516342027472717e+01
5.696162086949242420e-01
2.759489145264965582e-01
1.152810036525290099e-01
8.149648232352787458e-01
1.207728240225143246e-01
1.302328365352087014e-01
1.543618811672400337e-01
1.414364525646113757e-01
1.201563412984498619e-01
2.415098591221858104e+00
1.247802672569285759e-01
1.659244337638781375e-01
1.060671881100444108e-01
1.531458739475259345e-01
1.166211359907246836e-01
1.072890720743729515e-01
3.491524191952554146e-01
3.511389070519648770e-01
2.950264428975694297e+00
2.779129681638532468e-01
1.923423087537509124e-01
2.053280987346731978e-01
1.055470187972131629e-01
1.156083748003750300e-01
1.056344502026205917e-01
1.136550203446345109e-01
1.897360530182800875e-01
2.080292575760377682e-01
1.165713482138980989e-01
5.943475438533351030e-01
1.516273061885481666e-01
2.036190088313482027e-01
1.535074814088737971e-01
1.734906715159379165e-01
2.546378776804094080e-01
2.967585342789175740e-01
1.284281632897527337e-01
2.586845679102393603e-01
1.187129496432381831e-01
3.698171093861626901e-01
4.020858872343382018e+00
3.698479432622936436e+00
1.510384463911691177e-01
1.512407548343255304e-01
1.833603033061900756e-01
1.102426632132738338e-01
1.504479920407355120e+00
1.541902715020982972e-01
2.373203871248383834e+00
1.846508855723114906e-01
1.187790506122437251e-01
1.348119040199786678e-01
1.250141732980608322e-01
1.296027487937528588e-01
1.965677194784478110e-01
2.344580948605537452e-01
6.417903697900478877e-01
1.459620911050533432e-01
3.403179598894628954e-01
2.162595505451055389e-01
1.560813929576357617e-01
1.072236450957318593e-01
1.097643114085924410e-01
1.576909029033086718e-01
1.144733177137092633e-01
1.360311424657193236e+00
3.176581812168842167e-01
1.089916355645926677e-01
1.050235795074714595e-01
5.967997164029504864e-01
3.709238095193473361e-01
1.232674613123593554e-01
1.016382656034600790e-01
1.195003727808476635e+00
2.263297776005776252e-01
1.673411486023668182e-01
1.788805975733762377e-01
1.315698621508315236e-01
1.371998293290975501e-01
1.066355780495751165e-01
2.203118213481654597e-01
1.700456709742187156e-01
1.124634599667418133e-01
1.562038636940991099e-01
1.985897943593269432e-01
1.401506653796272539e-01
1.569192668859315520e-01
7.876270165322161176e-01
6.057570378270487055e-01
1.168337621278403016e-01
2.067816805638207356e-01
1.851548920883754890e-01
1.063231347888814737e-01
1.017046790332293837e-01
2.808859814014580958e-01
1.160452591622727347e-01
3.404262967535515716e-01
1.895073550619200964e-01
1.543144344149156577e-01
4.195399122096028499e-01
1.068944447740646092e-01
1.799944453583500747e-01
1.921460278686603074e-01
1.003730361699205348e-01
5.380026006664491156e-01
1.631519345671864352e-01
3.032881900890065374e-01
2.163377149836424318e-01
1.199492623453078805e-01
2.553076513095726696e-01
1.807763784476902058e-01
1.449459158914096157e+00
1.423663768378767847e-01
3.139437486821991530e-01
1.115737299848307829e-01
1.529531769557319065e-01
1.408826834466295752e-01
1.686156392640991430e-01
3.185770705188555318e-01
1.095214611202305899e-01
1.212900961518162124e-01
1.825793709992517000e-01
2.278062863790862869e-01
1.560488547802420523e-01
1.787387214399374646e-01
2.434610981998414303e+00
1.056052821457602459e-01
2.125290631196851410e-01
1.249283075607104110e-01
4.144638802898241714e-01
4.842945936521498296e-01
2.406625697535365593e-01
7.238622402406692524e-01
1.024274827464872195e-01
5.233167706158979859e-01
7.721112353466346168e-01
1.044028261652328732e-01
2.444625180146324794e+01
1.215891811900047803e-01
2.622881685846339406e-01
1.334716589499078676e-01
4.062216709975939866e-01
2.463739892038848966e-01
2.024792458302168141e-01
1.409333680965597080e-01
1.021542483318431532e-01
1.911525960159949356e-01
1.813114904716680575e-01
3.192994625502427741e-01
2.010940222575404723e-01
2.088667778625922511e-01
1.761328462564265562e-01
1.423032785138723944e-01
1.307876849015356113e-01
1.517108245352656593e-01
1.897540968924494642e+00
1.422176273747894015e+00
1.079353463375453404e-01
1.639112738716741180e-01
1.507768386691744900e-01
2.201654842475200824e-01
1.146845267998280460e-01
1.498947917330698820e-01
1.628254943650145337e-01
1.035254020475139258e-01
1.225419414438927435e-01
2.304744836836480071e-01
1.976261034030893649e-01
1.051867341022737073e-01
1.286799873412247386e-01
1.128479900202619679e-01
2.901198690918920242e-01
5.254372478259252688e-01
1.454518052345043777e-01
1.251092712934658013e-01
1.529417663003320993e-01
3.188557929952006709e-01
2.561337543368952807e-01
1.484147027624435622e-01
1.427086674716017689e-01
2.141864036426295304e-01
2.527753178911180676e-01
1.012202962896742858e-01
7.184550543020049584e-01
1.440006880787180754e-01
4.231176806456725892e+00
1.431403017755602247e-01
1.385704243671197211e-01
8.057664363881097414e-01
2.648703440904022766e-01
1.598633877630288302e-01
1.468563341212282547e-01
1.015187289799901332e-01
1.002243097167744845e-01
1.410412768576172760e-01
1.167000462727684762e-01
1.952374023585659868e-01
1.344972414869247401e-01
2.491259962556739704e-01
2.025594812326444727e-01
4.207767120022143370e-01
1.262181919089759574e-01
4.022422968253489550e-01
1.231816696900079888e-01
1.243073565709848505e-01
1.909296315423684165e-01
1.111454855174350831e-01
5.752786033798614751e-01
1.578545686691428251e-01
1.989929658201845808e-01
2.391730421181516020e-01
6.158337121918240342e+00
1.272489762751718989e-01
2.340112200399403486e-01
1.277813998198999712e-01
2.055582063546252669e-01
1.204055785640199966e-01
1.688796632387700447e-01
2.263450664555211045e-01
1.783051521743934109e-01
1.546060651529500840e-01
2.050099802504336266e-01
1.048950087481955729e-01
1.807098811544967376e-01
1.451692777519075772e-01
1.827805544145203742e-01
1.170169460059671124e-01
2.277957379327276932e+00
3.586446759431659026e-01
1.061652425476950823e+00
2.230202993104570819e-01
1.488593114523776018e-01
4.106070974665538831e-01
1.197050838727605759e-01
1.428455241452835922e-01
1.009975373924404257e-01
4.061512284349685920e-01
1.529831216466057409e-01
1.353347844752165463e-01
1.616398468845558489e-01
2.459070115758833497e-01
4.164339227448079050e+00
1.086306335485325569e-01
1.229751575152109588e-01
9.111930125445080186e-01
1.458965738729970929e-01
1.292589879276780651e-01
5.679693417579184667e-01
2.830919367537110820e-01
1.285099916003774878e-01
1.139149841259878421e-01
1.957159713693235048e-01
1.711457522901576322e-01
1.252619563619407905e-01
2.619832677986790870e-01
1.595611216335949545e-01
1.171790144073004830e-01
1.074461451200416362e-01
2.789299342632815537e-01
1.187232242918373065e-01
1.055480195548758604e-01
1.885610082994504111e-01
3.052610853318939443e-01
2.144377427422107241e-01
1.422616625758780229e-01
1.494173557405713559e-01
1.453053913097561434e-01
4.549723605964698381e-01
3.026464901388114526e-01
4.513533605552551009e-01
1.083194323184374641e-01
2.277326755004514536e-01
1.587129497350906193e-01
1.575730471908707853e-01
1.064522703213517246e-01
2.016523910984020507e-01
3.048036327665762935e-01
1.171918774146600006e-01
1.029720107706465715e+00
4.456029172283175743e-01
1.487573604677090711e-01
3.179677155451992587e-01
2.102356468074086104e-01
7.157776558429669311e-01
3.030398587731630844e-01
1.330110477296055083e-01
2.001703159150156619e-01
1.371822131505359366e+00
5.001818818043454185e-01
1.618579189310807576e-01
1.016288570347254061e-01
3.728751437410142144e-01
1.059192123419159526e-01
2.327964434506982760e-01
1.167515312636800418e-01
1.630330150131306111e-01
1.426855638364067647e-01
1.005381130940759676e-01
1.514041901002423085e-01
1.221853093854997213e-01
6.063800566926427216e-01
1.175624544057702475e-01
1.001398465955204431e-01
2.277763269568531257e-01
1.528445990598646942e-01
3.743323794998003606e-01
3.226933581909975368e-01
3.739843676785045701e-01
1.633185408150703566e-01
1.296657309646248313e-01
2.147802898555121187e-01
2.021853719447010977e-01
1.284857476045611901e-01
1.529771532220098318e-01
1.121280036153602250e-01
1.221308940835701962e-01
1.769158429468687399e-01
1.339574126427863499e-01
1.182931643087285489e-01
5.213349579674237955e-01
5.631602428515776193e-01
1.243349728889607403e-01
1.765100468074790596e-01
1.492339725259570760e-01
2.263146292804650850e-01
7.942177580999203457e-01
1.065212669430209147e-01
1.784883912792139260e-01
2.530455596570666543e-01
2.686074380060631817e-01
1.436780677679228291e-01
2.847104911668616456e-01
1.015891857620592198e-01
1.191874871610648923e-01
1.322130606958729082e-01
1.217916255312301993e-01
2.055983100896291715e-01
2.190588406590343595e-01
4.603419053222780888e-01
2.288702889383323891e-01
6.412759043013087634e-01
2.063646729674973312e-01
1.313523668867526140e-01
2.251761114439564393e-01
1.711402580724243894e-01
1.443846048320146236e-01
4.446195854595940133e-01
1.184687852759312987e-01
9.157679346378464480e-01
1.029054888554752217e-01
1.894925215350361514e-01
1.991418643910400910e+00
1.459710070897002887e-01
2.840808474112643811e-01
1.242528714510428289e-01
2.561374899801930338e-01
1.362470361299893407e-01
1.052894653109928691e-01
1.071524148059756487e-01
2.530059428340652450e-01
9.706480700903951098e-01
3.510160630056786690e-01
3.862963174589451598e-01
1.314140519276680019e-01
4.241222360018846449e-01
1.567389117671890708e-01
3.129443474196905717e-01
8.779410255274995301e-01
1.461254855621513249e+00
3.635409696076921104e-01
1.340987821858247997e-01
3.158093723048522317e-01
2.560994651807995126e+00
7.305454775535440426e-01
2.977692373334876463e-01
1.170421681446705275e-01
2.291985964087823457e-01
1.101693636026969125e-01
1.036668497939841338e-01
1.628588161946211699e-01
5.520798239828138554e-01
1.433061000466063495e-01
1.205784490206849996e-01
1.965185677510278839e-01
5.033713413138227732e-01
1.293127662032604430e+00
1.494455951236622615e-01
1.049338320182305884e-01
1.061946562312328785e-01
4.671268079620302105e-01
1.187266047069269609e-01
1.239664627376738937e-01
4.673353626242564562e-01
1.232189226019305694e-01
2.641385535094764037e-01
1.211593998218961910e-01
2.211892640840917579e-01
3.465364517207699113e-01
1.017773064332339050e-01
1.384409327224580266e-01
2.192845072912009974e-01
1.098813440577184192e-01
1.313528580298835846e-01
3.183573184003967715e-01
1.135058604173498770e-01
2.844980583028346444e-01
1.105955455693028722e-01
1.107197499788105666e-01
1.494124893132444898e+00
2.319238819024695974e-01
1.226147789548644867e-01
1.055847698615043351e-01
1.574325247337066136e-01
1.101213330662623585e-01
4.384549779617941123e-01
1.814876615084075606e-01
1.334927621122661834e-01
1.324807044860122629e-01
2.528829097481177235e-01
2.176210797543979558e-01
1.231817047073545668e-01
1.586698153409272227e-01
3.401989164822751821e-01
1.123345868017479043e-01
1.138813875614393956e-01
3.135229712297108451e-01
1.227919851138433299e-01
1.152566277312494780e-01
3.010371699428955328e-01
1.290949779909101036e-01
4.305333496102825563e-01
2.884996011225520185e-01
6.829158994408843775e-01
1.179307507386804454e+00
1.257909336774790943e-01
1.235589840667949968e-01
1.611845060859988521e-01
1.311463879525066600e-01
2.130695801467605011e-01
2.356719777283458050e-01
1.013353027375733517e-01
1.155867491444297901e-01
1.160908093483122849e-01
3.824852022070575064e-01
1.428638032349631992e-01
1.308577739539592832e-01
3.508405755201398635e-01
4.050144286573982844e-01
2.491337294734676522e-01
2.440744451560895589e-01
2.057937563946237169e-01
1.024170955790307397e-01
2.715602430806428047e-01
1.430186942024712360e-01
2.384613109328283242e-01
1.813619454420244692e-01
1.519224741580711413e-01
1.388604246920408514e-01
2.519023629016888810e-01
1.033926897246839893e-01
3.491745374138546243e-01
1.424435034222556185e-01
1.807317836148522316e-01
1.055941079966519758e-01
1.034996148157605877e-01
2.530305150842544482e-01
4.465446480042636335e-01
1.567154882298977259e-01
1.503677619041063895e-01
3.793355903045583233e-01
1.717586408019524447e+00
2.248090833769912367e-01
3.084579657699835775e-01
1.876667387561653799e-01
2.210536260637913919e-01
1.126016521517335667e-01
1.155725560608667907e-01
1.325023076168829472e-01
1.029798716509822826e-01
2.642399998773256597e-01
1.505722190343645184e-01
1.950970022776713497e-01
1.493027716682926531e+01
1.507202880653762955e-01
1.101404413145545824e-01
1.511645876609805927e-01
1.563205991732531663e-01
1.429317863902621888e-01
1.688253983397444979e-01
1.651094213291946500e-01
1.008184886099354610e-01
1.523951765824860249e-01
1.348730622395688250e-01
1.082731159773423490e-01
1.549314252833721706e-01
1.138095481628089989e-01
1.665485703798963435e-01
5.757522200569376025e-01
6.291081310237940372e-01
1.400685301146477324e-01
8.696782590811912295e-01
2.109641393282637445e-01
1.130833192185124458e+00
1.021568886564839795e-01
1.358776638976454121e-01
1.620776624204004202e-01
1.788103711463959744e-01
1.461880364139964417e-01
1.030768981988374605e-01
1.196271929108657095e-01
1.921701774505692462e-01
4.317629260391918078e-01
1.133197689266390307e-01
1.336000254448222180e-01
4.497648564627476642e-01
1.788384434376367182e-01
1.688817593011194829e-01
4.018804455430817768e-01
3.088250099497860668e-01
1.010786222177227911e-01
1.459518073128868720e-01
1.440370702731584573e-01
2.775960595760998406e-01
1.549568322574406132e-01
6.349612956366126326e-01
1.042852230725754614e+00
1.355814018280758759e-01
1.849450181147858363e-01
1.186000253551948713e-01
7.161357593434070079e-01
2.320213376552497930e-01
2.347157595509866690e-01
1.406078055825915329e-01
1.346549089061106208e-01
1.018025411784735379e-01
2.106351537453209632e-01
1.087192592724946505e-01
3.820703949851418924e-01
1.893508013891912756e-01
1.865695771092721333e-01
1.983106789355584265e-01
2.789625059506122273e-01
1.512246714361220601e-01
3.035142067024930168e-01
1.268003468530239375e-01
1.712241929671417529e-01
1.320230419156127322e-01
1.152163408397576250e-01
1.763237154294527431e-01
3.837707705758850452e-01
1.403922095264177050e-01
3.254887447935830291e-01
2.038872963406948013e-01
2.014075833022023476e-01
1.253913359900925839e-01
2.300771215705516293e-01
1.361188706458579256e-01
1.149111850070505536e-01
1.003638118744692859e-01
1.138484388875084241e-01
1.094194718856811993e-01
1.346800761270652569e-01
1.509429291929364203e-01
1.116860656350465719e-01
2.999371789133744581e-01
1.431753662718394104e-01
5.799848113514870507e-01
1.241070655992733834e-01
9.276850113471323267e-01
1.606987009499820651e-01
1.479551642739750927e-01
1.304533586359454544e-01
1.865203741673128190e-01
1.767657061005932784e-01
4.241867968119008570e-01
1.500405288856355157e-01
6.488177394656911012e-01
1.433732152808634142e-01
2.340712634280314175e-01
1.880320060629076195e+00
3.949983161888679373e-01
2.264445353938004057e+00
1.058053378052506155e-01
2.253532674524240942e-01
2.487940142620971573e-01
3.655698006286950963e-01
1.292030634994876526e-01
1.534034426452523248e-01
1.624792477287446690e-01
3.294261012307877490e-01
1.265034902678572881e-01
1.220808766925505773e-01
1.163486049818879819e-01
2.607054583689180638e-01
1.081852328923332829e-01
1.030686720907371678e-01
1.194647193747269825e-01
3.309448040861047158e-01
8.620476524957685349e-01
9.785494586008175455e-01
1.145073665157205350e-01
1.700478939189702665e-01
1.014328311856596693e-01
1.016628880685496450e-01
1.652253300358507149e-01
3.268201337203853196e-01
1.654794263639320917e+01
1.741671116423326171e-01
2.023603085311351524e-01
1.625640301984285108e+00
1.148106309302442674e-01
2.351543214501855550e-01
1.819744577289326148e-01
1.098310727961427091e-01
1.905657936851875844e-01
2.092502834740638529e-01
2.257841507192438479e-01
1.024012022853936776e-01
2.041397733507441803e-01
3.518728636839545398e-01
1.553511040501031615e-01
1.779959124967090967e-01
1.552868730304800271e-01
2.142511158353269662e-01
1.094449596800620983e-01
2.388585794966699705e-01
2.040376169419558794e-01
1.502167134710423457e-01
6.255044909172484680e-01
2.473229880691281690e-01
1.393945702090004790e-01
1.385297350202312761e-01
1.096098321447202428e+00
1.292606440251839461e-01
1.879804645929046281e-01
1.278123707429049682e-01
8.244857478334497447e-01
1.560402109163138984e-01
1.431900172400597249e-01
1.013311684606083701e-01
1.037174164579767632e+00
1.059140567904297114e+00
1.764968027963950137e-01
1.083865708538255701e+00
1.593624972867597467e-01
1.631493258348587494e-01
1.186709169284320131e-01
2.439485974520429201e-01
4.351425535159440527e-01
1.211169213836188474e-01
1.490876807683572947e-01
7.259300850835753716e-01
5.008407445217089027e-01
2.122299971432953791e-01
2.157128903334032677e-01
1.368079744490470762e-01
1.069151303550902044e-01
1.362287681880524903e-01
3.587792737238880481e+00
1.356928339134559069e-01
1.052249714449065704e-01
1.739447382060640146e-01
4.991562457316818247e-01
1.268105560711713098e-01
1.755979145858239665e-01
2.240233162636540709e-01
1.386661834447570907e-01
1.325779503363279377e-01
1.295202583850313394e-01
1.039084097626124942e-01
1.504085899941214333e+00
1.821793890679163086e-01
1.189124406621112906e-01
1.162905920724675579e-01
1.210738246658233930e-01
1.516984652348157825e-01
2.167159411440653938e-01
9.182464083509755959e-01
4.401845367427599243e-01
6.030573052326244632e-01
1.444213864908093503e-01
3.753357312847858673e-01
1.262156415356312511e-01
1.348822745069269691e-01
1.740267127249602863e-01
2.718594572067766779e-01
3.848578747864708216e-01
1.272643796568245778e-01
3.289173863807441922e-01
1.529925087794459238e-01
1.529368973059291037e-01
3.012735769459390367e-01
2.250999189057721894e-01
1.294546568022125477e-01
1.772543999797818459e-01
1.002820954578256818e-01
1.426679348162083194e-01
1.204389858667316737e+00
1.391727741483800018e-01
3.176650531938329802e-01
3.513479925017948258e-01
1.947884489225757687e-01
1.512825756902866359e-01
4.264090846940934987e-01
4.034997367897990017e-01
1.013220819285420432e-01
2.494290908452783673e-01
1.103145788279618761e-01
1.371661584917236998e-01
1.304951303968450438e-01
6.172593914961708172e-01
1.664350431169710764e-01
1.017705040433091040e-01
1.874795353383831853e-01
1.176194574723854053e-01
1.537300291782293382e-01
1.733720977561566401e-01
1.156979696461092888e-01
1.479883065051970925e-01
1.395680593396477487e-01
1.068752312507215835e-01
1.027797615708034851e-01
1.007926883936582502e-01
1.436307212654562571e-01
2.201353094751684614e-01
2.887796405548899714e-01
1.298637787339499416e-01
1.200087551020579124e-01
1.469531562897008481e-01
1.875604699510923234e-01
1.966353870517384972e-01
1.223451635778412677e-01
1.850659186853380600e-01
1.149888916017029611e-01
2.359709523374653173e-01
1.035383023949593834e-01
2.477284785940406242e-01
2.655245564273227554e-01
1.090927193636680032e-01
1.445972528661013112e-01
1.876743068665052416e-01
1.462102702598440940e-01
1.392996133830814720e-01
2.138795878392968364e-01
1.256616426705381151e-01
1.180440335400804175e+00
2.421706807830601993e-01
3.079981930856187100e-01
3.086569714688295885e-01
5.448912043013315332e-01
9.414405945408778065e-01
1.736145660350142395e-01
1.954367369353491868e-01
1.816801487316309083e-01
1.671567990838838391e-01
1.317278268677067321e-01
1.056815030312241721e-01
1.276971813661162691e-01
1.654649909532941165e-01
1.194873872360202871e-01
4.707311485104632154e-01
2.138260208215582991e-01
1.745052729537825420e-01
2.108773818962763613e-01
1.140083869580474085e-01
1.059511113664318160e-01
1.494953722117381867e+00
1.272511176401853183e-01
2.361474028066503361e-01
4.001301128216943614e-01
1.073334428421265363e-01
1.177151185967529878e-01
1.677154845438058317e-01
1.503975960394002831e-01
1.039108425388829415e-01
2.463132001121450809e-01
1.342946248281648991e-01
1.032047878910079403e-01
1.421167857810489155e-01
2.302613262949586570e+00
1.018070734097344943e-01
1.972120974646224545e-01
1.089873867280451852e-01
2.065782461152119720e-01
3.725633641213637048e-01
2.676647750125509262e-01
3.227265153645265672e-01
1.054979083243417909e-01
3.386623979365646631e-01
2.510662997565430987e-01
1.096778885580929619e-01
1.090309360607860517e-01
3.699692441662820741e-01
4.929192491227005757e-01
5.417227390029401013e-01
4.631412298634313141e-01
1.461393335658059678e-01
9.387269881562897433e-01
1.285003747778774297e-01
1.615876975107458091e-01
1.173978753420018423e-01
1.405101623353803564e-01
1.028806361708130557e-01
1.605939518153367551e-01
2.687490700691549939e-01
5.283924072312008446e-01
2.259592610866580920e-01
2.037831777747957374e-01
1.961507676516293097e-01
1.551194353425359440e-01
1.339587109498901196e-01
1.614911612317608824e-01
3.746779167694857526e-01
1.062352215048842363e-01
5.622349383234767073e-01
1.967839344251049727e-01
1.049460665793569003e-01
1.145237544564495641e-01
1.116682733016884782e-01
1.047970458657902920e-01
2.638162076732715744e-01
1.992827168825451190e-01
1.525154046924316609e-01
1.056481351261835261e-01
9.553994534598104771e-01
1.176780024482828174e-01
1.730091480955222583e-01
2.398876074122077429e-01
1.318102763319853321e-01
1.898866696261344023e-01
1.671716133490915301e-01
1.807116357094775694e-01
1.698051976429126420e+00
4.364548183990645258e-01
1.911729405424127393e-01
1.325362200184367623e-01
1.432679179475928877e-01
2.385713081724503692e-01
2.351147460396735556e-01
1.788260251922192956e-01
3.106367524857118756e-01
4.307548643610532024e-01
1.006935930721137296e-01
1.260790484698251224e-01
1.211681228789099063e-01
6.145996809708472730e-01
8.657400648309665492e-01
1.818074143266056319e-01
1.664407090223701258e-01
1.765830862409710766e-01
7.278843955405527311e-01
1.343530898932555617e+00
2.312078871999921903e-01
9.896870012049675536e-01
2.355984381169105024e-01
1.285454535846247415e-01
1.211017188538360267e-01
6.650523346753379750e-01
1.224018328974438852e-01
2.505506639826037274e-01
2.662307325271508485e-01
8.265094586799833776e-01
1.687943847083009374e-01
4.571768701519492994e-01
2.838448827292696097e-01
1.696930736141209595e+00
1.179819468477729116e-01
2.324565334217806312e-01
3.018617523596484054e-01
2.546410838180024339e-01
1.101400369909255189e-01
1.876386495513900354e-01
1.174024052491845355e-01
1.101657159462224311e-01
1.006459868449670059e-01
1.787080207700872947e-01
1.768684583939729160e-01
3.410300264892817124e-01
9.865074114148895124e-01
1.879981205662068500e-01
1.411871364843168275e-01
2.365404775139240690e-01
7.071336495538637079e-01
1.084839985441745924e-01
1.132040360708269633e-01
2.158631206714488049e-01
1.195162747264339603e-01
1.712654461426372232e-01
5.157816783960612605e-01
1.997015296939291806e-01
1.437877424602087284e-01
1.054909087181022803e-01
2.037641675886683046e-01
1.100129537865937313e-01
1.227076304853718797e-01
1.103709341753375539e-01
1.255329394658323827e-01
1.418651911706135527e-01
2.154437416972121155e-01
1.334173348483817245e-01
2.407538642459822187e-01
1.953393631438277156e-01
4.578001860880368534e-01
2.027566871094754475e-01
1.430443583481111058e-01
1.011847465510929550e-01
1.226774609290828266e-01
1.261910356342607620e-01
1.129646271715051054e+00
2.325702735739680616e-01
1.499535004377324232e-01
1.674601803309382075e-01
6.049182398962873464e-01
1.377473936209321070e-01
1.981742485322007252e-01
1.001928325415413490e-01
1.338868101924005904e-01
1.116417630049852533e-01
1.392465323909672092e-01
9.085715784390731020e-01
4.636030620419945847e-01
1.699510226207697483e-01
2.284255128688813807e-01
1.065420460302447525e-01
1.141656973885064597e-01
1.075421328609580951e-01
1.592778348902784413e-01
4.608317804581130162e-01
2.551211921535981864e-01
4.884189179198893394e-01
3.133982561729345417e-01
9.929827677843827693e-01
1.506279276496733932e-01
1.194229861777126978e+00
1.122911245217974585e-01
2.050722278275024513e-01
1.370593240631729492e-01
1.787325435898847736e-01
1.115453821876007112e-01
1.088016954055020941e-01
1.559511316174853057e-01
1.249149560052290470e-01
1.191126136886293124e-01
1.412755911779170481e-01
2.034111281994862575e-01
5.440195102845842845e-01
2.464490831434066331e-01
1.779765377063024234e-01
1.147319402866363580e-01
1.126858376402801731e-01
2.954963564264787013e-01
1.005822959202178346e-01
2.893919660469361221e-01
1.900744785774414192e-01
1.079403494532072405e-01
1.407395426443404651e-01
9.175363630260616743e-01
1.011175580773246152e-01
1.996610439735626574e-01
1.922649444886202486e-01
1.098531596242447561e+00
2.351290123705981616e-01
1.223576479658174399e-01
1.757468499126095818e-01
1.010188315030760009e-01
1.109911451382564196e-01
2.215624827825068144e-01
1.889923299388739375e-01
1.319893436383758334e-01
1.446898529135136058e-01
1.281913731816597124e-01
1.021747613876375083e-01
3.639379430652073255e-01
1.605708342445003600e-01
1.361806448061002872e-01
1.688031288044370692e-01
1.309850754943056583e-01
6.904297915925925455e-01
1.123124612614481155e-01
1.510043742216239382e-01
1.102254594500198248e-01
1.318756831958851627e-01
1.078611038070036304e-01
8.464665239633583083e-01
2.663423654242067506e-01
1.301008302065485844e-01
1.828648665546958596e-01
3.437799996743534425e+00
1.580314708836203508e-01
3.181447012334152613e-01
1.019910732705917866e-01
1.171561918290165494e+01
3.365265432830006898e-01
1.866074222756869405e-01
1.317182859589084709e-01
2.027757550796773778e-01
1.423377090921323640e-01
1.199900279359843308e-01
1.221602135673262729e-01
1.367045941065581083e-01
1.045964709723464781e-01
2.522399497427835757e-01
2.201211937594237389e-01
1.169914870274919028e-01
1.924876981550816823e-01
1.081232007614494339e-01
1.329034501659655809e-01
1.278265784133548466e-01
1.066862807639888389e-01
1.904738192614393588e-01
1.070446249089801044e-01
1.384323826633885590e-01
1.158495918463885305e-01
1.873241004509648699e-01
1.286923468097811718e-01
1.046690810859832316e-01
2.031124705488485671e-01
1.107827137091420555e-01
1.201772314738562691e-01
2.979360701930958699e-01
5.504688069279508600e-01
8.535186798932147267e-01
1.160864688120449434e-01
3.273059386830779460e-01
1.022639746415122952e-01
2.733327082013141673e-01
1.031876509188460744e-01
4.832715457094986511e-01
1.106217733884276300e-01
1.698297872802231323e-01
1.469368180942203228e-01
1.155196301197129877e-01
1.042499060716635118e-01
3.189771961406130951e-01
1.985248079965778178e-01
2.601976665008125522e-01
1.365231468199017695e-01
2.784037843841472570e-01
1.525401710548360823e-01
1.298942704915197199e-01
1.291477061917278846e-01
4.214126361374338714e+00
1.379874517872971273e-01
1.353398157388828460e-01
1.724816535335428336e-01
3.303022140297846576e-01
2.974445085360485908e-01
1.836735977483633375e-01
1.684296303555607555e+00
1.051034466856215266e+00
1.071228674696315802e-01
1.929553584051957593e-01
1.976049215979014395e-01
1.293378868057368514e-01
1.015391983734788284e-01
1.261902327558123704e-01
3.327634193134505480e-01
1.939587913700614730e-01
1.048716918022430805e-01
1.446044495791176387e-01
5.708599356568084815e-01
3.011694980538895949e-01
1.544312044133825390e-01
2.222066224678971302e-01
1.725226557853581921e-01
3.495434610661842245e-01
1.331855343910184064e-01
1.149959354440378417e-01
2.096328104337782605e+00
1.620461098298615898e-01
3.034246386032037890e-01
1.266668803519250375e+00
7.746133068135980793e-01
1.616132284255790974e-01
2.035108443214910801e-01
2.716065021086198517e+00
1.022194883275253097e-01
2.163850755364983280e-01
1.163108355428235097e-01
1.188297345337130939e-01
2.144833445841994313e-01
5.235429172151130350e-01
1.317460900934024071e-01
1.330484547413583185e-01
1.668936924862820526e-01
3.366115200212555503e-01
5.901028691878046351e-01
2.029229271399935475e-01
2.614454884314336702e-01
1.621240862202264488e-01
2.919691112319355297e-01
1.801747098206297748e-01
1.760170012139017359e-01
1.223177954571952608e-01
2.626424355670695099e-01
1.675982041391667066e-01
1.426322602296448971e-01
2.158463599835729885e-01
1.000202656314524846e-01
1.245594255178019694e-01
1.411204606676831064e-01
9.202665516341714813e-01
2.021960358013838166e-01
1.975236133199875788e-01
1.431323002368922459e-01
1.665368716776854940e-01
2.007393474362920149e-01
1.003987781638665810e-01
1.075099347173358172e-01
2.176205258087380023e-01
7.026724438760445501e-01
5.061348636117369848e-01
4.704191720635114149e-01
1.157476141494898914e-01
1.865239189744768211e+00
1.084303258725462654e-01
1.772132365303945578e-01
1.302592630783757366e-01
1.128874698454430253e-01
1.600900914633968386e-01
1.555359084551840299e-01
1.144889649800868991e-01
1.988191435760844061e-01
1.648343239657110715e-01
1.043571648451502160e-01
1.241493839955151030e-01
6.585109077492622021e+01
1.022250193456711032e-01
3.631022431857471311e-01
1.622178824983842305e-01
1.294425093702277485e-01
4.487319760957936277e-01
