3.527220985424347477e-01
1.986350325735746492e-01
1.036604486118923030e-01
3.464138001334990946e-01
1.466668645568705576e-01
1.093686902577856723e-01
1.317163474977160187e-01
1.091001484023368662e-01
1.259894081962396051e-01
1.101453637913096251e-01
6.987487598456856297e-01
1.063718261720575931e-01
2.671076696503515979e-01
1.395880247766515536e-01
1.180533816315424422e-01
6.444088770051524806e-01
1.066916640698304247e-01
2.215158424228444722e-01
6.051485201545427906e-01
1.016416360994685103e-01
2.381232444239564094e-01
2.178861109108545691e+00
2.824940297309813109e-01
1.113857459531002320e-01
1.258158061852805154e-01
2.678657781294390694e-01
1.888906830453482288e-01
1.042022527883070399e-01
1.741379682793469108e-01
1.144722366355209742e-01
1.519178392968244251e-01
1.139682951028676838e-01
4.074874377949109783e-01
1.539433762434677944e-01
4.085611810436822755e-01
2.870261863166709282e-01
1.995159533086882375e-01
1.841874478340345955e-01
3.067806256520670960e-01
1.320274542503096782e-01
1.420557315447247282e-01
4.595697170339743121e-01
1.293195416517778362e-01
1.441108303774183419e-01
2.040599332188563209e-01
4.254271104329917508e-01
1.416657083967469422e-01
1.036362440461266882e-01
2.283179515490816325e-01
2.434663093809193990e-01
2.409401829523524496e-01
1.531533559247520160e-01
1.402058430773908959e-01
4.707018459694298773e-01
1.930504990049387026e-01
1.021818277563894956e-01
1.308332334007185072e-01
1.004671595514364801e-01
1.095378886771818938e-01
2.380761844305510078e-01
4.279102852750600872e-01
1.044210645353731010e-01
1.375392595936886508e-01
1.249334136008919266e-01
1.059662802928981185e-01
3.855221448068417711e-01
1.772017850136449191e-01
1.053237960299289872e-01
1.465941189274906908e-01
4.188392911273592367e-01
1.149980201696167159e-01
5.560695395655356199e-01
1.392553930522052730e-01
4.234381586436505862e-01
1.207182819331034107e-01
6.455467646801306136e-01
2.721432316797114948e-01
1.366370211683380631e-01
1.236141606177846297e-01
3.963326292301487808e-01
2.351640131761427444e-01
2.589580767465840538e-01
2.749164486181053246e-01
1.862990127338662039e-01
1.246711008113988051e+00
2.013625959388409825e-01
3.253357929907085833e-01
1.783022753788939818e-01
3.990654321198913124e+01
1.310348463218162229e-01
1.039637412189174381e-01
1.109776044571821330e-01
7.938432914034563304e-01
1.083359658070577880e-01
1.209290722600491197e-01
2.308763464474672955e-01
1.279275199721446044e-01
3.584869895845845811e-01
1.068538465281138050e-01
2.263508444838041367e+00
3.246342474965518421e-01
1.760995606804768299e-01
1.511715721667862722e+00
1.363034495119047340e-01
3.783779646344013203e-01
1.160663331127903125e-01
9.118039361064170789e-01
1.677925225735040216e-01
6.701271869230409628e-01
1.560910832193727615e-01
1.350276684526865167e-01
2.087767644505862386e-01
1.972736974651656539e-01
9.343393972043065876e-01
2.049741159214213126e-01
1.237589703651937462e-01
1.165653455543288752e-01
1.781983603432968077e-01
2.223645073419148466e-01
1.047904122945296362e-01
1.092205285204756127e+00
1.903063215192869473e-01
1.148744489149923220e-01
3.376360026522736146e-01
1.095160925430892496e-01
5.603805469737770384e-01
1.760963841074817959e-01
3.050538014922267394e+00
1.525851874758456794e-01
1.191513242294459096e-01
1.219957436080624930e-01
1.159932533967081431e-01
3.522869743454278835e-01
1.344234902990783520e-01
1.752534798061944066e-01
2.442019477643217751e-01
1.256015548132627668e-01
3.344110396472480318e+00
2.668740273834438459e-01
1.072539227291132713e-01
1.092640863700777704e-01
1.257330702463047012e-01
2.053986930158726576e-01
1.047955976364932651e-01
1.639505347205911234e-01
1.790914378368538562e-01
1.266925008400230646e-01
1.624269175466087900e-01
1.075121340792481450e-01
1.244707527896543042e-01
5.571116223749431606e-01
1.011215099674888790e-01
1.759609754956983352e-01
1.068057616655585795e-01
1.717647332274779559e-01
4.680789752257141778e-01
1.173850708296621248e-01
1.163589553344088756e-01
1.650094848521451441e-01
1.613160645108374092e-01
1.786052013352491530e+00
2.123310028121588311e-01
1.951160803764117047e-01
1.960172539779412026e-01
2.002464234103745189e-01
1.354690603466784660e-01
1.527604147645634791e-01
1.132715605935153830e-01
1.477908053746378736e-01
1.170058215892857967e-01
1.516534670173667054e-01
1.306834796697609880e-01
2.184969014778289642e-01
2.650264789862883941e-01
1.093344741998944908e-01
4.591527398002173133e-01
1.289710982393147687e-01
1.530716924634748510e-01
1.558945255095107729e-01
1.865322512535031452e-01
1.945684929451806378e-01
2.286912524377960332e-01
3.228913050504093052e-01
2.473516354798914740e-01
1.268991718542621105e-01
1.654595493108376170e-01
1.000236500351368990e-01
1.783636418636392884e-01
1.119288479304488826e-01
1.143897689370188264e-01
3.460073613488159339e-01
1.345315675007179024e-01
1.213368151679661971e-01
1.296084013158620707e-01
1.370588356679319775e-01
1.933929847778238509e-01
4.517855120280928616e-01
1.993182092776994430e-01
1.834334219296319679e-01
1.491141534383773337e-01
3.648456753680980880e-01
1.009909668903101188e-01
1.117815246534819562e-01
1.546135020851598374e-01
2.141914628320490399e-01
1.189171994521383696e-01
1.959103855600515809e-01
6.278817299362219329e-01
1.086952020736781099e-01
2.255267352664702685e-01
1.343608202519654682e-01
3.183166709004717210e-01
1.387235946381934482e-01
4.209835444893887391e-01
1.279173096569723445e-01
2.109337766569534256e-01
1.763088295400888350e-01
1.267467634220914297e-01
5.720972749188685258e-01
3.936519819919878649e-01
1.998879231044399796e-01
1.021778463252511343e-01
1.259494801420819321e-01
1.574101195617955418e-01
8.073628126111871417e-01
1.013029415781369624e-01
1.206771793725751607e-01
1.399629280530302611e-01
2.614732204106816615e-01
1.801553762835332195e+00
3.836912187592224743e+00
2.870413118506150441e-01
1.032567653907420918e-01
1.883569338498133072e-01
1.364421228610903369e-01
3.598184248459661561e-01
2.523141848137823162e-01
1.210834991760268570e-01
1.260118468875444098e-01
1.466774723308755524e-01
3.949933196967932436e-01
1.152131160680983091e-01
1.331239289025919481e-01
1.268093966479885149e-01
1.726571521589500835e-01
1.343955367958487856e-01
1.362211156652316790e-01
6.712997689115094424e-01
4.703276750723230371e-01
1.320185572501733906e-01
1.633360803042259446e-01
1.336081452427247684e-01
1.101241591907867606e-01
1.298758424842182402e-01
1.046270248630380845e-01
1.148251248949350434e-01
1.338993042559893654e-01
4.442249437813898805e-01
