2.537618174829974205e-01
1.736330424173285758e-01
7.833094553808203075e-01
1.276797301889463221e-01
5.202782940822361368e-01
2.258324007175589176e-01
1.094943200944517997e-01
7.895471320415589078e-01
1.734534578486332246e-01
1.194177257457950392e-01
1.513109026655903022e-01
1.359683892840059527e-01
5.744132709161091643e-01
1.062683006035854139e-01
2.412641609167813506e-01
1.886510017029387476e-01
6.672551448658096129e-01
1.256088517776183522e-01
1.935411384449675365e-01
4.824802898910991455e-01
3.635056296182204161e-01
1.052664207456430606e-01
2.510881436667745659e-01
1.224253409287936328e-01
4.710402108457861781e-01
1.724188960156414208e-01
1.798051790240714487e-01
2.663784197677818155e-01
2.342120937717817597e-01
1.271022370823561010e-01
1.183772184986682519e-01
1.794559522357181969e-01
3.027614345494924475e-01
1.953501389168475488e-01
5.311641615333101418e-01
1.021131963601671216e-01
6.262803711321687228e-01
1.812741316465381336e-01
1.145702763717023898e-01
1.336200927258442694e-01
1.897093860454986958e-01
5.406621094243917458e-01
1.032963365040875603e+00
1.285950351689797988e-01
1.091311592828462934e-01
1.532911743267204585e-01
3.599605285760696938e-01
1.426692254013745831e-01
4.612311539611341771e-01
2.210340792641878771e+00
1.194231164092635522e+00
6.815202703839170484e-01
3.545433177865900953e-01
1.090997676490309404e-01
2.094431030616501488e-01
3.515321938417435566e-01
5.476567036860097160e-01
6.877331161379394153e-01
1.535150182874963909e-01
1.805544779906973207e-01
2.114758648829917209e-01
1.009639850474147948e+00
1.138136876565059019e-01
3.801849216689145439e-01
2.703254575336129784e-01
1.132255870625021726e-01
1.242528348535508614e-01
1.557294785071562382e-01
1.049566338270068455e-01
2.278835826472863924e-01
3.313448195217318926e-01
1.450650503566513483e-01
4.147428604642149352e-01
1.227236060855656369e-01
1.278174721224082100e-01
2.069571335873008067e-01
1.135452817196827696e-01
2.459832226212016748e-01
1.322406931034863509e-01
1.175900747766461668e-01
2.400870128811210535e-01
1.285818784220840172e-01
1.317994191740945453e-01
3.279976873473022803e-01
1.798464587261302261e-01
2.603615436103096648e-01
4.055285470773882794e-01
3.750707988763280487e-01
4.803002695512972320e-01
5.160896443504342512e-01
1.325564523100702941e-01
2.379455163981879506e-01
2.460623607057960960e-01
1.045902035070832847e-01
2.126853022063422971e-01
1.148292456632277747e-01
1.810894434064586056e-01
3.040529827838827082e-01
1.569760436510285517e+00
6.168187826727336009e-01
4.688044844318361992e-01
1.345214386729643719e-01
1.574094995221981819e-01
1.634809992171919468e-01
1.526253855488762523e-01
2.503126015422911244e-01
4.896176323026051325e-01
1.918005853650882608e-01
1.143249074839945423e-01
1.624294796635254445e-01
5.365373517495873879e-01
1.064319407539000562e-01
1.764727476018168872e-01
1.410637487152594793e-01
1.827383401215580960e-01
1.007429316405768910e-01
2.485510785947208090e-01
4.059159720925482606e-01
1.763393423698274565e-01
1.465209450566226368e-01
2.932273710951894263e-01
1.995651007908461338e-01
2.408083531152838130e-01
2.620963237111582078e-01
1.082063499314345201e-01
1.256472775346417547e+00
1.422031762869515326e-01
5.186033888759473687e-01
3.224450399849635440e-01
2.684025645878690969e-01
2.581748135651806830e-01
1.085996156869865614e-01
1.080711081933506956e-01
5.171121217249512458e-01
1.270847866935318482e-01
1.452676194294742762e-01
1.228123495318109160e-01
2.237843989099700170e+00
3.608243137394206990e-01
1.106202932619655965e-01
1.389320035365556316e-01
1.915379314407671674e-01
5.235657159531497129e-01
1.611626929406335118e-01
2.030610108327517427e-01
1.121705771528344608e-01
1.043954993673717468e-01
1.081311020310994908e-01
1.690151018712154896e-01
5.076402116404757692e+00
3.295012291062290322e-01
5.477158828754321584e-01
1.148800988523328570e-01
1.708742457292805161e+00
1.042427229256093213e-01
1.107482592882350847e+00
3.157684389017622051e-01
1.295210341995009229e-01
5.566224725767766612e-01
1.770026738213074380e-01
3.062362002232544844e-01
1.471082260697749999e-01
4.618416860882564312e-01
2.484594856148999720e-01
4.637939648661200120e-01
1.693758776105536989e-01
3.795071761222745810e-01
1.030418332397807779e-01
5.146832808332211240e-01
1.141712562823059551e-01
1.801295010020641740e+00
1.066840230523660032e-01
1.026285063894590704e-01
1.009341503732939516e-01
1.031584698238531828e-01
1.284625673412637115e-01
1.079301969608825601e-01
1.415430494422480201e-01
2.966569506311915183e-01
1.211780522328249621e-01
3.226895885160918076e-01
1.230378586898507182e-01
1.455562231199633294e-01
1.034545568908319252e-01
2.143139297626303896e-01
1.415210368099927840e-01
1.738472723722052082e-01
6.799418579332934254e-01
1.039165764257312247e-01
1.186995023142801697e-01
1.189549000017644520e-01
1.057441625246601929e-01
1.005173069886635268e-01
1.644044816939188025e-01
1.822097445340371547e-01
2.081183348478655992e-01
1.306345352346830191e-01
1.729410046684969893e-01
1.564695189003240949e-01
1.999810766822131269e-01
1.610635831459365508e-01
2.454112282891642849e+00
3.158842951683589195e-01
1.948296344635581101e-01
1.288292607962507330e-01
5.621077423096568770e-01
6.338823145470109388e-01
1.257982093646794752e-01
1.759133211946083408e-01
2.535176995965187641e-01
2.560023785722837508e-01
6.671305732106813657e-01
1.112661597563325278e-01
1.465791469912826883e-01
1.217236293878612430e-01
2.011907614700809699e-01
1.138044266794348003e+00
6.231370917279639432e-01
2.511943943355434139e-01
1.137817035361920609e-01
2.995996351904414157e-01
1.120939335829986422e-01
1.450382533535139185e-01
1.778072654746122305e-01
4.216179123132282047e-01
3.760396331435048034e-01
1.213652664289573552e-01
1.357073814211324225e-01
2.288121631284151525e-01
1.583678249562513463e+00
2.347251121891295866e-01
3.626039253521592398e-01
1.235951984821355015e-01
1.257210852821637748e-01
2.127774391363440876e-01
1.375853080644930670e-01
1.459651825183228557e-01
1.123385546960790626e-01
1.096227484661436713e-01
2.983251519506952554e-01
4.155551187912001621e-01
1.290085954371621568e+01
1.029784697504447372e-01
3.649870692176953035e-01
2.556021435637191530e+00
1.221805360227860016e-01
1.979287934745971533e+00
1.792488812103894547e-01
2.143576419411097889e-01
1.764660953518564779e-01
2.549257553234573481e-01
1.007854451692448361e+00
5.700777545400966817e-01
5.010065773366760844e-01
1.438981824858705516e-01
9.426421448335361220e+01
2.602235859516758287e-01
1.150260342030146044e-01
1.944336660517090865e-01
3.240242700749280114e-01
1.016747702157750483e-01
1.782298982669041076e-01
1.723507546857273864e-01
4.737686674272951759e-01
4.186245861984887462e-01
1.278734954576328797e-01
3.131253009715764257e-01
2.778229063544130351e-01
1.654660470953566165e-01
1.017743796597674333e-01
1.607557822196334640e-01
5.572174048407175784e-01
3.075108781467724151e-01
1.144471202489149020e-01
1.440624541791176716e-01
1.131546213461393502e-01
1.287343315846231351e-01
1.880203032103667515e-01
1.138462180987537958e-01
5.085177689679453161e-01
4.391177377073636201e-01
1.464042253428670393e-01
1.071714416840413853e-01
1.630114968818589805e-01
1.612315000301186574e-01
5.683362064346846321e-01
1.220827429477972653e-01
8.123245744589147055e-01
1.485301571813340826e-01
1.519934791931740470e-01
2.408438379672456220e-01
1.112074053796969636e-01
1.290279045138565395e-01
1.257634969366787370e-01
1.770712658958210062e-01
4.047155166440050689e-01
2.605325241844051454e-01
2.960299092872481497e-01
7.684897449971594963e-01
3.938445018715009405e-01
3.167490679848145030e-01
1.084583438594057259e-01
1.884821685718030826e-01
1.180321723953995233e-01
2.191385305499712333e-01
2.729711311206217128e-01
1.017268444631311275e-01
1.603917444272274506e-01
5.767720412618568826e-01
2.957443234043726221e-01
4.798692567881606141e-01
2.060128534378170007e-01
1.331013971281804764e-01
7.090579943728313461e-01
1.554347114646611738e-01
1.183753051125525091e-01
2.497527123029866236e-01
1.115283349501922650e-01
4.049872688015964117e-01
1.352396635737157515e-01
2.542947600057012258e-01
3.642720823170499944e-01
2.034899974999356265e-01
1.265156048912165487e-01
2.004728923256671735e-01
1.063458710842988542e-01
1.169600947921829004e+00
1.032248494049246706e-01
1.089234034508178572e-01
2.391151516580849457e-01
1.054197718853333021e-01
5.260502315423424280e-01
1.022629276173152441e-01
1.144623677982737009e+00
2.729560017079220025e-01
2.159739648713198401e-01
7.497848138703879783e-01
1.151240928440852712e-01
1.805713035063056526e-01
1.227284383178965099e-01
1.489503878272778470e-01
3.284135290684083719e-01
4.496624318490268779e-01
1.081076287509377676e-01
1.591164016719648355e-01
1.173768633882499579e-01
1.522053142965980044e-01
1.664215667198653270e-01
4.590519075891393297e-01
1.878826883525240632e+00
2.601463008656704212e-01
2.902346639272247231e+00
1.339940124425393064e-01
1.651764406202640145e-01
3.032627431315464417e-01
3.570246831846381474e-01
1.002009190466526534e-01
2.053507136198297056e-01
2.687469044935561491e-01
2.840639914959566803e-01
8.701494624101979714e-01
1.716549337855515223e-01
1.751221913974561062e-01
1.029592136371017957e-01
1.540171764564894630e-01
1.043902802532950536e-01
1.172063713376604310e-01
1.878271666789314287e-01
1.116916551893270548e-01
1.194183935610224206e-01
4.091003112436881750e-01
3.407218911385884841e+00
1.359251228163175895e+00
1.025305185255039331e-01
1.108327071120386864e-01
5.173532942919031319e-01
1.709683742282167573e-01
1.602659651151679965e-01
2.033612233773624267e-01
1.221393688252266352e-01
1.084622308162762616e-01
1.616062012663766478e-01
5.030137689845775029e-01
1.396520811923066319e+00
4.904905540699910915e-01
1.486936268400870231e-01
9.197013294813342066e-01
3.227477160086008046e-01
1.495576782948294103e-01
3.362711257114099350e-01
1.295046633468228403e-01
1.260922765624936936e-01
1.002125558332281480e-01
1.363673016423204987e-01
1.902292962743676319e-01
1.510130290781279694e-01
4.468504733910237947e-01
1.112103021814003334e+00
3.262113424372940496e-01
1.073928524875147894e-01
4.049757921298862140e-01
1.503431984585650028e-01
1.136120272004245146e-01
1.083930340233256323e-01
3.156119821527834546e+00
1.728458203653738534e-01
3.650354535473931961e-01
1.536622196924104788e-01
3.348162502264737661e-01
1.945189437189107362e-01
1.685640141425731597e-01
1.218088076617874771e-01
2.216977249131118488e-01
2.708588624635008824e-01
1.456512936690992077e-01
1.573559799934969028e-01
1.431638644823449991e-01
3.891110700842518866e-01
2.668509150769498572e-01
2.013814856597281600e-01
1.077243526219270608e-01
1.398041069568813632e-01
1.335407767737128437e-01
2.892547060922588953e-01
1.278128116873479547e-01
1.761456892094924176e-01
1.044295521807245830e-01
1.237122805597365982e-01
3.722873364819470621e-01
2.110937564526772503e-01
4.200153794899183501e-01
2.498956169625387691e+00
1.907636791985299063e-01
1.185708573958258322e-01
2.479315349244272382e-01
1.128455235208250196e+00
1.287505840808294277e-01
1.847432463325118235e-01
6.281968219814810794e-01
1.520585346410905925e-01
1.205694660304718613e-01
2.270568839940537154e-01
2.169847993452826695e-01
1.931194377609669610e-01
1.790389586672550271e-01
1.418021542218710629e-01
1.259804469471511867e-01
3.304275780574637000e+00
1.923769425266500244e-01
7.113444928053147542e-01
1.082613397535089200e-01
2.043972389345871665e+00
1.191364852343359537e-01
1.497049811047735102e-01
3.971323568997986442e-01
1.314955681604082771e-01
1.657262862442076212e+00
1.315538524937431841e-01
2.856077009233009556e-01
1.366429644346000005e-01
8.691822705823224471e-01
1.140580999025709863e-01
1.209538115727658569e-01
2.621416132345933736e+00
1.716934871342104818e-01
1.742412227726103657e-01
1.185492500647480907e-01
1.258379513601966260e-01
2.579634164101440308e-01
1.377477310074941286e-01
2.398391094322844808e-01
1.603674310271564485e-01
1.201193160427919820e-01
1.946745210323272690e-01
1.513278094415936303e-01
2.159671816199227212e+00
2.711081146535814779e-01
1.072859335527200364e-01
1.631611192667825616e-01
1.279379098879583621e-01
1.317384744887512837e-01
3.109188049200480308e-01
1.519813444771871414e-01
1.545135529078988379e-01
4.368100766061358553e-01
1.123475298172442599e-01
1.149423859655072655e-01
1.334460059502043106e-01
2.343825807372659220e-01
1.124190605946345567e+00
3.593469131579833942e-01
1.229079369068890454e-01
4.476106201607307766e-01
1.236349243012539872e-01
1.863342079876912472e+00
2.880835858825291917e-01
1.534905971307033434e-01
1.198596002105632580e-01
1.082292533411518820e-01
2.843665528428736544e-01
1.818420502451852938e-01
3.396219783251086533e-01
1.780400001031827717e-01
6.069599097130211618e-01
1.980403740767606169e-01
2.081625918539912190e-01
2.786240084546742768e-01
1.706607714692677247e-01
1.036657280300110062e-01
1.855810472440102554e-01
2.125506719415236612e-01
1.561365077508725663e-01
1.175755772615344336e-01
2.391594211008730153e-01
1.437645013783111492e-01
1.165283830740280052e-01
4.476747209362026414e-01
3.927420413941532518e-01
1.413494679347101490e-01
3.846397501550802289e-01
3.261137068563393360e-01
1.625908839050822785e-01
1.020000842382168121e-01
1.368381981147689941e-01
1.072109492352952415e-01
1.482388371164850838e-01
4.123635184456183045e-01
1.189567371725497869e-01
9.064445022294503884e-01
2.001987272211125823e+00
1.080140039293568721e+00
3.199669076074846963e-01
1.250410775270786590e-01
2.160139254912655515e-01
3.023891531172193115e-01
4.591296218199140688e-01
4.660520644548210578e-01
1.538994701685574951e+00
1.458888947333578656e-01
3.216002911729206604e-01
5.908108395029363358e-01
1.219596848717648813e-01
1.003170250650409073e-01
1.135890765956188431e-01
2.158161394037864944e-01
1.714441846363712607e-01
2.589316945040193718e-01
1.201047219823495049e-01
4.239148329538613424e-01
1.813271739439681618e-01
1.315137004917037167e-01
1.938405854362694747e-01
4.005260301432184145e-01
1.624574995830405377e-01
1.740973493822369489e-01
1.499567131552131671e-01
2.617092910256085814e-01
3.133332023237049846e-01
1.178918604896485728e-01
2.578044303312785890e-01
3.553922606286826213e-01
1.270798561625049450e-01
1.186107330938154097e-01
1.048631565697393242e-01
1.170719970502667046e-01
1.572417405493892195e-01
3.054173856665747255e-01
2.141078898314900947e-01
1.534284368664883824e-01
1.755357901543244115e-01
1.167112067269415604e-01
1.117027776142351797e-01
1.046676226615054911e-01
1.927478126014537940e-01
3.960583636077957825e-01
1.856473498632717212e-01
8.156965782386305097e-01
8.325086467817719438e-01
1.690600962050907152e-01
2.107078187174234452e-01
1.066392190611544361e-01
1.589714321781026951e-01
1.327685224850970458e-01
4.169173684027381310e-01
2.072228409102808699e-01
2.145946602190635932e-01
1.052796789045018083e-01
5.701760027078001114e-01
2.064468681508209169e-01
1.821669569193657134e-01
7.267019371973240105e-01
1.055026437311608056e-01
5.260063987323889689e-01
1.614810804176528558e-01
5.659333766868857030e-01
1.059214793212258227e-01
1.023565959709673845e-01
1.537820088054692169e-01
1.327182441803906043e-01
2.513684772962545000e-01
5.474908844249424256e-01
2.365181962333515464e-01
1.869317896840935744e-01
1.007151864640061928e-01
1.309279273449408809e-01
2.314231594186921537e-01
1.176170918236093543e-01
1.847471334170008583e-01
3.331652121452418625e-01
1.763288978470778923e-01
5.899823485100309517e-01
1.473529954388642094e-01
1.121732706756839448e-01
1.057035788849537417e+00
6.927033233116226540e-01
6.066287463117076006e-01
2.362200660768727090e-01
7.086771944216194719e-01
4.536783863484173951e-01
1.982030780788815727e-01
1.205025092223854649e-01
1.146201598322492271e-01
1.974013294090631587e-01
1.072701619486099434e+00
2.430996299833213525e-01
1.585765058178574549e-01
2.477736198571484916e-01
1.209984780871980609e-01
1.630719161580256316e-01
1.741440946373334075e-01
1.125641873270701865e-01
1.463504814331455517e-01
1.131875492655432525e-01
1.299314875774749967e-01
1.107833129873048023e-01
1.238140372089298336e-01
2.503232096266343465e-01
1.230643128093296124e-01
3.567457763958392647e-01
1.160232045418646551e-01
1.447612269879288427e-01
1.378791953542800319e-01
2.057745969324239754e-01
1.344872525754050308e-01
2.080367860055420959e-01
2.783818784152692904e-01
1.154302333789213597e-01
1.494060546506849885e-01
1.160594339951779991e-01
9.959404264544737817e-01
1.049879352627790807e-01
2.234301478479785441e-01
1.476178609222096316e-01
1.097969634298987390e-01
1.975361447536434778e-01
2.193535282401154751e-01
1.785761974811987951e-01
1.857037822020415896e-01
1.714620641777339360e-01
2.980082561619733506e-01
2.353173783136246200e-01
3.639295604148896635e-01
3.589403455334596149e+00
1.988209465347014482e-01
5.648345649478535568e-01
6.544715577256678962e-01
1.285286237223977057e-01
2.027145599302308809e-01
4.207018880668103034e-01
1.495617371692410380e-01
1.260164079334197551e-01
1.253725283393137546e-01
1.179101533653900691e-01
2.082711860208009136e-01
1.875050248527281860e-01
1.990541576710039562e-01
2.368669899527413303e-01
1.177362197331412175e-01
1.738704959787419346e-01
1.102244281003774973e-01
1.906512803108660059e-01
2.651913722798802109e-01
3.654320084701925819e-01
1.669117653161323878e+00
1.124305164474241475e-01
6.114190120108699000e-01
2.224230134133902137e-01
1.464467264899726728e-01
3.476723424995956657e-01
1.478369664783454884e-01
1.664812674577526574e-01
1.711485048916580043e-01
1.197712193926858681e-01
3.788581389652304066e-01
1.997427761905954668e-01
1.781761056414616906e-01
1.776511044764677583e-01
1.091691957750191011e-01
1.602289111655302023e-01
1.126550682543367848e-01
1.568061008830033132e-01
5.013549632075896545e-01
4.860416661232218605e-01
1.193702857889503699e-01
1.148584986970705296e-01
1.368168617476420990e-01
1.197792716316956163e+00
4.889129710576958221e-01
1.225507992060069773e-01
1.056664916928645309e-01
2.199737335519386383e-01
3.033180235255352741e-01
1.513808348678401527e-01
3.285171398303034507e-01
1.114620462818142199e+00
1.175514816558538844e-01
1.025689180075814999e-01
1.910097864152606462e-01
2.590083638913228126e-01
1.136108524290197902e-01
1.763739423570181708e-01
1.060828896062467053e-01
2.407289526118882306e-01
1.559431592731425953e+00
1.105817486058311983e-01
3.028660680507008207e-01
1.346163140202167319e-01
1.878645647622477766e-01
1.227224428152691171e-01
6.123867104325877442e-01
1.051520937480164841e-01
1.274435762248748716e-01
1.218496692264290915e-01
1.058694467501180986e-01
1.796444247557035245e-01
1.014604785415846866e-01
1.128390612629446288e-01
1.300605030690441810e-01
1.686688596065945678e+00
6.349198066462042878e-01
1.011173928016475543e-01
3.047517231241522184e-01
1.109206809996104159e-01
1.018067821980560561e-01
7.064633004686071693e+00
1.210455876837684547e-01
1.916907817971593708e-01
1.068445564027869638e-01
1.968620875148119342e-01
1.813390664762335736e-01
1.668791989840429923e-01
1.574610801937464111e-01
1.152332682646114714e-01
1.095414703146462831e-01
1.082600373749609823e-01
2.949650223211399136e-01
2.412419217823315309e-01
1.100760420534047324e+00
1.370431645653784336e-01
1.256856434000126199e-01
1.491640627772428673e-01
1.838217668964422513e-01
1.058673351420766906e-01
6.988881141821534637e-01
1.257468308983987482e-01
3.563206965608902155e-01
1.512637064156650835e-01
5.230165349856907842e-01
1.402697261389957428e-01
2.238728245138328077e-01
1.764529199149758032e-01
1.155461227146257486e-01
4.197355314173820684e-01
1.304841943919566871e-01
2.616254883102820394e-01
