1.832067583585948456e-01
2.759800086671261310e-01
2.763604564683267983e-01
1.206836187176496544e-01
1.431540589541846209e-01
1.180917036624010152e-01
2.118034524025464160e-01
4.987622706243937110e-01
4.001316467350114481e-01
1.778436656320800391e-01
3.361724353962547429e-01
4.440976405789230919e-01
1.653604097564699282e-01
1.254373865767806628e-01
2.802278058880680600e-01
1.156583951490462864e-01
1.512723387167146938e-01
2.403470788899849941e-01
6.820157720808981416e-01
1.764597847860447100e-01
3.053878585454467554e-01
5.347149676090517945e-01
3.683044691705458229e-01
1.051567680611909250e-01
4.951403873712652448e+00
1.329765417139366079e-01
1.140862725958660395e-01
3.705295113847841826e-01
3.776641083507885077e-01
4.119459026036714211e-01
1.194567149735931005e-01
1.424110527717174224e-01
1.108713217638850113e+00
2.626019322429735681e-01
2.659715105841553018e-01
1.777130138910401891e-01
4.461366530897887817e-01
1.871244339087259900e-01
2.605701220892147618e-01
2.096990184697997694e-01
1.436078314617539320e-01
1.358786424512514468e-01
2.053219025219299443e-01
1.572657692729716727e-01
1.268903439266021727e-01
2.737593587257943772e-01
1.402965313990038321e-01
1.379553351856618870e-01
1.253850269772076309e-01
2.612439139080675599e-01
1.954375597622477756e-01
2.133798220040569460e-01
2.043897304216215627e-01
2.870176208454596756e-01
1.950812525593104141e-01
3.306730257532444206e-01
1.117679712469090703e-01
1.297896235587139013e-01
2.345743771313127946e-01
1.382486087091392146e-01
2.138671069698987182e-01
1.063357076576837701e-01
2.438639534559820243e-01
8.483327846769800340e-01
3.687287441132473531e-01
1.354628267326732916e-01
3.728577073676793141e-01
1.021185653923434161e-01
1.778752923162357502e-01
1.476957337084107980e-01
1.991748633350565734e-01
1.876313581723294543e-01
1.561842737616477850e-01
2.310801436616991555e-01
1.006885536601292569e-01
1.028092109261601328e-01
1.287307019163855260e-01
6.530650109021183258e-01
4.015672477754431036e+00
1.103096120260601137e-01
1.176443577983933841e-01
2.780624701593274462e-01
3.105360601402595844e-01
2.258287259996456242e-01
3.683127286958260971e-01
1.282900342864146948e-01
1.192120612274781000e-01
6.538403838014956726e-01
2.813999700277011184e-01
1.211981355569740959e+00
1.046251771489049853e-01
1.135286594015778583e-01
4.910566222623199417e-01
2.605691527536791452e-01
4.180886188410938842e-01
4.999766798615524199e-01
1.475548592366685563e-01
1.058928906663886976e-01
8.367435298965008039e-01
1.972960996294307101e+00
4.699305718123317210e-01
6.996903868856085840e-01
1.918633467283540062e-01
1.131363075242131311e+00
1.031504026840994181e-01
1.546901649332431961e-01
8.249224866739389705e-01
1.477572428747510880e-01
1.595160587496128601e-01
4.962681713343420897e-01
1.537198821508586055e-01
1.748741211990524624e-01
2.577630269729724311e-01
3.100824872194204995e-01
2.602576553499917345e-01
2.550279164018759204e+00
3.389378192653907940e-01
1.184641605701617639e-01
4.266040823959546535e-01
2.960420255325084238e+00
2.398215961714690592e-01
1.000086324975290042e-01
1.762350953327840308e-01
1.037729788102693951e-01
2.131918397068566784e-01
1.013811338027358899e-01
1.674491778749774284e-01
1.261534655447885678e-01
1.707730864117758263e-01
1.204089737836464558e-01
1.975146317905375204e-01
2.067216882568421177e-01
3.520768734468853189e-01
2.468973777629270838e-01
8.552266589885827441e-01
5.943110572857603913e-01
2.028548063723795147e-01
3.719519776821597623e-01
1.994310556434295556e+00
1.041909185143996136e-01
1.541215237127418203e-01
1.218817039755351744e-01
1.605650673678363782e-01
1.063364609401104555e-01
3.805005432040923230e-01
4.133021853820911251e-01
1.814102864974747042e+00
1.054913712009709625e-01
1.861745927360358432e-01
1.433561073130873165e-01
1.022450665465753916e-01
1.030927348561670454e-01
1.400245757999322438e-01
1.827676484385416800e-01
2.213654691633826777e-01
3.441151307647932200e-01
2.042184515402767353e-01
1.520979319964201881e-01
1.294152960394667207e-01
4.134554362255120630e-01
2.882575331073990443e-01
5.473964314111159357e-01
1.060165629870765125e-01
2.543065945015521301e-01
1.221220707465779792e-01
3.685576117747106917e-01
5.033008396456474243e-01
1.203052430850899690e-01
1.146390158595211733e-01
1.985026320722612647e-01
1.157139291922842372e-01
3.448710253886995147e-01
6.902328790791361079e-01
1.921038179527777001e-01
5.032380412841565009e-01
2.085597621099982701e-01
1.055899295490057010e-01
3.746376385464313952e-01
2.448157670797357910e-01
2.251348789646196169e-01
1.027089056021843194e-01
1.522333317521850082e-01
4.261383647313319312e-01
1.565128997687564860e-01
1.191275719814650913e-01
1.123158824044081378e-01
1.057174639782266778e-01
1.806462501274097021e-01
1.000909117347370536e+00
8.416064601194112038e-01
1.296975215682022453e-01
1.304335212313174897e-01
6.696381557871436963e-01
1.016740865869388832e-01
1.090262091979093129e-01
5.157234890583745068e-01
1.660568128032833268e-01
1.581446399617342513e-01
1.480195656274009008e-01
1.351581724821779018e-01
1.486581452289922056e-01
2.543906665730243932e-01
2.222566129224030629e-01
3.761304149909363015e-01
1.150624676414777475e-01
1.199303000170409139e-01
1.074602530086187224e-01
1.138149926394801392e-01
1.274339564478856601e-01
1.219812788818375737e-01
4.432270499064773617e+01
2.553912343389545536e-01
2.281766703312149147e+00
4.191911805630571530e-01
1.457530974241772748e-01
1.812983854546828533e-01
1.045558110698581178e-01
3.653937257841748387e-01
1.565666560176448563e-01
1.146703407315563389e-01
1.727840930920312434e-01
1.712640658138521454e-01
1.199421507702531225e-01
2.756754054704915191e-01
2.243647794415773999e-01
2.907406853359164045e-01
1.040846531074477443e-01
1.069104240644318388e-01
1.673579689076443167e-01
3.928003757334063151e-01
2.178535140717219321e-01
1.391323622830785423e-01
1.460388182028506399e-01
1.427842335791805195e-01
3.527714626327239089e-01
6.892090422699226337e-01
1.484615687769160475e-01
1.406587797636248971e-01
1.249030473823498771e-01
1.080170919735199409e-01
2.416082197870141612e-01
2.197917044894042715e-01
1.101800748621414305e-01
