1.082705237276754273e-01
6.440383028346770011e-01
2.102069592841276924e-01
1.173802677940648104e-01
3.776493497403639044e-01
2.550966854951371432e-01
1.422522955127188127e-01
6.074665936293452972e-01
1.070054796493916660e-01
1.486729630674576697e-01
1.448807501514859375e-01
1.168213404174038711e-01
3.369726679054929064e-01
2.453747138880409406e-01
1.063666070047873391e-01
1.107061817491483247e+00
3.137292548486853017e-01
2.279384173452237761e+00
4.305936064826652032e-01
1.078496401651699160e-01
2.945522974771211944e-01
1.112505337755104184e-01
1.518140719970290098e-01
1.041015004250901016e-01
2.405574150490398244e-01
1.814277363212324634e-01
1.786827375627184078e-01
2.803926814500075637e-01
2.335293944374096098e-01
1.398902908912965370e-01
1.008113565183287319e-01
1.877546911309890265e-01
9.428866009593429576e-01
1.586836555659109915e-01
3.875463111838729713e+00
1.909458745751502207e-01
1.151226778178080501e-01
1.158849709043167364e-01
3.104101026011842901e-01
4.050098297633266120e-01
2.122238645086353126e-01
4.759993383725235616e-01
1.880387938621699284e-01
7.275864933151944269e-01
9.126723395472352562e-01
1.071582873259179780e-01
1.177061317859977169e-01
1.139069452788147863e-01
1.121436980775921244e+00
1.517872807614999431e-01
1.630894314601026296e-01
1.559019846020374689e-01
1.027574092077508383e-01
1.728005512638489949e-01
2.667697636531268235e-01
1.580046795371841672e-01
2.419511290870073328e-01
1.528237479415971989e-01
1.797946883229704529e+00
4.366921765113391252e-01
6.180925653336918346e-01
1.077614105691776097e-01
1.125443368727544469e-01
1.584947461042190142e-01
1.098664300098417812e-01
4.362174945325536513e-01
1.015481271093288118e-01
1.385689387151103069e-01
1.339874835364353867e-01
2.668075981203331670e-01
1.303750949450321606e-01
1.038178363047287250e-01
1.024854424650332441e-01
1.146908417668520558e-01
1.052568689721419121e-01
1.198101511775134798e-01
1.201828520201476125e-01
1.177177720760157476e-01
4.293160996053401179e-01
2.393785475486056302e-01
1.431296403712051246e-01
1.705746999559909494e-01
1.373523587516702893e-01
6.593783023577893809e-01
1.219159858757856152e-01
1.646486027387009110e-01
1.451230790404272886e-01
1.353004305028350229e-01
1.384557535080829238e-01
5.611345247567783856e-01
1.300073107569313657e-01
1.409338210622705367e-01
1.224611838181604018e+00
1.015660054995815992e-01
1.247362008054340027e-01
1.450310434169631291e-01
1.992937102727341259e-01
2.326890026409588474e-01
1.000932140292335737e-01
2.911045854385429510e-01
1.241977253897135897e-01
2.882909448919481199e-01
2.968840577772721701e-01
1.000450219473784097e-01
1.498702550664839928e-01
2.241606491884096108e-01
1.725061065670197014e-01
1.435372635253671314e+00
1.267639815265532988e-01
1.456967087023250951e-01
1.313645479702228169e-01
1.826375062402618710e-01
1.129066707803484393e-01
4.754449478139839980e-01
1.589442522854745132e-01
4.814201565093285118e-01
8.195942372006389531e-01
3.298463571563290397e-01
1.074433656539300480e-01
1.114425655285363609e-01
1.534922686344299403e-01
2.834218972757043820e-01
2.955378666386505038e-01
1.168847624960935860e-01
4.050156337912099724e-01
1.139707983256458140e-01
1.210272313815948242e-01
2.107125858740102053e+00
1.421427735151071792e-01
1.112409796525851285e-01
1.108269050619483664e-01
4.394118727591325713e-01
1.176921164251869101e+00
1.023270292708760298e-01
1.062455895952896107e-01
4.477696186940838818e-01
2.502331314495836345e+00
1.496251157600779758e-01
3.286807962526182569e-01
3.984288160553595137e-01
1.034417717924560387e+00
1.269416111467117636e-01
1.284963249951047159e-01
2.562890397473289172e-01
1.498572176021643609e-01
2.270254596223289512e-01
3.399097127574958188e-01
1.472378206705490800e-01
3.201923224091285380e-01
2.082884446200593542e-01
1.092506512602154090e-01
5.491174380817813727e+00
2.794663046868363643e-01
2.354625327447709415e-01
1.142304544350668527e-01
1.029381009758636029e-01
3.528211198633219858e-01
1.756832550645248403e-01
5.412287903859368532e-01
1.496253169216535672e-01
8.390821964810920575e-01
1.724777439220258890e-01
1.034091463865619148e-01
3.898258161329645199e-01
2.673092979336255670e-01
1.991243289735084299e-01
1.531100428283477810e-01
1.236367817949328984e-01
1.174703263672032538e-01
9.784553610674286972e-01
3.195478859474023547e-01
2.065318695852327302e-01
1.116361679511809479e-01
2.386023423179195191e-01
1.710993633191483232e-01
1.161548216204767447e-01
1.573421954880666052e-01
3.096175010521745596e-01
3.201536160729863134e-01
1.385280007204945929e-01
2.692363899530958449e-01
3.586073359144826833e-01
1.052607308084651527e-01
2.324880666179125477e-01
3.431714716558628697e-01
1.412111649918640632e-01
1.166920705294012817e-01
1.205722375594716622e-01
1.355034504130587514e-01
2.102443697457702931e-01
4.866420644930332107e-01
1.942373781756342732e-01
1.241674400689002367e-01
5.331844937935840134e-01
1.104492005460784160e-01
1.539763635629590177e-01
1.102509299754332733e-01
2.229481938958854104e-01
2.207457773526059208e-01
1.326567991146140046e-01
1.443742809538959004e-01
3.783651339162885652e-01
1.452511961302670185e-01
1.373632692996067384e-01
2.540835796919265732e+01
3.145353673701697605e+00
2.768962502696539207e-01
2.143133212244782426e-01
1.603494449065969718e-01
7.946972337986721868e-01
6.828664530603115734e-01
3.570363342550804120e-01
3.385094332706518050e-01
2.950433751059901022e-01
3.831221756054971062e-01
2.264082379576638493e-01
1.136728303187146266e-01
1.143142746913798496e-01
1.174507477503044656e-01
2.356371515580801823e-01
2.748186957176343426e-01
1.224250525730208594e-01
5.097048735605932412e-01
1.094356966304779882e-01
1.627848898276106904e-01
2.813911291600281195e-01
1.348168017298545796e-01
2.939966803535652984e-01
1.414394294920852946e-01
1.468971644971432955e-01
3.135534339280374727e-01
1.194656534054205355e-01
1.062326944952081409e-01
1.180182914682056938e-01
1.015637234408543477e-01
4.893354042995455844e-01
1.646291257358245552e-01
1.211489455766015938e-01
7.319720652329738675e-01
2.441704874212433374e-01
9.774896606195206061e+00
3.180606285697611391e-01
1.286634947298924414e-01
1.383268385321377580e-01
1.009769251714385807e-01
1.043097238593608256e-01
1.661425818174156188e-01
2.877134520731676748e-01
1.023019327984641125e-01
2.377497032949527078e-01
1.974392357070769155e-01
1.496698212985418663e-01
2.540221436218070838e-01
1.672168889228290711e-01
2.220605360774126624e-01
2.398599920772525318e-01
1.091754798906806184e-01
1.037340940563644537e-01
1.177062834118411810e-01
9.316990257937063369e-01
1.050483236611060578e-01
1.133589915946816434e-01
1.668214248287704093e-01
1.292264975506149938e-01
1.608505948911747030e-01
1.847888049646631003e-01
1.063648397214624758e-01
1.400359821997033405e-01
1.014831937362553616e-01
1.046877875583226286e-01
1.517194623690310551e-01
1.038470261090544550e-01
1.541312284073499128e-01
3.188405779442067267e-01
2.098944591684454297e-01
2.955882698361384509e-01
2.365666098695278774e-01
1.012856780887052555e-01
3.448257409224264047e-01
5.969629416475885630e-01
2.242171758185187991e-01
1.053326129357972790e-01
2.470490974849541554e-01
2.108824406530397655e-01
1.193133259120143785e-01
1.316340955426336112e-01
2.681861423230996189e-01
1.166803080462176512e-01
1.235090422169720648e-01
4.241229805906996941e-01
5.306837988955811491e-01
1.265796979760633878e-01
2.075657775574643871e-01
1.600443024819892202e+00
1.385446058702536065e-01
1.324093720685822484e-01
1.158773790572759366e-01
2.230727838173557354e-01
1.423644886514704444e-01
2.993642122544135087e-01
3.647841902794198288e-01
1.057126337137929417e-01
1.639354641641821708e-01
3.311696821707584837e-01
2.625454637290102422e+00
3.550598911514224465e-01
3.849531334920718861e-01
1.147887558738975439e-01
1.701569312930593103e+00
1.021967222372481693e-01
1.583552197330928557e-01
4.266672184732465123e-01
1.657887904949430780e-01
1.099787897117309454e-01
1.023693043787078927e-01
8.959721112273252297e-01
2.249863446948360546e-01
2.340545691239748205e-01
1.606485128496857318e-01
1.190714394135911069e-01
1.171613762323939628e-01
3.382834787181169256e-01
1.051165760596317056e-01
1.819054339579667112e-01
1.780956185911765077e-01
1.460957973814267230e-01
9.202606709576779398e-01
5.364418358111500140e-01
1.199377346534963307e-01
1.958679860920536642e-01
1.413400082792633516e-01
4.304075795416191785e-01
1.023267828454846734e-01
6.870421769043089100e-01
1.150874908356967902e-01
2.668343698575863510e-01
2.006310134672257828e-01
1.076173709377582360e-01
2.118073741476216021e-01
1.027684364596576777e-01
1.372947517114077864e-01
1.121286324053395733e-01
1.340051815386338607e-01
1.920677620203419533e-01
2.425661619418897907e-01
3.714560662946273517e-01
3.082213347466289388e-01
1.286892834966096577e-01
2.097118189235814278e-01
1.637705866171981217e-01
1.292382409468167126e-01
9.530827952512250789e+00
1.625640491343550487e+00
2.217908458197124233e-01
1.145747400308849695e-01
3.986796025005479027e-01
6.898590258362267136e-01
2.241695755886782548e-01
7.746391368861343940e-01
4.538174512126132432e-01
1.592982813540146370e-01
1.162930225780072074e-01
1.370591638067115037e+00
2.802007783037489541e-01
2.650502213127864604e+00
1.694617945868087117e-01
2.829589438981533478e-01
3.120389062673842862e-01
1.418505751202769616e-01
1.339234438876936162e-01
1.048613255948970535e-01
1.626915553160708239e-01
3.018243388191959586e-01
4.999394256876866227e-01
1.506864910353858944e-01
1.460775585924891373e-01
1.012800597905127165e-01
2.952562111572453740e-01
1.168148514370495605e-01
2.277971449917119973e-01
1.420641685540295907e-01
1.318156609609826002e-01
2.242840949366947945e-01
4.344139698732991106e-01
1.051245315710765821e-01
1.302120876632670843e-01
1.772504515929667068e-01
2.345659644922195586e-01
1.164107474188374181e-01
2.119512176504672052e-01
1.041181028071375830e-01
5.126606185561838336e-01
1.274106013298209328e-01
5.091139483274986777e-01
1.318116688784619073e-01
1.586724905502513994e-01
2.077339126211048270e-01
1.383857964000356489e-01
1.093945058425994932e-01
5.282491142013281404e-01
4.144090224875547901e-01
3.232888616717791153e-01
2.359736481661995899e-01
8.699958166242858226e-01
3.051924898721970481e-01
1.486266708670830883e-01
1.139646326963234535e-01
8.409011342585899218e-01
1.359982880582590870e-01
1.281139754545734533e-01
1.756854306139911948e-01
1.185699234333399688e-01
2.934148960528525363e-01
1.716589500347966979e-01
1.141039178885397964e+00
1.517505150666218772e-01
1.352639906459095265e+00
1.037430136649472728e-01
1.647241419168395671e-01
5.529010948724729646e-01
1.653761118149368325e-01
2.619667614194655658e-01
2.426662541202549428e-01
1.248271876983770290e-01
1.039002181693224475e-01
1.115353294397223860e-01
4.913150421970887693e-01
1.458407602460226327e-01
9.080792934778225689e-01
2.558160041706461496e-01
3.689501815445185851e-01
5.105149371975099548e-01
9.288720898581823704e-01
1.270104899057599990e-01
5.998349174168323694e-01
1.374010082599757820e-01
3.851062706889579745e-01
3.267823643653233301e+00
1.316563153394314234e-01
1.163302615287785113e-01
1.144258223254602802e-01
1.236160297400038521e-01
4.492426161526634765e-01
1.195122951348999707e-01
5.175465505382429443e-01
1.211371188348298600e-01
2.122007122464743822e-01
1.637507831743764408e-01
1.046591820496616809e-01
1.050749345982246868e-01
4.007675574120823092e-01
4.567896101904241890e-01
1.019247419608446947e-01
1.014359721190137009e-01
2.025325088484984937e-01
1.650706820156795374e-01
2.841822825343241488e-01
1.915952397896364956e-01
1.794350431676998703e-01
1.136780245798727773e-01
1.051660546874843005e-01
1.389851991192261327e-01
1.087534798154142224e-01
1.500296454016743775e-01
2.548096001734121430e-01
1.094934359123902023e+00
1.720464717033005630e-01
1.364497377753353113e-01
1.423442076485778029e-01
1.387889666956449441e-01
1.671512903559682073e-01
1.307187586568976934e-01
1.706657002662359257e-01
2.467520783111423199e-01
1.791267092226935254e-01
1.028907930067585463e-01
1.176624630156085927e-01
6.339778918644030092e-01
1.709301026291519532e-01
1.059184123554421375e-01
1.277004373291316941e-01
1.115379165960409397e-01
4.032824938638026602e-01
3.736626047733499689e+01
1.314585592817112125e-01
1.843612244402772216e-01
1.661496949090208730e-01
1.446428444957066906e-01
3.713222344433824706e-01
4.813024913369184365e-01
1.507958821785657100e-01
2.842252598984254863e+00
2.354278022956533545e-01
1.928415444393837830e-01
1.069702846367239363e-01
1.042181256704580311e-01
1.975970929656718056e+00
2.298156878600552955e-01
2.020908967281082047e-01
1.080513885596598861e-01
1.759090517599967707e-01
1.134650631317273145e-01
1.201762578491008954e-01
1.543724761164891601e-01
1.108208937959995338e-01
6.460980291373895623e-01
1.542661737697505475e-01
3.536283855232835172e-01
3.105894905106751924e-01
1.260062729017886740e-01
1.167318224891858991e-01
1.934330180553930134e+00
1.546449851092311922e-01
2.780011456760779209e-01
3.121017751151413666e-01
1.031887260568446901e-01
6.513483314784432876e-01
2.320288325775619054e-01
7.074505716843360048e-01
1.184434164818680690e-01
1.486379758805013995e-01
1.586288515587149506e-01
2.744039486884639056e-01
1.928220047644459700e-01
2.399394326094712315e-01
1.345182650338637709e-01
1.475514059615610774e-01
5.227898314393115697e-01
1.783083243972224397e-01
5.192053303342225590e-01
1.939433043601535012e-01
1.358545884357192646e-01
2.147040049684873220e-01
1.694835962614623937e-01
1.111552267190408366e-01
2.920668594907630533e-01
1.366163944139048292e-01
1.262562413093945013e-01
1.187604570088954675e-01
3.652222422034565597e-01
1.217878450930439255e-01
1.581986193411843988e-01
2.246225864151375762e-01
2.259804237510557035e-01
2.450069771947028796e-01
2.000577782683262973e-01
3.867192092580997720e-01
5.581870407659909050e-01
3.766306977807218348e-01
1.486925476526786138e-01
1.187713686281863801e-01
1.054954153951430940e-01
3.629486253210962854e-01
1.879273837010797810e-01
2.536197827118732429e-01
2.426579658649854476e-01
8.359240336219845302e-01
5.429775517128557771e-01
1.118344088567762018e-01
2.162354722561869558e+00
2.016037999268290859e-01
1.120960805507109637e-01
6.615021028573540018e-01
1.310958882272337811e-01
1.067868066817842521e-01
1.202881019047564309e-01
3.498984187075127594e-01
1.474194410465899663e-01
1.345878772304729132e-01
1.581785447338578121e-01
1.760920800186153989e-01
2.996842740961182527e-01
1.019175315043713559e-01
1.091627118261332963e-01
1.706051080474274839e-01
4.988389729404738571e-01
1.569324275339823549e+00
1.366076761177250909e-01
1.359627106107816896e-01
2.910023738624177847e-01
1.446228409976745011e-01
1.070430822842386304e-01
1.920420708548137567e-01
2.152627810927776886e-01
1.584185696032005541e-01
5.123900066348184845e-01
1.053343478703919617e-01
1.126327841432425009e-01
1.593510467580137036e-01
2.248576558136053949e-01
5.315310126179574324e-01
3.287339869126520431e-01
1.431126019487060919e-01
1.452915229290137333e-01
2.485648360171577864e-01
1.034371571012386304e-01
3.926513495595566616e-01
2.009605763345811091e+00
1.725616555408662212e-01
1.600518906197598568e-01
3.187277569557959156e-01
9.699191875158783560e-01
4.888849985446916957e-01
1.750390140329102229e-01
2.365688337042297640e-01
6.161018244916400821e-01
1.336549253683106397e-01
1.646701791722978037e+00
1.204172223429199884e-01
8.764149130823263301e-01
1.509899605628037822e-01
1.277644036487462387e+00
1.240493666284692154e-01
1.892531575437675362e-01
2.959241986610280928e-01
4.200856657123650528e-01
1.218375441547245031e-01
2.717658407151586908e-01
1.343006896159294472e-01
1.386111364744429808e-01
1.274054023516185241e+00
1.180299146494298984e-01
1.017533236185163975e-01
2.033018049689505335e-01
1.354432503091241302e-01
2.479194559043194634e-01
3.724302332820843553e-01
1.137393171133188191e-01
2.149305495536240618e-01
1.440091655562348028e-01
1.152297025669810904e-01
3.540175357962573877e-01
2.095247907131688181e-01
1.202060710060964405e-01
2.782618522302341968e-01
1.473152807364636330e-01
5.444960355197135948e-01
1.683088615673055954e-01
1.110989069636664078e-01
1.764724348815532862e-01
1.166402011710470782e-01
1.090512894756996698e-01
2.474513604435760183e-01
1.772123180740511061e-01
1.141395673912150993e-01
1.363287115390016124e-01
1.139637560133242716e-01
1.658313876728653158e-01
3.423283550141907328e-01
3.295885567623573764e-01
5.377703463960504804e-01
1.051964092267597267e-01
8.250767753868823995e-01
1.774249376389110955e-01
3.872621840141595939e+00
4.037211753196655595e-01
1.214529224557252124e-01
1.611445458891276605e-01
1.642280238610868970e-01
1.169352221970419436e-01
1.403010076645633042e+00
1.091235785552052695e-01
4.179893323125069005e-01
2.106391078153878604e-01
1.087931776493928498e-01
1.242631093740419468e+00
1.030967226827132627e-01
1.009870965992180625e-01
1.938793547323250099e-01
1.042647043771110921e-01
2.063767839992258768e-01
1.410508500133523246e-01
2.605102692626127259e-01
1.891058185065961073e-01
1.173524422112498383e-01
1.708803769075621370e-01
1.131878066291828883e-01
1.745021613340388189e+00
2.125251135370463396e-01
1.409892548833676373e-01
1.744477657818119254e-01
1.286737103699275575e-01
1.133067208099655665e-01
1.546100627571782016e-01
1.062496507385913280e-01
1.053702602243550557e-01
2.119073194406764782e-01
1.044979239112217989e-01
1.716241619304997856e-01
1.082674632754065391e-01
1.482724814871069219e-01
1.831582372880916909e-01
2.172907138091564883e-01
5.742552495523219891e-01
2.670233227369064877e-01
1.033090926363417206e-01
4.458325500549361609e-01
1.325065828178019767e-01
3.316804579154588040e-01
1.223794725949150924e-01
3.228928738629742723e-01
1.066479634303432178e-01
3.137064053251511497e-01
1.601834100194538812e-01
1.220227666460623195e-01
1.152970815631829682e-01
1.685733435306097372e-01
2.014563639509347193e-01
2.447687481038631763e-01
2.985322223199772251e-01
1.066211757897572304e-01
1.790807371575756091e-01
1.184252947436664205e-01
1.726878073835072525e-01
1.075626786621284581e-01
1.079367577055108801e-01
4.244432457090026034e-01
2.536490775474256054e-01
1.060659684009606779e-01
6.612365498364181082e-01
1.110355258502233600e-01
2.242109582014083780e-01
1.847035195673053520e-01
1.449551343753335275e-01
4.192930104783153533e-01
2.007274088956809699e-01
1.997459621660539197e-01
2.319330003782062166e-01
1.350107068399075683e-01
1.233382151111763608e-01
1.047013734324428597e-01
1.112312128196336902e-01
1.105892249917044129e-01
3.587649411567034874e-01
1.153164810661020251e-01
7.465974941997979286e-01
1.864059755789278794e-01
2.027571086014623436e-01
1.617099314985991132e+00
1.114093034927612219e-01
1.836003097975828224e-01
1.352213992450267133e-01
1.567580397633815403e-01
1.061137083661597702e-01
1.251024070088140039e-01
1.080537292642052005e-01
1.620129002945279728e-01
1.511536683071709741e-01
2.894295217144868815e-01
1.981136127030963534e-01
1.897704789382025914e-01
1.618356516188214078e-01
1.210047024457815701e-01
1.154572389050734504e-01
1.068393974596679313e-01
1.055499545624276614e-01
1.113542573928406471e-01
1.054581268508207048e-01
1.985007828531824836e-01
3.373063550845092351e-01
1.385335452111429722e-01
1.185055917764272354e-01
1.507826995852463992e-01
5.900894735667624458e-01
1.619216422971063718e-01
3.452635279407226254e-01
1.006642339714792223e-01
1.995159899907196221e-01
1.278123993742504849e-01
1.368744837558179550e-01
2.673931952831672398e-01
1.210052267243409141e-01
1.976104159703346852e-01
1.190234301560285229e-01
2.387930884456944958e-01
4.454279594184860080e-01
1.066389346054138765e-01
1.035552037286887189e-01
4.561110162403589907e-01
1.114479196688811929e-01
4.805197014113175569e-01
1.730949049310124277e-01
1.226916016379753088e-01
1.552830076816989202e-01
2.969196305016734150e-01
8.957508071881803424e-01
7.652713102432584513e-01
1.448637247335217981e-01
1.132439760733690987e-01
2.450219709747444574e-01
2.113327670856625373e-01
1.224967544654933377e-01
1.017107427803975866e-01
1.430921688534608216e-01
2.095758086747515847e+00
5.219359126759619549e-01
1.479657824374208674e-01
1.850251001095170600e-01
1.363942783877555298e-01
1.098843258956845592e-01
2.897698186352183347e-01
1.055973655850431792e-01
8.846992619635556387e-01
2.971054776180500623e-01
1.776222110969617740e-01
1.778489523161722596e-01
6.723443346308400903e-01
1.522774703188515266e-01
1.004911955535366525e-01
1.013080939113949336e-01
2.817500351572103656e-01
1.147417855929448866e-01
1.276059021505605351e+00
2.453335672200541995e-01
7.458731231994508715e-01
1.201568502445719278e-01
3.127286523971621879e-01
1.842153316865789703e-01
1.402598791332581862e-01
1.063679869954812784e-01
5.938217688238630609e-01
1.156527479309194667e-01
1.505751976687169924e-01
1.926629531168385090e-01
3.560751648243182244e-01
3.054373515180956566e+00
8.397588040584530455e-01
1.084816475828010163e-01
2.594413808645233410e-01
1.126018880430252334e-01
1.378543091240396479e-01
1.136585800733263263e-01
4.667676349439035532e-01
1.102087854006002232e-01
1.345457650940309891e-01
1.331474688595506439e-01
1.539994324090264710e-01
1.591406168363068696e-01
1.571936028597212820e-01
1.197131599591139683e-01
1.777646948012684414e-01
1.361094459198690376e-01
8.222898004915765569e+01
2.102387333506202660e-01
2.847308538907455944e-01
2.515097603334040532e-01
1.249952709297625086e-01
3.211417196506721750e-01
2.558327576482172794e-01
1.535259218029277339e-01
1.080995736382576455e-01
2.429440579220332186e-01
1.762031924844391084e-01
1.041310299938909001e-01
1.044559568598861232e-01
6.484138337125739948e-01
3.967201079273314779e-01
9.222903444606909140e-01
1.049606725849041577e-01
2.403609812568577864e-01
2.111910062371883667e-01
2.133627277492558538e-01
1.169101464655229877e-01
1.884722662564241868e-01
1.017916432370578605e-01
1.057217942324691073e-01
3.400690375480748817e-01
1.479835336670462798e-01
3.404566827586849032e-01
1.196561801891384003e-01
1.257286263249760561e-01
1.060451620040555043e-01
1.558232557829941634e-01
1.031529822480156677e-01
1.012917830581884504e-01
1.098816666187269475e-01
1.599730683285931765e-01
1.185914597705775009e-01
1.101800959169203786e-01
1.422973687819784894e-01
1.738050522624401406e-01
1.368073510006476978e-01
1.027002881540073631e-01
4.645013942049223132e-01
1.515167753591771249e-01
2.204858924406271903e-01
1.102702795811944664e-01
1.111789132183367140e-01
2.207530545191264126e-01
1.756819549376631429e-01
2.275570737470617999e-01
1.337447220271282544e-01
1.483214867089890920e-01
1.597939262053351128e-01
1.577154961254841059e-01
3.819351392441054371e-01
1.194327367523457806e-01
1.646755090075124883e-01
3.259150401964528987e-01
1.071749130637935643e-01
1.494266056319390468e-01
1.313214010013710187e-01
4.490056670204728428e-01
2.794198251265877508e-01
3.332938182823370177e+00
3.272253084945022650e-01
2.139250733383558922e-01
1.021512479935859086e-01
1.331205342605205622e-01
1.433034774545414169e-01
2.817201582094102097e-01
1.142207490556752386e-01
1.776531607610298269e-01
1.007260468459349884e-01
2.461143130507026933e-01
1.136740098644292152e-01
1.666978067142440012e-01
1.668030733614491723e-01
6.609239416981629311e-01
2.956982145459446931e-01
1.666869745261875257e-01
1.052819760522915316e-01
3.802467517630404581e-01
3.407398001959396350e-01
8.957839137987122502e-01
6.509799301306327113e-01
1.060596682334123964e-01
2.061129058837328554e+00
1.265838801417823178e-01
2.587243875700348528e-01
4.357645992192048512e-01
3.853770561279207807e-01
7.466936445062990479e-01
1.540998505882419101e-01
1.342538367974948910e-01
1.159550873997335502e-01
1.091245628419950792e-01
1.672936495481879005e-01
1.052780473779108550e-01
8.409178590626731342e-01
2.220974334862668709e-01
1.396135296829232597e-01
3.869126688421030136e-01
1.397544839752082046e-01
5.308012536170737539e-01
1.268812217466033510e-01
2.219696743500913783e-01
1.149409870252341981e-01
1.065819828663828184e-01
1.537626275772255857e-01
3.216678246170258104e-01
1.577548836436371005e-01
1.458988469983560632e-01
1.800295003313803488e-01
1.480398148937039637e-01
1.455715904266045857e-01
1.968933510275342746e-01
2.580465703656374954e-01
3.156570372869926255e-01
5.970302470051471744e-01
1.406408978490896466e-01
1.052004530162682222e-01
1.065862355459268884e-01
1.315774121438840483e-01
1.186084236608515863e-01
2.354683337560421030e+00
3.746978074472752107e-01
2.104759036053049093e-01
5.422970290113448000e-01
3.953788081481321437e-01
1.175067331448512581e-01
1.120600464223017456e-01
3.126893600654803151e-01
1.345804974931296971e-01
5.631356651327560359e-01
1.387858084984721074e-01
1.552760507232148868e+00
1.119822613303552705e-01
1.146739277925405143e-01
1.361496738124045036e-01
1.882430979279487160e-01
1.009670025217608569e-01
1.725307330421322893e-01
1.892415127741285674e-01
1.124556772970844332e+00
1.211273243517087539e-01
2.273172793689738624e-01
1.523081040552817511e-01
3.628695609621395701e-01
1.530352128984678040e-01
1.517610631201629368e-01
1.794560993439443530e-01
1.869772969429961407e-01
1.581168502417812372e+00
1.095694907434768828e-01
1.106316626158450334e-01
2.661720982988597939e-01
2.078477101838467900e-01
3.153230683852009619e+01
3.086171707361163863e-01
2.068285426321452292e-01
2.004236578252436840e-01
1.746883877791768347e-01
1.483317670769665753e-01
2.190654939709984483e-01
2.119830494540144439e-01
2.205848144879679618e-01
1.126584553298193847e-01
1.971696197738554979e-01
1.024988685968653279e-01
2.195542359303876701e-01
3.132751593549919500e-01
7.748815282828339646e-01
1.113295417261754017e-01
1.179171767767517864e-01
1.627703516147235296e-01
1.240679690590462236e+00
1.545436427274876068e-01
1.007958240687501644e-01
1.305101307376813347e-01
1.258025913906729576e-01
2.089565588786570505e-01
3.347315571477372798e-01
1.697665281955624550e-01
1.057083894141019054e-01
2.080878156770872289e-01
1.426889076732582029e-01
1.253366660997033699e-01
1.504512440995490752e-01
1.197753488308257452e-01
1.070927409710037970e-01
1.197818411520776005e-01
3.153714667788733994e-01
2.041853361399618982e-01
1.017883560511874397e-01
1.707558167740621524e-01
1.482435773874557772e-01
1.719046880859091131e-01
3.779209049264601994e+00
1.149011736989900695e-01
1.990943712504795737e-01
1.329850868313278145e-01
3.681512343830286582e-01
1.734818724753739716e-01
2.106774769902405586e-01
1.126286111806727164e-01
2.277878666206369085e-01
1.228125398944973912e-01
2.516735191938683225e-01
2.062976427094924403e-01
1.236956836640938362e-01
1.678842477120351950e-01
1.183001397258697934e-01
1.330642070273379551e-01
2.611589523295309578e-01
1.205292166226923922e-01
1.824547814608931118e-01
3.935615529043243743e-01
2.217010260532907839e-01
1.379547847830346341e-01
1.145969534714540994e-01
1.516446098205619097e-01
2.160286897096788672e-01
1.340620834724219612e-01
2.554183512942068690e-01
1.022538342194846961e-01
1.528339908102498146e-01
9.084990764500718852e-01
4.377034127276746012e-01
2.531899418508012367e-01
1.159092519492879447e-01
1.281369246583120292e-01
1.024151638932742081e-01
1.023734067470044584e-01
1.145040826056133998e-01
1.023319409344744940e-01
1.132593056625995631e-01
1.445580897500156614e-01
1.159146005293608117e-01
2.766588101290576862e-01
1.000131325023874140e-01
6.576785197008536699e-01
1.385270518871294099e-01
1.107436003490295112e-01
4.706642084797911796e-01
4.585019936285385511e-01
1.683981244746458050e-01
2.349047857685753193e-01
1.312910577959881531e-01
1.132720454560264961e-01
2.496748537178227201e-01
1.360452674208449952e-01
1.687369211766523991e-01
1.067843910774682881e+00
1.195393389627765979e+00
1.728545252162750900e-01
1.923543211726744251e-01
1.377088289668889631e-01
1.870081341881785486e-01
2.440737291986750934e-01
1.083853677330622323e-01
1.104971507198328901e-01
2.431890122123133047e+00
1.146269662248252524e-01
8.102100985172413505e-01
1.015032948710762883e-01
2.003458941551443662e-01
2.434817965782616334e-01
1.543497184611680173e-01
2.177905760374397870e-01
2.108229925616012523e-01
1.064162634876760355e-01
2.471552837202587449e-01
2.407061624276077283e-01
2.972517341629841159e-01
1.056259049213833789e-01
1.087075571092268184e-01
1.292922051718314591e-01
3.506294379010111428e-01
1.847746630498670051e-01
3.283364326383861331e-01
1.030422290216067432e-01
2.497757502333480817e-01
1.624457602665628497e-01
4.961701780612390866e-01
4.344045328511986215e-01
1.293878132723480234e-01
1.074514852908757673e-01
5.997040811482126088e-01
1.006891658686066560e-01
1.348135492995066742e-01
2.645336543658486916e-01
1.039296113109613451e-01
2.390262909164778682e-01
1.042187757442052665e-01
1.199356343328650709e+00
1.014552971098894307e-01
1.049815682675246525e-01
1.063016126333538314e-01
1.416448679035781921e-01
1.727596881955899555e-01
1.000147198573922147e-01
3.230314064388434270e-01
1.385280402004429867e-01
1.009741346376311216e-01
1.062545884700157039e-01
2.625198591644734569e-01
1.454644105196438719e+00
1.332559050323509631e-01
1.416218604363298217e-01
1.000244803742963290e-01
1.056741983380827393e-01
1.493168564493730366e-01
4.296152450862205652e-01
2.942352865060759992e-01
1.658263661284504198e-01
1.007747249410063106e-01
3.401962166275839250e-01
1.110674383157856937e-01
6.829805556489190188e-01
1.165914991711629600e-01
2.201841331550535852e-01
1.489866784471555461e-01
1.238815535817685998e+00
1.414448804508769142e-01
2.478607423947789268e-01
2.012710445811206894e-01
1.891993364583234527e+00
3.791193922081070866e-01
1.070197836636082922e+00
1.475211660937093550e-01
8.730172504211242135e-01
2.967058696701579956e-01
1.181739283860400724e-01
2.110179278690940685e-01
1.676808150403493736e-01
1.717608021531291107e-01
5.944373451007022302e-01
2.402750103882160815e-01
1.786384027452157797e-01
9.730649885116706699e-01
1.048404532923098431e-01
1.668732287341839760e-01
1.799999042146050443e-01
1.551186552578697198e-01
2.474789537691105545e-01
1.494935526574365792e-01
2.083849047642962471e-01
1.471450319657973682e-01
1.324511150596162923e-01
1.016756622231020368e-01
4.880873038850061518e-01
1.128990418922492522e-01
1.454311400475835625e-01
1.073594846429825750e-01
1.193465221967223155e-01
2.496366217341471627e-01
1.152625260566917387e-01
2.051155554089767463e-01
1.257884856631986403e-01
1.242095749859979947e-01
1.753371425150387908e-01
1.315186224616426425e-01
1.647167977396069016e-01
2.999395127395312888e-01
1.202083683745062831e-01
1.408122202018309843e-01
4.210218108652689750e+00
1.148480804936518745e-01
4.206998619430933894e-01
1.130665480735540962e-01
7.713020066873327307e-01
1.189939052983881862e-01
1.073618125432226206e-01
1.550513735634596879e-01
1.505227652999902022e-01
1.162833841383301564e-01
1.303015364040055191e-01
1.057036337099470091e-01
2.787394487315491554e-01
1.654776290099745639e-01
1.725094513566268473e-01
1.073305119761393533e-01
3.279133114292376305e-01
6.401975882742991786e-01
1.019022055471238836e-01
1.586839346068831258e-01
1.391662068752039794e-01
1.047036887710665748e-01
2.977016059864132091e-01
1.038796599965331052e-01
1.061765446695490250e-01
2.481615639052857647e-01
2.438385111269228411e-01
1.421051279460530670e-01
1.276860147955551084e-01
2.028735079850287615e-01
2.311524538296496623e-01
1.005492135615546484e-01
1.002933740787634864e-01
1.003561270992522625e-01
1.628770600040728711e-01
1.878163181505318469e-01
1.998505267688667764e-01
2.655957296758570396e-01
4.967808197031271522e-01
1.004225965675649840e-01
4.501721714196780799e-01
1.044811272823417125e-01
1.517999227123234540e-01
3.265891029879924301e-01
1.613743261575784904e-01
1.590044745942593707e-01
8.229482566924840592e-01
4.178147103636906667e-01
5.852090060962027440e-01
1.039216334968162264e-01
2.470864548574721042e-01
1.207272092496103622e-01
5.571654965450080210e-01
1.171607193508651251e-01
1.146146581037566642e-01
5.129701714354975017e-01
1.778420607952606036e-01
2.510364691198910259e-01
3.335291490832640537e+00
5.871115393207341215e-01
5.513554659883291853e-01
1.426660771147305606e-01
5.854354759059157143e-01
1.506187505871725563e+00
1.396103386397499757e-01
1.815010956530368202e-01
1.084687832458813700e-01
2.048108000056033662e-01
1.226909159337171706e-01
2.357274855992302909e-01
3.834062547302198865e-01
4.159236365196203322e-01
1.079450818130918838e-01
1.037846275290655734e-01
1.768289337650935655e-01
1.031109723456782173e-01
3.431068999960984467e-01
8.238881906228153751e-01
1.225750151916765729e-01
1.072112269711968796e-01
1.000318066918963078e+00
1.755491853462498864e-01
2.069965661605533414e-01
1.224445894386066436e-01
1.348725350604242368e-01
1.077821783599934719e-01
1.157246538624451260e-01
1.407356780700024512e-01
2.078384578382065639e-01
