1.036735298868630251e+00
1.700785080297596286e-01
2.513364009784261888e-01
1.293473270725039592e-01
7.950679498132072753e-01
2.079992183529831840e-01
1.150717248876424459e-01
2.569178616475957244e-01
1.549016098317141377e-01
1.798632907231794142e-01
1.181463716597856567e-01
1.005836302297345997e-01
1.395161836085448415e-01
1.484278876068127750e-01
1.374521436436299537e-01
3.605844873226142777e-01
6.973366259750204410e-01
1.122898323802001413e-01
1.232236636577716954e-01
1.522792439483485749e-01
1.728633160779503852e-01
1.628533639216050988e-01
1.707128936109899797e+00
1.847031055681891132e-01
1.054857133785110784e-01
3.012556906362238718e-01
3.107306442545921810e-01
2.252714701579466294e-01
2.407502903805271988e-01
1.206025908222120302e-01
4.015264301295010663e-01
1.213181785155749010e-01
4.620876122185085255e-01
1.317677584941919222e-01
2.494047266678837138e-01
1.383072167304712219e-01
1.343909128603849867e-01
2.107580800936809384e-01
1.652154601904182452e-01
2.001784044390388095e-01
1.891908331813501598e-01
1.838029290290034146e-01
1.674942701322059690e-01
1.822952207046139306e-01
1.289870121722237195e-01
3.575452014311991111e-01
1.121395147158078531e-01
1.484367378626931522e-01
1.301283650365304412e-01
1.859010827207738525e-01
1.648575537307778172e-01
1.976102022056977769e-01
1.345253017256151096e-01
8.316597395010053573e-01
1.012613008742922482e-01
1.068515436596713386e-01
1.111155091509212628e-01
1.044171261388600613e-01
1.481016368125147309e-01
1.298144903289012997e-01
1.157646205636316677e-01
2.571208826286994209e-01
1.290690784327563345e-01
1.041551037725216428e-01
1.031939612845289789e+00
1.387830975113349685e-01
1.987061580545369799e-01
1.060722571991335184e-01
1.833080750956459504e-01
1.343741459628328971e-01
1.398279303964334586e-01
1.625656560750868562e-01
1.524912286613595569e-01
4.368139661658769768e-01
1.426208203827996068e-01
1.412044787466214812e-01
1.286854996458298428e-01
1.790626685264799622e+00
1.029277414054084461e-01
1.408004527918405024e-01
3.348686942680224599e-01
1.011237600772233458e-01
2.099024543519852348e-01
1.064769667606813297e-01
1.742550196594380429e-01
1.074285866023625968e-01
1.243634131538866455e-01
1.646043761059438726e+00
3.749928969464065842e-01
8.517084477671326148e-01
1.825470615255697371e-01
4.560326410054812429e-01
8.011730086086998881e-01
6.715246942160957300e-01
1.330573327738399980e+00
1.904691407044411533e-01
1.944724423030015359e-01
1.457711331911932529e-01
1.552556641296069240e-01
2.896292956811012953e-01
1.463347834615559839e-01
1.361935012048487437e-01
2.380598566328019638e-01
1.235529679658191188e-01
1.234582105019985249e-01
1.768207359486715369e-01
2.259739800808266141e-01
2.845574324845021041e-01
1.997449498916074040e-01
3.165389556507697821e-01
1.335693805807832146e-01
1.109446577107401632e-01
1.315716312092253537e-01
2.053031815875731858e-01
1.494768207348367850e-01
1.091843014057962274e-01
1.338709843782701359e-01
4.162787235483176307e-01
7.207960356738269958e-01
2.971731924326206919e-01
2.273514481050212588e+00
1.241483355625409013e-01
4.131151146873800473e-01
1.783706269497364050e-01
2.990139752289155406e-01
4.134595018683994150e-01
1.197214153803427550e-01
2.167873719291106838e-01
3.103695903315483173e-01
1.241833551191393881e-01
1.039512309424225345e-01
2.646764326666811717e-01
1.418836521821846552e-01
1.072897041680015012e-01
1.437183866172293822e-01
1.744791335616888706e-01
1.046060344004165615e-01
1.109949446522288108e-01
1.498329236245748319e+00
6.070788335595769247e-01
3.764089275680748137e-01
4.113930486174827705e-01
7.309355733215224582e+00
1.844617297525285304e-01
1.732558139362229965e-01
1.173095498453499697e-01
1.450711311083536237e-01
2.397689037261108158e-01
1.405078693633602382e-01
1.140209678556328571e-01
3.914812131029734577e-01
1.224079298361587242e-01
1.401145793074117130e+00
1.051090820762602962e-01
2.704363999755666770e-01
1.166835803850104769e-01
1.428405031108347378e-01
1.856639416248236640e-01
1.251417758251369972e-01
1.934568176118358906e-01
1.087046479817670719e-01
1.644525903147115997e-01
2.043829801033177351e-01
1.113461718833270719e-01
5.690705375612105099e-01
6.609141076710309815e-01
1.482836259548233337e-01
1.111289227450952821e-01
1.245431123561797498e-01
1.433159985542307169e-01
1.685135205633868649e-01
1.784772279089132385e-01
1.096768843699498230e-01
1.060989967537093737e-01
1.943594559160622404e-01
5.575811822441226751e-01
1.261855243143571170e-01
5.883464415134722625e-01
1.091207992646022612e-01
1.888826607434554161e-01
1.012454119423813331e-01
2.443533701334148212e-01
1.050191601359348748e-01
1.125518664386291889e-01
1.059186853020772090e-01
6.953084146395380749e-01
2.896721249687907451e-01
1.209256947237548618e-01
2.367365412850158113e-01
1.768613816767914404e-01
2.997959503826339023e-01
3.363881117407172550e-01
2.121862312181158894e-01
1.442643558968224327e-01
2.632266713854402584e-01
1.044585871493881046e-01
2.301614959209196953e-01
2.366078637209652058e-01
1.180039685189156612e-01
5.386604937342220012e+00
3.142499670619907648e-01
1.136712017535179975e-01
1.165765525776297218e-01
1.048484995773592554e-01
1.177037089398863812e-01
3.831034081427700522e-01
1.562405719079473232e-01
1.156432999204318191e-01
5.747236778308629779e-01
1.293391820289049587e-01
1.080289101426211706e-01
1.082957737074784710e+00
6.400933702005704440e-01
1.224048913821360468e-01
1.240872006320565268e-01
1.477382455835018482e-01
1.101534643895719645e-01
1.016634758588465942e-01
1.816913683717561456e-01
1.456617930262971428e-01
1.033978901155030022e-01
1.887704557262820382e-01
8.265695441044367264e-01
2.227420270700822269e-01
1.460861350523788849e-01
1.568555270462317353e-01
1.061805248434611049e-01
1.176919511478321800e-01
1.142761465846441116e+00
4.738764250454133276e+01
1.230804582975305178e-01
1.551271885259302430e-01
1.373209747284882265e-01
3.390057502382071708e-01
2.728534765489715186e-01
1.501047996741008639e+00
1.416148574146173511e-01
1.074817521155818495e-01
3.254284370844591212e-01
