1.083282549048993904e-01
1.043636544283046419e-01
1.016244868403909651e-01
1.860360821406146226e-01
1.287491014659584987e-01
1.112819410867813830e-01
3.884692250686564430e-01
2.408851416687038671e-01
2.428433867321264650e-01
1.173157549232943797e-01
1.120424847803754842e-01
1.051169912902248371e-01
1.882256675743697316e-01
2.395851941826301068e-01
1.527867142639804943e-01
1.052981337822606500e+00
1.369492523179457466e-01
1.361429821493067294e-01
1.090329022712903662e-01
1.634856103207783795e-01
1.843683275772223240e-01
2.402280506479712141e+00
1.139932541322572351e-01
3.560280006609479742e-01
1.895346304545587890e-01
1.686322929902353274e-01
1.232839489430527513e-01
1.592061455832489980e-01
3.226952681653020294e-01
2.579523529975014662e-01
6.558903624336672733e-01
1.199630502052209668e-01
1.479364689308910741e-01
1.152796523130268230e-01
2.752334348520217300e-01
1.130654484862872178e-01
1.340377920401855938e-01
1.203327851524794573e-01
2.373412942291464600e-01
1.357764971063572523e-01
1.553777093650990926e-01
4.583968189936786786e-01
1.801609679197878067e-01
2.906771838926238694e-01
1.069152104751247834e-01
1.545916792889753255e-01
1.146164170290652068e-01
1.480147508434598025e-01
1.093743211094403978e-01
7.116514395196579246e-01
1.556379546589110596e-01
1.505310173660008577e-01
1.021154262023971637e-01
1.020400135581307766e-01
7.245926793827641710e-01
1.163876741399860332e-01
1.379532371547599612e-01
4.603223864533242393e-01
1.574237054789433821e-01
1.335986633960169756e-01
1.097977662378382124e-01
2.102945776562265834e-01
1.765071880404081306e-01
2.449075286566008980e-01
1.420450669365349305e-01
4.870154752416101518e-01
2.239887959576596366e-01
1.412371314037236814e-01
1.156916099513676105e-01
1.369170188698770052e-01
1.182023323045704039e-01
1.096327853924454615e-01
1.482576340789034386e-01
1.821963544539387803e-01
1.217631300863766031e+00
5.334117061365414303e-01
1.559026598868103741e-01
4.206587158142103267e-01
1.351374851358251306e-01
1.007873692188292036e+00
1.384431711276621346e-01
2.927101745668590382e+00
1.620250631458485802e-01
2.811998525737430810e-01
1.480967134959982889e-01
2.828863342679782678e-01
1.051784495545710352e-01
1.700162708498949571e-01
1.610398216907412139e-01
1.605382994319387580e-01
1.609012941011624120e-01
1.916952815974374280e-01
1.037312843714334049e-01
1.189778263455173457e-01
1.153891368576856202e-01
1.389054033725223014e-01
2.561311203797647096e-01
1.272507343905294463e-01
1.134381700395791503e-01
1.522062566700926323e-01
1.399364436698813663e-01
1.504518797251117590e-01
1.925051256034662761e-01
1.754037030479355108e-01
1.222693297402199369e-01
3.707027705096982984e-01
1.185596346964991055e-01
1.018299619054559568e-01
1.381703161293206528e-01
2.019165962807834003e-01
2.775361232854673399e-01
1.550796674730452740e-01
1.976976475781759557e-01
1.018154650543365292e-01
1.661094173675960461e-01
4.986121199319238362e-01
1.601235291922188386e-01
1.900106381155293622e+00
2.187453709764675125e-01
1.130175372250974974e-01
3.711074651271870639e-01
2.414363335251590859e-01
1.274295375176017209e-01
1.840519133724382028e-01
2.127938473773558214e-01
4.578723117478146754e-01
1.440727613215443126e-01
1.465082298438742103e-01
1.883131904628638498e-01
1.091905921649414940e-01
1.583198322246627265e-01
1.563078080488234656e-01
1.458360039667019881e-01
1.217969144002747917e-01
1.020999374460290349e-01
1.325099253362886920e+00
1.278495210777187141e-01
1.050513073104178963e-01
3.146519467546837756e-01
1.339163704002070132e-01
1.039265535089128889e+00
1.293740142305907226e-01
1.007876975897072785e-01
1.100884612347538116e+01
1.278868853141136297e-01
1.360224635278009797e-01
1.176020183896208798e-01
1.847593486825460651e-01
1.161863136310445910e-01
2.268224568287296461e-01
1.718864829282429341e-01
1.346333544286287542e-01
1.178728463592822601e-01
1.088224344730612386e-01
3.302518831700526070e-01
1.247642268490563033e-01
3.953126872679953996e-01
4.265675450609436314e-01
3.578460114664589464e-01
1.321179297048413748e+00
1.075184552760796164e-01
4.523167701953787478e-01
2.403899278046062737e-01
1.289768992137439729e-01
1.501861071626435506e-01
1.407751853444619283e-01
1.192498478771811254e-01
2.490463163029678073e-01
1.237905411523701482e-01
1.219462264668509238e-01
2.079112426287610393e-01
1.257371877978006314e-01
2.338039998162116939e-01
2.210541538282078111e-01
2.041481352168639241e-01
2.401313946964562795e-01
4.782817944528701126e-01
1.072103494457938705e-01
2.336089877215802579e-01
1.483387676463915061e-01
1.963003903989505083e+00
3.816547779969327592e-01
1.546326912271586973e-01
4.248689099879091602e-01
1.302444027563565421e-01
1.825505437908905293e-01
1.279615517675306291e-01
1.354784953556265881e-01
1.592209403160916303e-01
1.407692250134026934e-01
8.955898247692806180e-01
1.196759849080352434e-01
1.104139790110639785e-01
1.193786722719145932e-01
1.319497262020762895e-01
1.250202980946507336e-01
1.012701356335492381e-01
1.409890011650979380e-01
1.804280853975325782e-01
3.551838252884444436e-01
1.674006161499259349e-01
1.019562634009908708e-01
5.384827692430095292e-01
1.194495451933019342e-01
1.410508693691123971e+00
1.228836824194681210e-01
2.078593376830918660e-01
2.608666062183206402e-01
3.339790169237541462e-01
1.122829992164246227e-01
1.531743765741939989e-01
1.342874527706926224e-01
2.811530991161663162e-01
1.275598965875901769e-01
1.606560394068448916e-01
2.079568777937612356e-01
2.741166622783054452e-01
1.873071728429261396e-01
1.066098840636339889e-01
1.755771120444182820e-01
1.223733321950634806e-01
1.810993245483578651e-01
1.011300431249678999e-01
1.470820821672691459e-01
2.789037086928806697e-01
1.464006349616091274e-01
3.527390093270652560e-01
9.424672594354922550e-01
2.044646824744341673e-01
3.425199517097605728e-01
1.100014053043951723e-01
2.715796642369143754e-01
3.663410540938483173e-01
1.926302732822870567e+00
1.136676093328877341e-01
1.177680601596213378e-01
3.728690462815780648e+00
1.366788145553178013e-01
1.175200557921782241e-01
2.077105382807656331e-01
1.034422049530272086e-01
1.240884523274386614e-01
1.145051429951737254e-01
6.210765236550349622e-01
1.214674843754416922e-01
8.660868541731561265e+01
2.677770376954239917e-01
1.764817874078830895e-01
2.649440723291033306e-01
2.618513241678115944e-01
1.107539224959449148e-01
2.503675678752699252e-01
1.120632573174197844e-01
1.682549847352812766e-01
1.821763574258651597e-01
1.856020929854730606e-01
3.349727619659146893e-01
2.653900250082099066e-01
2.041165691916080327e-01
1.404055563603482659e-01
1.114907319322204771e-01
1.085785821580197430e-01
1.776909204706125234e-01
1.109268710943173697e-01
1.358346876971700534e-01
1.133992713612914649e-01
1.003082495503652832e-01
1.880781469093830260e+00
4.227355310786434228e-01
1.270521875476616491e-01
1.372076217179950264e-01
1.201575462218677504e-01
1.015582396496656631e-01
1.797247841269686564e-01
2.009114547650396598e-01
1.850496078992640125e+00
1.338225106072506443e-01
1.184904442651638912e-01
1.628158890367035205e-01
1.834768810945257844e-01
4.193570310601789086e-01
1.366301671151289865e-01
1.636199905394328802e-01
1.148304128405703700e-01
1.703261271805786292e-01
1.100643888071247273e-01
1.451538232982982901e-01
1.518165666934560842e-01
2.019782537217637008e-01
1.761028445500384398e-01
1.564242017028081300e-01
1.479562310973800143e-01
2.426766312170884898e-01
1.585345176166346737e-01
1.101118796571832620e-01
1.069261962124869875e-01
2.044095230711666378e-01
7.090024512905571674e-01
1.093740726923081302e-01
1.903347904303518412e-01
1.063207796085769430e-01
1.153113679451857054e-01
1.599950323913851002e-01
1.938570325882106316e-01
1.613264533721222305e-01
1.404681599777186651e-01
1.866725424316257320e-01
1.275307372116024074e-01
1.697895030986250053e-01
1.248525903822557820e-01
2.036259877837704735e-01
1.956875566344106476e-01
1.913900805998535182e-01
2.506047657412842078e-01
2.174704523958699842e-01
1.818696112386171126e-01
1.163610522677009929e-01
1.407926089130669411e-01
1.558175776727846462e-01
2.688206082209395609e-01
3.329983323764154068e-01
2.610444575082306318e-01
2.885140332497360127e-01
1.817272838595077600e-01
6.347580391694086499e-01
1.150542417455979183e-01
1.504808588074680875e-01
2.067658345599192316e-01
1.318810769938635330e-01
1.382573841904885525e-01
1.276538488554166129e-01
2.549573439648345485e-01
2.197190598902715175e-01
1.347135223284973149e-01
2.278026738935550188e-01
1.371898984255987275e-01
1.038792417347498831e-01
1.380985169763583320e-01
1.752762560467256980e-01
1.317286914589498314e-01
1.122862124246482574e-01
3.232444918590307026e-01
1.957643194407077125e-01
2.193820082455173182e-01
1.227896055932646002e-01
4.575500920401880944e-01
1.015715238593722092e-01
1.431761639197787206e-01
1.356300567549624525e-01
1.413235967802690118e-01
1.156259691293861080e-01
1.892971674259901205e-01
1.828458393349784439e-01
1.889793807212042931e-01
1.408186711074221609e-01
1.002694207371201823e-01
1.206967077102355512e-01
2.289012265657201228e-01
2.148854793446389744e-01
2.429033055787614137e-01
1.338561667288340695e+00
1.382065409951286905e-01
1.259013987887864783e-01
1.177364773591476066e-01
2.945125916556423640e-01
1.110759891759653950e-01
1.607110846486918265e-01
3.991045392816537918e-01
3.441888299924623640e-01
4.427511120289818192e-01
1.672808561512425518e-01
1.495449068493326927e-01
1.099369457537220929e-01
1.139125319349326565e-01
1.104743906133497239e-01
1.168325646956967223e-01
1.413730624509403899e-01
1.119130548745616016e-01
1.138141054158738064e-01
1.263465847874261916e-01
4.165319158776721320e-01
1.323623319803457210e-01
1.229200251353534112e-01
3.887474429910658391e-01
1.428862661216894758e-01
3.443814998205668720e-01
2.335928832431233837e-01
1.261410415634390270e-01
1.248045238376246369e-01
1.297409786701827494e-01
1.005449472118395832e-01
1.181077587190282885e-01
1.186576984064401652e-01
5.108761619400407072e-01
1.000631554230028003e-01
1.368993140695038968e-01
3.912822936526529349e-01
1.072971509926353567e-01
1.218733181415858485e-01
1.436234723226954113e+00
6.261427673585847620e-01
1.291130844910981512e-01
2.008301364025673608e-01
3.260472538609895388e-01
1.191989714794812749e-01
1.230255317686046734e-01
1.325162477770668312e-01
1.762201594712413666e-01
1.648818179083952340e-01
2.334638723535614191e-01
1.191727523598604455e+00
1.017721767557487333e-01
1.029398905696136401e-01
1.458272896979455890e-01
1.598481005143546074e-01
1.154520835480723484e-01
2.163747959696953049e-01
2.699920648299253267e-01
1.706414937885757377e-01
3.553773915482508761e-01
3.660886312519294195e-01
1.059455349188671847e-01
3.249586235050114791e-01
1.016971173601348144e-01
1.116885360808151789e-01
1.491502623007908424e-01
1.593923409178769346e-01
2.655427229832780789e-01
1.107828485034760002e-01
1.160477375621463275e-01
3.191174013039440593e-01
1.782274190016895077e-01
3.257654117361719059e-01
2.037647961397560659e-01
2.300557929236559662e-01
1.385869494091688248e-01
9.209078724311567932e-01
1.297726482146750460e-01
1.047377791128903946e-01
2.335411785940092744e-01
2.158498690150802701e-01
4.687659736808629241e-01
3.083186694126199279e-01
5.581388971562992740e-01
1.809627933981982073e-01
1.091591919704987812e-01
1.198899256994317569e-01
1.172340903971780812e-01
1.142550205610448899e-01
1.463063513843648467e-01
2.417954077264120039e-01
3.148049678102218252e-01
7.219299547109329085e-01
2.178092674116287597e-01
1.210595985009776804e-01
1.219431136069729221e-01
1.068205585298436233e-01
3.497993504277751020e-01
1.849583143567271826e+00
3.917127994092523546e-01
1.102165694818068031e-01
1.132570464923797621e-01
1.420471946164126587e-01
2.392266831173128772e-01
1.737498894172281039e-01
2.517077343020535096e-01
1.399891273574313810e-01
1.209814651942223984e-01
1.152108145548170204e-01
1.510717072641812320e-01
1.262891254286220843e-01
1.010187476478024565e-01
1.404285709374607505e-01
1.366305087823949937e-01
1.009284342854521732e-01
1.061069369140015956e-01
9.589872041395743896e-01
3.063925304178299891e-01
2.460197276267276634e-01
1.328044773828648550e-01
2.037301624605315775e-01
5.155084856899825319e-01
1.796687208278326953e-01
1.506147147917462625e-01
1.565655785209021378e-01
1.599381445674535052e-01
1.510287726195117530e-01
1.692857860983910667e-01
1.022520539328956313e-01
4.651999981399336237e-01
1.510003644094628228e-01
1.272776336966500998e-01
2.434404782266066103e-01
2.100430624476279096e-01
2.261992405965812525e-01
1.188293680465271340e-01
2.108439054057209550e-01
1.675162711446214481e-01
2.329643373740176715e-01
1.312073291500382155e-01
1.122670026714983615e-01
1.376804434138349797e-01
5.179073299470087210e-01
2.240890219575238929e-01
1.689151493477909494e-01
1.357117582358122188e-01
1.442611001212511235e-01
1.770222991278366520e-01
1.244396494771621980e-01
1.671880890144957499e-01
1.835800128105354867e-01
1.310897714638705747e-01
1.072036987515669476e-01
3.293503195544712492e-01
1.060686324317241525e-01
1.688005116584963827e-01
1.089609535385347022e-01
1.370872487711392862e-01
1.154765718146967823e-01
4.981364784142057189e-01
1.260667184992123246e+01
4.173276736884931615e-01
1.371616008364821004e-01
1.456317101140643666e-01
2.495374441366212948e-01
1.298808465785637467e-01
1.651577743398452147e-01
3.006261088272337290e-01
1.065230144344656849e-01
1.611677570320334263e-01
1.254047120202746168e-01
1.063127945354849918e-01
1.000916301957729959e-01
3.200150292325886214e-01
2.829138602995802110e-01
1.369381254278229931e-01
7.463766428530805852e-01
1.371651093906684493e-01
7.244840623147769110e-01
1.112188545925504313e-01
1.394043558629596002e-01
1.602395644038304423e-01
1.056919634417290421e+00
1.541795413861573316e-01
1.689856234404443769e-01
4.671549254150321184e-01
3.556111948845457338e-01
1.626226488185818220e-01
4.944935035404918189e-01
5.689578831322095187e-01
1.819941422545358067e-01
1.037496604163044012e-01
1.500774463926124458e-01
1.186853242163914690e-01
8.315559811248548483e-01
1.272861057873346524e-01
1.035135816719344737e-01
1.011105194694748299e-01
1.478284139487624493e-01
2.989090452731864578e-01
9.166957115088966157e-01
1.651402102763372959e-01
1.072127692395375420e-01
3.828803438851600127e-01
1.665690588711241649e-01
1.694732645535894922e-01
1.354889253679250893e-01
2.530755795132386132e-01
3.190307178919062903e-01
9.534229346550011641e-01
1.202778713516059250e+00
2.141225076409523642e-01
3.988547989589917853e-01
2.397636330266023352e-01
1.064357156649537589e-01
2.429169891442475748e+00
3.605657219009354986e+00
1.267151233037334679e-01
1.256179475754085062e-01
3.204970798882862404e-01
4.825381387729348326e-01
1.515516434284107095e-01
2.384867352879201374e-01
2.572994792093626915e-01
1.283317172449431887e-01
1.658130951540553455e-01
1.343646018271712483e-01
3.745623953993932886e-01
2.207460615485541122e-01
1.188889551531474159e-01
2.384174527510077857e-01
1.256152306155517429e-01
2.101170130977021433e-01
2.747677087977812849e-01
1.146532302520932856e-01
1.268619787498160012e-01
1.141295528846439783e-01
1.978336952298324070e-01
1.979721149228477195e-01
1.183557741468226898e-01
1.174374499108294112e-01
1.091928579790576309e-01
1.692504470886434520e-01
2.899279466288862683e-01
4.357552334626088042e-01
1.523431941343004747e-01
1.636523915243956462e-01
2.066643887839025862e-01
1.092842440952819100e-01
1.104047343467085968e-01
1.998398728717604156e-01
1.105451663191679423e-01
1.291884944890550058e-01
1.641740358475017592e-01
1.447061839993923626e-01
2.327634486621259491e-01
1.783437166573651478e-01
1.043371021594045323e-01
1.228379162569117472e-01
1.213925773308201922e-01
4.189860162588047721e-01
1.783300181634129844e-01
1.216653723019154310e-01
1.674215238681054707e+00
2.385827297820090898e-01
2.197286421236332166e-01
1.007187992866320214e-01
1.604537242306849076e-01
1.143607448035583174e-01
2.124960364467134433e-01
2.200367551817261347e-01
3.787696454427245119e-01
1.888422431340632812e-01
3.455415003206932512e-01
2.266998763518159876e-01
5.673179369512623138e-01
1.246674191299566720e-01
2.564096629390603121e-01
2.034625347460430334e-01
3.300609338515523850e-01
8.489855459278538019e-01
1.553497092355319020e-01
1.062189177969807830e-01
4.060308412485863494e-01
1.329292904151896659e-01
2.147348689688081125e-01
1.220813532762720088e-01
6.038268193574611864e-01
2.744459379365457585e-01
2.301290153788362325e-01
1.309111001063858193e-01
1.224037718109072942e-01
5.279408971090296943e-01
1.935085171193197950e-01
1.435059112426200767e-01
1.283107924536581179e-01
1.550918910165463571e-01
2.079321872049005315e-01
1.381257048435546309e-01
1.741357132044847322e-01
2.505947385816999495e-01
1.657460745816518310e-01
4.610476789713632839e-01
1.263325779400769067e-01
2.305619943702668095e-01
2.721939486508855865e-01
2.442045759894529433e-01
1.609563184134294445e-01
1.591129442279014816e-01
3.236116019994850768e-01
2.680410103969802282e+00
1.049557882519627783e-01
6.681157152150847267e-01
1.825990423382139183e-01
7.319677789492759601e+00
1.224175589748124210e-01
2.011913520589091453e-01
1.109317809144923506e-01
1.721471575513352725e+00
1.175027778296777181e-01
1.772993585098276981e-01
1.539245061103008405e-01
1.222896421330570693e-01
5.270055854921443794e-01
1.154012734157301295e-01
1.404399799733325738e-01
1.105023237142238601e-01
1.409058452898888647e-01
1.070662267138142304e-01
1.588086729414342757e-01
2.563927543232180084e-01
1.181655256770787477e-01
2.281994712483992882e-01
1.264783508305931115e-01
4.120341114281809158e-01
2.284453296834899894e-01
1.202810912867955384e-01
1.997824286670655813e-01
2.903772865257024938e-01
4.925072284495445318e-01
3.196946418780882038e+00
1.969268110055748533e-01
1.957339034966423807e-01
5.522794577645453451e-01
2.046987738360707410e-01
2.763240838806193533e-01
6.429256244963723610e-01
2.145779531711932420e-01
3.276483058281585148e-01
1.708712668882055585e-01
1.405685682230470857e-01
1.517302315394103984e-01
1.238475326360016782e-01
5.464358318530074810e-01
6.160308367314248912e-01
3.087994859783549373e-01
1.391393884987950635e-01
7.755568357745872277e-01
2.704436242296682780e-01
1.128305438405343558e-01
4.173481724295626250e-01
5.280662189856858424e-01
1.260253359855402766e-01
4.057537692849100264e-01
1.344520973028416333e-01
1.327513638383532313e-01
1.844765076173703056e-01
1.205158790239171662e-01
1.549895520169886076e-01
1.027231780770981456e-01
1.694212385511454089e-01
1.231706661518712914e-01
1.067035506519462135e-01
8.262178769946437740e-01
1.440356078994312616e-01
1.173949717090016220e-01
1.161117712434988347e-01
2.201658736322877619e-01
1.054504488729625794e-01
2.629495180767809637e-01
2.587849982200801646e-01
1.359051614752994963e+00
1.208432389033591986e-01
5.569459024988705487e-01
1.143218028046011636e-01
2.540273786787307642e-01
1.757309811633412933e-01
1.823485688275946204e-01
1.073959317186969492e-01
2.176542370628183343e-01
4.812169577104725704e-01
2.102929247607544794e-01
2.416374038231558219e-01
1.839031308900700434e-01
1.895189794912981451e-01
1.322494589497681949e-01
1.087578874399824092e-01
1.032891877844707151e-01
1.565408483256289784e-01
1.298657859662273539e+00
1.787367491252190022e-01
2.657232699773514617e-01
1.436240984589769454e-01
1.218586772729338547e-01
6.085942846771261738e-01
1.213898754767917948e-01
1.554389295338013122e-01
8.161798349296014443e-01
1.100637508009552734e+00
5.324425862056845205e-01
1.086976675169425421e-01
1.045783707436232224e-01
3.185973621848035009e-01
3.897499863227465444e-01
4.909979153304913524e+00
2.359224845026875461e-01
1.758146717335659082e-01
1.860425293514951783e-01
1.805988503427735647e-01
3.146332822699667853e-01
5.541380114148677372e+00
1.547149119911770399e-01
2.744618218082734984e-01
1.569821376112850719e-01
1.177296059456686000e-01
1.362800460198712593e-01
4.481513392466328627e-01
1.494323494359329207e-01
1.830569153494657209e-01
1.413672463206473717e-01
3.017716504520961407e-01
1.495710745093453697e-01
1.394009649811022988e-01
1.155805927984849824e-01
3.204191572054639892e-01
4.096292476903827584e+00
1.352243467885672901e-01
1.249262164534516162e-01
1.568358731420728347e+00
1.691502311497844024e+00
1.320684378437442519e-01
2.038705562664330506e-01
3.200416238299625404e-01
2.909408967338147356e-01
1.300657506330827884e-01
1.088160162836296074e-01
1.368579358301887094e-01
1.861197488107998732e-01
1.798316814652462625e+00
1.217635737064471785e-01
2.093042103259092623e-01
3.065876622935175266e-01
1.438596363620168184e-01
1.260906578269888056e-01
1.863304458397490038e-01
2.749061329336254800e-01
1.877300927658322738e-01
1.181130449645448055e-01
1.069190822899674931e-01
1.464455689067481747e-01
1.085897117800974226e-01
3.402722453106979406e-01
3.070294633723442135e-01
1.159027416766358620e-01
1.511944452861897492e-01
1.059049752944948158e-01
2.035967630207763390e-01
2.057550266080251655e-01
3.978000242762123406e+01
6.337156592223884832e-01
5.516133154539366590e-01
4.321781106493607361e-01
1.157752539263030150e-01
1.809459572016713480e+00
1.458773236378187732e-01
1.248187834719497458e-01
1.479069000950325730e-01
1.206348304708778213e-01
1.757281359666905685e-01
2.595956348861056528e-01
7.676295714161747163e-01
1.071943242402741969e-01
2.109807095244096153e-01
1.021955296080044456e-01
6.269824131523451527e-01
1.190749062347088022e-01
4.138431501674295632e-01
1.227803162353980487e-01
1.161940049688137827e-01
4.278785731148591620e-01
4.424744694561469349e-01
5.764883234492927944e-01
1.335847698095359581e-01
2.462901068922529468e-01
1.603889633401929249e-01
6.037139674229861086e-01
1.114254869581333268e-01
1.489263696860469721e-01
1.212354371282193255e-01
3.647610226787874055e-01
1.882267615979762165e-01
5.080011948422205048e-01
2.389006427347834249e-01
1.039618848655076006e-01
2.126342983837896661e-01
1.251541771773898304e-01
2.674210458043396743e-01
2.066463274235052217e-01
1.949318365956155263e-01
1.128610442982950907e-01
1.003158382436331320e-01
6.899312171130063120e-01
1.311715315606285515e-01
8.465315354300710915e-01
1.662300982481733358e-01
1.877575744566366556e-01
1.108541932116185597e-01
1.434509284394747675e-01
1.077565532801404435e-01
1.485678259982677885e-01
1.098596953470605542e-01
2.027952721885593057e-01
2.277908695608187317e-01
1.318834848366722545e-01
3.785766696267928166e-01
2.374982415980416706e-01
6.092800649005890579e-01
1.018360545528242955e-01
1.339560433981810683e-01
1.160002300917846452e-01
2.569650009562624571e-01
2.350937001415134286e-01
2.991398895048566486e-01
1.419554252676110129e-01
2.975863811271758141e+00
1.908337072626358488e-01
1.001212945085894063e-01
1.223459533743542771e-01
2.879421819968580598e-01
1.964579754726770155e-01
2.123174909492217266e-01
2.205935720297356739e-01
1.359795151168156357e-01
1.095526979576384452e-01
1.043050047600864866e-01
3.582551340575991783e-01
1.449650029377172744e-01
2.604834998674449564e-01
2.484380321201741515e-01
1.205484003531464288e-01
1.996178677505044130e-01
4.523311369692643580e-01
9.938702249221578189e-01
1.068189010427550711e-01
1.028036150722033137e-01
1.557239882389199748e-01
2.102079358806494269e-01
3.764459695882158008e-01
5.391012674315487807e+00
1.017442652859567032e-01
2.003616049648830055e-01
1.646099887071987011e-01
1.212848554859801142e-01
1.060469278132886162e-01
1.905668785721280345e-01
2.461280479694988088e+00
1.295866089767429286e-01
1.352087853738156153e-01
2.138966604100148161e-01
2.679457118932478399e-01
1.363318703036640323e-01
1.158207717670480669e-01
1.764666056869586885e+00
2.079608446428391211e-01
6.220507490329251210e-01
1.110129959934549188e-01
1.028145090937023359e-01
1.179155949331711223e-01
3.296791185257247347e-01
6.843369574198967520e-01
1.111945355459800916e-01
1.343975864175352697e-01
2.218916532926406837e-01
1.667927282803215450e-01
1.866715498536206663e-01
1.599607767113565560e-01
3.320643653718688970e-01
1.517823292555685877e-01
2.098745249301621207e-01
2.810747211698751413e-01
6.156016155794001854e-01
2.500757459494872825e-01
1.453178816284333152e-01
1.173156236809786562e-01
1.319058802674014375e-01
3.266384103308140330e-01
1.273238192382972978e+00
1.310615044857976752e-01
1.519733203930263843e-01
1.812173834852581678e+01
1.474146032667864592e-01
1.970580971296843065e-01
1.723354342172107867e-01
2.830409172394653949e-01
2.331296581434630366e-01
6.520443028924327589e-01
1.492498076567909671e-01
1.311054301523406074e-01
4.732642564333486290e-01
2.198644356751105478e-01
1.485406195396950513e-01
1.023154336882518556e-01
1.314981474376417658e-01
1.421558750403946747e-01
2.068021103942853378e-01
2.877313710239829403e-01
2.504488078206727475e-01
1.204529323875505736e-01
1.094017312674282760e-01
1.392726313672512928e-01
1.526423766204781929e-01
1.015064671669924368e-01
5.525888666249404446e-01
1.113884285354379555e+00
1.117063426774677626e-01
1.167786599432342753e-01
1.356474060730160081e-01
2.116381967582641188e-01
8.881179027699348527e-01
4.752602662352762852e-01
1.196403600334517148e-01
2.510058912612400661e-01
1.174680274627602911e-01
1.302700845040034305e-01
1.218507592750102814e-01
1.283611750287547426e-01
2.247554418931401732e-01
6.173253507622517011e-01
4.184048047696807271e-01
1.944241941090858461e-01
2.855835160696131858e-01
6.087691139850754496e+00
3.305028911432097427e-01
6.512709157839084995e-01
1.712277111908904470e-01
1.526335958631190037e-01
2.234143923639188289e-01
2.183411927072057557e-01
2.546125534557645231e+00
1.100620912196864642e-01
2.085531561728333205e-01
2.256793395193272822e-01
1.395492167509152504e-01
2.171586642613515528e-01
1.005941627401569644e-01
1.870842932523088253e-01
1.349473493928697587e-01
3.415051796328560485e+00
1.452258091991232569e-01
1.811014824788870492e-01
3.524117120477451848e-01
4.234341856798538029e-01
2.903927832876163073e-01
1.487725396391264276e-01
2.083275688378646573e-01
1.017944290836363397e-01
4.404077976214402779e-01
1.347575521513679209e-01
1.258811060595403375e-01
2.408091526198379295e-01
3.956994538246468851e-01
1.719627619621934000e-01
1.760088134590220288e-01
1.804472077824954557e-01
2.484726007450090701e-01
1.160863445588753012e-01
2.916341440578142374e-01
1.141381479484569611e-01
1.014065227988087126e-01
1.795459221916425874e-01
1.159219693032528115e-01
1.893733073783954723e-01
1.094150751089762591e-01
1.029763664675005935e-01
1.411082890999474593e+00
1.487575985592510808e-01
1.653876419719742807e-01
1.282295656734218914e-01
4.809317980906572254e-01
2.374751372137871019e+00
2.151229716455568264e-01
1.419456201794180306e-01
1.260916978645062747e-01
2.117666642681323708e-01
1.173206188410566286e-01
1.101940671075811590e-01
8.735750856109860685e-01
1.297908536665080825e-01
1.620115876863000848e-01
2.743869054648576666e-01
3.140449726190613911e-01
1.941456961541137005e-01
1.015122485704380573e-01
1.107500155929902474e-01
2.812749696861366888e-01
1.439496016627954678e-01
1.489294622160877990e-01
1.792235582455659615e-01
1.530879511703063522e-01
2.138622960352336566e-01
1.124328774624621108e-01
1.001968176516273845e-01
2.301038411391006788e-01
1.500235919710652954e-01
1.753455768301640239e-01
1.380618802710071868e-01
6.102423238596546007e-01
3.284346920078669019e-01
1.264446674380587388e-01
4.512501120301365964e-01
1.411754458348218888e-01
1.031135118011886204e-01
1.903970899552449580e-01
2.952131782777326907e-01
1.314349096887571788e-01
1.229442249436277779e-01
5.199701473622458936e-01
1.093855931271549287e-01
1.815942493709592487e-01
1.207683237780757812e-01
1.022914300959307382e-01
1.234672204120665778e-01
1.351076012595228415e-01
1.313290111758487200e-01
1.364402227481795182e-01
1.032435171141628666e-01
1.243897444128864160e-01
1.938297694909782154e-01
1.829884858252819324e-01
3.469356035579549413e-01
1.059822986614364082e-01
2.233968156332652721e-01
1.251575946182213739e-01
1.358331278630436900e-01
2.654424088674102733e-01
1.005363534774570966e-01
2.623231067986588894e-01
2.349551923382522389e-01
2.388547371998237245e-01
3.912113574978741126e-01
1.022666272700211154e-01
1.528761410659470465e-01
1.820433557942024438e-01
1.365747666075653732e-01
1.266171795532145816e-01
1.531250253410630091e-01
2.255504117145516185e-01
3.767105908776026690e-01
1.772780586158327343e-01
2.001861052734526525e-01
1.010924390486569319e-01
1.020792043528705451e-01
2.077734939747788168e-01
1.148007389465076217e-01
1.555219625467623157e-01
1.608240402810043324e-01
1.982178301748472871e-01
9.147025481053727702e-01
2.844216303245528099e-01
2.274424937038246053e-01
5.530740789737395025e-01
3.481294673059303069e-01
1.465978508069574471e-01
1.022067873995219367e-01
1.187611426466041592e-01
2.146166790943195846e-01
1.150367880424981587e-01
7.850259610055621007e-01
1.580148268917205279e-01
1.122086014074360066e-01
1.004980106338923956e-01
1.645719122384459165e-01
8.078704005669214538e+00
1.287448069115716409e-01
2.820931443740286038e-01
1.320121699381299196e-01
1.639355797445203877e-01
1.465867063743520882e-01
1.014917559042769341e-01
2.353716053767886063e+00
2.539089165530802328e-01
1.417891871765238621e-01
1.531319212128151863e-01
1.354311973449150441e-01
1.647963655009726525e-01
1.062287691549258506e-01
1.255841756363335060e-01
1.059289433131480052e-01
4.783875551298649720e-01
2.562147032276142489e-01
2.087447054680388880e-01
1.235101855277018212e-01
1.820940486863528440e-01
2.478314527058181338e-01
2.249258413546615376e-01
2.272807896682250139e-01
4.388623911404413436e-01
1.704377615397935919e-01
1.773377404508581501e-01
7.392862092419186792e-01
2.042181121010809286e-01
2.069528281765029565e-01
1.747205342951627938e-01
1.142287730908878030e-01
1.278709970564239906e-01
1.273656263656381959e-01
1.098337024257111383e-01
3.289971303175538431e-01
1.065808444106122188e-01
2.382645970113517753e-01
1.077773700523439876e-01
3.727698645493406349e-01
2.529693581863580731e-01
1.924061199603606942e-01
1.753381394837357221e-01
3.923136340964150648e-01
1.183993936383541667e-01
1.350646794787682958e-01
1.003930803052745513e-01
4.269463171505186061e+00
1.594302516459017438e-01
1.267006798761603770e-01
1.901875821155951662e-01
1.347040052265099097e-01
1.690989848512198246e-01
1.325662180568674686e-01
1.423484843155817359e+00
1.741030969481860424e-01
3.904864260456399894e-01
1.896564476087534146e-01
1.231993257705481792e-01
6.231738183000296027e-01
1.091719791641954374e-01
1.355320610674984605e-01
1.425018900410841283e-01
2.720238449635404621e+00
1.123762755556801524e-01
1.268975745943624056e-01
1.340641536738068351e-01
1.086006149543908839e-01
1.098313890493906597e-01
5.161671515873335059e-01
3.058005136699286086e-01
2.595529933087227792e-01
1.221306816541004175e-01
3.588259784237806116e-01
2.634483119295883413e-01
1.234681791952575991e-01
1.002735104802195965e-01
1.883355992677950841e-01
3.952815437824744649e+00
2.136632291227139047e-01
2.552950577582199787e-01
1.022481763794296505e-01
2.450561886444234949e-01
2.344587300063151192e-01
1.877861306282569420e-01
1.898617453320314008e-01
1.875825277190541485e-01
1.147192918238049142e-01
1.744964818354852176e-01
1.638553147879882321e-01
1.632473510795298399e-01
1.114100324020392274e-01
1.193211351964906658e-01
1.497154521242593239e-01
1.934554226334128657e-01
1.906494377175504129e-01
2.260940378619520352e-01
5.822015226793731957e-01
1.689625109602435615e-01
2.913172657227587337e-01
3.537539526948380586e-01
1.643889439116166251e-01
1.139899768461726109e-01
4.099946505023265297e-01
2.686636626754165813e-01
5.436844085996282994e-01
1.654011057193071621e-01
1.206906353529993564e-01
1.006615543703948124e-01
1.811233467868028357e-01
1.613718350855700978e-01
1.225588063600891592e-01
2.064212447678693274e-01
1.490195175036985453e-01
1.168313875517855149e-01
1.620373219445096769e-01
2.009389735050661763e-01
1.942872027532172863e-01
6.669702239391518406e-01
1.326550240993533136e-01
1.485483322503314829e-01
1.791936970680988450e-01
2.506911571813481010e-01
3.062560229138737156e-01
1.005115385169533665e-01
2.565299715414632309e-01
1.901442654218201411e-01
3.756581929737969894e-01
1.018454125929525445e-01
1.000977093020876674e-01
1.327787133237229023e-01
2.051392402593802400e-01
1.077626854227190095e-01
1.376847460068966744e-01
1.243667958040193811e-01
1.045566479169182661e-01
1.912418138477997298e-01
1.592775745938231624e-01
1.296182036459453957e-01
1.208943258997529357e-01
2.511470761318668199e-01
3.714894813689630926e-01
2.036881016781738607e-01
1.269856536284774018e+00
1.176893808109996664e-01
1.764697729669158222e-01
1.141785834242694531e-01
3.880803612817549930e-01
3.187608287512890826e-01
1.129535275670146000e-01
1.477538827650481112e-01
1.045927185458698228e-01
1.834320984584528746e-01
6.775702315566234368e-01
1.040525904646954630e-01
1.017813403087025614e-01
1.093157722852211161e-01
4.501545843027995097e+00
1.200753134424605711e-01
3.613150106592564192e-01
1.357961298228555769e-01
5.074068180320339572e+00
1.310549189499599643e-01
1.902859679128731385e-01
2.910604601411069248e-01
2.804739385698367116e-01
1.408569724006279722e-01
1.791187178403247093e-01
1.389671742104436614e-01
1.373729063839526365e-01
2.296740119938464886e-01
3.529981061967197853e-01
1.377638352211254802e-01
1.413437949601824284e-01
2.667639913828431242e-01
1.072451031000732358e-01
1.033340452338904758e-01
1.399906036271576781e-01
1.722913380474450085e-01
1.445586395344193587e-01
3.400262352117411346e-01
2.291613758093500874e-01
2.105779960465557488e-01
3.000559594333783164e-01
1.039117931475736639e-01
2.021565299622096745e-01
1.680983707197799826e-01
6.903850084274245624e-01
1.826039805867181620e+00
1.621455083237318406e-01
1.406713868191643568e-01
2.449073939000916134e-01
3.403314159095819358e-01
4.058799308095538128e-01
1.232285669087871266e-01
2.220049009314242761e-01
1.254189180130632186e+00
