1.056092334021976886e-01
1.139577140602441307e-01
1.440345681280370549e-01
1.325464358511944940e-01
2.784641217047548190e-01
2.431581264273264265e-01
4.569969399679997268e-01
1.430963220204397590e-01
2.031305303869856693e-01
2.077010923780540086e-01
4.930014471835549306e-01
4.614376337162546249e-01
1.673770848097408115e-01
1.288515754855031892e-01
3.861832770884463528e-01
6.990247018337072404e-01
2.164122002615072593e-01
1.045720709508170532e-01
8.410941201388442146e-01
6.188040622215186248e-01
3.303531130778829539e-01
1.869324494213351617e-01
5.746778287021809817e-01
1.448334192687442401e-01
1.842799781688900795e-01
7.493159870522215771e-01
1.580560085851488439e-01
1.422647613759232543e-01
1.229579460459001850e-01
2.549718389168367794e-01
1.603649551813426666e-01
1.583119925318054177e-01
4.778669325667661560e-01
3.070623687587600847e-01
2.449325371004379415e-01
1.820333033306893167e-01
1.669327648444701717e-01
9.934643246230804303e-01
1.289670784891522037e-01
1.275327896546288031e-01
1.816955068193193967e-01
5.897677172289331748e-01
1.088852846705970212e-01
2.157672117735568718e-01
5.293684245084793183e-01
2.753514257765564133e-01
1.011352737066446572e-01
1.292023419661578743e-01
1.052355223883920110e-01
1.244138325323007471e-01
1.594842003268414909e-01
3.646010881910218826e-01
1.503733119004708740e-01
1.863207924075511723e-01
1.676492288119417751e-01
2.689420726313879739e-01
8.973186840440116052e-01
1.864441946467842171e-01
1.554673785641900730e-01
1.163650032382811395e-01
3.290583399684479105e-01
1.909000850262570215e-01
1.342390733105971734e-01
1.347132945976114715e-01
2.481849151597218528e-01
1.755479546693870518e-01
1.585161089150589619e-01
1.475461073890833863e-01
1.045933519091031966e-01
1.157942259723716116e+00
1.269080495769565331e-01
1.271570317229988589e-01
2.704889345744972418e-01
2.923994951608470116e-01
3.563011360416852291e-01
2.072477004257692323e-01
1.627986252533430989e-01
1.945580501484510116e-01
1.801281948576012315e-01
1.775494845637411168e-01
2.145162498144936869e-01
1.986276657293729042e-01
2.069746526350280669e-01
1.845825780672162575e-01
2.801017435841035019e-01
1.900891748706281525e-01
1.243775211612490494e+01
1.791266258109136811e-01
1.937482947992364979e-01
1.310320259932129527e-01
1.313889536879365161e-01
1.294068525355914767e-01
1.140640061192521038e-01
3.283601413947739300e-01
1.357382374958550908e-01
1.102429436929268647e-01
1.901080678899650100e-01
1.480977375922845063e-01
1.059882663699777822e-01
1.008439723374950359e-01
1.258116062141969305e-01
6.532354702925534662e-01
1.037789295467325679e-01
4.685616723563454378e-01
2.731345312985931884e+01
5.295445611904779915e-01
2.600557860499674301e-01
2.250941362286574265e-01
2.304054871443925456e-01
1.427105145372078998e-01
1.045685177786636333e-01
1.014911508886581215e-01
1.174917183564941348e-01
1.412955490906599720e-01
1.500438354726951751e-01
1.127363383198651675e-01
1.137030998965316980e-01
1.171017058073975936e-01
1.956656488222026369e-01
1.212791099904641651e-01
2.282800041503309230e-01
1.621030394887724713e-01
1.649612438812367576e-01
1.837358902944158379e-01
1.437684244899218866e-01
1.990432996951133626e-01
1.516519586008810705e-01
1.171869579738155365e-01
1.178868653479541839e+00
3.044960444783347264e-01
8.966165192455307631e-01
1.153293003055329002e-01
4.069374059590349368e-01
2.339495618541012623e-01
1.254030432921389715e-01
1.523586146370724814e-01
3.484320635867468319e-01
2.612291028178015395e-01
1.130125147561390070e-01
2.458105917433246024e+00
2.608535043765923267e-01
2.711104098947580421e-01
1.145412909494954584e-01
1.858284471643659730e-01
1.157261777632253852e-01
2.038108103407999527e-01
1.078020880913825863e-01
5.101362860109958097e-01
2.040438035392830862e-01
2.301677235183191839e-01
1.604801101873462033e-01
1.627308928410622357e-01
2.698617195586194839e-01
9.789833098305064096e-01
2.161716408847731974e-01
1.191251599846127329e-01
2.806806737784137140e-01
2.832189237350325461e-01
1.554146381562451495e-01
1.714825605253539331e-01
1.587624220786650331e-01
2.256201291113188179e-01
1.147764690632222806e-01
3.706720224695599919e-01
1.019466829382451589e-01
1.239658664963102369e-01
3.841753207897316003e-01
2.342238150085689807e-01
1.195946776355160113e-01
1.055357148352489144e-01
1.963231652772021718e-01
7.002207565607756479e-01
1.010114012186753563e-01
1.169064958581135100e-01
2.665600207332518568e-01
1.417981377720340386e-01
1.134310804347473250e-01
1.042735105397717854e+00
1.871840018751852686e+00
4.371911637086272617e-01
1.890493173465990495e-01
4.441523203886473259e-01
1.967594250696182989e-01
1.241100949585564744e-01
6.204954079416946655e-01
1.100931254241423601e-01
1.527231686611702777e-01
1.184056449115780812e-01
2.735723456747162774e-01
3.070385903395089766e-01
2.975312290609739008e-01
1.045748518469770821e-01
1.417433997730812301e-01
1.250368987947669264e-01
1.107261332525087960e-01
3.949932647114794970e-01
1.002071928631302761e-01
1.354900297431332612e-01
1.046630941257339631e-01
1.194994267030064644e-01
1.665035203563594024e-01
1.370073734595608772e-01
1.180722206884481373e-01
1.514734592121208256e-01
1.382780411391788811e-01
1.248057828082196341e-01
6.623550342474301411e-01
2.994619875548315546e-01
4.449930572003205076e-01
1.413689094206143360e-01
1.579557443330974476e-01
3.441540921970658307e-01
2.080659752506561766e-01
1.064556309970846881e-01
2.381123482619378340e-01
1.673112087308311347e-01
4.338604023701303491e-01
1.282167623224234332e-01
1.538558405158649278e-01
2.796077720864333926e-01
1.414346667613748110e-01
8.487096403669869282e-01
1.489895923425643143e-01
3.431602919207457081e-01
1.040013222077761645e-01
1.404127679618736579e-01
1.736550188794544203e-01
1.246809705799648560e-01
1.434654530413423112e-01
1.128776795787488907e-01
2.806871630013496044e-01
5.308116650419277827e-01
1.088337794776348261e-01
1.563023818866365600e-01
4.974074227067087905e-01
1.697727986081504215e-01
2.257213833425433247e-01
1.611702885961386333e-01
1.011737578391148640e-01
1.332239196933175940e-01
3.426268327627812749e-01
2.635389120216133918e+00
1.131050548068473216e-01
2.921185761260262082e-01
6.057270857392890173e-01
1.634365950643494325e-01
2.282247215134097784e-01
3.844831213782669010e-01
5.968601801737042356e-01
1.211920400761599126e-01
3.134535987382855438e-01
1.439795894235925411e-01
1.262727113741688167e-01
1.295398657528659403e-01
1.150494090362059602e-01
1.083771148320555461e-01
1.569141571347917596e-01
1.094440114744600623e-01
2.788060359829545032e-01
9.770116747270020108e-01
3.143365484785501929e-01
3.522863621628908870e-01
1.194247492686290602e-01
1.311702965784998509e-01
1.220170030830184382e-01
1.475940912904011304e-01
1.372834280252020756e-01
1.171174243369158402e-01
8.837540667377196124e-01
2.465225599597503092e-01
1.162677296767707785e-01
2.029967742605516268e-01
6.849792305885467059e-01
5.662623272884038661e-01
2.417836721803487132e-01
4.996811587440751490e-01
2.923915684875480481e-01
2.098522135855130366e-01
5.804951763316301694e-01
1.714985419026694990e-01
1.080532138731446490e-01
1.384253804255669296e-01
2.027562509142721014e-01
3.989828864985656143e-01
1.064516421163257259e-01
1.030464681794047294e-01
4.188328145810107372e-01
2.088857185645493220e-01
1.111181716851159518e-01
1.334028636879450169e-01
2.304977011669966103e-01
1.603263342945041581e-01
3.211105222491169586e-01
1.577949028564959721e-01
1.490810973892313374e-01
1.636920567193304588e-01
1.162111010122101051e-01
1.421532991497911069e-01
4.092833676618620742e-01
2.974842689304993404e-01
5.505849247085881082e-01
1.004855791731099901e-01
1.068100194807011932e-01
1.453261657139495844e+00
2.105199264189751840e-01
2.097985616640030693e-01
1.947228862682857664e-01
1.945739498675616019e-01
1.258671490765940759e-01
1.199514972931386148e-01
3.379971849780702975e-01
1.133210768543976982e-01
1.172020711352535494e-01
1.002286111794720158e-01
1.710697887444840859e-01
2.385240500061080182e-01
1.614588898143269335e-01
1.482877882553985671e-01
1.370162339176803912e-01
1.102584578293176049e-01
1.039827275918496219e-01
1.216709346140979336e-01
2.478568025399680297e-01
3.306543178006031147e-01
4.074041591468778312e-01
5.567270301969139412e-01
1.729027006910349162e-01
3.706832588572464005e-01
1.031508407952277245e-01
1.469158530866795376e-01
1.352484169210657894e-01
1.780057613538003625e-01
1.248015268959311169e-01
3.409480877345577032e-01
1.547461126922766717e-01
1.053872493683360778e+00
1.047241598817203051e-01
3.245102500183667971e+00
1.092667225039249956e-01
2.240532927217389059e-01
1.293302915951160814e-01
1.898442301753799077e-01
1.456411655086697898e-01
4.314826780350773383e-01
3.108318526485934763e-01
1.360759061647682511e-01
1.458402540408107739e-01
1.216947754263617565e-01
1.314877653422091008e-01
2.988949082172950966e+00
1.316616081999122112e-01
1.002588230837749006e-01
2.673694303879503020e-01
1.108218226634849340e-01
1.662090227935915099e-01
3.251012221351687326e-01
1.854338093226874928e-01
1.118042267232785686e-01
2.175970647485509224e-01
1.317454149584093848e-01
1.089607903900787211e-01
1.234092776924705231e-01
2.189493890735334236e-01
1.380427252241132052e-01
6.474805924215816244e-01
1.287017449749961739e-01
1.055435146845917355e-01
2.188108900823626246e-01
1.042923923282916415e-01
1.219152345752166355e-01
4.356689909967639274e-01
1.724646062394985246e-01
4.388806506042240985e-01
3.853000649121220422e-01
1.043069596498348073e+00
1.111734746342806779e-01
1.760334777990220645e-01
1.766376369064066032e-01
1.294452332228201441e-01
2.493572192712169289e-01
1.168392449027430280e-01
1.815357662725130550e-01
1.282310639309793554e-01
2.394074973759695579e-01
1.423728080524003514e-01
1.033673795061557377e-01
1.634606848789655897e-01
1.876832531411902205e-01
1.305366090205753171e-01
3.594414914043704834e-01
4.267035923116177520e-01
1.676545484685345588e-01
1.694515034724795033e-01
2.251717019551309207e-01
1.172010267370424685e-01
1.862157552623850409e-01
4.594323042709108629e-01
2.300702327416849491e-01
7.887629463254496320e-01
1.176157971011101977e-01
2.255937467891599157e-01
1.935855632181027741e-01
1.725735840817392841e-01
1.423295836654443758e-01
1.235981716401884783e-01
1.058823727814804494e+00
1.200146090502522411e-01
1.535255408316128500e-01
2.013636296149196037e-01
1.548495880194214747e-01
1.022490950764161077e-01
1.176939386376675556e-01
2.779560011089396432e-01
1.529914998271977300e-01
2.492647298511115328e-01
1.409522270029629487e-01
1.144313233918964889e-01
1.334735135454556409e-01
1.464575900905731032e-01
1.184014756856955342e-01
3.350679274703574628e-01
1.685147872935906233e-01
1.331977561670350529e-01
2.593236511406335154e+01
1.620579743861429778e+00
2.124795384238555573e-01
2.041361618421505819e-01
1.055360492478876061e-01
3.213499708526462162e-01
1.335886316269463414e-01
1.574986049431094381e-01
1.845230039713889048e-01
1.013819719068836944e-01
1.421913310581258416e-01
5.022797634748661366e-01
1.694218418031943896e-01
1.816213330010540417e-01
1.853952070344743741e-01
1.764768867249749962e-01
2.519642180876118798e-01
1.345467707591929407e-01
1.037190128747698115e-01
1.738156771402152856e-01
1.337353373465218986e+00
1.280045710084566080e-01
8.213494947628543486e-01
1.703273728613249605e-01
1.119575581688560945e-01
3.239173153506832992e-01
1.861707432246385296e-01
3.440011060981278401e-01
1.264835889194263485e-01
6.625394633591871196e-01
2.193336064295742238e-01
8.675094096757846041e-01
1.221652656074639354e-01
1.591985812011585955e-01
1.200186970309961576e-01
4.603115773214343509e-01
8.618303315158247768e-01
1.124025056526680721e-01
1.087102727342955932e-01
1.689065901716494400e-01
1.947497506629239927e-01
2.979031442354610482e-01
1.186147594011530138e-01
1.429748864427957400e-01
2.570487996938646824e-01
2.967554946680612815e+00
1.032482602519121662e-01
4.457199910219241668e-01
1.178656107683277998e-01
1.413136890180632377e-01
1.092312120536383518e-01
3.486152545624507937e-01
1.627776967912078487e-01
2.162349159099527240e-01
1.082244819359683696e-01
1.717257607236185868e-01
1.300699689572219764e-01
2.723374231732181849e-01
1.875372802476606704e-01
1.461242539169251564e-01
2.420671386884001020e-01
2.363298361555093430e-01
1.691140586228522813e-01
1.079447966861598190e-01
6.672234123636358039e-01
1.190389440577965807e-01
1.139162169443713596e-01
6.051309978327784611e-01
2.041378552737926066e-01
1.073563415151387590e-01
1.559895201948545695e-01
1.761337355391547899e-01
3.137413800320258406e-01
2.577912325194202103e-01
5.700962266214623098e-01
1.060440271967080517e-01
1.086065415392830219e-01
2.238627748107272497e-01
1.095045913083258632e-01
2.225560880514437234e-01
1.381523800271603486e-01
1.049716608432054027e-01
1.147366042756387677e-01
1.999744295364779545e-01
2.243709005018778846e-01
1.120250867155919150e-01
1.042475939253504208e-01
2.147816419429084689e-01
1.140499048524977743e-01
1.209801642127295712e-01
1.514472189197504370e-01
2.124311775531360635e-01
1.007176352981738132e+00
6.685270959051323736e-01
1.584914656793652288e-01
1.658301844612283249e-01
1.217192880044517117e-01
2.259454065144408386e-01
1.225934175457735614e-01
1.276810325038439664e-01
2.712904185345103580e-01
2.329931739431437832e-01
1.377645400157342659e-01
1.200677216458650165e-01
1.251764947421423746e-01
1.332837038983290812e-01
1.090613208241226345e-01
1.242173565049994322e-01
1.359095740301714261e-01
1.540089811316812940e-01
1.750165391447964014e+00
1.532803265979639784e-01
2.595493712916786544e-01
4.169205686179143777e-01
1.021172151146050588e-01
1.923852682613336196e-01
1.216542114580538431e-01
1.221834186918312332e-01
2.089751365321584342e-01
1.191176150764640812e-01
2.210418264975260172e-01
1.138368257442601839e-01
4.671222053456882128e-01
1.209431663198865387e-01
1.463883361634044922e-01
1.268346415702744923e-01
2.701148528727690956e-01
6.037155510224283539e-01
2.053932962738213297e-01
1.723356137655374987e+00
1.431068823304709192e-01
4.905712132156374583e-01
2.454766036539220986e-01
3.049745582759034734e-01
3.785785929968711327e-01
2.778039005841493325e-01
1.525722672156943904e-01
1.062605419162374193e-01
1.809257062217280998e-01
1.994006211774496939e-01
1.023692612094574267e-01
5.662127006710510058e-01
2.368889214285286315e-01
1.042245424112002578e-01
1.777846302517267496e-01
1.244716917458776051e-01
6.632189112446090773e-01
3.389054341646093871e-01
1.958546753487089731e+00
1.498353395354447282e-01
1.537786195040115877e-01
1.106095447406492405e-01
3.167511685610934213e-01
1.628478800116983649e-01
1.782417258611224686e-01
3.324456927600408229e-01
2.521952272563318109e-01
2.069642823152646194e-01
1.787216830131850287e-01
6.409290115002155286e-01
2.422421381580398325e+00
1.740111631116503521e-01
1.419498953967022747e-01
1.150019314324377401e-01
1.224461806831173560e-01
1.122719971423480623e-01
2.421828932599451534e+00
2.880944004291745020e-01
1.644235139851968064e-01
1.572729293215517909e-01
2.318325459394811050e-01
8.503232824129311140e+00
1.021775187335157986e-01
1.754623666353854194e-01
1.287230444916256378e-01
1.225789673793636902e-01
1.626249120177236940e-01
1.078240190316443886e-01
1.385326070055282188e-01
1.184998570634823029e-01
1.137082508707655260e-01
4.168573087141133060e-01
2.954831161962321318e-01
1.665693844090070375e-01
1.181847218241801473e-01
1.192763285525029054e-01
1.693874397657006980e-01
1.061546386395823549e-01
1.138800896307036736e-01
1.324436408834182011e-01
8.113851234214058961e-01
