1.385122642812673943e-01
1.635910228393829824e-01
1.504785003338712512e-01
1.381889442469127205e-01
1.969012634442614262e-01
1.333742250586020806e-01
1.086617188468051165e-01
2.658728568719724294e-01
2.289391147992617948e-01
1.458899376172227702e-01
2.564381237613282405e-01
1.497343586989945963e-01
1.218883704915055155e+00
1.101762115335415404e-01
1.354131341514773490e-01
3.001686555183822880e-01
1.231569961930574497e-01
1.864959520610040278e-01
2.996789198330596649e-01
1.102733779847284712e-01
1.566945208372991782e-01
3.171403456370212592e-01
2.834559451831767940e-01
6.901593456459884646e-01
1.421857920585211377e-01
1.220147850765560538e-01
6.098709620824713795e-01
3.037292654035825823e-01
1.297155472902211115e-01
1.246653283437405141e-01
1.461219510112726216e-01
1.052918813447446394e-01
1.159000663090215266e-01
1.064009493231983100e-01
1.923450663567034258e-01
1.885318200185672755e-01
1.483643340221039997e-01
2.234240500384924444e-01
1.115656258281359919e-01
1.300279551366547159e-01
1.676344419487297288e-01
1.210178265079382420e-01
1.561733148635412738e-01
3.305358648557464307e-01
1.165921314588943131e-01
1.599487058200790290e-01
1.430510725203367750e-01
1.536902236118690979e-01
2.604458728851286597e+00
1.933373902421839929e-01
5.111783016199291652e-01
1.511359580233498368e-01
1.986195794728643493e-01
3.044739549002862589e+00
1.022572415694308623e-01
1.108862131618008617e-01
1.003108826525495739e-01
1.071082647488559997e-01
7.078777700266560835e+00
3.579737533687889495e-01
1.202041062191438886e-01
1.331770229695200813e-01
1.189764584088911364e-01
4.131550645464851512e-01
1.075869860960787100e-01
2.370286143712161120e-01
1.054592245636426368e-01
1.394666087614762073e-01
1.887983806730170189e-01
4.511826200152813660e-01
1.363291475697735455e-01
3.656854619688854058e-01
2.889008640480441037e-01
1.563865428647442934e-01
1.133514635987329655e-01
1.527205875051600437e-01
1.018742115516520635e-01
1.477357054865029162e-01
3.565493724998701208e-01
3.911569718585180544e-01
1.095532782903190505e-01
1.211727646024780836e-01
1.261367357401167455e-01
5.879173876969749912e-01
1.330943592946955689e-01
1.554863719109952358e-01
2.357395916643784395e-01
1.715248811560552422e-01
1.209582929382253397e-01
6.024443572473182629e-01
3.185890261807362567e-01
1.148177425116393979e-01
1.126719903641869441e-01
1.529922253343442562e-01
1.782667432749458492e-01
4.522126627254035025e-01
1.257963598362881186e-01
1.101487728132035521e-01
1.876321933031002698e-01
1.302988554185552650e-01
1.216359555759367050e-01
1.295068569670125291e-01
1.185783855405546927e-01
1.041693907713017453e-01
1.210618745224347342e-01
1.473189022833663875e-01
2.040367925847626496e-01
6.799640829912325657e-01
3.361044754821638669e+00
1.261793117463061165e-01
1.701382684300826176e-01
1.791994942133162405e-01
1.304256458125835350e-01
1.625403239617485007e-01
6.266318400888643003e-01
1.328771116812908215e-01
1.504657654265590117e-01
1.761111492617855045e-01
1.551253497235429268e+00
1.126898647414653065e-01
1.264923842283446065e-01
2.862059587628031365e-01
4.614186993390118063e-01
1.409458124380646715e-01
1.321608100344529912e+00
1.043228816277274595e-01
1.580378215638043593e-01
8.390979353663103879e-01
2.165166242066943192e-01
2.089715943969261414e-01
2.129356073353151357e-01
1.008952199463902660e-01
1.527457882339177120e-01
3.408865269743851512e-01
1.098804653255530117e-01
1.489545041527989000e-01
1.014092794872307607e-01
1.381084183364002793e-01
1.418891336824786575e-01
4.033760889556224360e-01
7.519531656711738954e+00
1.432116972390569676e-01
1.944023094736168078e-01
1.324205164357168674e-01
5.174388356052194160e-01
1.366920193507248638e-01
1.188931504488581620e-01
1.561078383927423374e-01
1.560429216761131388e-01
4.650504562355426419e-01
3.517565210129670605e-01
5.626122227530220954e+00
1.744684722436896096e-01
1.229374638831827876e-01
1.199715489008271740e-01
1.736110652705681601e-01
3.206746599267819020e-01
2.832609341244292089e-01
1.094790537903943761e+00
1.178524821592856764e-01
1.013105869955703425e-01
2.159900013973429234e-01
1.118302097293951136e-01
1.261759098942136226e-01
3.315492367156622766e-01
1.440538321950525891e+00
1.004289841184820009e-01
6.841752979433105564e-01
1.458517119092189729e-01
1.049115416906822029e-01
1.060195351007064829e-01
1.527815293979180034e-01
1.218198096763063037e-01
1.041064213081197787e+00
1.505962189136189899e-01
1.605412787863410018e-01
1.419358530565034693e-01
1.654254896371048222e-01
1.660868576099480964e-01
1.464940656268131913e-01
1.765607893612861634e-01
1.002388342613442368e-01
1.277370902599704594e-01
1.444417778013394604e-01
1.506117178286706659e-01
1.789174098034375548e+00
1.022675516728550199e-01
1.127898901080745669e-01
1.095776971996463289e-01
7.047845671135203327e-01
4.095920156791217903e-01
1.001056515374308536e-01
1.974176886832197109e-01
1.839338036349319749e-01
2.699379488238216607e-01
1.598121848149858248e-01
1.183832481942309056e-01
2.838812234158633596e-01
1.348923410720175020e-01
9.750990862298349882e-01
2.344114051443659807e-01
1.630151937709487797e-01
1.206457858350835216e-01
1.346642129535367272e-01
1.015426115284167319e-01
5.323344938345043742e-01
2.080794760160972867e+00
1.822922632504937190e-01
1.020296860738288125e-01
2.038229639733308007e-01
2.846211396128756621e-01
1.139824693889607554e-01
1.683999425359577196e-01
2.679435589008067331e-01
1.150573667652753374e-01
1.228612835996420349e+00
1.316124466249898595e-01
1.210364184503387730e-01
3.401355350132240218e-01
1.598249714746017569e-01
1.233155783847177667e-01
2.467452343973270679e-01
3.896223416269364304e-01
1.553057269163947707e-01
2.151532579430526781e-01
1.879651337229747143e-01
1.260400009107205677e-01
1.271222260408423066e-01
2.239949566746132492e-01
1.998467086331595366e-01
1.524525285202885383e-01
1.654071585647073350e-01
3.285023210907802027e-01
1.233174335400998578e-01
1.086487594533745854e-01
2.206054469077121660e-01
1.015848703238229067e-01
7.779571658208045415e-01
1.012364635894863474e-01
2.891504441426046013e-01
1.479280988051716317e-01
2.426361598674373343e-01
3.183926018721786821e+00
2.870162916082362736e-01
5.361835485431276638e-01
9.323275294174919736e-01
4.025019072179183421e-01
1.475988986354171140e-01
4.669819880091368169e-01
1.103362390507745205e+00
3.170119151415353165e-01
1.798140925839978588e-01
2.556587180670938930e-01
2.155936979140901766e+00
3.024651176344730352e-01
3.250656190256919764e-01
1.283439693953388749e-01
1.314653541325928876e-01
1.376659886034624913e-01
2.140681099467945381e-01
1.250604986625771797e-01
9.756808970350663301e-01
1.873566843749315369e+00
1.116178897334118569e-01
3.092109019039158135e-01
1.483045417748702632e-01
1.399122693138775408e-01
6.592119238232017064e-01
1.086608272931606223e-01
4.997609168828390236e-01
1.413406281827094491e+00
1.004097886689398478e-01
4.982109873808762690e-01
1.058647236550382398e-01
1.603608662151380093e-01
1.114155497592353439e-01
1.226227030748302388e-01
2.773175929370987336e-01
1.074915756934874400e-01
1.075825108866114710e-01
9.431509082882755246e-01
2.358676814031983315e-01
1.809312096684142779e-01
1.179325939231945092e-01
1.766847278740740212e-01
1.475748938724346926e-01
1.616547007294543981e-01
1.288842864146824974e-01
1.706275214293570430e+00
1.645736795830015087e-01
2.275846559826855686e-01
2.204959705174085371e+01
1.781172974845454948e-01
1.539464348480849842e-01
5.864777800542907427e-01
1.320083911327383785e-01
2.185730439569130434e-01
1.073061528160979688e-01
2.978774106058905136e-01
6.181441876313591433e-01
1.184740978784627335e-01
1.269035853544371872e-01
2.394708437183493688e-01
2.624748117267977632e-01
1.432895791718180878e-01
2.849225176013662764e-01
4.107179406567278424e-01
1.192068915744324276e-01
1.784516406393635568e-01
1.441205315582932689e-01
2.164864629060879730e-01
1.118796635078327661e-01
1.327985215769866278e-01
1.639350143882012112e-01
6.069225139913203559e-01
8.481929921256498028e-01
2.690734688700363586e-01
1.371442503746881370e-01
1.426870275606837712e-01
1.934112059733042732e-01
3.102102244891227767e-01
2.783923413985658346e-01
3.043980196957589701e-01
3.723089557512974657e-01
2.074893573811773528e-01
3.818220428003026301e-01
1.048513259396250535e-01
1.815815936366975136e-01
1.074054205568108628e-01
7.702885250102869952e-01
1.163752059487427604e-01
3.978682475083611392e-01
2.783629796691073355e-01
3.288992580635105023e-01
2.071143374204990339e-01
1.813469289868019363e-01
4.523645186108321004e-01
1.349145501250202939e-01
1.621747969308176551e-01
2.588085058442293196e-01
1.241594542099867388e-01
3.854680866430377773e-01
1.645378870722173648e-01
1.219479815702516484e-01
1.055025940499240145e-01
1.034100450795374243e-01
7.530661210662050742e-01
2.179182645517883654e-01
1.914835605386793760e-01
1.019136017372558184e-01
1.135060096350030134e-01
1.469817359466877860e-01
1.173950149715737440e-01
2.950019525710063650e-01
1.013523068348942680e-01
1.324721286556554412e-01
1.707667000400761026e-01
1.316247487781331826e-01
1.887953376739136269e-01
1.107593091497500737e-01
1.620960176494919969e-01
2.240625413634221852e-01
2.444745342943347721e-01
5.367609218602106269e-01
1.323478248558258297e-01
5.473398665230495563e-01
6.207214537460509218e-01
1.673599635074272673e-01
1.413725767980590353e-01
1.193715003350555581e-01
7.145764899159994243e-01
1.744777952911459318e-01
1.351027316153375069e-01
2.522546493701610104e-01
1.008092609253300742e-01
1.544879900472920786e-01
1.020659302182674311e-01
1.362356862356268461e-01
1.475633622473085660e-01
1.597204696957682302e+00
1.015566449366552687e-01
2.358116667720046855e-01
8.980817984346460836e-01
1.487958473003476167e-01
6.081289326724734323e+00
1.346269349970725115e-01
1.378184101327539213e-01
1.144372415942359056e-01
2.897693695550999649e-01
1.401481607239546401e-01
3.659905896855694118e-01
3.686092942017802354e-01
3.223966213311200701e-01
1.421437560566766178e-01
1.269077209689229713e-01
4.717689663234780895e-01
4.392943600447918318e-01
1.066417653643291774e-01
1.310016750145371611e-01
1.016562948125724897e-01
2.477788023662984562e-01
1.814681822216596130e-01
1.607396793224873111e-01
3.201814799923476951e-01
5.190957014098869227e-01
1.252887674067198753e-01
2.498405155419187729e-01
1.392492644164237681e-01
5.962783806388503027e-01
1.067858861490550981e-01
2.006194543455861456e-01
2.043095434820799694e-01
1.349656462727957806e-01
2.080387166506987295e-01
8.900356187050615375e-01
1.396482442838546112e-01
1.049448716579693131e-01
1.576116162815670851e-01
1.349933500136318021e-01
1.260410052859299301e-01
1.627722780170589578e-01
3.169758646669235680e-01
1.032189716431891890e-01
3.100425184935584610e-01
1.247027074745814534e-01
1.289197905947136735e-01
1.216997239000839892e-01
1.399505357618790746e-01
2.280612651835157989e-01
7.244937630322687561e-01
5.075360468883196141e+00
1.129754952073566410e-01
1.366676048813437461e-01
1.897313453893718638e-01
3.137101084076253654e-01
5.401269646235342670e-01
3.860066301878450346e-01
1.497697518317704091e-01
6.692829713724190999e-01
2.388736692521704341e-01
1.662315855334715320e-01
4.000437717794825265e-01
1.244435646705737697e-01
4.236255637129864304e-01
1.899690799126950935e+00
1.349345468922996671e-01
2.245507279090445119e-01
1.851851314416685101e-01
1.307362676074450558e-01
2.174413000794215012e-01
1.707375119124577012e-01
1.020381395679840902e-01
3.364778730337156243e-01
2.018161135383019777e-01
4.415617817470099959e-01
1.381335564033600860e-01
1.965187994519122239e-01
1.652021546304486554e-01
2.450321914321191563e-01
1.981813056480582480e-01
3.340472262675119874e-01
1.709384532434644055e-01
5.107252451130148696e-01
4.292924042690426933e-01
1.442314743483925354e-01
1.127101787986719839e-01
1.313585337011064780e-01
3.053645849610784335e-01
1.618446172475179745e-01
1.441513468853378999e-01
2.612891057042479037e-01
1.095761127830339465e-01
1.195480639070539280e-01
1.071189134018232514e-01
1.324108536947590675e+00
2.087034932831227929e-01
1.234652409560196146e-01
1.688554101057030410e-01
2.592820130517953237e-01
1.232425104118186482e-01
8.707438138761262048e-01
1.964746907797316089e+00
3.412528948484350177e-01
9.026005874464448908e-01
2.305829550482183521e-01
4.963007079796528664e-01
2.187276796181468197e-01
4.152940220393910309e-01
3.110521993840462684e-01
1.738699120133914144e-01
1.031258434548002478e-01
1.029178723668091183e-01
6.285654958390449742e-01
3.369919610615584871e-01
2.369668974183783972e-01
1.412964057482712088e-01
1.327937934362396211e-01
1.340107121375251342e-01
2.176654680938101105e+00
1.005473643532737854e-01
1.151617090756632128e-01
1.998801769154330832e-01
3.313872215505600849e+00
1.209964510651354574e-01
9.078472984646102084e-01
1.146901744473224349e-01
1.044426077374106532e-01
1.421401083137075749e-01
1.066052107274237382e-01
2.891870721079305984e-01
1.191083244499421129e-01
1.081334052489831277e-01
1.234577170072574531e-01
2.063418196789859049e-01
1.183166489151104284e-01
1.508434087736522100e-01
1.438854530307405177e-01
2.464157976898007640e-01
1.197067254400969311e-01
2.444063088463221678e-01
1.553343742232435876e-01
2.677445605281307262e-01
2.021720555042242629e-01
6.419301686011196217e-01
1.377013070564542807e-01
2.884971428020451367e-01
1.116573456459179214e-01
1.702454011266148481e-01
1.170501671722189302e-01
1.331118357073164948e-01
1.360691742931383064e-01
3.243149921913932587e-01
1.621858369193244220e-01
1.165388669677592387e-01
1.134654085798652706e-01
1.865973290137338814e-01
1.839880950948925842e-01
2.196401653744263216e-01
3.757579003387149785e-01
1.405017374072652925e-01
