1.062858412442709427e-01
1.401390895797197944e-01
1.656850311289660982e-01
3.033252259381951643e-01
1.271510517951525421e-01
3.306475223542736375e-01
1.306355361994254449e-01
2.201156767506004808e-01
2.814011432769655263e-01
1.271167777177943103e-01
1.625228502345507087e-01
2.209759425678533840e-01
1.445467320888094598e+00
2.136423388155614667e-01
1.052654390230194220e-01
1.307524445089904563e-01
1.056066946780476190e-01
2.328854007029086404e-01
1.109050367074733839e-01
2.586735225098939495e-01
1.188876764000316166e-01
1.433503435414350546e-01
4.207230505135471366e-01
1.645711073688553017e-01
1.084724498339142279e-01
6.121897424115130271e-01
9.614291444750282523e+00
1.041115835879742324e-01
1.023367202031688211e-01
1.720730202548760301e-01
3.665038002577980514e-01
1.646650384873447059e-01
2.682887001996129284e-01
3.592344460348917412e-01
2.189826180389955190e-01
1.228112094918312885e-01
3.568462040500893218e-01
6.077041020766907886e-01
1.494736652573754654e+00
1.774705142940921909e-01
3.840220961764104213e-01
1.074918965534787385e-01
1.666932601392292768e-01
2.337552580730819507e-01
1.064673563476612739e-01
1.729195330789529139e-01
5.997001139951629867e-01
1.006465594847594097e-01
1.141098559882170876e-01
4.510072028309199954e-01
1.593904933699853421e-01
2.338728957574959910e+00
2.928232246667429317e-01
1.085694691032341730e+00
1.787363967904793682e-01
3.605944074260964971e-01
4.333732268388278408e-01
1.666414859698330253e-01
1.158122632869108409e-01
7.910046090545168607e-01
2.048866804386430263e-01
4.090879766926103223e-01
1.312823295738994867e-01
1.148538791313450380e-01
1.752363348810747901e-01
1.037511594026171713e-01
1.771832629161784745e-01
1.326267650400346498e-01
1.672788957819425493e-01
1.098918740835544416e-01
1.496494993951531238e-01
1.357644424663147775e-01
1.307470537146284417e-01
1.438843023679263478e-01
1.616951717918290732e-01
1.104460194715537052e-01
2.182844461871125685e-01
1.088750524576858059e-01
3.055659655737780200e-01
1.488335541908152870e-01
1.273501974038838969e-01
2.288424961266392332e-01
1.500231064515869239e-01
1.213959281451967992e-01
2.339009707216748724e-01
1.622709767393091251e-01
7.098228674740462152e-01
1.262201394839158330e-01
8.587002157095130483e-01
1.279204944839119340e-01
6.021598646209476158e-01
1.392970547995821540e-01
1.457222071686067322e-01
1.846699218398381026e-01
2.373395323074886376e-01
2.456346408490222011e-01
1.306146667775838766e-01
1.039724132619290337e-01
2.379219445965210233e-01
1.856197731770953263e-01
4.708584428341462957e-01
1.204716523034749937e-01
1.629086614309595005e-01
2.032218628130315619e-01
1.093677217685014302e-01
2.410765143103573982e-01
1.410804351140791668e-01
1.006939737555186537e-01
3.194133194173595092e-01
1.146414423249269288e-01
2.989760525552614956e-01
1.179864439237108820e-01
1.151430994137138397e-01
1.147886159828721414e-01
1.049694454685166090e-01
6.679759485358967019e-01
1.532829765113135068e-01
3.780483525647588294e+01
2.001498127426856177e-01
1.621911703812814187e-01
1.753592554877603238e-01
1.651460986141703446e-01
1.878065508590660015e-01
1.513332940718954689e-01
1.372088383797898381e-01
9.831208453784849866e-01
1.210287857694650748e-01
1.010328493283231266e-01
5.689073776988072817e-01
1.140237048285676347e-01
2.821160971970469444e-01
1.176687615780428742e-01
1.034053905859954325e-01
1.103991609878638980e-01
1.125242466401161628e-01
1.715714840912404560e-01
1.902597771742331467e-01
1.437991177019576905e-01
1.882063515525610742e-01
1.087520378086697104e-01
1.026633110865317056e-01
2.944488586699471888e-01
1.006847065207911868e-01
1.305455123659415850e-01
1.220488332948789917e-01
2.237833260203776209e-01
1.048763505665299134e-01
6.123034082491409791e-01
2.151027365525748081e-01
5.839878100907186509e-01
1.005144208819267332e-01
1.373082055691852987e-01
1.291727812234513273e-01
3.760548732704458441e-01
3.506559612713772700e-01
3.436353308836823661e-01
1.160753145169401146e-01
1.166094271820055983e+00
1.004028751223296906e-01
1.376980234075139697e-01
1.127573552218431446e-01
2.519787455943089394e-01
1.571545975304602938e-01
5.421078259814170464e-01
2.453368594978987405e-01
3.624087869671432927e-01
1.732920553647691320e-01
1.406015397677836121e-01
6.964260222850132687e-01
1.091198039793838670e-01
1.169535127763887961e-01
3.895510633869339046e-01
1.168433496057471876e-01
1.036713034031453706e-01
1.080271654373282236e-01
1.772679278216203191e-01
1.263987971028958102e-01
3.410460715403417775e-01
2.371972844558378479e-01
5.736647315443005324e-01
1.223987480889462687e-01
6.344668157657603613e-01
1.840042965177219603e-01
1.257428776600779952e-01
2.800362947870514319e+00
1.333719373718963985e-01
2.726978670160866702e-01
2.386611206969445897e-01
1.126670528992928522e-01
7.502954420607027552e-01
2.383087759047215204e-01
1.216989748834256119e-01
1.881715265479172172e-01
1.000747038265748512e-01
1.388392358885898181e-01
1.579063648276369802e-01
1.173448590694927129e-01
8.078047744105667505e-01
1.020078096162894132e-01
1.271629430248167325e-01
1.314129165157257306e-01
1.020447787008554458e-01
1.636598987644379166e+00
1.759779004850515749e-01
1.138178151983745140e-01
2.789755754285782596e-01
2.742510790001120857e-01
1.133367903060859549e-01
1.206312827757118900e-01
1.027723985008502788e-01
3.133082397121003115e-01
1.012289519661930259e-01
1.248341172423796525e-01
1.471941406849956446e-01
1.002309129862257175e-01
1.476259501945353381e-01
1.386759302432523933e-01
1.763175117029041061e-01
1.171046559187035874e-01
2.284227995617916784e-01
3.881016979136824308e-01
1.460225583956764328e-01
1.079758846457288535e-01
1.008590466056732415e-01
1.713124664271724329e-01
5.523245551570433731e-01
1.299689073127660022e-01
1.819091047636803848e-01
2.794426843945249650e-01
1.041690574811133807e-01
6.144792456852899321e+00
2.255491521702606694e-01
5.063969532629785109e-01
2.385513926573072929e-01
1.053357681106545929e-01
1.262095196959316101e-01
1.547735799187465178e-01
1.219608987839813780e-01
1.688254083087162849e-01
4.116296889690776450e-01
2.495093689209552379e-01
2.563409857349217003e-01
2.541079730959301952e-01
2.056425835536894453e-01
1.169226249700436870e-01
1.346508663468747036e-01
3.049339110174345890e+00
1.551733631854389506e-01
1.144938897871140143e-01
2.195491300536339951e-01
