1.141009846443351849e-01
1.125808687823294241e-01
1.487884878539043887e-01
1.580049799617900819e-01
1.237861993321132392e-01
1.502631482588804301e-01
1.000983893493117699e-01
1.314443694502591964e-01
4.141007433532251980e+00
3.034671136210029818e-01
1.880148704597247589e-01
1.660576827805074318e+00
1.896394974314365545e+00
1.239936238622344478e-01
1.415672960599955177e-01
1.402543226504271157e-01
1.140813838031865396e-01
1.060988537410027521e-01
1.083153843478025236e+00
1.105145962805923754e-01
1.752607160893615845e-01
1.156354256307731837e-01
1.865845215298615190e-01
1.107988736434866173e-01
1.021109741121699194e-01
3.197750948317271136e-01
1.587119704719717472e-01
5.991621974244655258e-01
1.027035252658450998e-01
1.913908707397936615e-01
1.631617608801798069e-01
1.128928759387578390e-01
1.225538698636649548e-01
1.077595395581985999e-01
1.204617389212863793e-01
1.477093661205455544e-01
1.836597930075219431e-01
3.364576837808099241e-01
1.366094065576400896e-01
1.263774020222626360e-01
2.229511312227407671e-01
1.090118925699374713e-01
3.156968699779902909e-01
1.004196591795344373e-01
2.674666275760730016e+01
1.028986291709213657e-01
3.163474715137424842e-01
1.162173994287594159e-01
1.599493445829655858e-01
1.921400745921184594e-01
1.692498660574555114e-01
1.731724796389215726e-01
1.703960201465707369e-01
1.097370865574032461e-01
1.006998223327511960e-01
1.238715081979156196e-01
1.353902554548039594e-01
1.561684298748970967e-01
1.799923763263517884e-01
1.103193199577602313e-01
1.814845809720631031e-01
1.080847245135268669e-01
1.525917494498940652e-01
1.076801422601987163e-01
1.138289773742914152e-01
1.255895899905153656e-01
5.986244927837283125e-01
1.079183701269964823e-01
1.561665808505659503e-01
1.408926843077648872e-01
1.414023625455107513e-01
2.022272208510660918e-01
1.308801717107316853e-01
7.737298676208997250e+00
1.107240939573482241e-01
5.321934830905334923e-01
1.275199813500180468e-01
3.510407284505668857e-01
1.689111401448291916e-01
1.936955868286816262e-01
1.859320834006620016e-01
1.547547150081446943e-01
4.424164834768107291e-01
2.194569200708753332e-01
1.549493539828165622e-01
1.219270803466157571e-01
1.003451490701904314e-01
6.384684268962312892e+00
2.916867470786227989e-01
1.507239539980967935e-01
1.481231756747884709e-01
1.018450485437193631e+00
2.101087589168844083e-01
2.291661758205697785e-01
6.262382322019468539e-01
1.103073238754473939e-01
1.051148480607877467e-01
2.553995536614787065e-01
2.821735056130939001e-01
1.013304771881309851e-01
3.114418221748507243e-01
1.100965530777175544e-01
1.754079386543982433e-01
2.541736833510288562e-01
1.442983460092958636e-01
3.076448441036518378e-01
1.450074229587481611e-01
1.678312593136173980e+00
2.597232931118553245e-01
1.595615970530277483e-01
1.494191002404415547e-01
1.035289008564794777e-01
1.999006500614503301e-01
2.400008779760674504e-01
5.329167697150357652e-01
1.638323597185757097e-01
1.434921939001463087e-01
1.447717559876838533e-01
1.512201117834413577e-01
1.601552864245237850e-01
4.765212370676441545e-01
1.457099966995763496e-01
1.650564626522416922e-01
1.444511204262636239e-01
1.402480514590789262e-01
3.953243007787898833e-01
1.296438561862737759e-01
1.190640286357636246e-01
7.080262745105708744e-01
2.251312139208298257e-01
1.597941346106542815e-01
2.006058735680950333e-01
2.808132145909096322e-01
1.798206121242505728e-01
1.265724174101980626e-01
1.967409579951688858e-01
5.711506167072726292e-01
1.088106800108931127e-01
1.667881796354582224e-01
1.512273688106080538e-01
1.548955299835651900e+01
1.224218792898670860e-01
1.515547424888364636e-01
4.987648921731884233e-01
1.134262720866652530e-01
5.067827324365771213e-01
1.080577376849617272e-01
3.363330345861633486e+00
1.190556718330485486e+00
1.717632483045893055e-01
6.079035230255650513e-01
1.020282632261624994e-01
1.102248187124031525e-01
1.213484653337159047e-01
1.970052606268704876e-01
1.049989453813746088e-01
1.118452252590488999e-01
1.247108627035286715e-01
1.930423620762652948e-01
1.717247091598222419e-01
1.244741832980324897e-01
3.822969079853739682e-01
1.690110305705226634e-01
1.405361234330995412e-01
4.799458318978566118e-01
1.396335674931417359e-01
1.987972129408913380e-01
1.198974396408443166e-01
1.093786920654046951e-01
3.729384847704607653e-01
1.474477524057423439e-01
4.629365683049166957e-01
1.228934463031923496e-01
1.332902351555882436e-01
2.170828852020352251e-01
2.224244882134699675e-01
1.082580171169923722e-01
1.153506839675039197e-01
1.342234844813846029e-01
1.165957261022381175e-01
3.873325276454022137e-01
2.141077420054105507e-01
1.823394103760271889e-01
1.014123713360992052e-01
1.345167722373464270e-01
3.539474485285526995e-01
1.987557642137521841e+00
1.133853470186898804e-01
1.245670736956281943e-01
1.069993764812051662e+00
4.562481310730923112e-01
2.901979205773935200e-01
3.208988598608828458e-01
1.546185211654442782e-01
1.120123589964285432e-01
1.639756103996573011e-01
9.977475429448642297e-01
3.213887938604198524e-01
3.991279323252787670e-01
1.143621115104418301e-01
3.660219470583719881e-01
1.074316936283183088e-01
2.315225368491563573e-01
1.464844341610677669e-01
1.032431795823288562e-01
2.454072088257344131e-01
2.030807030574119654e-01
2.062176947152076778e-01
1.625517886121781164e-01
1.048036612231625497e+01
3.099104302739944528e-01
1.122499293652528679e-01
1.765266278485298213e-01
2.568804357043972808e-01
1.353048820598803104e-01
1.256311866671529498e-01
1.795907213505702205e-01
1.221062352877306384e-01
1.666140917225689133e-01
1.667226438147101919e-01
2.865444970812604519e-01
1.401643801275958279e-01
1.344753089460809792e-01
1.471225144090524961e-01
1.675057368979943062e-01
2.408059997455753720e-01
1.460330997892765048e-01
1.426845512836832641e-01
6.495409140733473530e-01
2.490700272203865695e-01
2.643457516528650575e-01
2.214799314961475030e-01
1.310882588220001199e-01
1.426779741099933330e-01
1.461307994031548485e-01
1.259660843780204542e-01
2.817549828540342749e-01
1.400763630746652832e-01
5.093026775137853290e-01
1.307969071280291329e-01
1.403269694165434345e-01
1.310900604288945948e-01
1.336394749828890560e-01
2.881409273369993640e-01
1.479118143021277976e-01
2.110572512761421382e-01
7.361674540746216966e-01
1.050563720309587223e+00
1.286826946577594721e-01
1.710798532661830240e-01
1.264705657513340575e-01
2.006924535067860504e-01
6.806631923012292917e-01
1.469929391522279138e-01
2.771149496190817296e-01
1.667408287470714678e-01
1.128199698582321719e-01
2.124735846768727454e-01
1.311386064334672807e-01
1.503087141121197678e-01
1.222460019493370353e+00
1.020559809351376246e-01
2.145447048828891257e-01
5.215704818805080301e-01
1.938070211678262489e-01
1.365055277938535816e-01
1.122918946426024328e-01
1.042130674899724857e-01
3.088637923068496272e-01
2.586518294573179055e-01
1.479712369412888862e-01
3.665478864161380024e-01
1.042840231598091000e-01
4.547693713779323854e-01
2.545595287553850672e-01
2.881677289879386872e-01
1.848445932148191084e-01
3.560797681618732002e-01
1.473704305300677531e+00
1.168588878464977832e-01
1.462741538754522008e-01
2.472870280019931755e-01
1.219899664033791131e-01
6.524563481523193431e-01
1.236095699538291293e-01
8.707649562867509907e-01
2.483904258617809779e-01
2.209421354922419811e-01
1.203628079386846461e-01
1.506144305710160336e-01
1.236480756046080265e-01
1.115972605927702532e-01
1.074273007322929518e-01
1.801665667484126931e-01
1.378719283104718751e-01
1.025018942047790232e-01
1.815842203604236815e-01
1.060323661707560927e-01
1.281039971990965698e-01
1.030199916474270616e-01
3.261215472675100258e-01
1.949284635777944974e+00
2.887656230503322652e-01
2.071016545600736503e-01
1.158660839450990632e-01
1.875490549790519712e-01
1.249251100211681148e-01
2.097982094970297084e-01
2.476134399757726756e-01
1.114440225968361675e-01
1.322126565254637398e-01
1.588025997630357899e-01
1.783191745594396860e-01
4.219834302437467932e-01
1.014578690302899155e-01
1.008583208808333798e-01
1.461909369876705500e-01
1.480479309675373778e-01
9.523394151878226133e-01
2.228625755182477575e-01
1.227533396918546460e-01
1.203567009642251828e-01
5.337942633795760727e+00
1.480264110404675426e-01
3.003223356636513519e-01
1.340008475627715301e-01
9.029072570633227546e-01
1.660981727020648113e-01
1.340196398957830548e-01
2.761234586854874329e-01
4.978444818074506673e-01
1.867162473252029775e-01
1.642401734931394353e-01
1.151651904880952454e-01
1.083855349317749961e-01
1.058811708918988154e-01
3.370929728959577432e-01
1.256565549642475021e+00
2.070733636023672219e-01
5.108610777082100984e-01
1.174343525088950985e-01
1.974219516341572944e-01
4.329874696396236455e-01
1.154363439923671852e-01
2.266674792168755115e+00
1.344304494765323488e-01
5.044560697786788506e-01
2.120161367948449616e-01
2.045395610258289032e-01
1.393654661605398803e-01
2.057846431885016758e-01
5.639786848394413576e-01
1.075156955452694768e-01
2.981453915908409136e-01
1.292938859106190774e-01
1.189677160359412789e-01
2.492669462563124050e-01
2.122868165076276237e-01
2.759327332682920408e-01
3.087220237031085834e-01
1.043751101172663287e-01
1.631738955099059085e-01
1.059579648262798934e-01
1.077028852308882928e-01
1.037322883087040237e+00
1.760892442424369930e-01
1.290310553999958199e-01
1.498423953805045061e-01
3.460649936669007998e-01
1.123071352403769291e-01
1.939692908357773804e-01
1.066308723914574097e-01
4.962680196826080858e-01
2.305294135357398300e-01
1.004865409032485585e-01
8.488022305063831485e-01
1.108885964025784765e-01
1.631302580278382042e-01
2.827659881030088584e+00
1.509803955169069234e-01
1.054162574618888321e-01
1.242116488203798552e-01
2.552783043702864241e+00
1.152337606085885729e-01
1.150965759368592772e-01
2.702914671812745584e-01
1.229208196568317701e-01
1.444350016402181081e-01
1.524768357278312170e-01
4.677485516275662336e-01
1.506918705055060315e-01
1.234461108472382884e+00
2.129652983971898894e-01
1.494039277130180532e-01
2.212712717365754311e-01
1.931608517219539634e-01
1.707117558952545577e-01
1.705526434845194839e-01
1.068015395517616234e-01
1.054747207201644915e-01
1.251117862270184067e-01
1.102828205545690887e-01
2.286774676038816900e-01
7.331353172444677879e-01
2.127404007249595608e-01
1.143772784913945073e-01
1.764115326953558105e-01
1.476353171426917077e-01
5.206875617951984836e-01
2.141210291232896190e-01
2.226610688243146619e-01
1.845239068448350228e-01
2.435386994763928392e-01
1.187493266923907997e-01
1.180819388221824306e-01
2.385992736161323957e-01
3.230180323524436958e-01
1.641958892785328139e+00
2.622048536987302003e-01
1.168432768700537194e-01
1.918749274219325729e-01
2.303341837202938780e-01
1.146014794711241874e-01
3.136142697134401414e-01
1.992500567753693885e-01
4.309137028710299244e-01
2.495695453066918645e+00
3.390076826462090631e-01
6.737926578937210031e-01
1.546816037217468298e-01
1.638370124182779719e-01
1.303188189789185880e-01
1.328376327883448171e-01
2.579490727375445824e-01
2.370720525044135718e-01
2.958410517197560541e-01
6.451204056039716583e-01
1.143903727992872099e-01
1.097882166684075317e-01
1.208047227333011620e+00
1.278636659695186750e-01
1.041988640233901253e-01
1.997916674078725752e+00
1.889582155269348140e-01
1.342942657790645589e-01
1.618624357788516210e-01
2.711231184535007888e+00
1.405349490106446442e-01
1.150906407565543826e-01
1.019080045628159709e-01
1.849349293017530371e-01
1.162463220189443869e-01
6.620109355101317483e+00
1.004289501907643933e-01
1.214054704908602844e-01
1.201351032257463730e-01
1.250580150706796789e-01
1.145640455667603225e-01
2.789947731751582505e-01
1.121763984478233445e-01
1.126813711971890453e-01
2.352726775426611239e-01
1.058603353315648310e-01
1.513193341081691956e-01
1.069726055045581714e-01
2.608563550087079075e-01
8.335684962524284458e+01
1.067508747637679889e-01
1.015491988470010321e-01
1.343071155764478941e-01
2.909729422699704471e-01
1.944633634168566605e+00
2.642682671684946083e-01
3.853065005851601388e-01
1.091954493354005129e-01
2.110732554513612413e-01
1.218931081762497926e-01
3.239747245486381266e-01
1.288404068770778454e-01
1.111235891825207017e-01
1.137952555561040358e+00
2.048953788730095149e-01
1.837366591770378754e+00
1.009206041904395224e-01
1.306231825569945104e-01
1.872188268320487403e-01
1.505476983404699931e-01
1.253750584345384445e-01
1.054626536706057965e-01
1.246954616337079963e-01
3.323831039686284128e-01
4.998703059246980551e-01
1.294198984405640906e-01
3.999020867280216329e-01
1.452802765159059151e+00
1.172834666122881953e-01
3.042656938736147954e-01
1.032953914973845644e-01
1.469711368341135305e-01
1.048050569589002445e-01
6.700967872773744283e-01
3.080369207373327978e-01
1.437940099504575742e-01
4.289852608047611260e-01
2.068299655419675587e-01
1.728447356915272237e-01
9.623803794623539964e-01
2.327008202254993441e-01
1.107305573952099831e-01
1.442103255502750481e-01
1.154681641452214164e-01
1.895606983344537699e-01
1.216987460468822224e+00
2.785881483128376246e-01
1.389900608896750822e-01
2.414455881964923112e-01
1.449177947560489066e-01
1.049647037180999193e-01
2.080996855710033899e-01
2.226260501790648660e-01
1.052334087920468869e-01
1.259580751846460511e-01
6.858494047543693739e+00
1.166068009357862645e-01
1.391319296672892392e-01
5.221351028530962779e-01
1.336472203592822816e-01
2.163543560525913179e-01
1.085965887173510058e-01
2.038811575104875762e-01
6.796286626752267024e-01
1.026159862969609898e-01
1.114708994043229623e-01
1.324987288030020360e-01
1.858148088578645551e-01
4.931842438185843891e-01
3.309061072503015621e-01
1.051388534481712544e-01
2.587293157858647219e-01
1.442124792791217580e-01
3.172229115388289777e-01
1.062153761780225275e-01
1.754675430474861575e-01
5.012409510781222766e-01
2.469944805058879478e+00
3.920842013686488547e-01
1.864222298909769537e-01
1.430529240746878095e-01
1.570338275380914195e-01
1.104154595657146354e-01
1.612466992236540053e-01
3.322533158350280957e-01
1.698859070563645268e-01
5.347046139076850890e-01
2.154418540335167054e-01
2.232451251495524702e-01
3.714981786519058193e-01
3.335476985097274305e-01
1.787754919369196338e-01
1.140192895335512824e-01
2.142345118052695896e-01
2.620685535892365303e-01
1.727206897838830524e-01
2.142794244561447847e-01
6.098382942845046450e-01
1.112003587024736895e-01
1.005538357301833108e-01
1.052391868677168552e-01
1.679673258866439534e-01
1.362302354615392008e-01
1.119999272258043743e-01
1.530953277255344414e-01
1.772033466098045240e-01
1.631689686811473028e-01
1.548495674450729720e-01
1.694268905902510114e-01
5.542214826478905065e-01
1.646434241047323721e-01
1.106473104878726715e-01
2.355636831170906109e-01
1.235958596860905256e+00
4.011003184981770109e-01
1.881268998988653296e-01
1.472590449400018320e-01
3.130688097255254765e-01
1.292276211673420994e-01
1.035886004101914670e-01
2.175743479696577443e-01
4.631452452498038830e-01
3.815142632133647904e-01
2.472257553533576402e-01
1.025473073421497711e-01
1.054366341108715632e-01
1.848399280507259657e-01
1.632551181439448329e-01
1.498874013012423123e-01
1.890499856110183230e-01
1.084195644515905665e-01
1.249215579956763356e-01
1.577487942652775477e-01
1.907410183703432682e-01
1.290032626435571594e-01
1.849141757711845746e-01
1.619006046099598917e-01
1.618526095301603407e-01
1.447159465183901483e-01
1.087703550391075080e-01
1.348437162653400578e-01
1.472321729528071887e-01
1.164678369489581700e+00
1.094976044805142518e-01
1.069677921030697698e+00
1.234670562776942343e-01
5.202893654520758249e-01
4.617409921695304620e-01
1.181895233179291460e-01
5.087599698265413695e-01
1.078783873140382321e-01
2.406182312112971344e-01
1.160766213072400577e-01
1.391783105761981998e-01
1.858680435610623460e-01
2.057629634126360296e-01
1.652418336682298372e-01
1.085606951863941627e-01
2.875288903096173132e-01
1.654673026248979495e-01
3.794898407538369600e-01
1.037786215429041814e-01
1.015488935540925786e-01
1.079103992179661353e-01
1.688581878510946599e-01
1.429132903116415443e-01
1.122458288512065555e-01
1.815055802471633450e-01
2.175346983429809478e-01
1.165156900787693850e-01
2.181345297636827496e-01
2.629434103489253771e-01
2.469835433426416371e-01
8.399252441965633365e-01
1.747518117718070974e-01
1.648748954768336772e-01
5.138600507612741675e-01
2.259190470444297216e-01
1.417411675957766792e-01
9.704291677897085577e-01
2.482563031738116988e-01
1.571871233879924834e-01
1.425052803277881697e-01
1.041299262965400541e-01
1.258352900635538729e-01
2.612955215431988498e-01
1.058650264717000411e-01
2.862831481307480108e-01
1.985641128414843692e-01
1.285055352349702418e-01
1.570040648012128170e-01
5.779476642416864207e-01
1.424742292262491106e-01
1.907546243636310257e-01
2.532024612484525261e-01
1.341666621565356932e-01
5.695806833414560622e-01
1.322775660069376025e-01
2.498270353677541356e-01
1.418975229192563636e-01
2.049183091720174765e-01
1.594802712467146277e-01
1.173420843526893909e-01
2.375036365293944352e-01
1.669450626876593513e-01
1.495973730834188331e-01
1.777714708506958063e-01
2.224265508814860515e-01
1.454463548635419878e-01
1.144141688475085045e-01
2.854898013287964220e-01
1.644470185275554996e-01
1.963357103246750057e-01
2.778273541829404114e-01
1.173144512365919961e-01
3.031276191741618109e-01
1.241460083903306311e-01
4.392745736392529854e-01
1.004617404060336172e-01
1.031003186433834817e-01
1.429996370176596365e-01
2.109436539928097043e-01
2.115515007508507461e-01
1.910596169811759060e-01
1.935919619118424972e-01
1.220957002963925647e-01
1.084611991360507482e-01
1.512303261712885094e-01
3.105590539335885691e-01
5.520560299592859321e-01
3.253989303626658725e-01
1.041743893204869070e-01
1.219768865845261008e-01
1.170271372559106571e-01
1.434683079096613356e-01
2.344420930743821296e-01
1.153603539475600848e-01
3.782956612770106419e-01
2.413956254319793437e-01
1.326476472914014937e-01
1.208647085614268646e-01
1.343088874726474924e-01
7.320778011342170544e-01
1.035208537421326708e-01
2.120517857238036208e-01
1.386707137329404316e-01
5.053502767577774391e-01
1.148662234855068187e-01
8.852728692020841450e-01
2.591410272929799419e-01
1.477233257396304844e-01
1.851660495933131201e-01
1.480405060645482440e-01
4.388555171487485973e-01
5.692046656106450886e-01
2.413694062629408998e-01
1.291367316411758392e-01
1.289207299823300901e-01
4.360668326470459322e-01
5.572820743239578212e-01
1.156961509784763253e-01
1.187302342472481148e-01
1.191303454586549598e-01
1.109959504471214747e-01
3.667713972649547238e-01
4.867768664641478615e-01
1.567135018242486466e-01
4.477001833037263623e+00
1.133705593204835105e-01
3.008521441175484035e-01
1.844826225657396623e-01
1.508528067561552555e-01
1.130280879094238550e-01
2.356131891488562613e-01
1.107133045218574446e-01
2.101818880081958163e-01
2.837650603849847797e-01
1.315394985432433994e-01
2.326210226862689689e-01
2.334743547734560443e-01
1.070161003691084550e-01
1.885878347562201796e-01
2.212580197209440824e-01
1.715458150887111399e-01
1.899528203966692752e-01
1.291563761012204103e-01
3.355972896601071565e-01
1.336688047848778871e-01
1.869643560141415195e-01
1.544217227954292893e-01
1.954185209614578422e-01
4.353155472144205618e-01
1.190078603476011354e-01
1.261340240982281313e-01
3.531342783636390870e-01
1.504129392440109181e-01
2.226234791480440622e-01
1.109469647356644134e-01
1.995315392939898125e-01
1.593574614538767475e-01
5.065153940650224396e-01
1.120189202521875010e-01
1.269414377493921497e-01
3.138081196073747581e-01
1.000782385908161043e-01
4.941940222459428877e-01
3.336379843732417694e-01
5.732020146864772459e-01
3.057420843490266105e-01
2.729176766189171932e-01
1.635205930290826448e-01
1.181836763107437793e-01
1.612701115609445901e-01
1.509643453135784408e-01
1.047149755923412473e-01
1.129827425221674037e-01
8.577443425346443773e-01
1.049299098370584798e-01
2.310990643620591811e-01
1.010941503972426353e-01
2.297404076553327956e-01
5.760716284759000994e-01
1.378445505908211521e-01
1.117278541533654190e-01
1.067695837488020355e-01
4.164974461521706584e-01
4.655247796942768024e-01
1.900308781973651384e-01
1.701558595533470275e-01
2.000856284371185512e-01
1.018869423800095042e-01
1.668713178178368173e-01
2.166399484909950768e-01
2.190817990828236583e-01
3.739795127793573926e+00
1.186653581742524999e-01
2.378481452373654437e-01
1.112789626664358045e-01
1.128425016599453462e-01
2.299693996527584494e-01
1.807228535434949879e-01
8.322339437542733975e-01
2.688535687646966821e-01
1.991508404911490615e-01
1.981342901345719554e-01
1.006308730669145252e-01
1.141094009682680072e-01
1.032605425229059376e-01
2.530506999611278895e-01
9.626485113175884401e-01
1.836916132285925096e-01
1.098322730275153591e-01
4.827757046558813769e+00
2.462154314228517937e-01
2.780723650463052810e-01
2.580412431144476493e-01
1.088055937531017536e-01
1.530861175810893426e+00
5.508632361765672947e-01
1.038693462249570959e-01
4.699200184207332764e-01
1.120613632262665305e-01
1.204072558128667370e-01
1.240829144790911304e-01
1.421955457434788961e-01
3.875114332342650680e-01
1.254092856038509229e-01
1.563189792807786471e-01
1.394107655733705653e-01
1.159365947312885753e-01
2.000317948505513588e+00
1.002110468246697472e-01
6.868109533004185252e-01
1.235162115732023475e-01
3.705711909231155232e-01
1.264639738735094665e-01
1.076033789063924051e-01
3.021531458262538550e-01
1.005580317742544305e-01
1.090464280168968597e-01
1.830218746823037146e-01
2.586094743996619205e-01
1.113899806662192460e-01
3.357273255296786552e-01
1.663835873452295111e-01
1.254041417430024064e-01
1.977119532443100347e+00
1.070538690954273425e-01
1.039113154282391566e-01
1.200840177584662910e-01
1.559814189289561170e-01
1.291121239621274563e-01
1.888512925766303308e-01
1.127812643760673778e-01
1.381941478481331087e-01
1.374490412334415934e-01
1.372784665698083828e-01
1.388703881196011181e-01
2.584608053968108443e+00
2.848431192165976067e-01
1.226861146554122928e-01
1.611223717958043256e-01
1.125972449647719559e-01
1.232922410650337808e-01
1.219209710810990333e-01
1.224896497096806675e-01
1.276839574360302265e-01
1.117000758451081321e-01
1.161465032539458764e-01
3.007380949420627725e-01
1.114893808921820217e-01
4.477832930465049266e+00
1.785626334851893038e-01
1.295987660827390142e-01
1.036962812746003576e-01
1.927606605097594572e-01
2.426047010834000428e-01
1.844884711867540439e-01
3.224445268327985614e-01
1.587635060048118996e-01
1.438727165216651394e-01
1.305013201130312273e-01
1.305262791379000198e-01
1.228662272071143619e-01
4.007108505904832807e-01
1.584604866355172059e-01
3.485095690893487141e-01
2.203977454076539999e-01
2.052967341267611934e-01
1.198182104752217453e-01
1.660666698936957564e-01
3.143540685556394099e-01
1.074329156165326343e-01
1.332111935537058534e+00
1.244212151771897229e-01
1.076256242899133464e-01
1.295765704151837505e-01
1.114955306277413405e-01
2.130944510102384393e-01
6.280160876638213319e-01
2.159325217898802607e-01
1.786351564257559754e-01
1.012131573482042968e-01
2.533214605409095377e-01
2.055250168317250825e-01
1.342522294626200541e-01
1.474183458999491769e+00
1.240994836144138358e-01
1.658408620836401282e-01
3.693619110872814471e-01
1.270524126353875516e-01
1.448004945407617428e-01
1.233158262536570987e-01
1.383635840059214417e-01
1.022507004370648842e-01
1.341887463511005907e-01
1.956813303715553842e-01
1.276306751629325553e-01
1.097719113882232728e-01
1.535270489584670273e-01
1.358215352434478107e-01
3.145457571404984276e-01
1.289941050075785467e-01
1.443465484908451057e-01
1.235905114067144539e-01
2.533168636900641757e-01
2.514727233779497362e-01
1.031432591264497545e-01
1.209721351110976673e-01
5.620417349731950951e-01
1.221140736031237906e-01
2.575773586238893076e-01
1.656703760057416375e-01
1.402788784342056949e-01
1.741507267654108515e-01
2.967976953418829944e-01
1.907856278760671487e-01
5.695624710245155597e+00
4.838353544189843425e-01
9.050017909830512242e-01
1.944932499032277218e-01
4.940812861843935089e-01
2.049569894430158801e-01
1.137263604190943272e-01
1.041296610388580679e-01
1.306996480454672704e-01
3.265730701468199104e-01
1.216776868063299405e-01
1.178440528017422051e-01
1.752662254990429713e-01
3.566853935924034769e-01
4.148053465411395968e-01
5.466363855519572601e-01
5.417152551573723995e-01
1.646582102331186626e-01
4.287440357240654976e-01
2.217436219831854793e-01
5.925185025528404426e-01
2.152420977507556177e-01
1.155660479670937157e-01
1.146861177289459494e-01
1.873600380603943627e-01
1.082780247289562570e-01
5.226861155121008684e-01
2.979289549976270601e-01
1.393696743379395364e-01
1.052117800077928822e-01
2.246024822659507536e-01
1.459711365711444941e-01
2.460909689122573740e-01
5.763029115914259926e-01
1.050271570295660539e-01
1.323354844637459615e-01
3.443181903825165424e-01
1.059246318593152075e-01
2.169173252147790498e-01
4.624770494377379304e-01
2.594875703839065184e-01
1.383766437227574309e-01
1.660257006476298924e-01
3.016165817063263255e-01
1.918385625815914874e-01
1.021272552597873307e-01
3.667191452883929448e-01
3.626229967525502751e-01
1.689775469058662494e-01
1.475495979531937230e-01
1.601620528176947167e-01
1.135429284188246152e-01
1.209348838017922784e-01
1.027846224860261837e-01
1.419281946872621158e-01
2.631572046204919135e-01
7.340593859433308666e-01
5.215259826883632543e-01
1.164241097539325392e-01
5.119608860713170451e+00
3.214922479844142256e-01
2.653038093140446807e-01
1.228203903348189380e-01
1.100531506077931793e-01
1.448124719138928762e-01
3.508139605043245068e-01
2.566891970138898693e-01
1.011543011776613099e+00
1.082939544003931193e-01
1.170489247263746257e-01
4.947821866065833518e-01
1.758982089546967664e-01
4.924603871981834136e-01
1.254136361130052113e-01
2.429771917471420795e-01
2.221419171937216164e-01
1.288869856386180845e-01
1.149858565900049590e-01
1.354192427601948190e-01
3.646036269254539497e-01
1.431630914428795032e-01
1.575226239723098165e-01
1.048806185132501040e-01
1.088047070642856329e-01
1.194431749424547384e-01
1.228141598666649542e-01
1.000184832746389835e-01
5.217318826447254754e-01
2.340707853716644249e-01
2.236444614908383421e+00
1.636368545868253921e-01
1.241118012026149603e-01
1.884240808630011088e-01
2.360717215779812583e-01
5.155853458937186273e-01
4.339954896385161409e-01
1.487923064994370215e+00
2.764587014525847208e-01
2.953979204253537882e-01
1.719107047455497583e-01
2.217760354065172190e-01
1.169795789695922406e-01
1.322507861613911317e-01
4.930195449561462495e-01
1.414817239970435903e-01
1.241060595320355175e-01
6.258961672614256067e-01
3.332055467939261106e+00
3.133664442650940241e-01
6.071242349294833085e-01
5.076062856791913047e-01
1.367938031704698798e-01
1.278347185386991824e-01
3.043692196296888253e-01
2.084802997294635807e-01
8.924870062720957620e-01
2.497328561275981296e-01
1.521635963216748655e-01
6.715623725582643422e-01
1.374380153591820697e-01
1.158222442615767095e-01
2.924235451253444085e-01
2.129535878306563768e-01
1.304296921171921864e-01
3.078132234121677135e-01
8.302352803223558286e-01
1.257764152700509841e-01
1.973019739301641040e-01
1.335668533011206971e-01
1.053185587624545505e-01
2.113193026045488421e-01
2.636769909908590059e-01
1.927598807063505837e-01
3.443386781666889496e-01
1.594779222695076604e-01
1.069391787973345276e-01
1.345820340636071366e-01
1.407704871942558889e-01
1.320091259481646906e-01
1.076899099511424152e-01
3.257404949338346123e-01
1.314261542911765723e-01
1.326001990246961360e-01
1.587310222683756267e-01
1.717067200763291446e-01
7.781175810219432831e-01
1.682034458129551546e-01
1.395457561400289814e-01
1.637568305075931818e-01
1.196706857829562543e-01
4.327704017308622308e-01
2.504418439518726336e-01
1.183801727205958665e-01
2.666151613973299916e-01
1.037485658264043348e-01
1.357138676106204589e-01
2.309258752473338783e-01
1.163580897740707637e-01
1.702664849929713120e-01
1.013273532052939574e-01
1.042729158977792336e-01
1.197995234003903370e-01
1.343297058407677547e-01
8.441047694311761829e-01
1.305991820510473411e-01
1.272055540586633227e-01
1.123882911158557985e+00
7.054474393839567092e-01
1.900322588342101271e-01
2.419436825788039425e-01
2.687515038601132611e-01
1.323104518138767949e-01
4.667786541867239847e-01
1.188690354498597446e-01
1.423471269743512291e-01
3.046514524644490240e-01
2.950723619206434001e-01
1.855098509939408502e-01
1.786617134655779371e-01
1.982469502851640364e+00
1.470069572096191768e-01
1.341748425401696199e-01
1.124399287594646801e-01
1.397956456189263674e+00
3.434274202957272037e-01
1.115719042198541761e-01
1.567507490094516287e-01
4.779921058488194596e-01
1.027534306942705922e-01
2.034592156475536484e-01
3.507699533917300605e-01
1.013982426484583144e-01
1.548270261748173338e-01
2.480828424555940603e-01
1.025710764519405932e-01
1.537840372446746540e-01
2.848930640400659797e-01
1.120218907399442021e-01
1.638078965469021708e-01
4.263413411888850035e-01
1.264113666282828674e-01
1.093815030710539454e-01
1.466523528203534377e-01
4.122091968299202991e-01
1.330546541972396080e-01
3.536904201611216214e-01
1.121947205166190509e-01
1.033466775393120651e-01
1.071586794267597731e-01
1.303991825527762438e-01
1.354346167297831860e-01
2.116473937298445573e+00
1.515338027221475037e-01
1.428133695995268126e-01
2.092599095042314838e-01
1.357927026618929445e-01
2.570834389835289779e-01
1.436336316586163397e-01
1.943891771852581940e-01
1.536724511561406437e-01
2.634262029167798724e-01
1.510147418065975744e-01
1.518633296348291806e-01
1.005579184539148185e-01
1.050044917986668463e-01
1.287046095216657082e-01
1.347841915731294027e-01
1.835404818862522158e-01
1.837321677392756702e-01
1.178620206701832818e-01
2.362315539886914451e-01
6.119852613208724978e-01
1.226901048902993702e-01
3.337998523449821064e-01
2.500514764425377789e-01
4.655664631787856944e-01
1.918715521486903386e-01
7.850995523247664698e-01
3.479121134725618458e-01
1.214549359502948012e-01
1.624563322330818960e-01
1.652009993449527758e-01
1.742715050938400401e-01
1.775547862155670842e-01
1.928109199464916601e-01
1.124846570211736063e-01
1.597577079294434654e-01
1.188259322442622584e-01
1.876929258867818806e-01
1.170586421740177213e-01
2.135237951205860574e-01
7.583832550492308755e-01
2.442456711487444587e-01
1.626026589888916463e-01
1.674584380244095450e-01
1.031660271366117154e-01
1.108271822225626729e-01
6.452124540679649023e-01
1.071203628039136685e-01
1.141302609957684927e-01
1.588571087256803738e+00
1.179996662758637238e-01
2.425445731592505150e-01
1.754926880510672804e+00
1.084271400365432875e-01
1.368797433894174131e-01
1.255758256296136965e-01
1.293089128256491305e-01
8.584197003565343653e-01
3.203298645916599074e-01
7.547921530134324541e+00
3.482690340253402628e-01
1.231440228039079599e-01
1.416611267632848226e-01
3.261715333093011537e-01
2.212079335398431101e-01
1.463548095988303488e-01
1.143810407498963982e-01
1.050429077306120063e-01
1.004823571611948990e-01
1.659911176184838688e-01
2.908802302976775667e-01
1.655294381785556712e-01
1.337747183732409251e-01
2.873225144122795172e-01
1.830125870059170212e-01
2.027490934802139155e-01
2.826825598849661558e-01
4.310309163763955675e-01
4.267565886961823818e-01
1.721092495490186558e-01
2.587386005772046582e-01
1.089887427967547034e-01
1.340436044627898171e-01
1.188322921009453914e+00
1.426197868288744952e-01
3.495315390073219231e-01
1.125051629994924529e-01
1.466710539725490370e-01
1.064127994826506107e+00
2.169551435480320534e-01
3.191191456820169359e-01
2.085507529181931108e-01
1.016923612177583758e-01
2.071839811012070598e-01
1.565698494701957544e-01
2.164185618358932528e-01
1.063929569754943349e-01
1.285730885858730188e+00
1.371062616596782358e-01
1.103983454210165083e-01
1.203201480745636626e-01
1.650452408187210729e-01
3.155695418158295240e-01
2.560311330559418286e-01
1.295205337679285196e-01
1.290026131677520504e-01
1.358299373413107691e-01
1.562359397491580593e-01
1.100870191835956469e-01
3.604580620978172778e-01
8.595307862554432132e-01
1.020650716149687498e-01
1.628730625318755565e-01
7.809973683677577938e-01
2.050988175508687839e-01
1.062595776334900599e-01
2.022470491198304465e+00
2.250826676778132640e+00
1.720869545154062874e-01
3.463096710163732772e-01
1.956583160488702677e-01
1.080908917714313716e-01
7.561016126588095965e-01
1.025803224978852762e-01
3.235732805878837048e-01
1.060655999247323705e-01
1.073156159720685399e-01
1.267685337766398523e-01
1.196364976662196017e-01
2.157268399873034648e-01
1.479751562936395815e-01
1.125582622045996212e-01
1.273236535128664804e-01
5.428113831917377174e-01
1.198392836162582437e-01
5.642787000794299290e-01
1.610243863471036707e-01
3.021930939523285176e-01
1.003008681600681129e-01
1.198465578971207174e-01
1.100920359233802159e+00
3.212108766234664792e-01
1.190145888927912399e+00
1.954038809269768029e-01
1.380652409790844304e-01
2.664421695121831357e-01
1.665434203150707448e-01
2.107336119461077129e+00
1.029177922321620475e-01
1.111477813756347743e-01
1.093002347029879556e-01
1.481043710568023808e-01
3.188418671865939302e+00
1.376158052855454283e-01
1.276635772804272373e-01
1.152451915310802183e-01
1.895060639611778341e-01
1.487591895022369048e-01
2.729061265187832097e-01
1.704133499022826015e-01
1.708220403698532952e-01
1.482856886069873203e-01
1.139677372189206450e-01
3.769860771292269930e-01
1.880234414368785245e+00
1.376200063588608746e-01
5.459433557254392833e-01
1.485794364365204401e-01
1.042261222017620281e-01
1.240048476169855196e-01
2.098414537822907711e-01
1.042515311825569918e-01
2.891220589038070443e-01
1.701758559829701090e-01
2.114335302234841285e-01
1.009936170014556156e+00
2.155529930074284450e-01
2.648571699271653479e-01
1.029480415543126970e-01
5.631727367794816530e-01
4.779093935009687266e-01
1.100853721552341319e-01
1.507430910672790392e-01
1.124920672740331445e-01
1.368565552436575294e-01
1.175840247497617341e-01
2.424219058050639530e-01
2.372211409686445505e-01
1.013622550483591622e-01
2.058320992334380650e-01
6.484054734420473531e-01
3.274598526322711756e-01
1.356997019736242149e-01
3.124177471957678143e-01
1.702894052785896006e-01
3.358614496910885538e-01
3.171063989220225254e-01
1.226668732490321934e-01
1.477175151692174393e-01
2.693454996058896600e-01
1.235956352618550746e-01
1.206889178003229673e-01
1.708753414586022257e-01
1.165290453731991915e-01
1.468948940045284868e-01
1.393464841000509880e-01
1.172021903510550439e-01
1.672983983964735910e-01
1.986910958807419636e-01
1.315264829106668198e-01
1.165676857094461866e-01
1.022564847716139202e-01
1.615375104309039189e-01
1.630411390495873081e-01
1.360983523263126771e-01
7.901049473351449137e-01
3.031792731788917616e-01
3.041091180115284009e-01
1.118761194858335223e-01
1.160861012907180578e-01
8.669080216882634193e-01
1.061446784083513867e-01
1.004702905185686501e-01
1.939745687332410096e-01
2.649874132462951559e-01
1.352731466338319699e-01
1.070106263942062902e-01
1.071166198653190849e+00
2.690547964292462346e-01
1.322038194945438783e-01
1.929591001442846065e-01
7.259958874658454242e-01
1.143519365860662246e-01
1.384511192444561334e-01
1.003473512546015356e-01
3.534763366851529920e-01
1.177271185273246340e-01
1.212217245356594475e+00
2.546146445198004815e-01
1.168963685931763835e-01
1.215253005986726836e-01
1.258764638315003903e-01
1.328036988427250265e-01
1.283982658826019196e-01
3.165972794788778355e-01
1.854179580139533601e-01
2.167281030054329927e-01
1.016822865435196149e-01
1.046427909802990774e-01
1.079026016626479234e-01
1.310796488371427093e-01
1.035298623851784727e-01
1.291302822912111237e-01
3.078215906523141143e+00
7.531653719066677688e-01
1.058195781670555474e-01
1.103995611406068944e-01
4.855883178483788587e-01
1.414581438567209248e-01
1.147885011616644468e-01
1.292879498402689509e-01
2.905912412337705586e-01
2.592877991115260516e-01
6.096301117573386108e-01
1.621917236565210141e-01
6.572053288615870015e-01
3.726659969329734756e-01
1.371124449261484635e-01
7.552249701749829125e-01
1.428554535316834129e-01
1.351829195513482851e-01
1.002719796554358833e-01
3.922802681971953587e-01
1.190451391789175278e-01
5.236051505331443812e-01
1.482663278822806407e-01
1.166043591076618979e-01
3.788041227180946047e-01
1.175108979275159282e-01
3.409677100663880966e-01
4.506009042199212722e-01
1.200664523776203141e-01
7.208188652406422037e-01
2.626611143936807835e-01
1.121237607395826896e-01
5.996925959912461357e-01
1.073331125031027344e-01
1.699090775693228861e-01
1.020976413433634655e-01
1.465831152652409264e-01
2.051744239109031254e-01
1.089125471170769716e-01
3.235029831554792623e-01
1.542162444334358451e-01
4.289673426710498561e-01
1.406711037166431255e-01
3.499395210583671201e-01
2.560916293077644124e-01
1.602849772362830161e-01
1.014933977302023421e-01
1.028379275452012909e+00
5.373033866528542646e-01
2.187063752150812113e-01
2.585917655248757829e-01
1.930365064874112468e-01
1.056382893586252508e-01
2.240635138249200686e-01
1.784512537220306339e-01
1.711334953544146331e-01
4.665605635890840985e-01
3.443189377649247263e-01
1.336464040295310685e-01
2.339480807797129358e-01
1.836483457766852900e-01
2.725729496458442758e-01
1.209552242952507684e-01
1.302915764594564929e-01
1.175991814956202086e-01
1.359831567735970970e-01
3.180559672188833509e-01
1.478951470622085484e-01
1.448227914458133925e-01
1.453421396068802218e-01
1.037606132372777962e-01
1.076665450751023712e-01
5.487889567075906472e-01
1.106708347760091277e-01
3.170204226533239744e-01
1.197598891098687751e-01
1.335995071383994093e-01
1.519341849426620039e-01
4.205968439912344259e-01
1.128011239715874664e-01
1.139942707897621255e-01
1.672052117309248409e-01
5.806637207708952308e-01
4.403513516120248217e-01
1.301087242020711743e-01
1.541425720147548972e-01
1.006295252583806477e-01
1.553186907446869602e-01
1.140944298541140683e-01
1.188944322589400859e-01
1.099621054021440031e-01
1.262769941421660880e-01
4.330163454397782385e-01
1.317981394529785244e-01
4.623885966220717680e-01
1.073484750103380486e-01
1.629427101832834623e-01
1.689193044530612198e-01
4.475316185451284068e-01
1.273586090532327075e-01
1.285877642541031485e-01
1.044147331765505893e-01
6.464998432788835458e-01
1.239170986736497060e+00
1.493408611003242126e-01
1.049254955115896948e-01
6.770594448860840497e-01
2.476261690346814037e-01
9.457451663813375431e-01
1.846089902132043714e-01
2.054944497617481325e-01
1.419684354558129191e-01
1.292205486360482880e-01
1.969103960555084187e-01
1.951129898298759047e-01
1.159896472866621953e-01
1.355330776221495281e-01
3.949698823209816800e-01
1.520662750230935001e-01
1.069166087060179210e-01
4.328221776495418394e-01
1.141558805185344944e-01
1.676494787195657032e-01
1.908319516519688952e-01
1.229543831120790270e-01
5.935298566951158206e-01
1.251118565902117064e-01
2.376675941851890128e-01
2.258361888205190349e-01
2.070813883691053903e-01
1.329428314155552682e-01
1.343080175380877150e-01
5.847463124704631587e-01
2.005804342350685221e-01
2.044324021797526147e-01
1.772983926853751169e-01
2.129354936951185773e-01
1.490413274412280831e-01
1.085179341660853364e-01
1.035194530208505964e-01
1.542753205742548039e-01
3.552569907042580910e-01
1.407723971873924562e-01
1.128478794101429178e-01
3.987739336915407939e-01
1.019555247927173280e-01
1.053549172985228100e-01
1.272166920899156228e-01
2.755036372280779133e-01
2.046368636709065825e-01
1.408963873618351570e-01
1.704894816298584415e-01
2.362300896782214554e-01
1.140280561077443161e-01
1.282412922552001733e-01
3.378232761026560560e-01
1.039529794240084126e-01
2.621089408736304582e-01
2.852288338249570621e-01
1.315308646114602409e-01
3.177425958764797387e-01
3.330414920256349554e+00
2.881210444741524324e-01
5.069422418578372058e-01
3.765918117160751977e-01
2.961916074669374010e-01
2.992135112486879467e-01
4.509191275694373058e-01
2.562854067911825573e-01
1.404095379333809290e-01
1.654637704788665120e-01
7.487327448983407407e-01
