2.657908566265267392e-01
1.897335951097972040e-01
1.414229731289286807e-01
1.157833080471945275e-01
1.294541699519802525e-01
1.679942302419664690e-01
2.037663800661203839e-01
3.098954212130748953e-01
3.393465855980721813e-01
4.901497359310883484e-01
1.604509415242286741e-01
1.773363036009176219e-01
1.361102518703071751e-01
2.317773901370258904e-01
1.647842069275684551e-01
4.750994912773053303e-01
1.152781955490020938e-01
1.280231504435266621e-01
1.328448775697392559e-01
1.013997275202657422e-01
1.134908580377600451e-01
1.121847437585966195e-01
1.568137976972882042e-01
1.417596285100455877e-01
2.446088089703018498e-01
4.551576124907472098e-01
1.156348553673770541e+00
2.200325130232628545e+00
2.048789035082866361e-01
1.328200817380860155e-01
5.058272980591214107e-01
2.418645244902215274e-01
1.751248875739590538e+00
1.174241233931274109e-01
2.473912429723753581e-01
1.079875702011482280e-01
2.049237689451995914e-01
1.038979240940578058e-01
1.016632431882631277e-01
1.079816060517698184e-01
1.057586314351296741e-01
1.563914681753336422e-01
1.179499752024685544e-01
2.034459453264634010e-01
1.042441986465686421e-01
1.244677147565811659e-01
1.717241893862214930e+00
1.388777067649133168e-01
1.660695319472082765e-01
1.238740027275429673e-01
2.100130658178336052e-01
1.089920931212898791e-01
2.354721648868685957e+00
2.355349074237575724e-01
1.147997030947043584e-01
1.839333832216004661e-01
3.633480615210255005e-01
1.178410621300179373e-01
2.369900848354699330e-01
1.957741106507098483e-01
3.283186332113419148e-01
1.132889714380915375e-01
1.048939492718257704e-01
7.019150486848091397e-01
1.082629191180579237e-01
1.921954180797965095e-01
1.128939606260704331e-01
2.182920956998740114e-01
3.175836348178331936e-01
1.423319006432970657e-01
1.260605927841146112e+00
1.640818277143937243e-01
1.477463067515395745e-01
1.272108833829486418e-01
2.131832296625411072e-01
6.327451302906790254e-01
1.864792506342063394e-01
2.143563559331528590e-01
3.578960818760443807e-01
1.322032143861371078e-01
1.088818631202452397e-01
1.231717798189225110e+00
3.133117768723395202e-01
4.427076994211190386e-01
1.015568606051727163e-01
1.893340225555037171e-01
1.008406342020584656e-01
5.029077211473514941e-01
1.737460205790251344e-01
1.070423168116365620e-01
1.525448435423767957e-01
9.672038850883188488e+00
2.132152633797546604e-01
3.242805012813655408e-01
4.255865695728291986e-01
1.652084878040873950e-01
1.933804816223585188e-01
3.896308173524766216e-01
1.459244127776015143e-01
5.134435175979884525e-01
1.137778368265461859e-01
1.587228580432482050e-01
1.225869175652083004e-01
1.259395528258584696e+00
1.139551712313796455e-01
1.971921145336186232e-01
1.249822235700912831e-01
1.107179324876128856e-01
1.241799598346549627e-01
3.665405339618931779e-01
1.906107272667641794e+00
3.460533164513466264e-01
1.465347619216101627e-01
1.091898425072480444e-01
1.730694950674168398e-01
1.666940172372083362e-01
1.144320969981160729e-01
6.771626695809008778e-01
1.128247196389292467e-01
3.166782424578375998e-01
3.640758716163837727e-01
2.087682935585192523e-01
1.047432671876613042e-01
1.345956813049239420e-01
1.635519744421442268e-01
1.303258057742275322e-01
3.439132868771075380e-01
1.833923459462984407e-01
1.946588847832294300e-01
1.617350618078139124e-01
1.749250760830266815e-01
1.852307682962177904e-01
7.271667613411160191e-01
1.378497089182680324e-01
1.192955622436055463e-01
1.073721478198753632e-01
1.598400779454076659e-01
1.014871390488323311e-01
2.046552613252425878e-01
1.373936156668522368e-01
1.213244054009038619e-01
2.025858433215541599e-01
1.484638427041454489e-01
1.061375383576692866e-01
1.158192263528917965e-01
1.593529192564990260e-01
3.593399462733672389e-01
2.444094987562815957e-01
1.617470200220035847e-01
1.569486128277255421e-01
5.879120715189413149e-01
2.619552709438470739e-01
2.000401539827431907e-01
1.418243984875116881e-01
2.965682038341684312e-01
1.898268211835074659e-01
2.171060001899155767e-01
2.174316414414899645e-01
4.403920027933501125e-01
3.461552335331523622e-01
3.057434127158939474e-01
1.729195848212782827e-01
1.480227105991128445e-01
1.278865528473373814e-01
1.295119059098676362e-01
1.643148562785815558e-01
1.379101248474367547e-01
2.676096416591991489e-01
1.508522019015017812e-01
1.809470918864712063e-01
1.954852747483095676e-01
1.448381232278388997e-01
2.110164414932026444e-01
1.017698789000694853e-01
1.381591352910127857e-01
1.056100271011982672e-01
6.517234706081975748e-01
1.639895846935643386e-01
1.209920364244167212e-01
1.283174077253218526e-01
1.211646028966117533e-01
3.807715958713604465e-01
1.871791657944810727e-01
3.358955782278756907e-01
1.142000204549372677e-01
1.098482048148313323e-01
3.475693641124775746e-01
4.772569411471644374e-01
2.118143576125551264e-01
1.701097882661766758e-01
1.257644538682481661e-01
8.637867178368578980e-01
1.723723325834727871e-01
1.453511672919892972e-01
1.844738737355060276e-01
1.369243522879471264e+00
1.533962294261270731e-01
3.614268879909959153e+00
3.870966387975638412e-01
2.081232826693305837e-01
5.192598496550755449e-01
1.271561421776278566e-01
1.465343378411502195e-01
1.009798981003098561e-01
1.828690081616469731e-01
2.668069017838686219e-01
1.213193046057383928e-01
2.180664022373575150e-01
5.632136694013886169e-01
4.262650715875104246e-01
2.888231580471120608e-01
1.433406674645713030e-01
2.620379851141265148e-01
1.300031097544492587e-01
2.498154536226057376e-01
1.997671132686962558e-01
3.648950497406678317e-01
1.589033019029419957e-01
2.138102485122077290e-01
1.468169890600306837e-01
1.592337575934294203e-01
6.941308322671151387e+00
1.220990149872682728e-01
1.044041525353337080e-01
1.106654457986924883e-01
8.370448112588610989e-01
1.943922461674480739e-01
1.731693920062428171e-01
1.355232233163504163e-01
3.232790165645890834e+00
1.218809044795759883e-01
1.124117447911978512e-01
1.412827484497727604e-01
2.741214835418794293e-01
1.049865807330756518e-01
1.222576214009302858e-01
5.153350785368463249e+00
1.927557491483803953e-01
1.710222005412966872e-01
1.124865910264751662e-01
1.125420548651458602e-01
2.783283494620000464e+00
3.591295743144176100e-01
1.025132868366883526e-01
1.079418889134411003e-01
1.105743198004720401e-01
2.401433992915311677e-01
1.510915933810894063e-01
1.476385897537626224e-01
9.743004624669278080e-01
1.928635463083953339e-01
1.146616086465287732e-01
1.171918657450666673e-01
1.718960772780471491e-01
1.724894880008029374e-01
1.105713246084905066e-01
1.397091983143948779e-01
3.404596405021335315e+00
2.333850802821141990e+00
3.955332085144947496e-01
1.080263991818205122e-01
1.439179799546770888e-01
2.385917559831522705e-01
1.001440012842080007e-01
1.028033534016341566e-01
1.609548680239847873e-01
2.292985193384472764e-01
1.532177074754213775e-01
1.961815753017094321e-01
2.790966335653836339e+00
1.092441086273635148e-01
1.381976745424426667e-01
1.033593642578671257e-01
1.610521012709742461e-01
1.021827360944556617e-01
3.644634450217233423e-01
3.112745802220991398e-01
1.060878824996216441e-01
1.097645615453727852e-01
1.223552367948590458e-01
1.310851067643274415e-01
4.041518559601890437e-01
1.917345059672171947e-01
1.527865580309726856e-01
1.140356193687831754e-01
1.203036880045802032e-01
1.227831993844324121e-01
1.181167080748336401e-01
1.854553657244548681e-01
6.110736822460243189e-01
1.105815350926321328e-01
1.700566721254341551e-01
1.540757707386376241e-01
1.383742375012501913e-01
1.161057690552590449e-01
1.153252117965386514e-01
1.309753009755490749e-01
1.002708420537094247e-01
2.101973902708973441e-01
1.901361822873335050e-01
1.443420087827714526e-01
2.902182044402223382e-01
1.771226007568165173e-01
1.002869754654210493e-01
1.696406509514470362e-01
2.016871719879329283e-01
7.147027600928018698e-01
2.270306040977117523e-01
5.326488396927237190e+00
1.550323769142547270e-01
1.439520215887383214e-01
1.675173434443207321e-01
1.070815584006932497e-01
1.315412941610211162e-01
1.161876554729305844e-01
2.120329807226138397e-01
1.958327529600095707e-01
1.417830369215685449e-01
1.462542938327272335e+00
1.311097201928924094e-01
1.331021462726121873e-01
1.014753190072393285e-01
1.779209197320915370e-01
3.060222118617615950e-01
1.839608341707276162e-01
1.394650601849996285e-01
1.486276713913915748e-01
3.739388524036044159e-01
1.372398423419067814e-01
1.299524497687550018e-01
1.098693411778779300e-01
1.395310126485591606e-01
1.023656640111424015e-01
1.968058122713841895e-01
1.249957172337841094e-01
1.246450373548289720e-01
2.715900071298384399e-01
4.803603534586500245e-01
5.112578679805536153e-01
7.400318479256351445e-01
1.060728237384916117e-01
1.291542809797240066e-01
1.967920299186693978e-01
5.263746648495527536e-01
2.010346582582930308e-01
4.964260470103964984e-01
1.021884936715987541e-01
1.842965212271280961e+00
2.145566627870612031e+00
1.977888124588421392e-01
1.135059034073113565e-01
1.254802897534878503e-01
1.474828156814119162e-01
3.066139048992151395e-01
3.543628768038188381e-01
1.676805620508222405e-01
3.787650369193173994e-01
2.677262223116477213e-01
1.897872804762911203e-01
1.901479624260016266e-01
1.112422552091992256e-01
1.894180112365212443e-01
1.115548772000422018e-01
1.784017173383321830e-01
2.377646481526160815e-01
1.211798122184492010e-01
1.323928369463781840e-01
2.305904230818493217e-01
1.027629885372797758e-01
3.139573496522723994e-01
1.271355190175384176e-01
4.953215334098273193e-01
1.287034962739786459e-01
1.064502990438092739e-01
1.550140059180921126e-01
1.347200554031105613e+00
1.865285627188179585e-01
5.089818946161889235e-01
1.395213642901518003e-01
1.291418593011483817e-01
1.020030173594602962e-01
1.143060477766626309e-01
1.156153851377227926e-01
2.355112324477069419e-01
4.015291157750512929e-01
1.018213704578274925e-01
2.349402806546023736e-01
1.293073001023458957e-01
1.013299674012726748e-01
1.834893627772988534e-01
2.591809197941505327e-01
1.454535606198593123e-01
1.150922989177638328e-01
4.371084972768137789e-01
1.006788429334140311e-01
2.188947366100527092e-01
1.440267296385064622e-01
1.667975940217004682e-01
2.634104950574430171e-01
1.436435626937463683e-01
1.015474834578952712e-01
2.306292377058695442e-01
3.368687994125729723e-01
1.050489496747515905e-01
1.308486738528425730e-01
1.274491598911424994e-01
1.408868405874239116e+00
6.766013132507451289e-01
3.118562436649300329e-01
2.286780607676859034e-01
2.010032264339415287e-01
5.091002241801467321e+00
1.413323788785879886e-01
1.148251172316739760e-01
1.075455844028140179e-01
1.016559348481780867e-01
2.064945367486832051e-01
2.568677984555297056e-01
1.126884656316487154e+00
1.419788795833316630e-01
3.027177461598342667e-01
1.716578580651614505e+00
4.650284025259502352e-01
1.124496930031683856e-01
1.318356897959723772e-01
1.182724384799915401e-01
2.658076588659063333e+01
1.470535775896751607e-01
2.316833861429241359e-01
1.082494548022780445e-01
2.036358335939987829e-01
1.954220673234662309e-01
3.694438292969975945e-01
1.154338009941775073e-01
3.865270318142962069e-01
1.329815137450760520e-01
1.196226562810437655e-01
5.479540697404293725e-01
1.300438014098138639e-01
1.843379189971669219e-01
1.034117999086040518e-01
4.028880158599207895e-01
1.010127168018344346e-01
1.839112247419704138e-01
3.157052349089708443e-01
1.590593569796490692e-01
1.507713865896427308e-01
2.610209800739737296e-01
1.118654473903913094e-01
1.087446773208852885e-01
1.016757307571655861e-01
3.488569890455161016e+01
1.903109489869660442e-01
2.489505927641253891e+00
1.540098752441922125e-01
1.195785688830522525e-01
1.820884658075148099e-01
2.639534725759141165e-01
3.985545358035647023e-01
1.262657290472492533e-01
1.247374205571374350e-01
2.139474998865257271e-01
2.815862596135622620e-01
1.070801693400122573e-01
1.113580073173246476e-01
1.408616218661928876e-01
1.622162606919857752e-01
1.103039057779409138e-01
1.771250005276445993e-01
1.603303022686809243e+00
1.874424000875858365e-01
3.920270652581269166e-01
2.005470030795087344e-01
2.721351744576272491e-01
1.966309369500880699e-01
1.939069107470659803e-01
1.499598668252719313e-01
1.548503862563139488e-01
2.120956004113389026e-01
1.544626110576217404e-01
1.480192172918041171e-01
1.361010298372467842e-01
5.567587150816086794e-01
1.420579692659148241e-01
1.209251234922951723e-01
1.159540198574561531e-01
4.975432002870374126e-01
1.000559397900930292e-01
3.576632878721539566e-01
1.705015069370157399e-01
1.018247529919510397e-01
1.415341442722359566e-01
2.805783254671691540e-01
1.495872045913481108e-01
1.065762963510508143e+01
1.331788344326506335e-01
1.090132408366547428e-01
1.138715618739521568e-01
4.206014552502714832e-01
2.802866956779121455e-01
2.947942782232826908e-01
1.072087773460880800e-01
1.692269045370775604e-01
1.066360972282500985e-01
2.082629596908827097e-01
1.862699003781268514e-01
2.371322881534399518e-01
1.925539316044955485e-01
1.006107643596780427e-01
4.009891949546852685e-01
1.031441346027856948e-01
2.375521445341974569e-01
1.264932150105224362e-01
2.327152818768891684e-01
1.194503915278682799e-01
4.699435052841767213e-01
1.313792576032016546e-01
3.238033802001349937e-01
1.923699345894996637e-01
1.194080085935959046e-01
