3.455793164876544976e-01
3.168987245933563290e-01
1.516806030352038648e-01
2.008863486796800546e-01
1.467628247655365925e-01
3.703625002612314643e-01
5.997279281918518024e+01
1.231495931469439586e-01
1.698019303619277831e-01
9.525352996068484623e-01
1.173329652890393870e-01
1.047979611061510968e-01
9.188196117609832569e-01
3.329486251533881336e-01
3.620853496068757726e-01
1.022157005786491768e-01
1.957011217015733329e-01
1.659864570814273410e-01
1.465101169836644512e-01
1.256034789703533716e-01
1.631957935017932237e-01
1.429733636191894142e-01
1.851711049901654249e-01
1.051985981644457224e+00
2.600392611264992770e-01
2.091944279026639597e-01
1.041610001845257039e-01
1.071953001828411661e-01
1.590417283326429621e-01
1.181158791323500268e-01
2.171980049338170515e-01
2.361434279554520954e-01
2.580574110342488958e-01
1.384780872694748033e-01
1.286434051148612479e-01
4.415620518522934690e-01
2.643944910660149250e-01
1.338192206754432179e-01
1.146908948773875808e-01
2.907851764501942493e-01
1.133100429681100779e-01
1.022581196085680655e-01
2.413997189089661655e-01
3.829232588574714713e-01
1.498477861303613434e-01
1.615850709779008409e-01
1.200600242058661310e-01
1.061090034688102479e-01
1.841217452539947619e+00
8.772953233052263045e-01
1.297042590755649871e-01
2.592508317686598729e-01
3.900449737461141875e-01
1.367465460545415346e-01
1.840791057354524973e-01
1.178042278372277568e-01
2.186490142593412456e-01
3.244464676080214272e-01
2.449864264654237067e-01
1.511529082501299193e-01
1.074245141643104251e-01
1.461571040114285902e-01
1.116459625304334624e-01
1.795468802532227404e-01
1.143902019101415146e-01
1.208048611921228033e-01
6.162531423738137892e-01
1.480652466126264610e-01
4.792416314879250350e-01
1.776713082331718152e-01
2.807945535543237003e+00
1.302307924028400510e-01
2.834922275652108081e-01
1.762698359263417114e-01
1.389731041081515128e+00
9.282346168788168095e-01
1.531208649489100848e-01
1.499297705624848820e-01
2.317052492968549038e-01
1.163079242195952934e-01
2.312334479015968614e-01
2.305932881214701191e-01
1.002148679610284088e-01
1.061202105602277457e-01
1.760505227972229692e-01
3.340180265860179243e-01
1.312246101639246709e-01
1.313578010909061677e-01
2.885559584933954369e-01
2.065056132769510777e-01
1.161215502431563185e-01
1.356095460433635047e-01
2.954136491617567750e-01
1.788347706457389386e-01
2.128080970650421677e-01
1.628522026541006085e-01
2.842819465058748496e-01
2.114669331819642173e-01
1.460357254406091210e+00
1.462628097355256063e-01
1.091955452329552573e-01
1.341073249134660805e-01
3.784896195081540737e-01
2.113018728081394737e-01
7.476380474984553048e-01
1.547121217466121967e-01
1.919955141569823498e-01
1.806528401317186450e-01
1.988816818561092992e-01
3.376106151897613761e-01
1.589651317432418942e-01
1.222587294234006028e-01
1.845131445757228483e-01
1.009433435706901111e-01
1.828519043488853191e-01
1.733952669318085116e-01
1.267369759978727861e-01
2.742576624830680987e-01
1.720950447275287898e-01
5.333993703195275549e-01
1.303427590095737887e-01
1.684711176467540428e-01
1.203881729056115041e-01
1.018554444529288089e-01
1.247945005089191040e-01
2.115089363414474899e-01
1.119877962340386085e-01
1.589725423164561890e-01
1.469454088799764246e+00
1.990938741759206154e-01
1.260210834677540359e-01
1.387907409094419620e-01
1.087931493124254745e+00
1.277676076089314383e-01
1.176275879058889251e-01
1.174831114389662812e-01
3.621656427179800186e+00
1.346697324215064551e-01
3.636343101529694311e-01
1.973080144216917131e-01
1.842810306749792792e-01
1.012388973985036272e-01
1.986322433448173830e-01
1.274773125558813225e-01
1.037599191053424574e+00
1.712100944842781802e-01
1.316624475811165318e-01
1.022336613569560931e-01
3.513248951789921803e-01
1.422101662485100171e-01
1.161554744755717988e-01
1.605647006686028444e-01
6.988477812669395828e-01
1.065699096712144078e-01
1.649734145790732742e-01
1.573522564674909585e-01
1.564086446380175688e-01
2.054956789417373697e-01
3.127657346972017582e-01
8.288110299610753628e-01
2.100415196960895292e-01
1.261729763806161975e-01
1.505905920293918454e-01
1.045501307085298648e-01
1.476526850286560277e-01
1.073408124878448278e-01
1.577351872554827450e-01
1.002838340816137042e-01
1.023576433844590600e-01
1.003106797308876835e-01
1.697534879957583731e-01
2.115433290689889556e-01
5.266223969469344679e-01
1.098623808054602080e-01
3.663343223372964030e-01
1.942610323767974823e+00
7.239783662719494473e-01
1.133995422435149919e-01
1.898799884277979910e-01
6.238486534866268807e-01
2.351379403806469759e-01
1.085769473658279305e-01
7.014703509004148740e-01
1.012878137061062750e-01
1.039654330867695320e-01
1.271579695045384761e-01
2.409261826307477206e-01
1.048162869408301723e-01
1.075538211305263475e-01
1.904514526361873461e-01
1.027404861146690440e-01
1.510929057995432645e-01
1.596419100277217673e-01
1.154495818514779115e-01
1.400979039057033970e-01
4.498983987297353604e-01
3.143133743627921639e-01
5.293827627249266810e-01
3.070107506806674103e-01
2.601610994135781785e-01
1.467006655191299969e-01
1.630878511017350152e-01
1.569269534088473805e-01
1.253359245819922752e-01
2.342013083673272489e-01
1.235050287128020702e-01
1.326831525222322006e-01
1.054281709584169308e-01
2.513259131919631795e-01
1.116997110450666658e-01
1.052748632846428473e-01
1.317162465490973600e-01
2.053663678978729923e+00
1.049966438138217883e-01
1.669278074683963942e+00
3.311460032395257547e-01
2.621731279730760700e-01
4.395123862842378326e-01
4.415270869713465718e-01
2.194005434593549797e+00
1.757971489580864577e-01
2.769864894855783577e-01
1.525112865349303737e-01
4.116410911839955133e+01
1.155729410801524665e-01
1.526097334328432031e-01
1.478249351599998374e-01
1.696179795920316757e-01
1.142170502217641215e-01
1.593735699456469146e-01
1.087027441472433742e-01
1.582803564588316503e-01
1.982762637073949286e-01
1.944157996355054263e-01
1.100436509323294426e-01
2.120837465977164771e-01
2.497999219580629426e-01
4.195500221501016203e-01
1.956974975150172491e-01
1.582260986408118020e-01
1.768003200326108693e-01
1.118798984639258337e-01
1.730627132420877179e-01
6.126416584687079947e-01
1.440692228544097897e-01
1.027780269757956194e-01
1.018931960922668245e-01
1.883268952308802868e+00
1.192413333901659045e-01
4.233476067779885499e-01
1.082126339095558498e-01
2.521833256795883993e-01
1.117474451111593603e-01
3.628986133395341040e-01
1.091916796363810171e-01
1.219292368281657685e-01
2.029669679523423698e-01
2.063862047101480968e-01
1.445260407554488369e-01
6.457965491405834868e-01
1.330621267899607385e-01
1.039636227558151521e-01
3.794224822600209546e-01
1.931090895712319899e-01
1.567955579269922628e-01
1.599192983315667060e-01
1.492705381207899695e-01
4.061754726835870577e-01
3.237856570486680852e+00
3.427024929762780281e-01
2.077150813173189448e-01
2.751551968887205879e-01
2.844698280746199570e-01
1.693957985920895304e-01
2.375020660845126863e-01
1.932967599516762225e-01
1.072449783237123255e-01
4.202089912432688812e-01
3.235328363725809009e-01
2.442664183944607825e-01
2.183158269294919185e-01
2.086937608744747763e-01
1.425022908384253051e-01
1.401915231739601642e-01
1.722740252827570373e-01
2.759741727514913867e-01
2.088477251842342786e-01
1.845959430660611689e-01
1.087235009628764737e-01
2.443391990224291765e-01
2.230242415972594761e-01
1.519568919068109425e-01
1.229411541706411648e-01
2.137460990500331115e-01
1.491871097962574333e-01
1.576895874736125025e-01
2.288636994149908510e-01
2.352242415441753443e-01
1.289850286372926924e-01
1.621744458896932917e-01
1.644209264360989853e-01
2.601596738797647412e-01
4.453632247854550918e-01
6.755757994875598582e-01
6.824993466652440333e-01
4.680784308181558107e-01
1.736318191198357175e-01
2.168229593791383136e-01
6.778522806059171790e-01
2.748778776930572709e-01
1.774327590572303548e-01
1.138205625429877660e-01
1.262033566700932474e-01
4.052965175841780066e-01
2.388730182845698602e-01
1.412764809651385067e-01
3.000971725543980506e-01
3.345941636538306563e-01
3.575774726146562776e-01
1.276998890227738492e-01
1.562214527728298386e-01
1.086381628245473019e-01
1.223454544880624717e-01
1.105968422903943760e-01
1.969340200328478230e-01
1.416002413157770867e-01
1.028366882058466825e-01
1.641942942838031660e-01
1.225374189088247329e-01
1.062404979817929834e-01
1.365450904941881982e-01
1.318444424255801606e-01
1.215352156092975422e+00
1.274070434947252861e-01
2.918229133845764989e-01
1.655098506831703953e-01
3.097838007981813524e-01
3.398603137901590743e-01
1.083862430037806635e-01
1.814646073426598172e-01
1.076161562108454706e-01
1.429001763481602683e-01
1.022000101949306905e-01
1.303617973477904368e-01
1.091006170758531957e-01
1.142716359272371723e-01
1.349045232290876084e-01
1.874070455607211416e+00
1.784911171302282218e-01
7.021091686543438071e-01
2.425205059278641717e-01
7.299185492703528233e-01
2.146902325599476802e-01
1.844748678096299055e-01
1.285449168821648502e-01
3.085852923568819239e-01
3.509798163716437713e-01
1.401219169097894512e-01
2.987853999755851753e-01
1.128666572419712577e-01
2.341815327446391537e-01
4.048371584673579604e-01
4.366116154580930164e-01
1.180353667683466529e-01
1.026561299009594308e-01
1.726319507276859455e-01
4.943921028620986147e-01
1.362303129049330097e-01
3.952747393596135472e-01
2.324247918612883934e-01
2.156312189776198318e-01
2.091192118696298119e-01
4.321647719245940156e-01
5.355711769896575047e-01
1.080733601824041684e-01
1.128493866407703355e-01
3.275296480352561379e-01
1.114166294061501861e-01
4.675237702963084274e-01
1.332098628355165570e-01
1.887957118752976726e-01
2.166506307581581303e-01
9.148300358935892440e-01
1.002100396603862187e-01
2.141206005575696514e-01
1.186708770319909317e-01
1.433706194046362181e-01
1.003271049219516542e-01
2.266024186499809301e-01
8.136810817554556152e-01
6.853323713190375699e-01
2.848967503922482103e-01
1.041210986427910656e-01
1.370330132783217914e-01
1.630841942118360921e-01
2.124148977147457262e-01
1.157857658312617527e-01
1.798681060363979123e-01
2.113332449415226133e-01
7.833482247732588277e-01
1.236538926784791770e-01
1.112900451643846628e-01
1.869947720511762612e-01
3.489842814908777902e-01
1.342027505831137058e-01
1.897631267657757526e-01
1.052178324419077299e-01
1.341113801840825570e-01
1.137473269419222444e-01
2.700477677924048581e-01
7.508606073935752967e-01
4.582084776945645199e-01
1.791942690824782636e-01
9.178709834456969530e-01
1.359186324558462056e-01
1.894699771977532143e-01
3.367145418826695269e-01
3.961310229908303615e-01
3.080479802157354285e+00
1.364322011142884428e-01
1.309471783936146660e-01
1.057189882132382741e-01
4.545407779428416450e-01
1.205200990030553670e-01
1.176983899021891294e-01
1.391339857549145353e-01
1.069558014714485084e-01
2.779702640951393078e-01
1.121366488085642904e-01
1.159688338804823887e-01
1.690003737109403437e-01
2.850360869103054084e-01
5.205541750060579398e-01
1.981132228881531399e-01
1.507906801802640639e-01
1.153723310557793758e-01
3.000297371949211533e-01
1.406275910862699041e-01
1.602166908295603598e-01
1.023458391177180515e-01
2.901350968862027035e-01
4.069969380896785727e-01
1.800860800570501241e-01
1.222873254618375594e+00
1.461003505550920456e-01
8.637223919868534106e-01
3.319609443564852103e-01
1.439199673647628963e-01
4.690260627744150534e-01
1.108499730599623451e-01
1.865339460867700416e-01
1.006633103470170182e-01
2.233887565191222113e-01
3.965108482756516950e-01
1.042993590791510272e-01
1.244733056289479417e-01
1.812149235576375472e-01
1.013196400423625881e-01
3.770010387552860109e-01
1.033166832718494244e-01
1.448785594769002871e-01
3.725092520036980548e-01
1.141265252947898656e-01
2.062422058591255603e+00
1.236845999356274844e-01
1.383493501713330687e-01
3.586460537579887475e-01
1.464011841728360963e+00
1.070747854261813181e-01
1.093908011207853220e-01
2.672253034131114036e-01
1.284089055296461890e+00
1.138545760875302737e-01
1.704552974619046313e-01
2.900761737429334297e-01
1.207789394704798236e-01
3.377590367286840145e-01
1.046950639892455098e-01
1.123811432309005931e-01
1.283299786570360757e-01
1.703212640259816335e-01
1.001965461283070291e-01
2.014843759679675606e-01
1.456377074561771845e-01
2.742677531510760991e-01
1.247163900821309790e-01
1.239480607870208084e-01
1.202354082298567467e-01
1.346294404376802145e-01
2.441314482795887697e-01
1.778808651935936680e-01
2.179071783015280594e-01
1.433355688679509854e-01
9.908379236479575525e+00
1.151467710935968336e-01
1.077228201922160178e-01
2.107857480939055450e-01
1.176813015396927398e+00
1.478459948475552566e-01
1.085956871653204481e-01
1.047701600955211476e-01
1.839571576815597354e-01
1.894613063269761644e-01
1.122860124791381087e-01
3.536615465691081428e-01
3.005187876586698503e-01
1.575094498529141795e-01
3.192192098465995720e-01
1.748461841488232194e-01
3.748456504631501596e-01
4.326161791108680821e-01
1.721895415580947108e-01
1.266073818831446318e-01
2.203807525094346742e-01
1.631497424050744882e-01
1.958371331844915852e-01
1.001477580455564786e-01
3.611800293329966993e-01
2.021426158623641778e-01
1.021887129850925779e-01
3.653308139821084821e-01
2.508837755282160020e-01
1.128274109173990070e-01
1.140786270072171593e-01
1.102946962619440613e-01
1.351569997386971866e-01
2.903368066005955761e-01
1.251686803297669404e-01
1.199999693113337068e-01
1.026810084932592154e-01
1.896839193072898389e-01
1.386231198087225225e-01
1.423030243893703695e-01
1.222830512681337967e-01
1.177660783729201494e-01
2.564020321343624675e-01
1.800946289106702125e-01
2.692792555314242886e-01
1.370845553557827889e-01
1.749526864647361901e-01
1.267526626721794947e-01
1.021457252291666506e+00
1.439542304570880227e-01
2.773437360743624125e-01
1.393882783902052613e-01
1.369923070129732412e-01
1.036479433031801262e-01
2.474817377193956891e-01
1.924685771558809488e-01
1.329210808164916491e-01
1.246734200135274223e-01
1.132792088328907210e-01
1.128365703847051676e-01
1.258443334152037352e-01
1.607700442757254988e-01
1.196113031273487171e-01
1.122751813510649149e-01
3.790874333538574170e-01
1.534192595437875728e-01
2.627647552991785873e-01
1.029854576666360544e-01
2.363912324529956754e-01
6.191155291537406846e-01
1.239097946408955209e-01
1.114758941981932178e-01
1.761373865643280634e-01
4.778432773663279787e-01
1.177649987467028619e-01
1.212840463219228559e-01
1.144631024638947392e-01
1.765886705640001553e-01
1.289242623008638178e-01
1.384526493582300510e+00
4.914307398471569610e-01
1.194287195488385189e-01
1.074778591009638851e-01
1.616301034803383496e-01
2.573727939573296486e-01
2.513770583177015183e-01
1.427188773401265043e-01
1.690498308477252909e-01
1.964744080783417945e-01
1.968357808489561434e-01
2.948835843423375791e-01
1.994078824322656207e-01
1.193583726267093970e-01
2.604773481764786625e-01
1.742676128878482000e-01
4.463831475760022816e-01
2.882637100854033019e-01
1.436365302554990786e-01
1.044000510407274984e-01
1.451440538137708514e-01
3.219693945570993310e-01
1.844331351833459198e-01
1.117780238930348863e-01
1.577521072949072678e-01
2.295169905464762294e-01
2.512352747218674631e-01
2.308122793717466148e-01
1.303820180446082500e-01
1.046037086162165952e-01
1.890169170914054175e-01
1.794907350917157030e-01
1.131019591463534035e-01
2.018528987738481273e-01
2.028275999783778483e-01
7.660290252308126213e-01
1.159765981503265153e-01
1.454979968382172639e-01
4.204304333798777882e-01
2.777874516042989628e-01
2.973748223562398540e-01
1.596143748351274150e-01
1.276428185551433392e-01
1.316023921237413907e-01
1.664492995785347151e-01
1.089953760221246681e-01
1.332265027895508103e-01
1.067800897501783863e-01
2.380259819649781228e-01
1.332024903789402470e-01
1.898357007670710417e-01
1.288024788876784565e-01
1.712302857249406729e-01
2.576093004225120664e-01
2.107500188603987912e-01
2.117626460884395601e-01
2.676351097900026010e-01
1.454223180875150456e-01
1.346696831317795440e-01
2.653125643291652236e-01
5.715108016303667160e-01
1.904797378680885833e-01
3.143333132243178452e-01
1.834205585778519443e-01
1.524940132122213632e-01
1.954666256079581999e+00
1.506093835214370180e-01
1.437669416059099703e-01
7.368715332920072747e-01
1.021525420488644142e+00
1.849969920700637871e-01
1.231997503524368542e-01
2.260549653386186852e-01
1.251963037888818853e-01
1.072388072536780979e-01
1.134276954147180050e-01
1.425973141494602803e-01
9.090889130567503251e-01
4.484205328940083501e-01
1.083507834779460499e-01
1.919145307211356233e-01
2.915954267525734944e-01
4.416299219458150183e-01
1.304183095494943212e-01
1.267601651034131915e+00
1.033465060489607290e-01
1.916489607544737406e-01
1.035814820269016362e-01
6.468441344898913092e-01
4.499016806157411508e-01
1.383418727774048396e-01
5.091175568572718912e-01
2.739960161856340171e-01
1.030979138960282787e-01
1.319727162828897016e-01
1.268972185581012935e-01
2.389242202149387539e-01
1.280748786076724433e-01
1.528223939689785926e-01
2.554742896547044784e-01
3.571030743024395271e+00
1.216722910257853618e-01
1.395591265353410548e-01
1.955805060612827662e+00
2.335337671364590140e-01
1.724078346685358754e-01
6.757369332656712579e+00
1.280281828069226580e-01
1.212516059624449416e-01
1.602659333296902189e-01
1.474219860508124424e-01
1.005383954818287739e-01
1.210507049571606930e-01
1.278328904788162135e-01
1.134711319776486455e-01
2.295683861511617629e-01
1.434439081495172130e-01
1.359316770740602032e-01
1.060737402451648326e-01
1.266830966970587946e-01
2.338468854986577306e-01
1.512609793234955535e-01
1.843713175261131598e-01
1.751026547870203620e-01
1.682145468755178175e-01
1.210350153506579707e-01
1.181767299073099714e-01
2.966700442269714633e-01
3.421920098300736957e-01
3.708339477602242695e-01
1.685134826210542836e-01
5.239886114943463902e-01
1.923139346534200600e-01
1.727441530781488321e-01
1.230883292620551794e-01
1.400711883284870563e-01
3.028340033384945285e-01
1.357132163948295167e+00
1.348525985244851400e-01
1.598422691119869010e-01
1.041648348530936491e-01
1.430955555411191904e-01
1.337991248244719822e-01
1.511942638469702116e-01
2.666645999946021917e+00
2.547663170791751863e-01
1.295968631185274444e-01
1.018223709861563187e-01
3.756383555785269834e-01
4.880434100461640279e-01
1.187008597916036079e+00
1.492438344070880774e-01
1.104284558867817678e-01
1.034000911942985490e-01
2.586593581305373646e-01
2.165983914345500638e-01
1.708849364642849589e-01
1.402114511179327616e-01
2.710417546727434956e-01
4.150507151406486184e-01
1.066393842051379243e-01
1.363444199226124809e-01
1.649996900986641646e-01
1.276976049276408176e-01
1.444989733179225244e-01
2.291950484601603666e-01
5.495854384261281700e-01
3.584947561328878929e-01
2.878602828181013318e-01
5.223007832269564332e+00
1.086091833697558073e-01
1.027879386338466788e-01
2.412403029070587235e-01
6.560441392012145156e-01
1.158075286663735187e-01
1.281881158301615142e-01
4.929126206577034708e-01
2.092916552520970586e-01
2.396511076690766573e-01
1.239033504494702065e-01
4.137723140376204611e+01
1.232690707637803529e-01
3.210123613201076309e-01
1.717583155241112214e-01
1.565794266884165675e-01
1.462798716020420886e-01
4.668610838133283036e-01
4.108945377967496149e-01
1.848509364055561655e-01
1.398694467344329118e-01
3.019778706543717606e-01
1.905224936058585172e-01
1.225809509172833406e-01
2.556997980499851941e+00
8.151515015509375184e-01
2.209777292896721035e-01
3.115730531915616996e-01
1.391772436837672433e-01
1.313185879283029212e-01
4.178362502480924556e-01
2.872635860649149775e-01
3.398362481123332057e-01
1.850956913180426266e-01
1.192035537207787321e-01
2.045662932099056863e-01
1.990394379231194000e-01
1.588232583637114281e+00
2.170268895923465335e-01
2.690812271310660253e-01
2.017463390206538643e-01
1.150785971604802865e-01
3.189934785712287835e-01
1.817162128641527374e-01
1.913836029625862745e-01
1.010151745240067123e-01
4.231727149386231845e-01
2.557446378808888587e-01
1.023190841606470142e-01
1.209861545662070104e-01
1.312881520784356382e-01
1.548870261597782572e-01
1.393599731155777677e-01
1.123143108194676193e-01
1.686357212736170064e-01
1.956499385625588561e-01
1.607290663278887755e-01
1.376211229384244616e-01
1.307318927755573845e-01
1.772493658526110294e-01
2.509347396016089471e-01
2.248390537290738678e-01
1.609923339388328323e-01
1.707212439050946329e-01
2.692071843904849104e-01
3.227072159176116450e-01
1.069065346440984110e-01
5.375057753270517935e-01
1.979724629985374351e-01
1.075226186327557648e-01
1.250009981621601207e-01
4.455427705773367109e-01
1.250334416789091463e-01
2.307143206445224082e-01
1.453124881002663960e-01
3.024554973473239095e-01
1.366825031070733942e+00
1.329658593687440271e-01
1.920902452891812828e-01
1.699252290144512012e-01
1.465123017058909127e-01
1.214092871352432934e-01
2.388699203299455009e-01
1.106608878965477105e-01
4.839058705050672815e-01
1.086682325743753563e-01
3.485949081111379688e-01
1.963331506815658156e-01
6.275259266932420310e-01
1.466387237083582595e-01
1.767156114341724704e-01
2.054562773477916771e-01
2.302442822204095740e-01
1.260507996321593716e-01
1.489022493606097786e-01
2.534960695040376355e-01
1.965619331142768045e-01
1.377951447675656582e-01
1.573296873851069144e-01
3.273874092875401209e-01
8.522536837748992955e-01
1.028309806928252162e-01
1.416377543094274605e-01
