1.946734496941561421e+00
1.815213666341105037e-01
1.207105037467952197e-01
1.731637888477407794e-01
1.090569014601368708e-01
1.478092120456703795e-01
1.682232060865719581e-01
1.095223301421788115e-01
1.435239519385181906e-01
3.468424846916540738e-01
1.552077093499253935e-01
1.042903047871956979e-01
2.112084431934863893e-01
2.580615075760644972e-01
1.990187169008112988e-01
4.023663625043460979e-01
3.966495399733123151e-01
1.036318309526213510e-01
1.547608110962457595e-01
1.394664707868281395e-01
1.948025245217031853e-01
1.725211164697369459e-01
7.739328262666194114e-01
1.300583918769714076e-01
1.526392030439183145e-01
1.663651325266975178e-01
3.143867487360579305e-01
4.190979485779341984e-01
1.045806523469973159e-01
1.029117166027419955e-01
1.103282606169739832e-01
1.214226104230399228e-01
1.239290594783391875e+00
1.890893602403118934e-01
1.565206523315352538e-01
1.025571214448557644e-01
1.855461591581231140e-01
1.005191569536793283e-01
2.160029652478734075e-01
2.280774369424072023e-01
1.032587686792795223e+00
4.482020363750104375e-01
1.344368600972488947e-01
2.223902299433206942e-01
8.029284467479027576e-01
1.069419263779802370e-01
3.734578112422226592e-01
2.907958417420019592e-01
1.239457139489389403e-01
3.352379441575997765e-01
1.789816799673877856e-01
1.500089092326423179e-01
1.528300155593337040e-01
1.348241967177595535e-01
1.168502783169939746e-01
1.109247750092285517e-01
2.837595999701762461e-01
1.152235627887580327e-01
1.720612934755861578e-01
1.199130695047895545e-01
2.401041739631823713e-01
3.460713150461476317e-01
1.042298478926936139e-01
1.016862926837391462e-01
4.135590245842546975e-01
2.193665149927521707e-01
1.017743851170786196e-01
6.136194556151877144e+00
1.523328175728381750e-01
4.644517430904451238e-01
1.561519569139919184e-01
1.633350213351520974e-01
1.114209083856727345e+00
2.563981889466304120e-01
2.669532077250532653e-01
1.752898453607857343e-01
2.497439602324320329e-01
2.870500905502685884e-01
1.236456593833416967e-01
1.014691053973066359e-01
3.120509710994172625e-01
5.054529778159137621e+00
1.107076911507961781e-01
1.482179287130066248e-01
1.125755656859804416e-01
1.057667823812522556e-01
4.420375208106035458e-01
1.910612724271231744e-01
2.012628940146994339e-01
6.454430890692404166e-01
1.357952315843860003e-01
1.291201118144920390e-01
3.913814770176968327e+00
4.569646431257083918e-01
1.034003463806906220e-01
1.056723909579050380e-01
5.292199774802364143e-01
1.446178398379332208e-01
1.646508510509043510e-01
3.011599949376643881e+00
1.128213064243701047e-01
1.139016666052899973e-01
3.828392000126017991e-01
2.006679885968757626e-01
1.870348300144709097e-01
1.962378257066842435e-01
1.348659031126442365e-01
1.092638711432271648e-01
1.495513234868270092e-01
1.831692121102306281e-01
1.129446360884817785e-01
1.119319737182683794e-01
5.255237554135322453e-01
7.672252015921516843e-01
7.853987959874595415e-01
3.712323029334989588e-01
1.703251209521212117e-01
3.874148742967809533e-01
1.263425726695717732e-01
1.603344678424159786e-01
1.364848992179464593e-01
2.965795394706962074e-01
1.424335161406141415e-01
1.059968315184223048e-01
1.532949712089099359e+00
1.031289385549047366e-01
1.941795169133926080e-01
1.158470972881600752e-01
1.254286626953618200e-01
2.126351834899159743e-01
1.361703849709160197e-01
2.893651735288764182e-01
1.377082634116019444e-01
1.012692804003386265e-01
1.224844249520490591e-01
1.126383570263690403e-01
1.118485561085691277e-01
1.075490623042328342e-01
1.349033105169943070e-01
1.268121660355432112e-01
1.200108740222209036e+00
1.051234561142361246e-01
1.528078961973325933e-01
1.980098796657155102e-01
1.161331883467718318e-01
2.072840719308903512e-01
3.202253575571377686e-01
4.404035939297416546e-01
2.578345694797282150e-01
1.589372969849232597e-01
1.512718318844963883e-01
1.139928602492247256e-01
1.803852152141795229e-01
1.006010121663258039e-01
1.234497871002041419e-01
1.332094806096424666e-01
3.072985811490896446e-01
1.399190012193251009e-01
1.102529182010605624e-01
4.265193698585340032e-01
5.073139234172411305e-01
1.183737606006250581e-01
1.182836087817613846e+00
1.783838160857640354e-01
1.202207809056151516e-01
1.579731452244137468e-01
2.024037944766268193e-01
1.259938656846673333e-01
1.248463346991635775e-01
1.140453609960961762e-01
4.858393785186631009e-01
1.955187494870847531e-01
2.655023476634179036e-01
2.644918490258836852e-01
1.978658802624214674e-01
3.316888198118874698e-01
2.841940989764856762e-01
1.473747532122939852e-01
1.078319095245057480e-01
1.826670431055024690e-01
1.348078101232506576e+01
7.523934593630046130e-01
1.389365230340580126e-01
1.175308551802249774e-01
1.021505479757211232e-01
1.873721688682719877e-01
4.040178337957249788e-01
3.130582208018305446e-01
1.024908285891665272e-01
1.598736596012169664e-01
4.771341383105573986e-01
1.998800271342570378e-01
3.773852646947642997e-01
3.493511585607714798e-01
1.232551042232132438e-01
1.958835456526697438e-01
1.295231305758763329e-01
1.249058900040664055e-01
1.037674426765760050e-01
1.610171957910806473e-01
1.334919530934378373e-01
1.070735714251527804e-01
1.615524530063771336e-01
1.784818670672118079e-01
1.799919462271224180e-01
2.613261469521332980e-01
1.077602792338293453e-01
2.807261764378019553e-01
1.736336359393750861e-01
8.949659607137920858e+00
1.765799795259177518e-01
3.624087043406831743e-01
1.182384579868278607e-01
9.412805406460682534e-01
7.424277937932907134e-01
1.693046716434306598e-01
1.767233181322839242e-01
1.151628526201374653e-01
8.853527099335383177e-01
3.958065273317559196e-01
5.021857499381703338e-01
2.941861797575597848e-01
2.077559948341229090e-01
1.194428242194982559e-01
4.411317693292206576e-01
1.006844585513288620e-01
1.664451773442088278e-01
1.951109778147280538e-01
3.849105837948673114e-01
3.099379885268008783e-01
2.851299904021947218e-01
1.680918624421077201e-01
1.526334039534936460e-01
1.182804901245934348e-01
2.700694954008214799e-01
1.077224299975473309e-01
1.502665169692034841e-01
1.736878046560523803e-01
1.196684258141986340e-01
1.422074743513474238e-01
1.041169359079973322e+00
1.276729888377295119e-01
