2.169225516591342107e-01
1.020889931245875459e+00
3.402713580337612953e-01
1.267596214582353553e-01
1.079748210181004642e-01
2.493180173259850196e-01
1.110867616695778298e-01
3.643731973257320345e-01
1.349129801036267617e-01
1.542178149337462556e-01
1.796213058456169465e-01
1.065148380614084067e-01
1.732290220939699532e-01
6.166096489145855841e-01
1.754556190771298319e+00
4.831209017867725830e-01
1.796912649218020963e-01
3.569846660139898709e-01
2.816901064081618777e+00
6.256467154910965167e-01
1.352496536689056505e-01
3.180624220123402512e-01
5.774948684035413393e+00
1.828413716141740475e-01
2.105853719135359070e-01
1.675948673999993477e-01
6.974099814047228785e-01
2.347172981023832594e-01
1.170499592681074202e-01
1.207643357171786502e-01
1.829362723048914008e-01
1.799817009029445469e-01
1.066870114934231339e-01
1.678275692709858269e-01
1.096133575989736708e-01
1.036849113785385107e-01
4.956895619305955458e-01
1.063932193437652884e+00
7.124516874136264111e-01
1.547201826290318383e-01
1.209086226840428574e-01
2.765477758762597826e-01
1.029836823371650834e+00
1.279584005096158217e-01
2.441016910756584890e-01
2.937113226128398868e-01
3.161514053946077873e-01
5.459592954163924317e-01
8.114365639679388398e-01
4.214277713480512055e-01
2.539030547519122716e-01
4.437764728543695525e-01
1.287678377494831661e-01
1.038688227438307465e-01
1.156786172919347377e-01
1.987964276785594286e+00
1.522120285518464289e-01
1.077570751724640785e-01
1.416923314508890808e-01
2.464858534349697594e-01
1.216307153389007550e-01
1.036705279640123267e-01
1.223754417225648566e-01
2.109520609323379259e-01
1.407604532151630339e-01
2.768245829771222577e-01
1.001119717707016910e-01
1.220675042790858367e+00
1.475460587093325449e-01
1.007015077100398975e-01
2.943931711248343741e-01
1.124886895496174155e+01
1.473689969087712826e-01
6.087686476180527162e-01
2.377410350004850459e-01
4.974063974767403140e-01
2.754420081752919813e+01
1.139127183467340959e-01
2.975331260443063175e-01
1.399653934174195591e+00
1.217588754316639155e-01
2.950140084937568630e-01
4.619557162859990740e+00
1.294582229216056368e-01
1.232429513320472819e-01
1.342008240219312587e-01
2.773934680767530803e-01
1.021190880533968115e-01
1.120984967709411778e-01
1.050512122440494106e-01
1.123117880550632414e-01
1.212990999138334747e-01
2.910564034932606736e-01
1.591652767411437241e-01
2.285537277372088338e-01
1.050048713121979338e-01
9.361692676480057873e-01
4.071706720345988351e-01
2.562735881238118196e+01
4.229020519906619424e-01
1.952943732106669605e+00
7.181258556749524624e-01
1.548593650412382061e-01
1.244235972234276205e-01
9.572075613220158985e-01
1.189171556130929341e-01
3.492229013818473060e-01
1.766842088846333203e-01
1.378448148249155902e-01
2.483827029990770263e-01
1.549259420714250435e-01
2.126229881267678312e-01
1.194980466839772187e-01
2.403857330212415544e-01
3.075969166460995052e-01
1.521941980580393539e-01
1.446533638415038181e-01
1.104963274201859191e-01
1.040559563399197779e-01
1.749747821799015057e-01
2.167457570540898271e-01
1.199103172450171756e-01
2.442532430719836778e-01
1.152116950738503176e+00
3.353223724907986592e-01
1.740221544444004176e-01
1.281257716466966401e-01
1.663506998626610722e-01
1.219254182760447364e-01
1.190129072459664566e-01
1.754891879668488974e-01
1.630516045435155548e-01
1.719342579190707154e-01
1.315258861584689132e-01
1.368395885504394560e-01
2.369994285487832808e-01
1.719268763357595375e-01
2.985160483071020998e-01
1.520442029404228679e-01
2.647751351687312460e-01
1.808762282290185541e-01
2.498184327065434973e-01
3.240261145496191042e-01
2.916200310172494814e-01
1.309150591228854521e-01
1.116020246666174220e-01
2.186726895070277843e-01
1.099622309519692753e-01
1.216089487844566330e-01
7.198968210679236313e-01
1.401757762428854082e-01
1.603459871796171499e-01
2.066909900507376552e-01
1.156418375250286429e-01
2.009919519206224692e-01
1.847212569220010869e-01
1.154107817755589682e-01
2.694745180857869293e-01
2.617268960816320211e-01
1.345718828763990960e-01
1.295672943163936608e-01
2.739594963435089126e-01
1.066123464559756012e-01
1.284747602925787879e-01
2.176983580323466061e-01
2.121886959464137412e+00
1.081105491346744246e-01
2.190281498569546792e-01
9.086573808907391081e-01
1.149920030390159387e-01
6.131772892170995526e+00
1.892775544826965917e-01
4.575299967578010385e-01
1.153514829941399145e-01
1.984585048596456958e-01
1.046036935733463402e-01
3.319486405378586080e-01
1.191927181561107940e-01
2.046704850019401833e-01
1.409631990852964201e-01
1.258765209482942404e-01
2.065237203091919160e-01
1.596017228732814208e-01
5.629002991968887759e-01
1.033668407241476461e-01
2.315622570356221377e-01
4.963095499835533109e-01
1.013758777980531128e-01
7.941422219644738156e-01
1.610477970022705929e-01
1.709317274112103491e-01
1.080817976947878734e-01
2.760846884394838052e-01
2.150125174398812566e-01
1.528574515162199887e-01
1.655150420443712855e-01
1.009089329064366408e-01
1.622024922149122306e-01
1.800015384256723194e-01
3.021915438052693581e-01
2.195486646042604795e-01
1.024723903289631866e-01
1.307166039164024685e-01
6.770940578755415551e-01
3.771013046040159633e+00
3.559339230569016355e-01
1.126229965699601376e-01
4.269726742242055950e-01
2.936836828770370555e-01
1.944981476230782658e-01
1.444467917310000016e-01
1.253891650218627862e-01
2.574444521034538469e-01
1.836377703749457302e+00
1.194650356346367570e-01
1.176008195384703331e-01
9.562089793335024623e-01
2.440432248802432980e-01
2.863308884145944755e-01
1.166605276142893138e-01
3.723173671915230853e-01
1.379568885499408426e-01
1.603177170555328823e-01
1.653638489237992115e-01
2.309343091466456332e+00
1.113645448036406083e-01
2.168505694805860640e-01
1.545617114140380721e-01
1.290980208634229243e-01
2.639580239873650647e-01
1.079105145034580659e-01
1.014706813862535917e-01
3.576685350008737552e-01
1.736005245522099782e-01
1.372489369385613278e-01
2.038924932064515583e-01
1.275793485247511405e-01
2.508116596946389776e-01
1.051455186752005444e+00
1.280859514725015136e-01
1.843714644219588972e-01
1.180514483531927700e-01
1.364142272536853218e-01
1.025854848133988945e-01
1.088659604468202452e-01
1.029468354266758756e-01
1.122013314554625163e-01
1.280247089318977127e-01
1.574881542489586783e-01
1.068248033752816073e-01
2.848707000518407306e-01
1.786328104671628392e-01
1.341623564027707716e-01
1.260899735152873902e+00
1.253351219233617142e-01
1.655499895037230162e-01
2.818339458282977383e-01
1.041999795711190252e-01
2.808271253660891698e-01
2.198969185430807993e-01
1.890267737058127118e+00
1.771259160213573547e-01
1.491929118960175216e-01
1.239338025531361576e-01
1.129404509084335068e-01
1.631978171614681949e-01
1.835119496196385425e-01
7.890909016940321763e-01
1.159248420273066016e-01
1.249102384719375236e-01
2.450632382743342663e-01
7.922168049259533662e-01
1.598746675520599236e-01
4.005931213217335807e-01
1.008515352556007827e-01
1.050186772569508542e-01
1.102563770201459015e-01
2.128861463655799813e-01
1.044174510154714242e-01
1.083916006575312702e-01
4.750103053860467717e-01
2.371950424224319454e-01
1.359678511762210107e-01
1.252813929261357984e-01
1.047265190703471627e-01
6.456594248857729923e-01
1.039773277635792914e-01
1.175949036402542530e-01
5.031140853019148151e-01
5.940855544661693965e-01
1.450996630114863850e-01
1.333161905143480375e-01
6.006259137078472365e-01
1.105316852168676811e-01
1.753346253594259552e-01
1.674520927183223984e-01
1.544859858154193633e-01
3.321932772375989495e-01
2.499453867493159065e-01
1.050783694733516405e-01
1.127720979583700101e-01
1.004871965597214506e-01
1.146745995790347250e-01
1.208916180543820329e-01
1.061366236499582394e-01
1.627785360165982242e-01
1.121031059854884354e-01
6.813589215082374029e-01
1.572780787720157170e-01
1.301835172371762217e-01
4.437369479614152734e-01
1.842467669849976175e-01
1.096729714290375912e-01
1.341966453082764354e-01
1.259318161149431681e-01
7.008324249840368614e-01
1.163496416172641879e-01
1.450022847408827809e-01
1.052005277358434299e-01
1.462931536914716668e-01
5.329099971544314363e-01
1.000212321308836805e-01
2.616512637156737653e-01
1.155223532212580340e-01
1.123776820985575853e-01
1.639338662799572632e-01
1.072486709734389587e-01
2.099471633225891143e-01
3.314550455377404670e-01
3.112733064638892877e-01
1.379116444547344444e-01
1.519841877702859390e-01
3.832291389368788215e-01
1.439448224062084836e-01
3.163072462221618308e-01
1.485820786680181749e-01
2.235711445201993830e-01
1.958282450692262755e-01
1.043337991868377446e-01
4.257155316031288605e-01
1.589029572738664131e-01
1.215132004094332113e-01
2.601192708318009195e-01
1.717114293523636925e-01
3.836515287417684994e-01
3.466823318460719450e-01
1.133957811535602489e-01
2.716143766669986692e-01
1.190220208862101114e-01
1.347580681830105875e-01
1.024520779178390156e-01
1.040792910784460457e-01
3.143724823783726752e-01
1.274462048191482844e-01
1.590188336308179518e-01
3.940362378050232817e-01
1.595961944217328954e-01
4.991607471784973438e-01
1.287994943308207740e-01
2.272578737490560941e-01
1.810385901848102774e-01
1.087022832667007138e-01
1.435372379447961977e-01
1.156939234292723162e-01
1.239899139216016355e-01
1.087053191419248138e-01
1.256769557986101293e-01
1.231104666616170268e-01
1.918840153463909348e-01
1.160956869042949341e-01
1.730843223329063540e-01
1.763009803659542629e-01
1.271781656242485292e+00
2.359553463641875792e-01
1.793692399746685817e-01
1.025451601182917893e-01
1.305673709101859703e-01
1.554285568259185790e-01
1.559410505621814103e-01
1.967334393991954922e-01
2.032775222070028753e-01
1.338656383130591709e-01
4.563004344600530837e-01
1.057054987978884031e-01
1.056662431849515332e-01
2.358011181212671115e-01
1.706813422940786917e-01
6.235563728021777941e-01
