3.712842553935926104e-01
1.270924027353202423e-01
2.026461417483822192e-01
3.307635635534389440e-01
1.922656994145242881e-01
5.854413842668820811e-01
1.171063242045066177e+00
2.061217563582151691e-01
5.675535032185509143e-01
2.914507117456598961e-01
1.369439135196476032e-01
5.511537697343691367e-01
1.014617954155583313e-01
1.126553292110081400e-01
1.546632079157823081e-01
1.244631483031641700e-01
6.633863578257976901e-01
1.102996843868874477e-01
1.265853235341862504e-01
1.214136796485960484e-01
1.211411182340673270e-01
1.111401301753573850e-01
1.392568346976573446e-01
2.320051891909083452e-01
1.908534159626117666e-01
1.601124356559944228e-01
1.769185840352165862e+00
1.793540140969127616e-01
1.002511293287984828e-01
1.036738729914256085e-01
2.943480506720663192e-01
1.199304171760777610e-01
2.122294096433656296e+00
1.142170361777149756e-01
1.099748179888569433e-01
2.806992855703073531e+01
1.294184680716616576e-01
1.622747688653208842e-01
1.094033039463253587e-01
1.403780922145821675e-01
1.515635466083484095e+00
1.180414034590978184e-01
4.550842391513241214e-01
1.599779948918170769e-01
1.225449270731130275e-01
1.247208535624370618e-01
7.006305663257061944e-01
4.111455902200316648e-01
1.023587425490246894e-01
1.643019615587238969e-01
7.089377912675680626e-01
6.144139057024418094e-01
6.366403515936043256e-01
2.940055965075931144e-01
1.001944372897749375e-01
2.670383749680116936e-01
3.822371234978658716e-01
2.107735949785972673e-01
1.074815647278400121e-01
1.226980794497641719e-01
5.620344623667883344e-01
2.113353599615513390e-01
1.181701672522775803e-01
1.546264085797225685e-01
1.046461839810035460e-01
1.443375401722555851e-01
4.854137534724455527e+00
1.148686631611370024e-01
6.540065488848922914e-01
1.098889728508577746e-01
2.551500958355814586e-01
1.251396608494534934e-01
1.054698839935321319e-01
1.043270908021615012e-01
1.017199870998226202e-01
1.629703244944070428e-01
1.059563864027116137e-01
2.383186736311386500e-01
1.707845080981441610e-01
3.521031989439629695e-01
1.465544240583880609e-01
2.180365146569034351e-01
1.385803572245601079e-01
4.926048932621504561e-01
1.073787831287633249e-01
1.224965713995829902e-01
1.560888167812138072e-01
1.237850351893296924e-01
1.306389312364453492e-01
1.821468339211116394e-01
2.994273425834628188e-01
1.661540521145259131e-01
1.684489178667761544e-01
2.050440184227951823e-01
1.683189193485665758e-01
2.056744696423677965e-01
1.616349810747766125e-01
2.890916634411508923e-01
1.309071293146126802e-01
1.070913320238147670e-01
1.316037150521067456e-01
3.520993735956741699e-01
1.287051860187638785e-01
2.494475308423987348e-01
1.033208184946974306e-01
1.229973281417951897e-01
1.203130838899945376e-01
1.537477330567179334e-01
2.519244771192480914e-01
1.769742813391824710e-01
4.483756423675173131e-01
1.132905865386799604e-01
2.134801240128175182e-01
1.311729239312496575e-01
1.711963832015963805e+00
1.318793658790148593e-01
1.162055095486475703e-01
1.157080354523162963e-01
1.228670204764959806e+00
3.017360683569345614e-01
2.028153091116552675e-01
1.309707421536254468e-01
1.771328672050645203e-01
1.746636285601871341e-01
1.358712396824590107e-01
1.077012003447526123e-01
1.701375079307966276e-01
1.086174768548634345e-01
1.717177232835813139e-01
1.838241266310514932e-01
1.070743829860520968e-01
1.068797762536514012e-01
1.915153167325257255e-01
1.617373686140831934e-01
5.391930687725640103e-01
2.684518450506831466e-01
2.591919713234694944e-01
1.518901665403136758e-01
1.080497981351861703e-01
1.042129888618626848e-01
1.164295091793370318e-01
2.289901213813076708e-01
1.084631283380462219e-01
1.235933638174844529e-01
2.804182272243718743e-01
1.776024428593263871e-01
2.493688739437487367e-01
1.396519081258304207e-01
2.460034326561753915e+00
2.522102683651181732e+00
1.101031028651076327e-01
2.295869485629966344e-01
2.527168350825820253e-01
1.402707248631726578e-01
1.550480994213745689e-01
1.023523698040961216e-01
4.166631496612088204e-01
1.185321943895976116e-01
1.654431894312555218e-01
3.145861421600948393e-01
7.680884722563735556e-01
2.108795072058926579e-01
1.370730800042447572e-01
1.084507803118757441e-01
1.031746280572019975e-01
1.190593493262254027e-01
2.369110214435577455e-01
1.578040571808009829e-01
1.143255279893207188e-01
4.428554106522240019e-01
1.900060276545774973e-01
3.827765203120425674e-01
2.165164630583063521e-01
1.148176275781410266e-01
1.026424334936114485e-01
3.044543437221909343e-01
1.172628642214716133e-01
1.002400249018223360e-01
1.432755618555792143e-01
1.493711094094913872e-01
1.006789975546062837e-01
1.265921153768890528e-01
7.570789195725140530e-01
1.147726626951370010e-01
8.294253332567612658e-01
3.558221402717057225e-01
5.322044003007035951e-01
1.218974360331813722e-01
1.233457051519833425e-01
1.481725691777112386e-01
1.166776676364585930e-01
1.689311342001016403e-01
1.494915204416298327e-01
2.616780714960850740e-01
1.234681364842939583e-01
1.528282345834146572e-01
1.715167114201606446e-01
1.287830218586536735e-01
1.008237715245910160e-01
1.105113874288577158e-01
1.102352305170913871e-01
2.087904595436823607e-01
2.147262863003672750e-01
1.089583544049024522e-01
1.688874124099048191e-01
1.212964715648204017e-01
3.552091618210143076e-01
1.822671106003426467e-01
1.319795669237163460e-01
1.105773579371625709e-01
2.772627879425174080e-01
1.760430427561225364e-01
9.216758283051842415e-01
2.095222818748716964e+00
1.505191943865123172e-01
2.321922471283229261e-01
2.858684220394037023e+00
1.712425842032237189e-01
2.013745082360209049e-01
1.227388893221517674e-01
1.398980599018035953e-01
4.713470661535724915e+00
2.250367809107752803e-01
1.907226936120894334e-01
2.397384582283108301e-01
3.243718065811005413e-01
2.646134829901511387e-01
2.053982970370932526e-01
1.355641440890473504e-01
1.097812394279445991e-01
1.752697764281776482e-01
1.018335789632726085e-01
2.286967139458029041e-01
1.081350767318229461e-01
1.469920306535925925e-01
1.057002176078474937e-01
2.815576727701428750e-01
1.188993190615629109e-01
5.298328461646278909e-01
1.043608896932771563e-01
1.437046052009974539e-01
9.863732444875618066e-01
1.359881824149601071e-01
3.103990600115657528e-01
2.061748539820854598e-01
1.384710914062964038e-01
1.809828582296930388e-01
1.238492775457103179e-01
3.717012291287086767e-01
1.511652445300868308e+01
1.369710825292139167e-01
1.264602441559466717e-01
1.387619039820025546e-01
1.341887918096880683e-01
1.074425381874994784e-01
1.020262470854797487e-01
