5.160802457660084164e-01
1.504645260574148935e-01
2.944107647278759177e-01
2.421262341094627679e-01
1.005983482018625585e-01
1.113410006716186729e-01
2.407697254984736412e-01
2.243102977513597718e-01
1.089350286421681135e-01
1.293154497673549008e-01
3.140276809338828357e-01
1.467499379171596507e-01
1.671480913568673121e-01
1.078016049997786024e-01
1.071203115304080744e-01
1.389823735051265718e-01
1.299066649020142461e-01
2.974092498529812278e-01
2.224176560712430861e-01
7.310332586435305258e-01
1.488102825292724751e-01
1.121442564895205884e-01
1.157398201623674600e-01
1.399705904927275035e-01
1.823507117142428857e-01
1.047880202765424373e-01
5.466300138666471131e-01
2.150775956177204407e-01
1.606482598379757598e-01
1.483787310909427670e-01
1.795093774219884419e-01
1.860536335706386435e-01
1.085213381045609798e-01
1.456105380180007236e-01
1.680990189335400398e-01
3.593330459122492382e-01
1.460022884110226737e+00
2.056410554258258916e-01
1.181113611152417447e-01
8.700600601319505856e-01
1.227321395596745052e-01
1.983459165373467614e-01
6.433172829279998339e-01
1.543602594016182383e-01
5.583137123594938966e-01
3.679788415551605296e-01
1.585831026623380768e-01
2.780190478739641424e-01
1.193185261405884240e-01
3.526489273168742500e-01
1.541405928898665623e-01
5.791897618563490724e-01
1.267290301073941139e-01
2.055733894017964802e-01
1.545117696786136863e-01
1.174065862742654370e-01
1.039439204737426375e-01
1.435024411159959157e-01
1.467958197176258694e-01
4.482785150487254566e-01
1.167249116419838278e-01
4.373517283859856275e-01
1.154220192000803141e-01
1.789456717038067080e-01
6.930993948831162266e-01
1.877266600488649850e-01
2.829764325501006872e-01
1.726892135408871209e-01
2.075997484992437858e+00
1.114236519766946265e-01
2.071891694815441998e-01
5.144738845968797047e-01
1.246590011864924519e-01
1.037588788067614898e+00
5.083836986352596909e+01
4.510790021703893204e-01
1.722424669284595034e+00
1.022914088546085787e-01
4.087923614604304645e-01
4.553402902270375363e-01
1.035051990408357714e-01
1.918612024779592640e-01
1.197683450138760652e-01
1.816305370014318632e-01
2.118158949603621832e-01
3.259619042363678387e-01
1.906845059870077019e-01
1.700915291615480440e-01
4.091273008684586654e-01
6.960163101573034750e-01
1.999276644640156364e-01
3.995300032625226927e-01
2.302963673499207331e-01
1.251299730136125887e-01
1.672733539070476450e-01
1.639015621579922588e-01
1.139635238609437579e-01
1.546448204729026221e-01
1.982000854958948233e-01
4.011662268056693792e-01
1.620766497497464487e-01
2.099905988534044587e-01
4.534298386358619481e-01
1.796205889705639325e-01
1.415989319235492871e+00
1.244233790107320825e-01
6.405918521719308201e-01
1.426208421008512695e-01
1.145617314395456221e-01
1.368543456602316633e-01
2.645915055151361606e-01
1.542771557658981774e-01
1.271586467281478339e-01
2.710248398048875074e-01
2.845712933082891194e-01
4.843223482876570785e-01
1.457156258146487526e-01
1.720822539363712211e-01
5.468859045728841073e-01
1.555333828180208988e-01
9.564021219659780693e-01
1.179923162148689003e-01
1.305890607695036343e-01
2.792721351082051995e-01
3.345807683691363610e-01
1.450567510482545508e-01
1.364687587143419700e-01
1.396002892534926876e-01
1.130156379033880470e-01
3.775588025552641391e-01
1.260994386689657520e-01
1.008522813698822934e-01
1.631270326467070264e-01
1.791200747560444395e-01
2.541700712676450702e-01
7.994283034796674237e-01
1.318545526924881084e-01
1.202618899362172256e-01
1.771807682015572316e-01
2.262543483687479429e-01
1.438588875092825792e-01
1.968319657270415635e-01
1.226996334859011828e-01
6.292456220192840233e-01
5.525422232153770485e-01
1.397038831614849375e-01
2.715993029929406610e-01
1.656811801739939138e-01
1.580904282160940644e-01
1.740124780870222765e-01
6.152154039858352963e-01
1.369105799272039570e-01
1.175889169683222574e-01
8.080256178559341862e-01
2.286145904025680964e-01
1.116134797754138319e-01
1.984530126109082193e+00
1.078190690472502489e-01
1.086961583431679951e-01
1.889965812483416219e-01
5.369489462058557372e+00
1.135786674166138904e-01
3.343768688561638003e-01
1.093489394088628386e-01
5.579827600157938328e-01
1.341925746596315527e-01
1.131226605770615373e-01
1.180680616909393771e-01
2.148363425159616757e-01
1.197742470301203233e-01
1.692273406321326001e-01
1.323945388045246196e-01
1.434132399169054384e-01
1.032133012823636120e-01
3.292914583778934201e-01
1.232281299850467166e-01
1.735955428960294089e-01
1.350735475577800604e-01
1.290511508015609987e+00
1.596387380611478390e-01
5.189813085531054249e-01
1.104177947126265685e-01
2.331444294629226865e-01
1.005444980788249149e-01
1.955517430071639362e-01
5.334476887496195641e-01
5.418857282773276163e-01
1.451556013863041228e-01
1.369421927436829944e-01
1.689288457665352183e-01
1.785149004310217780e-01
1.001555492657335428e-01
2.422369449405401276e-01
1.104469497227719421e-01
2.234274747942650297e-01
1.463420674958014478e-01
1.042272681408201590e-01
1.745580120027720727e-01
1.670226601711467251e-01
1.420271721992125258e+00
1.468897948955578403e-01
1.132341578981230362e-01
1.353914301640563866e-01
2.260592945766305706e-01
1.092942634321466822e-01
3.916111143877220591e-01
1.784804952084627916e-01
1.458715868848534380e-01
1.222639377186596210e-01
2.812940398486343807e-01
1.141613160421731110e-01
1.010761846143271719e-01
1.522181482435187583e-01
2.077206502514786224e-01
1.272829206820078829e+00
1.962914344449965820e-01
4.869898695884740114e-01
1.656509139105170059e-01
1.139156142099659041e-01
3.922997032012612295e-01
1.684722633062867569e-01
1.885735198919625821e-01
1.171127619594092284e-01
1.416340580288474316e-01
3.816023585786477712e-01
1.460272059109165854e-01
3.483884140004919194e-01
3.818130374822223949e-01
1.287930258297289299e-01
3.524140919739708888e-01
1.069371687914805746e-01
3.896951983487731419e-01
1.098607272527947765e-01
1.093707338607528695e-01
1.287600191129692762e-01
1.182934424071517693e-01
1.188613349161193739e-01
6.504535791899552777e-01
1.002927763237868169e-01
1.220942850421588705e-01
2.096238789137571945e-01
1.941334928843796159e-01
1.052043743758072636e-01
2.888815306902597912e-01
2.205944013597722186e+00
2.395909957466037243e-01
3.740028390862850660e-01
1.882185955530870369e-01
2.809493128573958387e+00
3.637334833244220689e-01
1.401812933247807702e-01
1.674114622813126507e-01
2.278811768447053798e-01
1.015318200399102644e-01
1.216343114596211417e-01
2.375434670010400096e-01
1.609727463118324486e-01
2.686817422740082062e-01
3.484245099449297944e-01
1.925647306370906198e-01
1.988970649990924322e-01
5.764224749075544940e-01
1.144256248009899307e-01
1.092420432671473707e-01
1.352894006456799303e-01
1.270667402017199021e-01
2.384752278750746912e-01
1.224200562017715710e-01
1.043868605813288997e-01
1.653772074785768709e-01
1.651391086156955568e-01
1.564783133660581360e-01
1.013014114357286416e-01
2.832994600052839984e-01
1.202860951664391359e-01
1.019465072192701771e-01
1.156850084234943704e-01
1.160206880314015587e-01
1.225211302293165994e-01
2.131745995589441611e-01
5.573664441623343846e-01
5.346829233224881239e-01
3.601769958008578798e-01
1.182882631241841953e-01
2.081759339262452269e-01
1.185738993062478708e-01
1.091030038202868424e-01
1.075082613435267148e-01
1.477009230644367732e-01
3.488108282073927313e-01
