1.571613077752302967e-01
1.045291594220545267e-01
1.046382243067784795e-01
1.948739166086067565e-01
1.157663790958861905e-01
4.380850915725904016e-01
1.140762904045923148e-01
1.964682215783596642e-01
1.736275914384469432e-01
5.904874597858372454e+01
1.591284571793541436e-01
1.868684292411251502e-01
1.128616575997823390e-01
1.037261624233868640e-01
3.079218187075302815e+00
2.710096744120035761e-01
1.068894517320946314e-01
2.603379646507363865e-01
1.901958268085277293e-01
2.834935486712600317e-01
3.978415817876055360e-01
1.267956092580035665e-01
6.600851921012781398e-01
1.785075481877826942e-01
1.157037618785494298e-01
1.138683627501657081e-01
1.168665895249097614e-01
1.203008132819598369e-01
5.662126522613366575e+00
1.858978033156529486e-01
2.559058320939776587e-01
4.565927536716488655e-01
1.565802756889719816e-01
2.103231918305643322e-01
2.075518656105580784e-01
2.590437256319590431e-01
2.633418553976447640e-01
1.462635390212517206e-01
1.047866958844568819e-01
1.669851186495835416e-01
3.458339300619046597e-01
1.355912927733595508e+00
3.674850014632435879e-01
4.166829402524083736e-01
1.355018362421935574e-01
9.969625281328376998e-01
1.614230458428609905e-01
1.522676264253874645e-01
1.672111393359185794e-01
2.817765651279648398e-01
1.487684068217352829e-01
1.604632632169201711e-01
2.188541017461273219e-01
8.220466057778396118e-01
1.076102530346072783e-01
1.512479426432668528e-01
1.201758322656604427e+00
1.321968727994027037e-01
2.434102868870852976e-01
1.590824327836813934e-01
2.846334212402965580e-01
1.903468632452200160e-01
1.540257421031239193e-01
3.933729794722483630e-01
1.182689406310514779e-01
1.602155888670132311e-01
1.311543350756220472e-01
9.083979803546990084e+00
1.152842155039184580e-01
2.176265932768393085e-01
2.260728319810053066e-01
1.098781540857324129e-01
1.492626396845319614e-01
3.241189073923445019e-01
2.191776331226880092e-01
1.073335205999426112e-01
1.220311438087477857e-01
1.289152625541179764e-01
1.362649296440215652e-01
1.211061338892591294e-01
1.024347627721035603e-01
1.916343137505486516e-01
1.364628947981378071e-01
1.212018226791543030e-01
7.482442670940705476e-01
1.345682720722919390e-01
1.420536149855193275e-01
1.662304049878421952e-01
1.109492944407469289e-01
3.862411677574694724e-01
1.293809868706853050e-01
1.523478410946350337e-01
1.646233937148344761e-01
9.089746236288643866e-01
1.916238571038465788e-01
1.674629075391504129e-01
1.358309704545336005e-01
5.092919451911313011e-01
4.322424770049498877e-01
2.672033379974632639e-01
2.802543435652267712e-01
7.430745480349766341e-01
6.043722610887374280e-01
1.597266493483163075e+00
1.089330978984178189e-01
3.579947124952064241e-01
1.024358241873153247e-01
1.522704329708857163e-01
1.942519575643215091e-01
2.047234883648717529e-01
1.584173570298362255e-01
1.378080120674938513e-01
1.716229422299769547e-01
3.002582336550370656e-01
3.617590245115998582e-01
1.586157655341784156e-01
3.934147775483645137e-01
1.854633310237597532e-01
1.194252604269569318e+01
2.555316393844819234e-01
1.577335194090391801e-01
1.413869605602459667e-01
3.328709614074978340e-01
4.897753403634433345e-01
2.860956453018434487e-01
3.497570174709795365e-01
3.230295459831350469e-01
1.035299089769729647e-01
1.014149373870443099e-01
1.101349667851720809e-01
1.563749044772673458e-01
1.175266941865964754e-01
1.056247594913363452e-01
2.034109694715444672e-01
2.299614111669001371e-01
1.930013566770210076e-01
1.436812756125008528e-01
1.648854562611628272e-01
1.099940228434035938e-01
1.334200256263851359e-01
4.896288946849279289e-01
1.003331143863831931e+00
2.606651229274226989e+00
1.659007032215305266e-01
2.157062252245386669e-01
1.991237799247631557e-01
1.199587737658421860e-01
1.194643102635725707e-01
1.639581353037004918e+00
1.947608233580788439e-01
1.074289847267865528e-01
1.081710551615573251e-01
1.176670705471272865e-01
1.656702946403232901e-01
2.887795055146212819e-01
4.496823533458252919e-01
1.173601230989854555e-01
1.108075986580577682e-01
1.142005680736677409e-01
1.815272244070701146e-01
1.609960054558424725e-01
5.159677059574838687e-01
2.924539395066766967e-01
1.023964800213125886e-01
1.187615623648962115e-01
4.329750548981088354e-01
1.009978372853206213e-01
1.213997107374186479e-01
1.021950484636706957e-01
2.336817790510051784e-01
1.133722362520489385e-01
4.443437062863961895e-01
1.541431428670024806e-01
2.855802409393616292e-01
1.066728436054975859e-01
6.106788477875955135e-01
1.048620307246803107e-01
2.415543521604439192e+00
2.061977783260976749e-01
1.512405580753208856e-01
1.761863108159288371e-01
3.176208184836966097e-01
1.051303865111354319e-01
2.228571094907888517e-01
8.612592397343734607e-01
1.129341907861324962e-01
3.567701052215851987e-01
1.004148011816981961e-01
1.216540283492706376e-01
1.230497642331870589e-01
1.500802660758527862e-01
1.193903333028146357e-01
3.325129865005901908e-01
1.066543562989120675e-01
1.362711550584513043e-01
1.226495411245868833e-01
4.430087487244002142e-01
1.679073043950069510e-01
2.765073148305792206e-01
2.852116834051787730e-01
3.821118837253392186e-01
1.469100992197003019e-01
1.088270044798775038e-01
1.644135666495065429e-01
1.642241375174094131e-01
1.611079501483280996e-01
5.848788942468000629e-01
1.246899895842272371e-01
1.398879448874299214e-01
2.539245621815948151e-01
1.936484570719951837e-01
2.504010089374903991e-01
1.425487679689396714e+00
2.693320329822823656e-01
1.475721062171688469e-01
2.977843269990149144e-01
3.034087380750618568e-01
1.307771150872709398e-01
7.128339902593654465e-01
1.005769722484988193e-01
1.248254584972478959e-01
3.275075327700970873e-01
1.261483063841703778e-01
6.890981908126178057e-01
6.532609692539182999e-01
1.098320649049987496e-01
1.119852790788247177e-01
1.324615123265794059e-01
1.626917758967936223e-01
2.562930681797160881e-01
1.045027293454776074e-01
6.044364642761868023e-01
3.025509135805580230e-01
1.018234252456317046e-01
1.232105881547380932e-01
1.291179309137814313e-01
1.474299737339207217e-01
1.060144718866993463e+00
2.435129907828110785e-01
1.202839041398731101e-01
2.830544073192035603e-01
6.053647399476419499e-01
1.544879943863895766e-01
1.417741534488960731e-01
1.037455371967658524e-01
2.232670745409804369e-01
1.047127955310709346e-01
1.397630598714997008e-01
7.881957909560068920e-01
4.152066294560109450e-01
1.882843904786503375e-01
6.897998935872005077e-01
1.427783865641322203e-01
1.025249599135652501e-01
1.337374284408418823e-01
1.266553150809829054e-01
1.162266263363953833e-01
1.521671858663770638e-01
1.271443160979806863e-01
1.725681239560852287e-01
1.196678113848714586e+00
2.754826988723111381e-01
2.075095999344783171e-01
1.463823152344471135e-01
1.054185558999049255e-01
1.022603480257259917e-01
7.458299316070878815e-01
8.554949469875032797e-01
2.781990669502241165e-01
1.016808259985011731e-01
1.232845662390478075e-01
1.901439605193039561e+00
1.105498781576138012e-01
2.631949353849733497e-01
1.703073223770040501e-01
5.291211022248853979e-01
2.678078820915808511e-01
1.167271299977874766e-01
2.971737933064284576e-01
2.521856740875139113e-01
1.163841098866525842e-01
1.506735005019349538e-01
1.366484753579922662e-01
1.244637261978966819e-01
1.887070419619698569e-01
1.176243376105897270e-01
3.052727931755107593e-01
2.766690977793145323e-01
1.265626401803958689e-01
2.054012129537046705e-01
1.366292123558173199e-01
1.663248928893778511e-01
4.971856344700747998e-01
1.018356846554618472e-01
1.207681373182120793e-01
1.079978424558655503e-01
1.022688084503470540e-01
2.047162125106432917e+00
1.404633198505616798e-01
1.199001441609300889e-01
1.816320572495270791e-01
1.378827836432349185e-01
1.832583278449388120e-01
1.572681029686302523e-01
1.014834925889254030e-01
1.051259132957280268e-01
1.843990503260443115e-01
1.065928220029696005e-01
1.607092204180097794e-01
1.562957142108934716e-01
1.073202006681859277e-01
1.146879143835589088e-01
1.538861454546447682e-01
4.367876153692115127e-01
1.084503325056453138e-01
2.488940719699027637e-01
4.232273637211526607e-01
1.089036030722142778e-01
3.759839972542087239e-01
1.343522078101938022e-01
4.177505584874458555e-01
1.210921277111333128e-01
1.944735534456263348e-01
4.480890861557695892e-01
1.128682923561473567e-01
4.698201411773551550e-01
1.833912161348545677e-01
2.880158541655691296e-01
2.007411022615569751e-01
1.429208225074686256e-01
1.912486335724336295e-01
1.308794598071243709e-01
1.569530082556206685e-01
1.635852377825257054e-01
1.137323667448401521e+00
1.336839447823520988e-01
1.414361801227116966e-01
1.757561322762202227e-01
2.486628304773937370e-01
6.974807578176057676e-01
1.150821872834740800e-01
9.489529814830763854e-01
2.064155295040431826e-01
1.228148910572278152e-01
2.581363778585882285e-01
1.029531420904849642e-01
1.042138142168661796e-01
1.420032131105207762e-01
1.264260340220328682e-01
1.331273687956100737e-01
1.080123982413078165e-01
1.069765245630758116e-01
1.093248492756916240e-01
1.889984806008737639e-01
2.340898338320980265e-01
1.435669466997922250e-01
7.963777427251303997e-01
1.399156719211411548e-01
1.134720508080005880e-01
1.132920465587048398e-01
5.784558266376264024e-01
1.917159580800596730e-01
2.436794880809858843e-01
5.723559209299023953e-01
2.299343404264915236e-01
2.293702850249905445e-01
1.296607708341341592e-01
2.099917254891967566e-01
1.706042261368770352e-01
5.034507665590032266e-01
2.127165846638722213e-01
1.199708913778386316e-01
1.100130413476220897e-01
2.227707796942650642e-01
2.264987683182218547e-01
1.226536865658340858e-01
1.675828108808041506e-01
7.254647922557145989e+01
1.818452950499368503e-01
1.627885970497994217e-01
5.245565747547265900e+00
2.565812612957197647e+00
1.370813172982118522e-01
1.389954999295648363e-01
5.741447084730292305e-01
1.144432249902060383e-01
1.723021761129817364e-01
1.176203227368715076e-01
1.663034427636333468e-01
1.070012122304867530e-01
3.071474488061325392e-01
1.064575914781156485e-01
5.936513948733693757e-01
1.583359014938748310e-01
1.786210255803510616e-01
1.071503749668186178e-01
1.010208765766847372e-01
4.186283875217124972e-01
1.075404676401966464e-01
6.523455774287837405e-01
3.097641401055954979e-01
4.909994147658118258e-01
2.780261218196630746e-01
1.329410946154376272e-01
3.312885681003320260e-01
2.522715060359632111e-01
7.522420790257883239e-01
1.206623893522330015e-01
1.838536128937596770e-01
1.134559448329862663e-01
1.399127268937932378e+00
1.479040801316369169e-01
1.044260788593448785e-01
1.072992628566916268e-01
3.230198069172764974e-01
1.443029918770780129e-01
1.533894723791615899e-01
2.180538045802591085e-01
2.908092808233908033e-01
2.671721709582520754e-01
1.566173824670556991e-01
1.477353670226575211e-01
1.070814532879290487e-01
2.582723688178951149e-01
1.247178923622564856e-01
5.824785083338420710e-01
1.174105515128255617e-01
1.369280480982537629e-01
3.010377296550015846e-01
1.122563837939803827e-01
1.873652436712378300e-01
1.697564781777606280e-01
1.122958553565388123e-01
1.265265849812324261e-01
2.492240832276232665e-01
1.314404110639289802e-01
9.008635078062987578e-01
3.137538128041967855e-01
1.225732982751548267e-01
1.947337774480698835e-01
1.893727119062943443e-01
1.173592782223978476e-01
1.861697235538559980e-01
1.467211523422399522e-01
1.061219032229683557e-01
1.635798586335839300e-01
1.454839569162565682e-01
2.217175165127755199e-01
1.039303328715016905e-01
1.205437059653859944e-01
1.445816335181222823e-01
1.798904321102628712e-01
1.905920845618657988e-01
1.032243809466999312e-01
1.057142444390980485e-01
1.173580947090434867e-01
5.807696818766752145e-01
1.302114748709440328e-01
1.692683662733422689e-01
1.959831434544994089e-01
1.603435344738752544e-01
2.550378285135241341e-01
1.139060759071387069e-01
1.238660450972737914e+00
1.553961478655938866e-01
1.100281159525577784e-01
2.655800551152234790e-01
1.433020488588252761e-01
2.207128833306276905e-01
1.523829608486361453e-01
1.292293046997989581e-01
1.212230610933485719e-01
1.019211062764479592e-01
1.228730847313602575e-01
1.133292942423375083e-01
1.913160719436527157e-01
1.085494591601129238e-01
2.040378522495729097e-01
2.386809254890502052e-01
2.768709987509954673e-01
2.402957250781735388e-01
2.026325795740852864e-01
2.054008928754282592e-01
1.145507429774700325e-01
1.294852862550579520e-01
1.974650998248763667e-01
1.638316536304882387e-01
5.707391699782472516e-01
2.222732511220464335e-01
1.557701521031442660e-01
1.341737950607612972e-01
2.683259976265870872e+00
1.055122982301236051e-01
7.014903768091106384e-01
1.115667610688195754e-01
1.164942953566597411e-01
1.733528913537908389e-01
1.322121628828454853e-01
8.076339053277852287e-01
1.040150389095265138e-01
1.081034170513892612e-01
4.300327971006087657e-01
2.466353892723276986e-01
1.702497769265458316e-01
1.443251735568939487e-01
6.013524885325105540e-01
1.020306651840086620e-01
9.975398125418326600e-01
1.232058324755313516e-01
1.359771732921660481e-01
8.041827755672180444e+00
3.686837373099429160e-01
3.125244517564025326e-01
3.661508136085956933e-01
2.973163504895137144e-01
2.244144470510891498e-01
1.559392842066235907e-01
2.313736611242671326e-01
1.391449483192109260e-01
2.385853978968998368e-01
2.778098035988278425e-01
2.181323296386749322e-01
1.133952727306893477e-01
1.424277843785498321e-01
1.504527187561697232e-01
3.800683356279892511e-01
1.013153878780048700e-01
1.798301201185682707e+00
1.253178909238748251e-01
6.147229137814158584e-01
3.799831547349095673e-01
1.703132231421890797e-01
1.128768245087922728e-01
1.119648980242500536e-01
1.213446217659841508e-01
1.496881636273635630e-01
1.539163073625963163e-01
1.134938296257952950e-01
1.194097036106945287e-01
1.267596298143139066e-01
1.148457692113035028e-01
1.252676079941791865e-01
1.176599754288055605e-01
2.168138949957993111e-01
1.050788731150770483e-01
1.328825013642336572e-01
4.378197526426172992e-01
1.008152398781089754e-01
1.061317648183457696e-01
1.013741602971016259e-01
1.236778173415153947e-01
1.027314573889230032e-01
3.754815564027058628e-01
1.347289054011213405e-01
4.176927415304678703e+00
2.199490910049703984e-01
1.618406004185522218e-01
2.152295714782037628e-01
1.481688699352720073e-01
1.866163568641388271e-01
1.520425962619169347e-01
1.481097030019780658e-01
1.038207220928774738e-01
1.202784638013106450e-01
1.341331295236588839e-01
1.186583279008275177e-01
8.273987959779525170e-01
1.680738458365295673e-01
1.129503619187836039e-01
1.016656568435220509e-01
1.018792308409130626e-01
2.586091093309266786e-01
1.061718146327595980e-01
2.326557349248229434e-01
4.363395158138529961e-01
1.044613479667298173e-01
1.203202695003799949e-01
1.254739172288255600e-01
2.091637193421337360e-01
1.162625922182203841e-01
3.778587897251157179e-01
1.509451733247811900e-01
1.079367917911790431e-01
1.285729695506094561e-01
1.005693123294975622e-01
2.128024861039298221e-01
4.135102244021466311e-01
1.545001648042358955e-01
3.753165996667774396e-01
1.137473450777595069e-01
1.901416442104221782e-01
1.055163204148443640e-01
1.008637617052626778e-01
1.624384299496295092e-01
4.389681536269394724e-01
6.936921425771045424e-01
1.188418339590295858e-01
1.666433366753132805e-01
1.689689761173347460e-01
6.479248003047048954e-01
1.233690625287534454e-01
6.828003368871572443e-01
1.037461036667047254e-01
1.282040811580612782e+00
3.220173642005850212e-01
1.672069383739927806e-01
1.068376157877402727e-01
2.987437155684694590e-01
2.723280618937852227e-01
2.226977670599580572e-01
1.549908209519718083e-01
1.293788795585214257e-01
1.791977592358059146e-01
1.249561259503239319e-01
1.098643501429367730e-01
1.456678618097576039e-01
1.984435163170105432e-01
1.429366538575723433e-01
1.300845833939481055e+00
2.396923036356048442e+01
1.196946520459702401e-01
1.628602135769564030e-01
1.914151885209403881e-01
1.768681117069425268e-01
3.572861898187089658e-01
1.810237662084781263e-01
1.293449824588858432e-01
1.734468503259273264e-01
1.663444131752447874e-01
2.825082550139800808e-01
1.289123521260204241e-01
2.066171019606657389e+00
4.793488648158393817e-01
1.171325807330071689e-01
1.407897970355651285e-01
1.872495983809562836e-01
2.664730989960208962e-01
1.173137595603367667e-01
1.067828965924607076e-01
1.646137354245593432e-01
1.276602839596150396e-01
3.980887474638310497e-01
1.025448635519689705e-01
1.503565402816401109e-01
1.464475677111125584e-01
6.868109022013079157e-01
3.625224647557620528e-01
1.680121045617470887e-01
1.863107000837339877e-01
6.100814198214608020e-01
1.047689532348848873e-01
1.365214670972275668e-01
4.651528057855316423e-01
2.390538740564122078e-01
2.258027875166907228e-01
4.024085406207476012e-01
1.214450241321159418e-01
2.007331811052219528e-01
1.120856418210818134e-01
1.792907762279049022e-01
3.025572200739780615e-01
1.573368174325129321e-01
1.538546958328938508e-01
1.259732451489006255e-01
1.942890473225206138e-01
4.335701344574817151e-01
1.242898808342104700e-01
1.044126890778213773e-01
1.161805109021170762e-01
1.018451411667311429e-01
2.707206467459170596e-01
2.935455169541702491e-01
1.691593428693204393e-01
1.136249818320068522e-01
2.471614626502170453e-01
2.303180022981636821e-01
1.007141442017069344e-01
1.098303642362274957e-01
1.409575550922500808e-01
3.790044694445038331e-01
3.326642729975741175e-01
7.376065954373686173e-01
1.280533900841720196e-01
3.979922453029088314e-01
1.587360543274503322e-01
1.121695908446640327e-01
2.503227791706633121e-01
1.232478279824996137e-01
6.040176620951616115e-01
6.744323770538410701e-01
4.503953040868726720e-01
1.052641560598064630e-01
2.229668184610870130e-01
1.579393844239017075e-01
5.978086228939204494e-01
1.259256550399147356e-01
1.033917177494083212e-01
1.036582966667942141e-01
3.254013739238462155e-01
2.574403427892088536e-01
1.095067776362030898e-01
1.139809316299386366e-01
1.059471158169041916e-01
7.246721822061023000e-01
2.200335244670662826e-01
4.765728125286020078e-01
2.045180042582199487e-01
2.824132322067120504e-01
1.624086808928657533e-01
1.862033182064251058e-01
1.745150998188945979e-01
1.143712415099877866e-01
1.024790944722135388e-01
1.444742471023871266e-01
1.488496225959544950e-01
1.024555190251706521e-01
1.090085344862384842e-01
2.335071378134274678e-01
3.802955845660160317e-01
1.043188340666132280e-01
3.737943489424058741e-01
1.199073784157683314e-01
2.271574700874419706e-01
1.425171929241811630e-01
3.472234337959621553e-01
2.101857814617366371e-01
1.067742694287409366e-01
6.285006964709652921e-01
1.196110479020917050e-01
1.147117961757960353e-01
3.153224357941382117e-01
1.557742913037498678e-01
1.277055394842141756e-01
1.919741137843327394e-01
2.668303814310690747e-01
1.366566925670497923e-01
1.017310472595360782e-01
1.237242447366867781e-01
1.358505755879458321e-01
1.153516937951467591e-01
1.431342332233038472e-01
1.640067127042961759e-01
6.983108733678680125e-01
1.008045315844719597e-01
1.079365651350707056e+00
3.709174188121234783e-01
1.018556268454353930e-01
3.101057607026467822e-01
3.286211150730439789e-01
3.810744675208308507e-01
1.365087643490124070e-01
1.077018986119138710e-01
1.056901776905423695e-01
1.149228838839491396e-01
3.784717872912407577e-01
1.318613718185837336e-01
1.537635076181114169e-01
4.178744659265853922e-01
1.047254650252633090e-01
1.180041204769995827e-01
3.226598658063070668e-01
1.595578278679000150e-01
5.604152802493622687e+00
1.512461709660360698e-01
4.629948319710836535e-01
1.063226745161357373e-01
1.430370265729948021e-01
3.733948187382103434e-01
1.618187072761666512e-01
3.319687717647377134e-01
1.413673728590481293e-01
3.708677381471410794e-01
1.151934030377108065e-01
1.120879788696914181e+00
1.042346387524207690e-01
2.599594911698137056e-01
1.098669835492450536e-01
1.082970073603721356e-01
2.631030092499456186e-01
6.536276738214862325e-01
1.626011586892554261e-01
1.244631190634458706e-01
2.920905205803924765e-01
1.040898655808657258e+00
2.321807252700431035e-01
6.000954228782691136e-01
1.195930947638398911e-01
1.112551364086384054e-01
1.768482624086617772e-01
1.718039235974467283e-01
2.205927671799892131e-01
1.137443436592519286e-01
3.730281158414278098e-01
1.094619362063968260e-01
2.047378113273382871e-01
1.278128684462981612e-01
1.129376262396191849e-01
1.614914655652895492e+00
4.630846525256936630e+00
3.327056573032307063e-01
3.137287990701531637e-01
7.687730864925463869e-01
1.356520242929532827e-01
1.382554596056320972e-01
9.522288521460263722e-01
1.031206846699919827e-01
1.244423810929617402e-01
1.030598918597851466e-01
1.193467162294878370e-01
1.241800535041927278e-01
1.010080996292686967e-01
1.639808298021692146e-01
1.188896139342951602e-01
1.077547040895622255e-01
1.474772275804757393e-01
1.037413226403594291e-01
2.341546150946886007e-01
1.459646454741877486e-01
4.447810495194997604e-01
2.083639658299051567e-01
6.735377528433430516e-01
1.000469658755834684e-01
1.386195563223247551e-01
1.141645405043450606e-01
1.633027465808305490e-01
4.679079910043681401e-01
1.195531490986787154e-01
1.482471407862206714e-01
1.274574936106237510e-01
3.265329028305746228e-01
1.200054461067742440e-01
4.571584137273856374e-01
1.172143365579729340e-01
1.669070977721326954e-01
1.535648248730600018e+00
1.732192591095448320e-01
1.505101306943103789e-01
1.960224295081284263e-01
2.960925215486859829e-01
1.271867365810572248e-01
1.274619440677599302e-01
2.182495581378862681e-01
1.068609841483689621e-01
1.332930541230988586e-01
1.065677612608574576e-01
1.991369032920290216e+00
1.813398757561149321e-01
2.666037861373484752e-01
3.282730830174570569e-01
1.059264673324247785e-01
1.744867757363064431e-01
1.788864555370526799e-01
1.277140247860829858e-01
1.504488735893204365e-01
1.238398851923417365e-01
1.844171900884157556e-01
3.566906140571308170e-01
1.027088922992551584e-01
1.110577541937704665e-01
3.463657045288565328e+00
2.086341232109053812e-01
1.067527367638067548e-01
2.808116363092904577e-01
2.759154732566606594e-01
1.145456443721252493e-01
2.287096450674062087e-01
2.068020680603290806e-01
1.893764138580176226e-01
3.786187686941857033e-01
2.073223886256371495e-01
1.484233564090801927e-01
1.023729869754485267e-01
1.243190262253996980e-01
1.351271687845381209e-01
1.011745804172500818e-01
2.864330414599774444e-01
1.223158883265289126e-01
2.449864637437352055e+00
1.682722829278242849e-01
1.009226637338363902e-01
1.063377755436497180e-01
4.863108054677731218e+00
2.256668456067490780e+00
1.082292121486750358e-01
1.261673150067047222e-01
1.285597440711403749e-01
1.020592775142508402e-01
2.176937685485065832e-01
1.725469913911897302e-01
7.530415154928561394e-01
2.894298533384960792e-01
4.975570146681880246e-01
2.205122689012698756e-01
1.444496756042262242e-01
1.587402991742474789e-01
1.166322573736964241e-01
1.515679127606377186e-01
1.223597850258254516e-01
1.214590514409952110e-01
1.330694499669121400e-01
3.126434822343109321e-01
1.041698424326351208e-01
2.530469907066492663e-01
1.198002171904663932e-01
1.373794947820051737e-01
7.093050080611446040e-01
2.595339862260394592e-01
1.327748374255654784e-01
1.461519990622617005e-01
1.054213122734394270e-01
1.041115520587517357e-01
2.030829652940822627e-01
1.074532949139996030e-01
1.032679922836039488e-01
1.478740251502259628e-01
1.022766070890032825e-01
3.088957718065935554e-01
1.160701105560241753e-01
1.139943318078044110e-01
1.015783559011473741e-01
1.396591050789780519e-01
1.118018380755727847e-01
1.360407296731783455e-01
2.135565526684054805e-01
3.201857819345816369e-01
1.082837160004710697e-01
1.389230028809629869e-01
6.215453042538086059e-01
1.203352983753678551e-01
1.290992090415374605e-01
9.153506526638550689e-01
6.856228542849761576e-01
6.859866033303047006e-01
1.823536127414984165e-01
1.110455666657327312e-01
4.845563262141593386e-01
3.266158942313681646e-01
2.203219834992930226e-01
2.547762719275308285e-01
3.452048757876681195e-01
1.842235206923051871e-01
4.690871604075758095e-01
4.467012903559881010e-01
1.153177269798107418e-01
3.407948531584555352e-01
1.491447512893220029e-01
1.177474614633879091e-01
2.713426274893492862e-01
2.553981399828379462e-01
2.483713760232906242e-01
3.156980713379330394e-01
5.164976831499402676e-01
2.034261106221883775e-01
1.459696902931411355e-01
5.806084348541330487e-01
2.033791813982153696e-01
1.126559553030525296e-01
1.452396425838343441e-01
1.041272679149147784e-01
1.133911336653108254e-01
3.468075644129636759e-01
6.931187073116555908e-01
2.684273301473404372e-01
1.718552494736972081e-01
1.902880833606404865e-01
1.179222402327215619e-01
1.825841206161576691e-01
1.398851605319492708e-01
2.001812576125270304e-01
2.781865670610360053e-01
1.230564901672490108e-01
3.418062827865917530e-01
1.341428769859369929e-01
5.758078589431118166e-01
2.779405731120925260e-01
9.855189068268910280e-01
1.002520837391253639e-01
1.821706341849887167e-01
1.010732922086753915e-01
1.368648903306745601e-01
2.520122685956346920e-01
1.235040259823037556e-01
1.014097885074992517e-01
1.355557942208633071e-01
1.391649427432567754e-01
1.650966749826571489e-01
1.655556574688192284e-01
2.421747007846524746e-01
1.636821079905940168e-01
1.603416532524569726e-01
5.895449038933696650e-01
1.100510178744318335e-01
1.620559009118052174e-01
3.997071657337573081e-01
1.093210696147125793e-01
1.486892491675418260e+00
8.007464768813676859e-01
1.071770044721150061e-01
3.054781207159552037e-01
2.097680397078995063e-01
1.293949016960771747e-01
1.587195090533392861e-01
3.766157475009253019e-01
3.096391427739955682e-01
6.031286248802398831e-01
2.050707564035221808e-01
1.970801695218055982e-01
2.818641942885215523e-01
1.358794872778317508e-01
1.967134300370785571e-01
1.983652990610558220e-01
2.881856895102773986e-01
1.369609841982143694e-01
1.733511658970243730e-01
3.570103606062691726e-01
1.117647682312092050e-01
1.353797869519200725e-01
2.038529643850992557e-01
3.432684421264129426e-01
3.466245530062139757e-01
1.403743946338328330e-01
1.811462350774554197e-01
1.070364481381072541e-01
1.250195108584483406e-01
1.080758047557925511e-01
4.192350382513975737e-01
2.061390229492761073e-01
1.615810721228987945e-01
1.740477696482611858e-01
3.681652259704526475e-01
2.141737264982994660e-01
1.022364845208958706e-01
1.473694927492112505e+00
1.364742449630845511e-01
2.512800596091618877e-01
1.408750499970897463e-01
1.664307864067930409e-01
1.262449758381548048e-01
9.781740390172128929e-01
1.827748552578553065e-01
2.003628776372213260e-01
1.010641803420144341e-01
1.115062151981756622e-01
5.147719387451998863e-01
1.235664847816043133e-01
1.624457729775131976e-01
1.584816049755438938e-01
1.580309672491450879e-01
1.036264237130510441e-01
1.378163488483286903e-01
1.005323662876783097e-01
1.395974935350301205e-01
1.495090202215524078e-01
2.918227866746894716e-01
1.170312507796121698e-01
2.073366747278519162e-01
2.691185430420938718e-01
1.793989417394697694e-01
4.775411509834481816e-01
3.571371066587682996e-01
1.422603200973171500e+00
1.359949153736634275e-01
4.067330245736631156e-01
1.568036852511512091e-01
1.205668529457339794e-01
2.536719090016092415e-01
1.359604374737280463e-01
2.425931692255102190e-01
1.558175291082498914e-01
1.458958109445359086e-01
1.529159836867187428e-01
1.180987737521063119e-01
3.052005363494318946e-01
2.218697538961258986e-01
1.182914033472012849e-01
3.308695408976796704e-01
1.805261552907733158e-01
2.086182146800979464e-01
1.657530020350251043e-01
1.650167093302156718e-01
6.216952296361136776e-01
1.133987676025358937e-01
1.460896227982730611e-01
1.463101867727112371e-01
3.329293001937353447e-01
2.220352088974454352e-01
1.168987066187983648e-01
1.600874242073406228e-01
1.040304997603478943e-01
1.202392858138963405e-01
1.933195397323640152e-01
1.792914249523128445e-01
1.038281840496519948e-01
2.948183760596528868e-01
2.742027990089401235e-01
1.950914804754257936e-01
2.508153813312357650e-01
2.686201886539731354e-01
1.968021845882121923e-01
1.405952376693535566e-01
3.339199726932015611e-01
1.222311593579435418e-01
1.462975157694735573e-01
2.407506525034633915e-01
1.467991896384643613e-01
2.114768205076100749e-01
1.544829755886774347e-01
1.045226827105930900e-01
1.265561574365446640e-01
1.158769441522688459e-01
1.083128565729774451e+00
2.813507386862358906e-01
1.967920386313801728e-01
7.718267873863330353e-01
1.075912108347338719e-01
3.469000266976769442e-01
2.728574157415195045e-01
1.476980624774127948e-01
1.143049560278676380e-01
4.212286274124850682e-01
1.337138956414413160e-01
1.052389028406446186e-01
2.587789507833664349e-01
4.454466895238529123e-01
1.471178682462153664e-01
3.397285040856234950e-01
1.084083574456182336e-01
3.031388720776337364e-01
1.819404863106995340e-01
3.028288182874147028e-01
1.088830323911846309e-01
1.091630660453272034e-01
1.280856263925864436e-01
1.142448638459616639e-01
1.058157569312840329e-01
3.062375615284118613e-01
2.857387411297783730e-01
1.511054517607993697e-01
1.692038563510451510e-01
1.173861804543130383e-01
1.880643762817225673e-01
1.058601775109771909e-01
1.118274121679791178e-01
1.668236083828522620e-01
1.302068623136177772e-01
1.831600737837252857e-01
1.140441149277578448e-01
1.336233212586678543e-01
3.468241018948758914e-01
1.062280965152269385e-01
1.223849739275600090e-01
5.505263343871826809e-01
1.007530901012139157e-01
1.105221057521273142e-01
1.816636196269340586e-01
1.349680992619236297e-01
9.177173975924101113e-01
1.721864362925779046e-01
1.706459292127420757e-01
1.429048766298839090e-01
4.021921050987584678e-01
1.003250423087664878e-01
5.392084748919868664e-01
1.522728939479601751e-01
3.267171104081476041e-01
2.042079172327231074e-01
1.028436740961413270e-01
1.045893087921693498e-01
1.037119113341219423e-01
4.553725663658431677e-01
1.180837399185533515e-01
1.182659810699829006e-01
1.212083424230782969e+00
2.463496372709483018e-01
1.868008957220825828e-01
7.495732857303403218e-01
1.329821980320725627e-01
1.148249855100179628e-01
1.624034702842488687e-01
1.117811299689463883e-01
1.217637102508992986e-01
1.666555694283822497e-01
8.488457358756508198e-01
1.131485017159711975e-01
1.851313811613053140e-01
1.897366110358958136e-01
1.739698164995621410e-01
2.092696819109345907e-01
7.066002337978026793e-01
3.989841609705953585e-01
1.081101432951210306e-01
1.406558856507581501e-01
1.094555708728801174e-01
1.170675632267888649e-01
1.051454101150141041e-01
1.314144666404832573e-01
2.558264283040703746e-01
2.081046554624844114e-01
2.155052911572219176e-01
5.933708618908856147e-01
1.455575060554507028e-01
1.059020361866221394e-01
2.286609103130481380e-01
1.356068528196880119e-01
1.847468303455944705e-01
1.260099537644701340e-01
1.119114102192085708e-01
1.226651588230879275e-01
1.257361033740856948e-01
1.191947081554722704e-01
4.647710834784895551e-01
2.644343855359026496e-01
2.383686920277449106e-01
2.321232814322269356e-01
1.501774707047821011e-01
4.499437750989379592e-01
1.860746895743000395e-01
1.763885212423286497e-01
1.237215668485684150e-01
1.030733426532995517e-01
1.208048174592292190e-01
2.235392668173192376e+00
1.078837639367418444e-01
4.482912351181744803e-01
1.054727372507427569e-01
1.427686847826517835e-01
2.080431192261629203e-01
1.056895924252138352e-01
1.253232931553587004e-01
3.885137038583585389e-01
1.722704022886007158e-01
1.199092863734080167e-01
1.685611918817269128e-01
2.706261318438000218e-01
1.681427897408323824e-01
1.804481489907057423e-01
1.110444576687577983e-01
1.491796629596314483e-01
1.548850542148428044e-01
1.628685936020440317e-01
1.825904828281922354e-01
1.134972820690536288e-01
1.298595086467722037e-01
2.384658598572631516e-01
1.063969864747899563e-01
2.578098499961579693e-01
1.031268086405217332e-01
1.516958966436647849e-01
1.191451171874288728e-01
1.331635886862005125e-01
1.842628070256354389e-01
1.751026516654856091e-01
2.085195614396186115e-01
1.098801620581785071e-01
2.620019898032087124e-01
3.052867783445019634e-01
1.675115985475656433e-01
1.485825346846620376e-01
3.791432764442895231e-01
1.132452645592667423e-01
2.565436479524084712e-01
1.475787728697051382e-01
1.045929482452748749e-01
1.170678806853871490e-01
3.666522096503542216e-01
9.599762245796930049e-01
1.917515774805798878e-01
1.487085289092559270e-01
1.225831127130926207e-01
1.595790868556120345e-01
1.289743154219078758e-01
2.523382229058264703e-01
9.713799996081841082e-01
2.605380534669179404e-01
2.217593004304848625e-01
1.700498067460990692e-01
1.045329023112878275e+01
1.609197810238205406e-01
2.088265308894268757e-01
1.217947207671443155e-01
1.500952518250151246e-01
1.399909208830689700e-01
1.036991933468671273e-01
2.587436301166516905e-01
3.404835231216028490e-01
1.777529291302251957e-01
1.984685690115789436e-01
1.123019605439777718e-01
1.545911854445925770e-01
1.233453163404176767e-01
1.226171622906276348e-01
1.916550549125542180e-01
1.059316640078971639e-01
1.259899997337703692e-01
7.167678242307142789e-01
1.298276510790788429e-01
5.551155618325230856e-01
1.005284159809577277e-01
2.383321822367448495e-01
1.049551043885018076e-01
1.257006021558133013e-01
1.722111683172265761e-01
4.970738527363223191e-01
2.014652812268801496e-01
2.238487717329771809e-01
2.078630251081200475e-01
1.038865614951019894e-01
1.287428664659030220e-01
2.984998459235613244e-01
1.369899054106304970e-01
2.149143507104529227e-01
2.951977174039691620e-01
1.336069049978997059e-01
1.721251183739234691e-01
1.033860705318439960e-01
2.752056899687869151e-01
1.174746517715968414e-01
1.553817163602028983e-01
1.074077689094180138e-01
1.464931099967125006e-01
2.376143421126661881e-01
4.300237068584372158e-01
3.085354723257548448e-01
2.225430274213925363e-01
1.014914249054835182e-01
2.760997919123365230e-01
2.771274701663091200e-01
1.032386498083761456e-01
1.096235402485334354e-01
1.052285748128103604e+00
1.361509544606087085e-01
1.038747611083569028e-01
1.053016832526715574e-01
3.704330662853891343e-01
2.589486962238125023e-01
1.072451833171877089e+00
1.276009970905784552e-01
1.794540025206741718e-01
3.048608423600074890e-01
1.132770955175531058e-01
1.462338212441653129e-01
1.535778426136300834e-01
1.376442796417350900e-01
1.089111675120470468e-01
1.549563045955110185e+00
1.163456302319043900e-01
1.338304572724163255e-01
6.234542811029586407e-01
1.410745924917231608e-01
1.895333554220872685e-01
1.831335069015057881e-01
1.824570183762057596e-01
1.632701977309473085e-01
1.389756830386369990e-01
3.332159750065754600e-01
1.708091545361389019e-01
1.241210559678713188e-01
1.120811878198393341e-01
1.765970265012992257e+00
4.103986352624237610e-01
1.074100891408041880e+00
2.052891748877858635e-01
1.398205676630035477e-01
2.072167486256706881e-01
2.787094311492412380e-01
1.399623885488072428e-01
1.899141777861702574e-01
1.948544330575235350e-01
3.002731778195234513e-01
5.591570276252225691e-01
4.092989629326626577e-01
1.341402851135695129e-01
1.641524894005278734e-01
7.053418441230543401e-01
1.468728909574707475e-01
1.062304721496807186e-01
2.340188713755394501e-01
1.620763942214706321e-01
1.262158156808605436e-01
2.668978075758581259e-01
1.159596000598453885e-01
1.556409600364665469e-01
