1.473013950747860401e-01
1.646284924057867527e-01
3.006704355802351514e-01
1.218298223281840120e-01
1.777797701540490272e-01
1.473760516127981535e-01
1.707188266444898128e-01
9.494254731911230261e-01
5.831878750330100614e-01
1.489322806725070780e-01
1.171340562462919455e-01
2.418365051741841742e-01
3.203140402270327480e-01
1.041542198684951570e-01
7.492332668441425980e-01
1.238558712346116836e-01
1.878237363796448900e-01
1.099256079744117126e-01
1.406192129916933042e-01
4.298519069436277373e-01
1.199639316802533884e+00
2.765385176267216027e-01
1.823173720295763189e-01
1.686018673417676028e-01
2.004440361428907191e-01
4.041733451989978909e-01
2.702523388944942928e-01
1.845518032971099898e-01
1.227649709879998635e-01
1.084888355974558127e-01
1.234387918773243442e-01
1.531504804411437659e-01
1.640908092413775887e-01
1.152595417943049316e+00
2.471178377597983422e-01
1.417022481039693083e-01
2.856848002345913629e-01
1.731770449680638535e-01
1.819436252066512771e-01
3.405225037135801713e+00
2.993785414656943145e-01
1.048957894843401129e-01
1.282413122130568184e-01
1.042237144537748600e-01
1.699674146959507526e-01
4.727041273452338155e-01
1.380743184524342027e-01
1.841883509913443406e-01
3.118020183219352148e-01
3.332547982639788020e-01
3.855004653225398425e-01
2.036588997110876653e-01
1.543198636175872329e-01
3.015306456650523326e-01
4.013285022601595919e-01
2.133660888850597570e-01
5.297269164732487656e-01
2.732075095484683414e-01
1.492774190267392442e-01
2.517037447120364368e-01
2.698886570052933531e-01
7.180985793124731176e-01
1.411847244810177371e-01
1.453615223786366706e-01
3.242924304265144553e-01
1.720596942155832032e-01
1.212404177071439576e-01
1.694354169800321164e-01
1.565049569736627344e-01
1.912158074272886643e-01
1.062338482467159589e-01
1.133798343229016070e-01
1.610184636219558763e-01
8.119260662808074347e-01
1.263232593031780038e-01
1.124868727789638811e-01
1.089300954771792312e-01
3.599617512328200375e-01
1.333987012792326732e-01
4.083621503090958393e-01
3.177716656401649020e-01
1.141691852665877305e-01
3.967334667304932561e-01
1.726786355055985878e-01
1.406446574667621074e-01
1.408018287252194300e-01
3.838023038433716616e-01
2.487247304962208472e-01
2.325762460286211197e-01
1.256286606642111892e-01
1.005562924323748497e-01
1.767192609963956107e+00
1.351829016087240376e-01
4.415674588803269462e-01
1.729815501075399331e-01
1.306575079960790586e-01
1.507321062063990968e-01
1.336576275840201944e-01
2.283706412406465436e+00
4.624761239517750089e-01
2.255989769694815017e-01
3.441331279370672958e-01
1.392721595603829132e-01
1.268559448560020453e+00
1.252116955342715832e-01
1.010321622380834783e-01
1.141962494243360660e-01
1.598844741974913275e-01
1.091059903679352933e-01
2.386371441379543656e-01
1.016810256508372812e-01
3.225594795085316990e-01
3.844202631553597649e-01
1.124081953693203406e-01
1.075968573242799126e-01
2.410887634620087483e-01
1.045720038002421054e-01
1.603713099675408982e-01
1.205221717192972997e-01
3.297899468379727472e-01
7.501003426818365627e-01
1.225267224890960877e-01
2.539944676850682814e-01
1.308016872115799756e-01
5.273893693526549020e-01
2.018186496407477493e-01
2.956262104117407530e-01
2.507317644863327200e-01
1.054034375962575321e-01
1.524356421567114317e-01
2.826480106480670496e-01
1.309564377897056153e-01
2.061948484062567644e-01
1.039784355353446377e-01
2.491444030171398316e-01
1.472590116583506470e-01
2.428583675011478094e-01
1.272458946694011994e-01
1.419145088518004305e-01
2.072654754466840554e-01
2.458949943645860337e-01
2.759439842808739107e-01
1.023756357209359980e-01
1.146415227484655630e-01
1.339772236716475495e-01
1.077462473319531072e-01
1.189592541330841136e-01
5.740087963076050404e-01
1.025219986400449229e-01
1.490158940758004869e-01
1.488028198574797567e-01
1.222424074719153375e-01
1.093157010603624801e-01
1.092850270221229769e-01
1.346519207877465707e-01
1.928275688778125219e-01
1.670155145030886579e-01
1.057526707836572433e-01
1.620280068808320761e-01
3.151052553502972087e-01
7.849153958862866709e-01
1.452757698292348465e-01
1.764503817154140786e-01
1.170618172055700595e-01
1.060004582483331098e-01
2.867135401629101743e-01
2.124884551490094919e-01
1.550435341651356103e-01
1.351069294136025556e-01
1.144650894305592470e-01
2.438765492513672306e-01
2.976829462713438956e-01
2.061052979087589498e-01
1.086075750827032727e-01
4.277212784417743774e-01
2.567295450509114452e-01
1.113913600016049887e-01
1.721838411367412336e-01
1.653080063328009608e-01
1.887858575862866595e-01
1.010465039372883816e-01
1.176324057991249145e-01
2.067062948264078437e-01
1.124508615377827758e-01
1.196441443813736766e-01
1.911841330251973781e-01
1.365403299686389071e-01
2.451692686853246261e-01
1.729918030108427729e+01
8.601699273521683509e-01
1.698207777961280585e-01
2.020598554862538254e-01
3.451419172094437604e-01
1.881897854523077029e+01
1.056733322429162514e-01
3.437999969424212487e-01
1.167649548600026704e-01
2.976665323223241510e-01
4.107489241557827353e-01
1.252274711797110029e-01
2.354402538322280525e-01
2.913808523495444169e-01
1.990119041147127010e-01
1.577668686247066798e-01
3.388046186358116829e-01
1.387554096495648148e-01
1.139338644786361404e-01
1.790585509196174208e-01
2.990051191937415087e-01
1.344484701281364047e-01
1.773757030173755966e-01
1.117236923964364026e+00
1.173372765202117390e-01
1.793365232333369030e-01
6.373976480879692819e-01
2.727997520100922113e-01
7.431883362056699305e-01
2.272161055383279393e-01
4.023862118532441356e-01
6.432165525739862444e-01
3.717039166778797754e-01
5.469278188649986383e-01
2.296069156846437809e-01
1.090103443848767228e-01
3.064577576531155034e-01
2.002911276284559949e-01
1.117180153601950165e-01
1.141180752411510985e-01
1.692912409776903548e-01
1.283471633561326930e-01
3.080466561720859864e-01
1.213232124782492455e-01
1.910315782046981825e-01
4.627668412893406469e+00
1.635533384186264316e-01
4.333836642110473480e-01
4.230689539605441141e-01
3.467241253329576001e-01
1.062381025666337131e-01
1.457270981704833213e-01
1.520552944924714878e-01
1.102168701655209526e-01
4.174472176377738153e-01
6.153918599423126023e-01
1.510450725710792141e-01
1.001964633368727792e-01
1.362727793405200116e-01
1.042853381009899993e-01
2.412210960772865898e-01
3.040186834188662868e-01
1.219692289098334853e-01
1.264150893439099366e-01
1.487215655720514895e-01
1.179463507478965278e-01
1.228574143795381074e-01
1.343486835960648051e-01
1.030187384606339046e-01
1.978809207912153090e+00
1.478949962198934376e-01
1.165620694827869674e-01
2.538454203288424416e-01
5.731722482973993227e-01
1.856294859481878667e+00
9.815300525320020952e-01
1.189808975381848155e+00
2.330175732571212466e-01
1.195287450655685701e-01
1.337234990249662470e-01
1.091072553515694543e-01
2.226658593766365490e-01
1.368865513395381150e-01
2.414071755085943072e-01
1.460477973788850414e-01
2.184242810777515809e-01
3.913390107408876717e-01
1.158829473310663966e-01
1.121942161229277507e-01
1.002875482121420997e-01
2.638331285406666504e-01
1.534089498531735485e-01
1.499138948187307419e-01
1.403917175637005021e-01
2.164590310660676753e-01
1.124248190419296356e-01
2.559738717381378481e-01
1.016038009884654425e-01
1.512730868709564191e-01
1.229887612553162424e-01
1.117828448129611074e-01
2.514989073094850425e-01
2.051196551908364973e-01
3.105920649553823853e-01
1.016580777099803212e+00
1.213947592391849961e-01
1.051223517582003941e+00
2.673336314967286742e-01
1.522168011404353871e+00
3.128206003325877949e-01
7.976339532160710011e-01
2.562588817882072711e-01
1.736713925126421032e-01
2.770855165132504738e-01
1.353351310431076815e-01
4.325585185510613662e-01
1.191132495098796151e-01
3.199312553991842112e-01
4.323762533849661027e-01
