1.566207453053160004e-01
2.237745054065361505e-01
4.370796925940625965e-01
4.811618926786599970e-01
1.104693685053263902e-01
4.837906994652240167e-01
2.333016996447574154e-01
1.933457325260688753e-01
1.077957228669364220e-01
9.185680498804912331e-01
1.839928803506633015e-01
1.366039567922005815e-01
1.256355165851870959e-01
1.158983278513473492e-01
1.432768312374730346e-01
1.422109901301155388e-01
3.426631611525687848e-01
1.685625339018780033e-01
1.276495719000467766e-01
2.209580607817789866e-01
1.191365741587545463e-01
1.737828745823174481e-01
8.019299148367967645e-01
1.868854790670961830e-01
1.294632145016564873e-01
1.959041174678292085e-01
1.053724998602244001e-01
1.223335886314404208e-01
1.336040532735977282e-01
1.140579152574507787e-01
1.096863777887459729e-01
1.638989553025319845e-01
3.384051711741011270e-01
1.251894415005921357e-01
1.374475515170299755e-01
1.167354600231467476e-01
1.355745161743656391e-01
2.206280993384923672e-01
2.483443227898979311e-01
3.244473752184921267e+01
2.367418215721587282e-01
1.196627411062773788e-01
3.841809544366677986e+00
5.308222506539913566e-01
2.709082030766342686e-01
1.142031479242369141e-01
1.135392100029690571e-01
1.347957623575143093e-01
2.199930718992378242e+00
2.343661319881107097e-01
3.700399689217461763e-01
1.067036053881040281e-01
1.627523103686085992e-01
1.581283643294271402e+00
3.060057586780767225e-01
2.566117550044059725e-01
1.158496813052709018e-01
2.166067594327688861e-01
1.429485200288511115e-01
1.041664307547447432e-01
2.544314452695712436e+00
2.453098317051662924e-01
2.861618388306430005e-01
2.005392907902218413e-01
1.176606018194954473e-01
1.477739251282410848e-01
2.578042454390186422e-01
1.549534370760251578e-01
1.482869783078568093e-01
1.594624538132849434e-01
1.701845664338559327e-01
1.258177595277201744e-01
3.368205196566281812e-01
1.937792727965630124e-01
1.270906915695915185e-01
7.089285022419002935e-01
1.516565078920554532e-01
3.320840023477990011e-01
1.215680655685916350e-01
1.012316716339476952e-01
1.129787983718743283e-01
1.034789579763110839e-01
1.704020587613641058e-01
2.653930948058004780e-01
1.051998582814649974e-01
1.163102242186328655e-01
1.075436453268712872e-01
1.939599329451148213e-01
2.371233674643436817e+00
1.920494838010981253e-01
2.635659949397251012e-01
1.337940786333629006e-01
3.864862312977841996e-01
1.016888487056943485e-01
2.649967966642682304e-01
2.338870262687061941e-01
1.469324065883034491e-01
1.690110785237907420e-01
1.421992145333821622e-01
1.467734670420397236e-01
5.144759898857266256e-01
5.669729793651561156e-01
1.460300712958429725e-01
1.038657800645933771e-01
1.027435976576192705e-01
3.546111398872591747e-01
1.152180165522026373e-01
1.742599737934683590e-01
1.352754311433606860e-01
2.322880382541716304e-01
1.620712091798851007e-01
1.627856860703725539e-01
5.272555349132000968e-01
1.825930503692382578e-01
2.737756834522308003e-01
2.700621838177549860e-01
1.493776576625246433e-01
1.112855361418574329e-01
1.274765538054824510e-01
2.186736054393477735e-01
1.354977680301499565e-01
2.370646766049636089e-01
1.473892227922901088e-01
4.029210798702448360e-01
2.104577911476581409e-01
1.388236259154959351e-01
2.146101446903830867e-01
1.054170977778212115e-01
1.975984509365803055e+00
1.507331674435634650e-01
2.356378272055322243e-01
1.779821541953834352e-01
1.910847017358202615e-01
3.947439764328470324e-01
4.861070689975189874e-01
2.148652652555051168e-01
1.455797489815836288e-01
2.585049295397489622e-01
1.109311336524565345e-01
2.203953484512451433e-01
2.573067278581050443e-01
1.530434715535006485e-01
1.767900116305696434e+00
1.146852401853239167e-01
2.482279023849900124e-01
1.080136498693366476e-01
5.747687291255838549e-01
1.426362222465884511e+00
1.164257147362676159e-01
1.037696014709093562e-01
1.064606742448325899e-01
2.710355434172578848e-01
8.641888393979324512e-01
1.072046743661039941e-01
3.332249445243833375e-01
2.400556249258314900e-01
2.311135078209221039e-01
1.306163698015883334e-01
1.028433785281995388e-01
1.027023422229434990e-01
1.276612584531574279e-01
1.897417854425549333e-01
1.938173281428634542e-01
1.503652071467637130e-01
1.772686069033542200e-01
1.147772048496766284e-01
2.139228445097391129e-01
2.579583220427735246e-01
1.738517524266064151e-01
3.069276752645571094e-01
2.244228047982833041e-01
1.962766592273172128e-01
1.644558524297346613e+00
2.291627214961457215e-01
1.124163390367509674e-01
1.248731302607266475e-01
1.341179366844637844e-01
2.993958581791226758e-01
1.192042626359307855e-01
4.618888333344774444e-01
1.850036708596136670e-01
1.192728257529093866e-01
2.581360142519912859e-01
1.084901674041194586e-01
1.795081249035440640e-01
1.014907514627862578e-01
2.076628665431734244e-01
3.735100865311435925e-01
1.170141764236262427e-01
1.664459995890557042e+00
1.833095055525406081e-01
1.852481803266723404e+00
3.504836761321039607e-01
1.141745091574078441e-01
1.290216385027175838e-01
4.104514447955454060e-01
1.151027895819965868e-01
3.910217731134885133e-01
1.813319208614987965e-01
1.290715430853445478e-01
1.713653405873303004e-01
3.148724227289717015e-01
3.764725141546940157e-01
1.966918539218830697e-01
4.230518368762120618e-01
1.035858143083186467e-01
1.128014550941620620e+00
1.083473488071174495e+00
2.652805209583246615e-01
6.352713858174428019e-01
1.054021024989827415e-01
3.755423755845576639e-01
1.533416160331717570e-01
1.643929603047093735e-01
1.095835487313964046e-01
1.767664619005101800e-01
3.341816922235464338e-01
3.029352586774129996e-01
1.234108722249850215e-01
4.081686514675049171e-01
1.144933129965385599e-01
1.002983536489461258e-01
1.170763216832114983e-01
2.718601741160400764e-01
3.281122813406446848e-01
1.251027036684303761e-01
1.713416529651104747e-01
2.021712692929242827e-01
4.059688384930038585e-01
8.199149790228026369e-01
3.726474625356164250e-01
1.361271009584872904e-01
1.103127343079474132e+00
1.016252048360865717e-01
2.583897750769107993e-01
1.435962431668101336e-01
1.650333733147879567e-01
1.768251810971806504e-01
1.697568101611340863e-01
1.105148212725322737e-01
1.423510577019987122e-01
1.571880539100233565e-01
1.899151038889132226e-01
2.185488097770806049e-01
1.073686763034330111e-01
1.289324105824709854e-01
1.142515479928137012e-01
1.710211252419080452e-01
1.149399070539867396e-01
3.356667636721257786e-01
1.263386665840729728e-01
1.247480945964628107e+00
1.098372808245120513e-01
1.845288908307964326e-01
2.026765165535075186e-01
1.360740607666875712e-01
1.139479162092120190e-01
2.496714143401060904e-01
3.289850177429518574e-01
3.488580234951756398e-01
4.608545120531958306e-01
1.376668571307072264e-01
2.093831494690305828e-01
1.157136752271306634e-01
3.746891501061256902e-01
1.217670567144078231e-01
1.505613733242556762e-01
1.356903714086838131e-01
1.173405594857570566e-01
1.758709810477471769e-01
2.483053634142022570e-01
2.027833903859123377e-01
3.887361704468539347e-01
2.252500980147674192e-01
5.595363102999759697e-01
1.235459188477927850e-01
8.831385135411965459e-01
1.378066670555111173e-01
4.672000406678439299e-01
1.799022230701387282e-01
1.106073383919305153e-01
1.647372009910537394e-01
1.608541352319797502e-01
5.614062181994186052e-01
1.683281854810297351e-01
2.728413752461933961e-01
5.440042837778404028e+00
1.187729086669099821e-01
1.069589571083050528e-01
1.978196005299466542e-01
1.013227651041275434e+00
4.465226791774141724e-01
1.585607982424051821e-01
9.958031215045237694e-01
2.139210440976103134e-01
1.883226034240688351e+00
1.892867521155110477e-01
2.766233178591698816e-01
1.005572979531567379e-01
1.016726847644790627e-01
1.612210545074056478e-01
1.389492130637337286e-01
3.422268479975107969e-01
1.313725198333160205e-01
1.246636126164909486e-01
6.529824657504141872e-01
1.600738031202960654e-01
1.735605897357940242e-01
1.178921684989598789e-01
2.763175471983827514e-01
2.010208303931431684e-01
4.223692441728835734e-01
1.236630933809177990e-01
1.811681716411019105e-01
1.062407733031936197e-01
1.365423171629539245e-01
1.968412351354658363e-01
2.301821457251652658e-01
1.068306843259202998e-01
3.563978624192004063e-01
1.293336199674344489e-01
4.201405274940678836e-01
4.385684639026437570e-01
8.148947600860305673e-01
2.186519820352311183e-01
