1.570283084267079521e-01
1.266783389862310150e-01
1.007817723223655149e-01
1.772282619421463035e-01
1.304900210361582269e-01
6.420095147869940844e-01
1.927888666015086239e-01
3.390441987952246272e-01
2.610210513437178914e-01
3.161040628747293080e-01
1.777241593509275297e-01
8.317862392465165122e-01
2.390863005174563849e-01
1.017969614502576836e-01
3.266875340615887913e-01
3.956716782915972175e-01
1.024758445163060083e-01
1.132143876277462297e-01
3.539564361725668351e-01
1.383873499676217811e-01
1.658572370522535255e+00
1.677534315680808130e-01
1.327639246101701975e-01
1.076788587046361850e-01
2.839676538787826998e-01
2.408915017513807433e-01
1.033422074281758613e-01
2.343700846652724268e-01
3.095001919455873107e-01
5.216454268697637842e-01
2.263234685867212270e-01
3.579569666582851917e-01
1.110699774187641486e-01
3.677317918429208188e-01
2.930115294092087153e-01
1.421882167730293411e-01
1.070075506560266981e-01
8.868966154716432237e-01
5.785389679781539618e-01
1.372217187900163504e-01
1.343021788401748406e-01
1.147431228646741685e-01
1.211075517933458551e-01
1.015229364954990665e-01
2.363315461857386224e-01
1.349771200083161871e-01
1.270533512600809656e-01
2.465580575716266043e-01
2.506000771525027093e-01
1.186748829114485926e-01
1.398280182310065456e-01
1.636332249623920765e-01
1.310668294014800395e-01
2.194900830334023945e-01
1.136779080395555336e-01
3.235329344862732937e-01
1.837892628721452259e-01
1.511060630604068589e-01
2.781872459484641680e-01
4.175156362007786948e-01
2.983540279174583532e-01
3.330496239032111894e-01
1.125359038987890081e-01
2.647826305914590672e-01
1.525368302329950521e-01
3.911110586624844676e-01
4.750647893628859642e+00
2.780295549092420271e-01
4.535465355111593100e-01
2.691520277993503796e-01
2.209908517944791928e-01
2.131903580411320664e-01
1.828187643374337423e-01
1.410017281780503728e-01
9.714441831498471513e-01
1.726015876609765798e-01
1.471196144596199906e-01
1.469010587496310805e-01
1.602516080111377472e-01
5.550739000524428368e-01
1.711785748000964058e-01
3.954810940718602730e-01
3.613936571921708696e-01
1.062982228264294088e-01
2.467206683066019979e-01
5.883503462279432439e-01
7.505584595257603908e-01
2.530875572986308608e-01
1.637110219872224826e-01
1.396379456527437612e-01
1.658576257417452848e-01
2.720198926478560875e-01
1.427839691248393994e-01
1.154291927553597885e-01
1.521870396856594976e-01
4.054715445259356454e-01
2.362149534541934104e-01
2.758143527159971908e-01
2.457413037704418157e-01
1.137417918254119836e-01
1.106951216998172671e-01
1.612681624595307117e-01
2.853267712213845564e-01
1.578571076949651097e-01
7.579368159598797172e-01
1.171949907506009692e-01
2.984759178395081647e-01
3.285811324611926376e-01
4.192405433487589872e-01
1.668293634475722098e-01
1.561574362329562204e-01
1.073476650182671188e-01
1.297931824593324124e-01
1.299730412252940448e-01
1.224531196888146711e-01
8.096247465941733834e-01
3.231199485011415629e-01
2.790403221518774624e-01
1.330299201034771672e-01
1.574890887829392128e-01
1.928993161818235158e-01
1.351322398677462788e-01
1.091673602282257072e-01
2.722137648421771861e-01
1.642522580340810834e-01
1.116656761791203212e-01
1.897298731422446316e+00
2.208356390640738298e-01
1.309369304786248689e-01
2.204150297301421257e-01
1.059174337979807978e-01
1.109939946153990359e-01
1.882728670809466154e+00
2.372001797805813050e-01
1.052569214405654902e-01
3.481231704403711102e-01
2.027769692807926960e-01
7.660749097967758381e-01
1.118211938181246645e-01
1.160912895062544692e+00
1.109587015865034360e-01
2.088679045905274256e-01
1.298552688543357925e-01
2.619884444970509985e-01
2.306326427717601824e-01
1.102436192503604806e+00
1.097795768616954687e-01
1.792395428774257449e-01
3.085887903555868395e-01
1.197841542008331733e-01
1.125313062949540727e-01
6.765635940741399068e-01
3.715197859118855028e-01
1.918325661653449421e-01
1.244568799379617147e-01
1.554481552524544785e-01
1.189072995121412124e-01
3.186637783313079897e-01
2.526144991681816832e-01
1.359557135675127260e+00
1.764247265077144300e-01
6.798151692494540654e-01
2.570868284219695599e-01
2.944648422611213512e-01
1.956866543302976658e-01
3.823515936226079548e-01
1.595774656551865733e-01
1.707147814937891306e-01
1.797688337698668259e-01
1.105675702779479463e-01
1.123898221660806218e-01
1.074229500823492833e-01
1.605070988505762353e-01
1.200430389666942432e-01
6.630817764680735360e-01
1.221882981548234465e-01
1.074913018685163257e-01
1.653444477071090990e-01
1.064026088889125782e-01
1.137704231533476773e-01
3.752305321332383148e-01
1.565599221820065112e-01
1.677826726136472379e-01
1.656869058227270763e-01
1.297052577961627373e-01
2.120687001844031860e-01
3.483346643241107543e-01
1.271813776251039252e-01
1.413612190785539791e-01
1.319637936672040102e-01
1.021861244603530089e-01
3.573078108633338523e-01
2.377595214236456478e-01
1.612429544906406065e+01
1.120392748597931060e-01
1.989736392314445101e-01
1.077536137911140779e+00
5.402549047318310649e+00
2.278859005568648066e-01
1.346678146465286607e-01
3.856777770948747741e-01
2.537753930720615392e-01
2.688928636549483997e+01
1.162719828121653309e-01
1.791570108393574501e-01
1.653039539978207739e-01
3.566752117359191510e-01
1.565618437712316957e-01
1.937253843437529433e-01
1.147729379889109724e-01
1.014611442806378216e-01
1.081164815478125596e-01
1.034168602630913258e-01
1.790163674794469362e-01
1.453630771047389469e-01
3.545495548768326510e-01
1.065152518002493304e-01
3.098720607233258484e-01
4.746733738319386386e-01
1.001389680781622771e-01
3.374531254866285912e-01
1.448748399525018049e-01
1.285393887785886424e-01
3.125996102021817435e-01
2.401705573541380034e-01
1.114169446374549538e-01
1.578654270497993894e-01
1.083125197911248006e-01
1.087592546939323834e-01
1.770883280748661026e-01
1.894200679152699407e-01
4.967994402721242486e-01
1.038097445887591203e-01
1.987051037559711908e+00
1.330754560243057882e-01
4.683356144782928610e-01
1.485559657498983221e-01
4.176642136717012566e-01
1.188598256376175721e-01
4.429234472259929167e-01
1.112745556512669404e-01
1.645665315793921613e-01
2.081474334008438787e-01
1.901927869068421595e-01
1.563921554686420023e+00
2.495153145705778286e+00
1.190026819907597649e-01
1.050880067317084832e-01
3.869792958282334827e-01
1.156317451494565801e-01
1.229175416422764455e-01
1.988394047880855275e+00
5.843099587261765260e-01
1.400493090102295224e-01
2.168112230160558207e-01
1.219487064032820645e-01
4.280349210819657912e+00
1.099964052702902956e-01
1.393711417206711378e-01
1.374992480070074963e-01
1.470406916750478243e-01
1.110037306849201849e-01
2.869391961660436863e-01
6.168463460995877723e-01
1.319141288921411859e-01
1.024160636208114594e-01
4.605080469685184363e-01
2.761860463014894629e-01
2.441761052026283907e-01
2.110617449530513279e-01
1.067781006509167796e-01
2.739510672628539534e-01
3.583838621547305037e-01
2.514409909525436859e-01
1.115342839564159860e-01
3.742428666865189046e-01
2.192354180255058904e-01
1.287903234288596543e-01
2.430945543485007188e-01
1.323163904509264688e-01
1.029183937313998265e-01
1.045895562198171647e-01
1.037101565955681343e-01
1.589043054508916808e-01
1.145343520540403337e-01
2.284782071564120720e+00
1.030084291737158042e-01
1.068115381177444229e-01
3.278377625978951215e+00
1.464728339367515064e-01
2.887668791083721209e-01
8.755445305803704059e+00
1.073943708854408902e-01
1.849137672771866692e-01
1.199641856843423615e-01
1.218830847112303273e-01
1.577310626757591761e-01
1.595367854243396333e-01
