2.969278181429149122e-01
2.596257080255435223e-01
1.340090395861084360e-01
1.159892982082191271e-01
3.020537321602260739e-01
2.126163375158544033e-01
1.180977107582068808e-01
6.358102821622227951e-01
2.819335916484306814e-01
3.702824295902983565e+00
1.330043793817980435e-01
1.386211077153080007e-01
1.876231187543798973e-01
2.536921710819929898e-01
4.846547505486774599e-01
9.720598929493701190e-01
2.102752308767416700e+00
1.372768255698992412e+00
1.698602327200662288e-01
3.401473810188358482e-01
1.145554465565524205e-01
1.174395062105068749e-01
1.160500933087995845e+00
5.309777945924469833e-01
1.084279688712816436e-01
1.294834914296355277e-01
2.579936021042381067e-01
2.166322677844086941e-01
1.800802284801817255e+00
3.014562099058276656e-01
1.102156759182705281e-01
1.186244152066467938e-01
1.112421919264317965e-01
1.915383738213349840e-01
1.122171251182652596e-01
1.021806406177850901e+00
1.309677732908340886e-01
1.165594001521079587e-01
2.442602160264822908e-01
1.075073520902837254e-01
1.663424101781226516e-01
1.470926921816450239e+00
1.021819607786579598e-01
1.179266370553124360e-01
6.093160207750013546e-01
1.068617744414768894e-01
1.167143471771703855e-01
7.873912879341524729e-01
1.062036645674166169e-01
3.164747608192042261e-01
1.605013832733986900e-01
1.044895412007502272e-01
1.450737380022812384e-01
1.260307350261014037e-01
1.459577391290549642e-01
1.663955090339949983e-01
1.945091618843128034e-01
4.240473172299772386e-01
2.574823365543125742e-01
3.045721226975306450e-01
3.779030577156319737e+00
1.211899608761841218e+00
1.268686426013334034e-01
2.943891607399723997e-01
1.490484358240926621e-01
3.902458468532666314e-01
2.047213700998856134e-01
1.688318275940034474e-01
1.215262919670646036e-01
1.045427720705718877e-01
1.510533833286850369e-01
1.705753640235991297e-01
2.803339545485691864e-01
1.362089521335969056e-01
7.890144033585915206e-01
1.055984652150687569e-01
1.394038769992961280e-01
1.514161800401234437e-01
3.726242981623759665e-01
1.206183800027762348e-01
1.245665523465023378e-01
1.891416742055455624e-01
8.101319173773402937e+00
1.763177488670456539e-01
2.655214895803210129e-01
2.196700682979581820e-01
1.213119956688153284e-01
3.231230346496147265e-01
1.165589964107902887e-01
1.035500914707215003e-01
1.722653297973090192e-01
2.254587750113816458e-01
2.399775462181876762e-01
1.227224206400623630e-01
2.082567353589268588e-01
2.505806666610114752e-01
1.101178521438903463e-01
1.488039985318446445e-01
8.795773782984280809e-01
1.061960297324946456e+00
1.057448038229112375e-01
2.961610612957191746e-01
1.196495327651732610e-01
5.467961256884078525e-01
2.136577837427996451e-01
1.016826007790004871e-01
1.996625065008950095e-01
1.091741150151991219e-01
1.749881771456115453e-01
3.580663098984992465e-01
1.956978825056820415e-01
2.415161402152248837e-01
2.426966344051481039e-01
1.002221067312663583e-01
1.660837043476871833e-01
1.652098107780666014e+00
1.318043363394539591e-01
3.023321956247647657e-01
5.779266059115526488e+00
1.391855217378358134e+01
3.620966725494896288e-01
1.329692192511963411e-01
1.043617839836284089e+00
1.154690243764842639e-01
1.708982258184272851e-01
1.009279459521915945e-01
1.664324639279134432e-01
1.809370359587990085e-01
1.343062662097080640e-01
1.520625596862350548e-01
1.672709013879926099e-01
1.079326190305098798e-01
1.092601775581439477e-01
9.585034083439174513e-01
2.540766683838150963e-01
1.089282189511539684e-01
1.373959800264362430e-01
2.510550509542860964e-01
3.567277180982890705e-01
4.922294760864217023e-01
3.913658738459642183e-01
2.588200624788110638e-01
1.397431936363740801e-01
1.721812213199394870e-01
3.502429236434508875e-01
1.074951257356942247e-01
1.231152032117998341e-01
1.005902889526480576e-01
2.475124993056933842e-01
3.629210211560553456e-01
2.368947314226865497e-01
1.606283823484170314e-01
4.424061653577435194e-01
1.813403065413840276e-01
1.327712947492765416e-01
1.098087647694762359e-01
1.642240371151437173e-01
1.116919624118972998e-01
1.388525836449031881e-01
3.319506400481185282e-01
1.207123577085971178e-01
8.715313646917177692e-01
1.529063262681517599e-01
1.172877692233505187e-01
1.007013107041847544e-01
2.647602791444690906e-01
2.720678775351185186e-01
2.068009431935856901e-01
1.608184991812497688e-01
3.794230267220112252e-01
1.110533205019623576e-01
3.082847127689024580e-01
1.526979532689590746e-01
1.831106660871133218e-01
1.113762594675490603e-01
1.160976891989324716e-01
1.271714915047456873e-01
2.372633311876868045e-01
2.440089871506720964e-01
1.519894933537730142e-01
1.206026142846783611e-01
1.496629829232662690e-01
1.333874150719358276e-01
1.059186110821156990e-01
1.681227432652802611e-01
1.568458213048824768e-01
9.065793625515419230e-01
1.079711858520202156e-01
1.494583084683809016e-01
1.381220325929662096e-01
4.984784989870865157e-01
1.234120934898015332e-01
1.406575148101491812e-01
2.257677741281588490e-01
1.177104327584223287e-01
1.592547941707550541e-01
1.368268021053228034e-01
1.022717679350192699e-01
6.750391015361603131e-01
9.598362769899472235e-01
1.036481112403595389e-01
2.522676823913040933e-01
1.127820472804430402e-01
2.661172891799379880e-01
1.323059003906879028e-01
2.911502551909173619e-01
1.794414021678143456e-01
2.330784670954173521e-01
1.173417282851035026e-01
1.995207223578018552e-01
1.071584191537883479e-01
3.536368300988432800e-01
3.216791118428548035e-01
1.279770451214955196e-01
3.710743212174019701e-01
2.921489929841134536e-01
3.005971604960862020e-01
9.331743232027019941e-01
1.182744374246510327e-01
2.151949125984612410e-01
1.653941768750085417e-01
2.441606727197628557e-01
3.455272706794473847e-01
2.025565779931210730e-01
1.890657858435093874e-01
1.211478700539616871e-01
2.006293991745823624e-01
2.364029648622418822e-01
1.350038567317987104e-01
1.864234935385246650e-01
1.355254481350900986e-01
1.677069704874899481e-01
3.053744059704155411e-01
1.531018353111954500e-01
1.966049705216813548e-01
1.069993779325688482e-01
1.197603327946948487e-01
1.122361457790286954e+00
1.175594138402597938e-01
2.656005417008137637e-01
1.512816210295762909e-01
3.270873680367117342e-01
2.811368958893935566e-01
1.109685632392286431e-01
1.688965177171122822e-01
3.821880274448555825e-01
1.484385070502965420e-01
2.033525190880187949e+01
3.207140225278897194e-01
1.134906953263006141e-01
2.237603830904664748e-01
3.099992832938761600e-01
6.193784311825542011e-01
1.385841345930427515e-01
3.395989886762137422e-01
1.568572997326213581e-01
2.319442991017005851e-01
1.366002256867457076e-01
1.236018700737480797e-01
2.656871251610388729e+00
1.102267220379856555e-01
1.169843826046614715e-01
1.740228410744061038e-01
1.450596941484641467e-01
2.158914694791681799e-01
5.298481776626483564e-01
1.070115793818603306e-01
3.303377896699324912e-01
1.336456258343756143e-01
1.127661601442012246e-01
1.020631138275917560e-01
2.110856798428838721e-01
4.424894578565884418e-01
7.105055947561282892e-01
4.296368250769938557e-01
1.736396694335401170e-01
1.149286069147583134e-01
3.075711648417480126e-01
1.242280006493639011e-01
1.281907718418004438e-01
2.502176315002703766e-01
1.569814715790814053e-01
1.964287550417441741e-01
1.584872942466879764e-01
1.470984517431856153e-01
5.873242609376039258e-01
1.115650503780041936e+00
1.128897643464620293e-01
1.771415151009432531e-01
1.627969099392558572e-01
2.178148256951613071e-01
8.907343482091548692e-01
3.756573549981936377e-01
1.014533321694858908e-01
1.014093409214754105e-01
2.176158201141344117e-01
1.345663142345377150e-01
1.844220890715979333e-01
3.640141885768091723e-01
1.360658808870255643e-01
2.050428104350084935e-01
2.315009679212213234e-01
1.334249856388101674e-01
6.530204228654408194e-01
4.132464787619872237e-01
1.256730492833847412e-01
2.069409867812155024e-01
1.018693507564177037e-01
4.049563460286060290e-01
1.300802280781822307e-01
1.099906383730407111e-01
1.284537983967840302e-01
3.916250576880300760e-01
1.025552426837549880e-01
4.159425054232964714e-01
3.295242762769901024e-01
1.050136673272330096e-01
3.962130913056042258e-01
1.776066776742085129e-01
1.290692058088738214e-01
1.072136903365825539e-01
1.476334450874869919e-01
2.011657446589145692e-01
5.037818252946575370e-01
4.106877583057880199e-01
1.858033297161215958e-01
1.127640455670165243e-01
2.398378456127331360e-01
5.741247492544375719e-01
1.463776295735867705e-01
1.097793287388024314e-01
1.685020457170663954e-01
2.158136748592390797e-01
1.183419778739180361e-01
1.119127711899332855e-01
1.054832344641435826e+00
1.343800566817554731e+01
3.014516597020484578e-01
3.496810673177871975e-01
2.006738839507463956e-01
1.141125454426704239e-01
1.114827513087907063e+00
1.208351854478539322e-01
1.625915627850099410e-01
1.224887818790537097e-01
1.759655027697125673e-01
2.670091243400292136e-01
1.427526394950353605e-01
1.132394021461033823e-01
3.668701201768014841e-01
1.299925965134019479e-01
1.698695691189469059e-01
9.447335849694131760e-01
1.474206808251733725e-01
1.686046203088735762e-01
2.715964944907839351e-01
1.820287396734285301e-01
1.300238418181806910e-01
2.154263865997172456e-01
1.694060321184020224e-01
1.629131182279550949e-01
1.615552582244934310e-01
1.757661575424681599e-01
1.529805277464189317e-01
1.575073118079502454e-01
1.270546911469036255e-01
3.796027916487441090e-01
1.627985741790716645e+00
1.625985143712111169e-01
1.844234542810795907e-01
1.431057211009793828e-01
1.112915862176894061e-01
2.025844202228785917e-01
3.011470390269741504e-01
1.575768832259706320e-01
1.524216091756859237e-01
1.848637066361606685e-01
2.095474099211393770e-01
1.088222967146166564e-01
1.211726246716517130e-01
1.756724502985828329e-01
3.920109931944668613e-01
2.612394586793163054e-01
4.198673197039600180e-01
3.203921391427175802e-01
8.074290497084124496e-01
1.499534578436818311e-01
2.598974794008651057e-01
1.092095655133237114e-01
1.648162699303392376e-01
6.663268682935584719e-01
1.407351888734608703e-01
5.333590997330335259e-01
3.198193500046880300e-01
3.436383585812650132e-01
2.797776981629737092e-01
2.151414872435356840e-01
2.057363450764533308e-01
2.379170111179066682e-01
1.666767294485349549e-01
1.197084518500107359e-01
1.044066798020979042e-01
4.708534001456847751e-01
1.525988318104277985e-01
1.345853451901714293e-01
1.244582602117594167e-01
2.773605346867034083e-01
9.427398170997620674e-01
2.955767144699532056e-01
1.590072921180212540e-01
2.204996605049924785e+00
4.935436899194031390e+00
1.147663173324172114e-01
7.403331924006336662e-01
6.697669458324453373e-01
2.528187919155672203e-01
1.575953514837367564e+00
1.431803162659300854e-01
2.544562305981390993e-01
1.157565609985796301e-01
1.084922157612067117e-01
1.172460605434591657e-01
1.172498597324183323e-01
1.557431966253849109e-01
1.180096278115508324e-01
1.719135384091265706e-01
1.645587319564257855e-01
1.040984076343627329e-01
3.298784116538583389e-01
1.093542760899723493e-01
1.889792763718494140e-01
1.134226129700408037e-01
3.907894780001065493e-01
8.430684502606710096e-01
1.959638677760449532e+00
8.375216435826111638e-01
1.156954063016804590e-01
3.182013770294160881e-01
1.145094940435993913e-01
1.201392266164104661e-01
1.037378149582120490e-01
2.267327363170194288e-01
6.821982136940242247e-01
1.757261185409076665e-01
1.619010822119229254e-01
1.370488126697837206e-01
1.832456404444817721e-01
1.080575131997921767e-01
1.523099796197001088e-01
1.350615414846332851e-01
1.128816306835173783e-01
1.007845731077122997e-01
1.032227888974966562e-01
2.722279448742487840e-01
2.003483956455882342e-01
2.145122008277334236e-01
2.666199382580634047e-01
8.489571015842518609e-01
1.032489204199156935e-01
1.465361475993367246e-01
1.438278839419535327e-01
6.275416818311807532e-01
1.380408403782429350e-01
1.289670974268764814e-01
1.273683810075951495e-01
1.068531522794138600e-01
1.259209814202979227e-01
1.417854594216105824e-01
1.910727720704291088e-01
1.507285260815992844e-01
2.202559450331051660e-01
2.669595677616100060e-01
1.382829652893976524e-01
1.074882580231948936e-01
3.184287074241909377e-01
1.125412983107514225e-01
5.099282794183929157e-01
1.479185573712778756e-01
2.199713144133290388e-01
1.510291742047990882e+00
2.262430684862144215e-01
2.370807350966924743e-01
1.377076575539100123e-01
3.427659169765439051e-01
1.228995860743502533e-01
1.945928931054554667e-01
2.490953442989933819e-01
2.568580652781676243e-01
1.018438497078708455e-01
1.514714925630759323e-01
4.147347946348117209e-01
3.041108655614315204e-01
2.396516898743473178e-01
2.604311042088849337e-01
5.964857622760714184e-01
1.187197578496411721e-01
2.943849392980432134e-01
1.130484351409029031e-01
1.148266677655280787e-01
1.324488802607142635e+00
1.864145857155046493e-01
1.627578041417067078e-01
1.970023299996531696e-01
1.574053768592625357e-01
1.275878825901158586e-01
2.304934665855377374e-01
1.833760947996150303e-01
3.002162829129346178e-01
1.052833524928866588e-01
1.129316300364769932e-01
1.091282238084722300e-01
1.218541819178818458e-01
1.162435845229732589e-01
1.164480485750511163e-01
1.481631877243882733e-01
1.052128024690558439e-01
1.061638128713116302e-01
1.831853543548201124e-01
1.696331785127625169e+00
1.763081501065341949e-01
1.087747636985128691e-01
1.104498356103836842e-01
3.480930331408412792e-01
1.046296456613012360e+01
1.306331272147024936e-01
1.010542921621260942e-01
6.042269022906504583e-01
1.137276231106136293e-01
1.754250064160250977e-01
1.584729389261419208e-01
4.988921263834820152e-01
1.127466893335842268e-01
6.288420448942044771e-01
1.915993740650590582e-01
1.199371440489474944e-01
1.265332506770453502e-01
3.646105054604074081e-01
1.468047977294613948e-01
1.942957797592211877e-01
2.102269471752380436e-01
4.691556595486652270e-01
2.747913417891056032e+00
1.366902757350283715e-01
1.022648759640053806e-01
9.019881139784811097e-01
1.775936284620560190e+00
1.416216746732988641e-01
