1.203414331503983026e-01
1.512290810548861386e-01
3.898795354008206537e-01
1.075389883005124364e-01
2.035257888936395365e-01
1.501536697174391533e+00
1.122090773557115617e-01
1.275258280971801605e-01
2.273186243804372342e-01
3.201942253797975813e-01
1.524944029180183014e-01
1.143325277908405213e-01
1.185338181524668716e-01
1.639603644316751652e-01
1.067551004641394408e-01
2.153196898361621203e-01
5.982856408537825521e-01
4.258226111241248946e-01
1.206936377785496062e-01
1.596423867847952816e-01
2.885490337836517094e-01
1.289764672651043942e-01
1.181450356132990182e-01
1.172639106287276106e-01
1.603037699946221473e-01
1.326629536098249129e-01
1.308835637210467862e-01
1.706702062919455698e-01
1.036502324081091553e+00
1.153873554021254688e-01
1.987158523134892052e-01
1.095032171329149845e-01
1.102611031383875784e-01
8.862548170497692723e-01
1.155763490665260740e+00
5.217655771410213417e-01
1.861069013980941045e-01
1.597737289846758446e-01
1.784498310619909434e-01
1.221514408530781637e-01
1.025137920780549855e-01
2.104525187970242850e-01
3.347087216768744877e-01
1.291467205076750335e-01
1.619462507271595686e-01
4.869129426735722688e-01
5.156597678934047302e-01
1.934595600503301038e-01
2.215419872134909429e-01
4.688198069431278592e-01
1.537247097238518823e-01
1.705768385862351799e-01
1.370568003278485603e-01
1.049073274418525492e-01
2.198222225764778770e-01
1.184865765617894029e-01
1.018797529083483866e-01
1.011272003666061070e-01
7.246560270663686687e-01
1.312212983906375363e-01
1.422234419013408968e-01
2.119331835075598802e-01
1.056981880436296539e-01
1.239333707133375012e-01
2.004067528845636659e-01
5.850214860979272569e-01
3.088005389050988980e-01
3.998305568481059225e-01
2.336356711112143048e-01
2.142583285846865193e-01
2.115445493909443864e-01
1.232889720607188710e-01
1.645374593100513927e+00
1.146258452990645688e-01
1.175340530154484142e+00
1.009676188374757366e-01
1.889860330527221854e-01
1.339441299477965308e-01
2.808187160107169511e-01
1.286442996066379796e-01
6.376648232951570572e-01
1.178794746742821975e-01
2.526397619842691289e-01
8.325352664787332158e-01
1.057322510966216128e-01
1.067676457783484634e-01
2.561256605468015257e-01
1.336281585466788935e-01
5.485373983504652218e-01
1.206820071584794873e-01
2.759445714976382358e-01
2.835835584066221382e-01
2.436308228586245017e-01
1.112307401950902302e-01
3.694493117643629088e-01
2.487027040097076203e-01
6.210289006385287802e-01
1.136168560061558142e-01
2.691449938688463828e-01
1.048624950788040605e-01
2.205749291359523634e-01
1.878026142634432738e-01
1.501467566412655885e-01
1.365019498261436370e-01
2.156453374864838735e-01
1.436500981514376996e-01
1.326318870427929397e-01
1.184024448730517931e-01
2.268098148628192312e-01
1.870845531152842967e-01
1.255897492737528820e-01
1.156046389220081738e-01
1.031664181109866463e-01
2.020028095817542335e-01
2.919876255116281571e-01
1.008948654294516134e-01
1.804728074596284870e-01
1.738444338278735402e-01
1.564179116730405050e-01
1.524012874014844809e-01
1.615515923647652674e-01
2.229876131275357887e-01
1.950907321803420635e-01
1.535381357163606575e-01
1.295369461689202806e-01
4.451639042776145416e-01
1.036594063059409765e-01
4.827296865303276618e-01
2.492756541236624823e-01
1.100828649683678190e-01
1.382894564772313151e-01
1.295144870104003310e-01
1.537416685913664205e+00
2.116125837543729737e-01
1.623744136384925318e-01
3.106940459305861379e-01
1.776780940880027249e-01
2.188733071674802133e-01
1.011345867506099200e-01
1.186554948363430645e-01
1.329256468544499359e-01
1.619515488585308860e-01
3.303483289622229924e-01
3.007419664476019272e-01
4.765016951870094108e-01
2.597304439329331527e-01
1.192624740372549702e-01
1.525825808837154574e-01
2.943218505344926128e-01
1.055731797697713747e-01
3.337984589766509469e-01
1.313428302453978624e-01
2.294183282079564901e-01
1.308724155121111232e-01
1.202720973023611584e-01
1.276351519159061587e-01
2.601960381522312460e-01
1.656852136313431423e+00
1.238120853803342664e-01
1.412041005168018781e-01
1.391555517596715918e-01
4.719251176179137808e-01
2.499709931104433513e-01
4.097222695021969230e-01
3.303879389696523505e-01
1.569219151736644113e-01
2.191321247444222298e-01
1.151581513885212432e-01
1.421890177546350564e+01
1.144014249505883041e-01
1.437966622700674602e-01
1.015442282979453631e-01
3.763080449136924077e-01
1.605415216712093029e-01
2.404036036547869404e-01
1.000711019433616067e-01
7.378700992783375057e+01
5.454886907370525284e-01
2.576814336060242461e-01
2.908568640405032046e-01
1.011450700156841243e-01
1.133504911407752086e-01
3.725892816332787572e-01
1.279857594601686854e-01
6.693158869325172011e-01
1.091237705579258671e-01
2.008328947971565470e-01
3.782779085286678278e-01
2.407343449985568928e-01
1.409537085455197236e-01
2.004272361180036433e-01
4.951295233610437663e-01
1.895880175353145680e-01
4.704815485258739827e-01
1.958539983701618414e+00
2.981593618437485271e-01
2.659799127834196475e-01
4.051806421680833603e-01
2.349249478548300629e-01
1.735784698689587513e-01
3.779283345594217636e-01
1.169326488713159640e-01
4.677116002495902980e-01
2.030298311198246997e-01
3.155236850099945034e-01
4.012580918105373984e-01
8.567909540282379055e-01
1.368176204680342511e+00
1.255231626725091254e-01
2.406829183443841280e-01
1.074222557983405546e-01
1.458068169169292605e-01
2.438025182553537284e+00
1.504032131335237554e-01
8.129718427880874287e-01
2.146265347295991388e-01
2.144789179330412743e-01
1.985281045948162626e-01
1.866311698384087281e+00
1.311102738554767166e-01
1.656294298141033350e-01
4.095568715900624324e-01
8.220464175676339691e-01
1.519832747261090355e-01
1.014273677482090963e-01
3.641059286851273669e-01
3.855675421175789319e-01
1.994658664126731096e-01
1.308569313511266652e-01
1.225234872693889837e-01
1.138895267350980706e-01
1.598800155236434761e-01
2.094250864173561322e-01
1.036895247727715880e-01
1.211158140479992595e-01
1.017502145917801304e-01
1.272683196032546038e-01
2.589141931561800836e-01
2.408801871626552460e-01
1.416571135709150109e-01
1.475040406052068043e-01
2.642765031998037806e-01
7.764902965597357820e-01
7.118909841262514027e-01
3.253292366799360180e-01
2.404709987985720332e-01
3.151257711766464742e-01
1.103223139580283285e-01
3.419066320793380243e-01
3.080849874323459137e-01
2.522950163267481671e-01
1.410717506349876249e+00
1.057018006031868879e-01
8.656790475267501783e-01
1.334824750359614176e-01
1.299924153550270634e-01
2.408044350947169121e-01
1.017750824756111644e-01
1.201299003451594127e-01
1.084066735903887607e-01
2.460842911227563712e-01
1.024917246546372535e-01
1.055460694002343935e-01
2.196447490980183714e-01
1.860200177810302502e-01
1.710564652602060143e-01
4.852140156087294542e-01
2.857222077705075525e-01
4.029350964458370044e+00
3.156296663008906767e-01
1.477521058262360187e-01
1.662777424945016957e-01
1.118817767681203057e-01
1.058850752635434322e-01
1.151170435070910103e-01
1.975658464481559740e-01
1.098519291024379618e-01
3.682130461606132887e-01
1.356665497743394233e-01
1.314265354002976671e-01
1.022731364378056257e-01
3.678824979293687569e+00
2.220805149189168659e-01
2.218464858077315582e-01
2.070704244948793071e-01
1.112234306456583444e-01
2.450707903309652935e-01
2.858243436985813957e-01
1.136163861540910036e-01
4.760644576735137412e-01
1.684479501646096999e-01
3.778484793456982072e-01
1.972211653370048723e-01
1.934692878743573541e-01
