1.668930053710937500e-06
8.556413650512695312e-02
1.855468750000000000e-01
2.865786552429199219e-01
3.833985328674316406e-01
4.936439990997314453e-01
6.036221981048583984e-01
7.118110656738281250e-01
8.149666786193847656e-01
9.152047634124755859e-01
1.026398658752441406e+00
1.142153263092041016e+00
1.240099191665649414e+00
1.347570896148681641e+00
1.445132255554199219e+00
1.547014951705932617e+00
1.647555828094482422e+00
1.750994920730590820e+00
1.852056026458740234e+00
1.943652629852294922e+00
