0.000000000000000000e+00
2.220446049250313081e-16
7.558106362615113483e-05
2.255605328156606859e-03
4.315760628127440768e-03
6.002910213648293691e-03
7.409945812025142686e-03
8.600213861014172068e-03
9.606798086261969516e-03
1.044903722855772266e-02
1.114094153286004918e-02
1.169435937585960872e-02
1.211994781635761242e-02
1.242742014186903887e-02
1.262566074172699615e-02
1.272280620889509883e-02
1.272637331027914875e-02
1.264337966295170368e-02
1.248048617326613652e-02
1.224412934230167949e-02
1.194063108368226267e-02
1.157630137721521457e-02
1.115749775325025617e-02
1.069066785307737355e-02
1.018236343159650836e-02
9.639213972476134984e-03
9.067896744740178150e-03
8.475119031097433364e-03
7.867633268477280950e-03
7.252393501359089001e-03
6.636940935640600614e-03
6.030174020258849410e-03
5.443603051686229932e-03
4.892987374144119883e-03
4.399754851237558384e-03
3.990983064821929105e-03
3.696713260029182990e-03
3.544392488659342533e-03
3.552198716119780997e-03
3.724439976636961802e-03
4.051332070286628451e-03
4.512530168665485064e-03
5.081691192696080606e-03
5.730230976485728434e-03
6.430360917624611261e-03
7.157587933704689931e-03
7.892171869614994506e-03
8.619235464673025149e-03
9.327950025159958969e-03
1.001044121789318453e-02
1.066079383549478621e-02
1.127431062307260312e-02
1.184697458223338273e-02
1.237506793332343591e-02
1.285487057062661975e-02
1.328239684845766710e-02
1.365312538320817559e-02
1.396166732164316748e-02
1.420133247053256831e-02
1.436612929593872323e-02
1.444435871126348303e-02
1.442429816537149634e-02
1.428515282336562109e-02
1.402045596091139323e-02
1.365515135351236253e-02
1.319372731904189244e-02
1.262512337459886780e-02
1.204590465648425202e-02
1.154735800037798299e-02
1.127272174254367876e-02
1.128034969645219654e-02
1.172421058972683561e-02
1.271723457191198392e-02
1.422369066237205715e-02
1.602507164174560295e-02
1.792781440830304440e-02
1.991422216237515030e-02
2.198644227022517050e-02
2.409212117965675581e-02
2.614592825935502240e-02
2.810433822611724253e-02
2.995446029096737739e-02
3.169285052300274685e-02
3.331972767929847201e-02
3.483661099123080973e-02
3.624572985056784269e-02
3.754989070848036015e-02
3.875209694833703367e-02
3.985529014427080519e-02
4.086221159707426054e-02
4.177532726743171665e-02
4.259681700931028381e-02
4.332861715898372879e-02
4.397252760683723061e-02
4.453036218293870974e-02
4.500415562878723463e-02
4.539636444585770647e-02
4.570998073693055552e-02
4.594863371382862383e-02
4.611676146689736022e-02
4.621980417849602674e-02
4.626432616150077948e-02
4.625805704661689610e-02
4.620983843954018511e-02
4.612938107436215240e-02
4.602675027782154871e-02
4.591159550861045879e-02
4.579214128357467217e-02
4.567394354424680891e-02
4.555872853196296646e-02
4.544405104192339451e-02
4.532424304500004553e-02
4.519229669562885299e-02
4.504183045364706928e-02
4.486852566343779714e-02
4.467080868499317958e-02
4.444961509024403234e-02
4.420707601362217076e-02
4.394406280057716607e-02
4.367198284186768475e-02
4.335657291543948411e-02
4.301818787257594146e-02
4.263555423944542788e-02
4.220417676789067762e-02
4.171463064849656455e-02
4.115425685677065459e-02
4.052202998637821629e-02
3.978725686656114924e-02
3.891770721329024241e-02
3.809841560133331306e-02
3.729043687750133174e-02
3.635893566593395576e-02
3.535257298923788483e-02
3.415354617374544155e-02
3.294464624431658883e-02
3.158637973147948586e-02
3.058826722577956403e-02
2.956719721730771688e-02
2.843139454192389337e-02
2.706928291981336443e-02
2.591188449295245277e-02
2.514416532392016457e-02
2.415367661313250203e-02
2.318982135557545732e-02
2.221939632483471705e-02
2.147815155480814475e-02
2.232357807492069135e-02
2.285905632339946258e-02
2.314108177609641714e-02
2.335784948550734264e-02
2.367716827559984694e-02
2.386665025533241113e-02
2.399180253915145222e-02
2.409833440086561751e-02
2.407892731121719088e-02
2.495231315545654027e-02
2.584957980905189245e-02
2.627420776023492444e-02
2.669462509201991907e-02
2.703280676546770955e-02
2.730358482490125027e-02
2.749343625845113159e-02
2.761653558558219146e-02
2.756165536440002839e-02
2.744347866404206471e-02
2.737586259523006049e-02
2.734496029651167781e-02
2.730135962030555419e-02
2.723363872745432346e-02
2.713334786919396890e-02
2.700612063616514291e-02
2.684002945256147576e-02
2.673581573184691251e-02
2.665977449970613478e-02
2.655090177474717095e-02
2.643079949334325995e-02
2.631074697886259806e-02
2.633309873637990073e-02
2.635283879540528673e-02
2.638516725802730889e-02
2.643268254714370435e-02
2.649736082503628687e-02
2.653579585790799555e-02
2.663249865436689845e-02
2.670001680621747475e-02
2.670867761393136419e-02
2.655559764878279161e-02
2.630682762334535241e-02
2.642532925755491924e-02
2.645964711202686281e-02
2.644222680668795178e-02
2.636435248342205995e-02
2.623609725251174751e-02
2.633851595571456983e-02
2.669337767510460147e-02
2.694369005710472997e-02
2.707667569665339613e-02
2.708053438829849391e-02
2.742523446967459755e-02
2.771706935464712807e-02
2.808935235196141633e-02
2.837780249954424683e-02
2.859928014090740156e-02
2.874691101567838913e-02
2.883829684747696298e-02
2.893439042914836001e-02
2.906588704344459373e-02
2.917234555520620276e-02
2.926327999954403403e-02
2.934752264976991931e-02
2.947519749106097819e-02
2.956288549720276215e-02
2.962240976467755971e-02
2.963828066424301078e-02
2.964190566183622089e-02
2.964467980362850419e-02
2.963252311519326554e-02
2.957859936660267586e-02
2.954439950230702827e-02
2.954142858915687064e-02
2.957705554032918904e-02
2.960135127694774049e-02
2.958289803576330534e-02
2.951454559202115746e-02
2.938562427751501005e-02
2.919131753840686905e-02
2.889339480975428032e-02
2.852448126872819678e-02
2.815975885690402691e-02
2.783655562368214653e-02
2.754541823089140529e-02
2.720253097513203322e-02
2.674910274614039629e-02
2.613704890619361620e-02
2.539407808695659519e-02
2.467588984678892317e-02
2.378503465631687241e-02
2.355832403078172987e-02
2.312834495926452405e-02
2.256325235518263916e-02
2.173630799887193987e-02
2.113899027493837401e-02
2.100590580776318106e-02
2.069132816479291037e-02
2.030360510622419845e-02
1.988264908919235019e-02
1.949886589902982692e-02
1.906695325374618832e-02
1.861013368763764220e-02
1.810989737033241731e-02
1.757112636958457763e-02
1.700715625285087462e-02
1.638935605687863450e-02
1.575610899337021031e-02
1.512044421589209264e-02
1.447713861135047075e-02
1.380536332250192899e-02
1.311291403691017265e-02
1.239789623464804258e-02
1.162853926981899377e-02
1.084528567167231117e-02
1.008053918965057250e-02
9.283272647276463729e-03
8.481335144217894140e-03
7.721259818688208654e-03
6.983699061650527895e-03
6.371414628795202262e-03
5.774498313673603889e-03
5.184459566714316736e-03
4.658443214157870216e-03
4.175596153815241962e-03
3.790281722831689848e-03
3.503502327984797660e-03
3.232091704174377966e-03
3.080573365104699590e-03
3.012829345334422371e-03
2.991519871399672681e-03
2.980250460269839863e-03
3.029886476125565054e-03
3.174166004450196255e-03
3.368319400766317528e-03
3.609496943906664868e-03
3.910456847540100256e-03
4.266509879879532008e-03
4.690555067750512563e-03
5.192261313956114677e-03
5.762627458894442611e-03
6.366360516161906347e-03
6.991467438126619527e-03
7.628080148175175879e-03
8.281967299772041713e-03
8.910405194785253613e-03
9.489591117711748680e-03
1.001019348892651095e-02
1.054390609404398660e-02
1.112590611070718438e-02
1.192559491458133891e-02
1.291121177086140825e-02
1.407192117697197986e-02
1.517036566768670269e-02
1.620746720919608030e-02
1.717332148852923623e-02
1.805296936675149233e-02
1.886725275801692803e-02
1.964627854694889209e-02
2.040191876719044117e-02
2.114504865408650680e-02
2.192108470361087136e-02
2.269442684918154818e-02
2.347343587239292262e-02
2.422873299947814196e-02
2.495798614922239977e-02
2.562595952918922393e-02
2.627210191306761367e-02
2.687745207057923302e-02
2.750705888925075726e-02
2.809307441329877975e-02
2.865102879203385022e-02
2.916948686532894186e-02
2.970045750965977227e-02
3.019639569643306487e-02
3.062836847561212217e-02
3.102666460152048167e-02
3.142970593999394602e-02
3.177266298191572247e-02
3.206784552992902881e-02
3.233966002730337408e-02
3.251682651243092970e-02
3.257944248870292547e-02
3.269963961860966606e-02
3.289856901638588127e-02
3.301289710884236506e-02
3.306033288882970211e-02
3.300697231850668878e-02
3.289761184776951453e-02
3.301891564874703811e-02
3.301828702601605769e-02
3.292527917098020396e-02
3.278029999707099407e-02
3.259190543832235498e-02
3.235537457972159636e-02
3.206483769965973174e-02
3.169928386195675074e-02
3.131465737859095988e-02
3.092106599925781296e-02
3.052512231954462862e-02
3.012092988519077252e-02
2.970282383124978054e-02
2.925178545044460066e-02
2.882745231155681154e-02
2.831360471397759149e-02
2.778792493808213138e-02
2.711935476083060514e-02
2.657031230718631676e-02
2.553782540101035003e-02
2.525048167796040133e-02
2.563257690529341382e-02
2.575080751790537192e-02
2.576397274726205389e-02
2.564856755272981736e-02
2.545404833085229690e-02
2.523278889933444624e-02
2.498073732765582200e-02
2.471675665469197369e-02
2.430230330339844258e-02
2.366787630379718621e-02
2.343511469532932878e-02
2.317266962666097996e-02
2.288175718326201924e-02
2.255953887857597984e-02
2.217264236737315208e-02
2.179295660531854750e-02
2.133306953129521233e-02
2.082228001347341539e-02
2.030444909666351272e-02
1.860610029947840083e-02
1.844779549483810399e-02
1.813205938665518602e-02
1.772576662067182340e-02
1.735996085456981142e-02
1.699065099919350175e-02
1.667192092036162698e-02
1.630276126712337792e-02
1.586915491140739043e-02
1.551204379288995128e-02
1.521441369966169965e-02
1.488193034981666329e-02
1.447935392932353516e-02
1.394745458849055986e-02
1.368158649713979713e-02
1.340086166780007915e-02
1.317100041054852788e-02
1.323466350358071253e-02
1.325152713056731990e-02
1.327456531626025615e-02
1.321407999499557562e-02
1.311358646801874528e-02
1.298844915116847964e-02
1.285766771435015166e-02
1.272258356070699037e-02
1.259280715701516229e-02
