0.000000000000000000e+00
0.000000000000000000e+00
-2.058382403915537395e-02
7.917336967814270210e-03
2.524854003849652528e-02
3.787389314048072997e-02
4.780418201908309683e-02
5.590534508622013732e-02
6.262244783867298992e-02
6.821013855753421673e-02
7.282601740557170800e-02
7.657350755834202438e-02
7.952419215205042136e-02
8.173015440609976423e-02
8.323100727920706987e-02
8.405826839195329470e-02
8.423780839837946566e-02
8.379151358349479217e-02
8.273796239685959897e-02
8.109253694345874841e-02
7.886666912565964971e-02
7.606628223665534705e-02
7.268892839318685795e-02
6.871936550322854664e-02
6.412295659971922746e-02
5.883552671977532178e-02
5.274857725863868474e-02
4.568761593918635455e-02
3.738209584844853772e-02
2.743869650183716757e-02
1.544243730057526243e-02
2.110794067512244965e-03
-5.959240258343601049e-03
-3.702443366868424235e-03
8.097096213945942367e-03
2.108917704966351003e-02
3.218062587949122033e-02
4.147095836389413925e-02
4.937086494704012729e-02
5.618641820440495316e-02
6.211231374257475402e-02
6.726554106261950494e-02
7.171271606817763988e-02
7.548870764319359772e-02
7.860882856902118299e-02
8.107642703497308645e-02
8.288756280529585574e-02
8.403381852495539484e-02
8.450362225646168568e-02
8.428271186715829977e-02
8.335402534559022136e-02
8.169666484295712294e-02
7.928450445508605782e-02
7.608333496013086616e-02
7.204653548162487375e-02
6.710748877331207396e-02
6.116617949889335826e-02
5.406461836752440853e-02
4.553782962490893205e-02
3.510728091528636519e-02
2.181253662267135240e-02
3.484519297537458371e-03
-2.111253257285405915e-02
-2.127032755502977768e-02
-7.298337163400892003e-03
1.456588264325842097e-02
2.970571755607154252e-02
4.094029797228149192e-02
4.978291627740616399e-02
5.698009843830464938e-02
6.294938792270166061e-02
6.794614071519222698e-02
7.213599420917171656e-02
7.563040566161971512e-02
7.850585054207970259e-02
8.081486715001506838e-02
8.259277061130809727e-02
8.386188415189654854e-02
8.463422334439330008e-02
8.491311063790862868e-02
8.469402304313655705e-02
8.396472119772546705e-02
8.270465802151982793e-02
8.088342995719077777e-02
7.845793380276488982e-02
7.536729565551092414e-02
7.152386463385429494e-02
6.679617864329090438e-02
6.097237425018975365e-02
5.364618611013227678e-02
4.436005665242115370e-02
3.103067337268994308e-02
4.625652806887314838e-03
-1.475965345788754490e-02
-1.339396919896096438e-02
-1.193653672762728934e-02
-1.317496654525862620e-02
-1.639169571737220110e-02
-1.468255774798898905e-02
-6.243500658323575259e-03
4.169754672708636534e-03
1.456953476301081629e-02
2.116234199618927114e-02
2.928830564223128263e-02
3.501566356539909108e-02
3.976214496674779220e-02
4.319367247204231042e-02
4.541962265469257076e-02
4.591245086972950418e-02
4.510891406564510042e-02
4.653445586114068888e-02
4.711194651209282824e-02
4.723369550502432013e-02
4.744733853008709090e-02
4.653854137420077031e-02
4.463344418321146811e-02
4.621835263275220207e-02
4.493222030378518639e-02
4.423309513611961563e-02
4.548354998019465967e-02
4.595827574741462307e-02
4.493936865409597914e-02
4.371828790482990001e-02
4.318208146913882217e-02
4.249985996132243926e-02
4.091670786072287846e-02
3.839458332678291619e-02
3.473729305652994981e-02
3.513512443077670966e-02
3.335023571344852833e-02
2.970180489813234459e-02
3.002393797245916929e-02
2.992689124106617804e-02
3.068675893786143583e-02
3.111216380569281625e-02
3.085920209335779596e-02
3.044805985005227811e-02
3.040084623675576303e-02
2.977532401046678601e-02
2.948615432469603448e-02
2.859103292266573781e-02
2.626662046696037756e-02
2.348611695850477687e-02
2.072863102293953652e-02
1.937173116788337701e-02
1.731919906382040075e-02
1.491516287518313000e-02
1.072881260696845196e-02
1.100343287875071852e-02
9.315796482055382910e-03
9.628464095406075174e-03
9.742032401771849592e-03
8.548291821286690961e-03
5.090106391604454217e-03
5.378745964168096805e-03
3.522156613533278247e-03
4.877170658081908527e-03
5.014924643566232021e-03
4.221138181995209848e-03
3.365719663178223797e-03
2.933234978384602343e-03
2.437088109159324389e-03
1.999286379517295487e-03
3.972470731407495848e-03
1.773064911614996575e-03
4.464701192893105741e-03
6.122059562124970711e-03
7.128132480257676207e-03
8.051378551928278782e-03
9.079084455182906410e-03
9.935413871533516073e-03
9.763063026301699310e-03
7.899390144768592137e-03
5.684798878761165852e-03
6.958847819387825595e-03
7.474494004861442775e-03
7.673379213251063646e-03
5.725079066596361343e-03
5.176777441317836903e-03
4.907018418873976273e-03
6.400684410939438962e-03
7.729609162089534635e-03
8.497277192345942254e-03
8.465197649084599263e-03
8.367624760070802026e-03
8.268744720027365602e-03
6.975228758930640538e-03
3.395003418125153161e-03
-8.591777160412705783e-04
8.316974583297831458e-04
1.570776788574645977e-03
2.116294482766400975e-03
1.947773499625826688e-03
1.375286305371981044e-03
-3.693683281887905068e-04
-3.755418392874854128e-03
-9.163069841283122408e-03
-7.482684516820659049e-03
-6.093268598311829543e-03
-4.237134541782650032e-03
-2.547863569428376884e-03
-2.271741786621928050e-03
-3.156643193110042489e-03
-2.769514056763067167e-03
-2.690219311722530371e-03
-2.878811175399120792e-03
-3.751919491113087091e-03
-5.099187939201832442e-03
-4.898255178830690504e-03
-4.859227095303064736e-03
-5.410830885224982012e-03
-5.446057873249809944e-03
-4.984333865957757403e-03
-5.460303757128692759e-03
-6.679208789671764457e-03
-6.909977318931059820e-03
-6.865150854230117616e-03
-7.541220995767816682e-03
-8.611116537148522099e-03
-9.317164182981563236e-03
-9.923335435100821833e-03
-1.086108480094383211e-02
-1.256103298186928008e-02
-1.502154339546546424e-02
-1.750309096675473075e-02
-2.073759485038706440e-02
-2.068489918858107401e-02
-2.340933886181706391e-02
-2.427612925770328278e-02
-2.485138661849606301e-02
-2.310080968035266302e-02
-2.211417572694718281e-02
-2.175582343558335463e-02
-2.165820834531440031e-02
-2.216124062166113795e-02
-2.207893056313015023e-02
-2.064160540990134241e-02
-2.048346566788095124e-02
-1.973004296320723938e-02
-1.806315376937250861e-02
-1.672059302927697555e-02
-1.623907905308297206e-02
-1.678494357023685435e-02
-1.678549274685403603e-02
-1.662309085410262899e-02
-1.668609711537016871e-02
-1.719337820048028043e-02
-1.842440079544216402e-02
-1.933383681953415589e-02
-2.096522918818966019e-02
-2.311361684653467918e-02
-2.732563509049279471e-02
-2.991498823028126974e-02
-2.662849907523523463e-02
-2.610672325931573390e-02
-2.719597915290661305e-02
-2.701962098407895141e-02
-2.674548305018242811e-02
-2.677660726590924689e-02
-2.673754627421709440e-02
-2.733638784269831756e-02
-2.602641785746562242e-02
-3.060755172139262292e-02
-2.965227354584731856e-02
-2.922364462116955330e-02
-2.908455061331793878e-02
-2.904685104773929716e-02
-2.863325247416892427e-02
-2.904935360143412471e-02
-3.020566529556256707e-02
-3.040802279054866109e-02
-3.013346220360990646e-02
-3.007537534066029306e-02
-3.072067898580432832e-02
-3.150857985947519424e-02
-3.255096119041200886e-02
-3.396038171886461843e-02
-3.469876481054312567e-02
-3.472820419428601646e-02
-3.424404074209796978e-02
-3.439397056297832656e-02
-3.534517811930004694e-02
-3.395223707446259898e-02
-3.306732309500748368e-02
-3.228409345458316260e-02
-3.166787666474213392e-02
-3.115989592174217560e-02
-3.035050003854600220e-02
-2.840287485069070694e-02
-2.725984461769148659e-02
-2.662412218182685919e-02
-2.656435660626099704e-02
-2.693154370270833819e-02
-2.741774884234227105e-02
-2.676534853817347237e-02
-2.560705801914009427e-02
-2.523666833037796486e-02
-2.492983580126062471e-02
-2.474701147794100553e-02
-2.455440057725111203e-02
-2.487292343932145933e-02
-2.598084303721137633e-02
-2.737443241744053068e-02
-2.881272459189421209e-02
-2.991301062815343581e-02
-3.159636314622249476e-02
-3.329474010439903431e-02
-3.528892709605291333e-02
-3.670412292699920531e-02
-3.761790088340677407e-02
-3.838602518376965644e-02
-3.892541278723282705e-02
-3.988328121619078015e-02
-4.162400965072265979e-02
-4.371517841772409874e-02
-4.602407729358304334e-02
-4.931890946807737652e-02
-4.875000470567003585e-02
-4.660364283838791533e-02
-4.659385663139703482e-02
-4.764888934981914570e-02
-4.618760750290284989e-02
-4.337208525149971461e-02
-4.159651532059849277e-02
-3.934436170729482818e-02
-3.805754147537898646e-02
-3.694041494738919962e-02
-3.637648145775074227e-02
-3.594127609380626254e-02
-3.482543313543062791e-02
-3.388376691015926312e-02
-3.351296937493009054e-02
-3.297586002034647024e-02
-3.289259231399832561e-02
-3.213189995168319602e-02
