0.000000000000000000e+00
0.000000000000000000e+00
-4.498796547242189803e-02
-3.700720714518401788e-02
-3.416641833293587727e-02
-3.064378363966491214e-02
-2.647605852413870142e-02
-1.222124846729777392e-02
-4.446729221683320965e-03
-1.289780667548579007e-02
-9.855492985760494484e-03
-9.924566856230776501e-03
-1.504047427441057572e-02
-3.082321006443511369e-02
-3.265131485145267298e-02
-3.553297136791477850e-02
-3.828575700051228825e-02
-4.353910538553595888e-02
-5.402305778489169263e-02
-5.953015893648316847e-02
-6.260651080422063863e-02
-6.284807703026262793e-02
-6.040144777164946355e-02
-5.506871682269709467e-02
-5.376768266017051268e-02
-5.363031067936940843e-02
-5.656084667826066781e-02
-6.193406313033156252e-02
-6.608383112929594461e-02
-6.646226550146783207e-02
-6.274174557507139482e-02
-5.814104542512921192e-02
-5.621964383249966613e-02
-5.753968022021893614e-02
-6.125823012293607484e-02
-6.351963156896911489e-02
-6.445362989489533678e-02
-6.392861851463982337e-02
-6.322682459957273959e-02
-6.330600701511224226e-02
-6.542374154218477678e-02
-6.943102905299969319e-02
-6.890390003132440544e-02
-6.528238209313919072e-02
-6.485315761793875033e-02
-6.563321479636841094e-02
-6.125399894120164834e-02
-5.730728334218559983e-02
-5.424806178825414271e-02
-5.372115617342976268e-02
-5.558151049857473769e-02
-5.968321076326765784e-02
-6.503361552045727745e-02
-7.072796998671138091e-02
-7.759042383447944946e-02
-8.571587064983476889e-02
-8.972475320578854330e-02
-8.699582711993836259e-02
-8.238795608122617686e-02
-8.118945296997037708e-02
-8.320519193578912454e-02
-8.781501475881059449e-02
-9.468178378156943964e-02
-9.911508447122796550e-02
-9.986242356354546601e-02
-9.580598441162457846e-02
-9.085018621737916966e-02
-8.663861371818604162e-02
-8.287223369045837451e-02
-7.971381524857634737e-02
-7.634919523428695953e-02
-7.460107479157818133e-02
-7.516576585481671291e-02
-7.732926372631077072e-02
-8.092727958355139251e-02
-8.495128073271041025e-02
-9.028014731108213731e-02
-9.268521203223301086e-02
-9.158799215900104151e-02
-8.725632335964383923e-02
-8.324785205577389657e-02
-8.106226415676986985e-02
-8.150077152492030130e-02
-8.368738646749707133e-02
-8.724404837676713598e-02
-9.265988005267422611e-02
-9.547346556009017604e-02
-9.721695647799877271e-02
-9.764310417148502896e-02
-9.678197319053305492e-02
-9.664464992708132751e-02
-9.848455386836518777e-02
-1.035238053776625922e-01
-1.076923859784516546e-01
-1.114033024088969537e-01
-1.133504966425520344e-01
-1.133839034078013563e-01
-1.116040576108374704e-01
-1.088263776013355111e-01
-1.075288679121695345e-01
-1.090548579784367256e-01
