0.000000000000000000e+00
0.000000000000000000e+00
8.202450440182307290e-04
7.707974867090072735e-03
1.651825290450936734e-02
2.379772499401222596e-02
3.004748420520475527e-02
3.554568264055779636e-02
4.043493441309076175e-02
4.480865140581236084e-02
4.873802527423687359e-02
5.227998943960177058e-02
5.548049450158276663e-02
5.837690802262862633e-02
6.099949703256646316e-02
6.337288086902015394e-02
6.551707099236780962e-02
6.744830143277091850e-02
6.917966432910227503e-02
7.072163660380481609e-02
7.208243736837194326e-02
7.326836682761506125e-02
7.428398421752446801e-02
7.513228721242160013e-02
7.581482940207218135e-02
7.633179631405795362e-02
7.668209828642114090e-02
7.686343428012576418e-02
7.687248883639274943e-02
7.670522383972300240e-02
7.635750676709962548e-02
7.582619325882400396e-02
7.511087756760015388e-02
7.421593113059832270e-02
7.315081928695454927e-02
7.192277093165055923e-02
7.051285313662192245e-02
6.888682671278734126e-02
6.716274117396170418e-02
6.594292394989209605e-02
6.622657382319152575e-02
6.824603313060673138e-02
7.084400498900489396e-02
7.363387351998196273e-02
7.588743165088440712e-02
7.769839621185181677e-02
7.916696820702795456e-02
8.035404218451525082e-02
8.129821443604345887e-02
8.202536227017409587e-02
8.255343896181677188e-02
8.289501958243294943e-02
8.305871856000424103e-02
8.305007930230856594e-02
8.287208590554850929e-02
8.252554115056276451e-02
8.200935937970466050e-02
8.132091884823133832e-02
8.045655662413953024e-02
7.941252717342117684e-02
7.818685658601420840e-02
7.678178044385419732e-02
7.520586333710688187e-02
7.347362057029838134e-02
7.159881350634611508e-02
6.957786619389705329e-02
6.736910133460005667e-02
6.488315836088065502e-02
6.199665367580209363e-02
5.866984195678393021e-02
5.567991344875422577e-02
5.468344702608174401e-02
5.572221568295798733e-02
5.742296615289421702e-02
5.872110683715558999e-02
5.954790321320357904e-02
6.011307342759253380e-02
6.059585186328297901e-02
6.136610158176725172e-02
6.273783806996635626e-02
6.458982661880785514e-02
6.645956947772480028e-02
6.829366572677275649e-02
7.038186750236485878e-02
7.264789389917836182e-02
7.466205292795113913e-02
7.632538681224820820e-02
7.769321506469006877e-02
7.881271594735617114e-02
7.971626726682257136e-02
8.042608271382745144e-02
8.095766968039974643e-02
8.132191148878420428e-02
8.152632238909207629e-02
8.157583425638303964e-02
8.147332750438174287e-02
8.122001892210728435e-02
8.081577460178812622e-02
8.025946611593415270e-02
7.954939354847279098e-02
7.868391197564772455e-02
7.766227449152074414e-02
7.648553366999655267e-02
7.515668981651435487e-02
7.370193427050031332e-02
7.211841101779259411e-02
7.042265690025328873e-02
6.862073074405916628e-02
6.668957157940313962e-02
6.469950716126304791e-02
6.297523150435346828e-02
6.144368925084919830e-02
5.986005568536101329e-02
5.819999189452262911e-02
5.675439982584351561e-02
5.547579852438433434e-02
5.455372010417525175e-02
5.446674343438639987e-02
5.508980683386544008e-02
5.596219851429862224e-02
5.663109515650655013e-02
5.710722914993859867e-02
5.732944806833306650e-02
5.820332754768275940e-02
5.918433559071423211e-02
6.040239830866744875e-02
6.127237511843786066e-02
6.187859858074307162e-02
6.231429985251590864e-02
6.265356548846812146e-02
6.293547252380826684e-02
6.315333018839286439e-02
6.326497082865301103e-02
6.321719402652203890e-02
6.296422890331654365e-02
6.247163441507308512e-02
6.171145631930063935e-02
6.065407650679599527e-02
5.925439995755277245e-02
5.742070906892404736e-02
5.491582932188476818e-02
5.174739662521932182e-02
4.844001042356471665e-02
4.778186183377997054e-02
5.025957223060695256e-02
5.386623708773208286e-02
5.680684446732242598e-02
5.885271893125199050e-02
6.033259664744217154e-02
6.137276843479511079e-02
6.213184812269845203e-02
6.262926746402430744e-02
6.288025474252534330e-02
6.331063882575027613e-02
6.405708478574889675e-02
6.508435555755087698e-02
6.606109740149146425e-02
6.695833292513331259e-02
6.775188278653687668e-02
6.847170897839061077e-02
6.901285316180727492e-02
6.938946382347932484e-02
7.013823059989632291e-02
7.115571449384261449e-02
7.215356008409967714e-02
7.286978199928850763e-02
7.333420729422246431e-02
7.356178534270019220e-02
7.356796947706079060e-02
7.336509104262356473e-02
7.296381380552707796e-02
7.237681682695074059e-02
7.161631688757652547e-02
7.068980952066117318e-02
6.959793975709072100e-02
6.833034956288153161e-02
6.688473081654144892e-02
6.548242234068180068e-02
6.491308846942644983e-02
6.528170824334655897e-02
6.614663662687925161e-02
6.692305765946171547e-02
6.752150346745122711e-02
6.795470427288918813e-02
6.823478828915940930e-02
6.835501667161669737e-02
6.830778286782468456e-02
6.814594293899123301e-02
6.783637830381827882e-02
6.733746316933353349e-02
6.675628529854238380e-02
6.612728417004198889e-02
6.580654259973983677e-02
6.552705836143934981e-02
6.530001799300699794e-02
6.496634381495924870e-02
6.457077670738331499e-02
6.417170162897534169e-02
6.395598532662694069e-02
6.407454086597841325e-02
6.427716018096085726e-02
6.445052173321008659e-02
6.506128182203108068e-02
6.594485848998554722e-02
6.684424574165337418e-02
6.755227792986207014e-02
6.815000565468465332e-02
6.855311100620431475e-02
6.878413142531347724e-02
6.888517558518114647e-02
6.888879893909183316e-02
6.890174390810921423e-02
6.893872066853634628e-02
6.898359684447963325e-02
6.902828883787259784e-02
6.905224671409726511e-02
6.897634993683499083e-02
6.872296180620618422e-02
6.830369164843053120e-02
6.810124968970976411e-02
6.809262856970055289e-02
6.796395799959209505e-02
6.756006136764369785e-02
6.704253222966438663e-02
6.635985748772310622e-02
6.554957172269504362e-02
6.464360625123877213e-02
6.393494464327553750e-02
6.327224332978764743e-02
6.292372024804349095e-02
6.257764277342547921e-02
6.236367024887767840e-02
6.191265022415759489e-02
6.134054702846158946e-02
6.072722267270003194e-02
6.019765694703682612e-02
5.971272434279306651e-02
5.920403617447811406e-02
5.849302396033473350e-02
5.752328156294939099e-02
5.681579409243253664e-02
5.658826445323894561e-02
5.741514960463356410e-02
5.808855216126773691e-02
5.861927271796618655e-02
5.923819143632536033e-02
5.983320484878107415e-02
6.038153856611283565e-02
6.084221012678492357e-02
6.133752525281765955e-02
6.186244995848055872e-02
6.234077425073691892e-02
6.269099625485163862e-02
6.316906217439122173e-02
6.358912518902681832e-02
6.446018225017446923e-02
6.555823346184697087e-02
6.648672386083376296e-02
6.732118112975649105e-02
6.802460484519179396e-02
6.865360592142022433e-02
6.914990701644163629e-02
6.963545153405426014e-02
6.984735280024856330e-02
6.980039904177104404e-02
6.992979629118534213e-02
7.019520638379872501e-02
7.047571666492968845e-02
7.058838571713033083e-02
7.069845797489926476e-02
7.079245028494773884e-02
7.080375815911787996e-02
7.072834734476884933e-02
7.058374791967425566e-02
7.037224031037192518e-02
7.007854820125047901e-02
6.967724884633974547e-02
6.911172942332810543e-02
6.862372823769802288e-02
6.821215956774340228e-02
6.847219800474624307e-02
6.906248605077025537e-02
6.998858253050532774e-02
7.087922586075245945e-02
7.170273888599520973e-02
7.247122844726150426e-02
7.317446989789377909e-02
7.374632467738106989e-02
7.416936014142017086e-02
7.451678187830279576e-02
7.479694424399618846e-02
7.509731002478492456e-02
7.542469809060370345e-02
7.560131959275406821e-02
7.564107248383322712e-02
7.562553006606043127e-02
7.554461756451114063e-02
7.543551755123845126e-02
7.524618753029366225e-02
7.499037521379170457e-02
7.463791421229326595e-02
7.421588304264825631e-02
7.372125694292863685e-02
7.313488846501736695e-02
7.242797229608388676e-02
7.182120876107234153e-02
7.125373312259619674e-02
7.066405513830975593e-02
6.989819815430386996e-02
6.904710629149302115e-02
6.824469236662222826e-02
6.755609065271439562e-02
6.685897667317042270e-02
6.617198312847105690e-02
6.546152172320751639e-02
6.452553916963399416e-02
6.422857246773938655e-02
6.387847608520780263e-02
6.343354504050946474e-02
6.284776924016077793e-02
6.218715571376454143e-02
6.201670736979347787e-02
6.216728705854701609e-02
6.231492126479953875e-02
6.233120161372274204e-02
6.211816510188161722e-02
6.259102007835481984e-02
6.290765384419150230e-02
6.318483928705687092e-02
6.348317995628205423e-02
6.358633724855100589e-02
6.355020741588779387e-02
6.339480665763930212e-02
6.317623091953938896e-02
6.283817405785008248e-02
6.243519159567645360e-02
6.197354842810298692e-02
6.139564206825931514e-02
6.068197678227349456e-02
5.981891721163634656e-02
5.886955072395938515e-02
5.777195041891292071e-02
5.687849257772858991e-02
5.638103551899131816e-02
5.584362205641602017e-02
5.524386526460700608e-02
5.455471912033926785e-02
5.384249886820269282e-02
5.294332892875130980e-02
5.280526576887067947e-02
5.253807452960934654e-02
5.271667797822043866e-02
5.292141409097306237e-02
5.319783514384068823e-02
5.352664487812996974e-02
5.374133044787843261e-02
5.390555104172234380e-02
5.398025007837614631e-02
5.381850450703740130e-02
5.362092883495761519e-02
5.413972788414023185e-02
5.517342730775975923e-02
5.616299738727326130e-02
5.753095616238068644e-02
5.860421048219399687e-02
5.953418352620243326e-02
6.028538974481612023e-02
6.089359243452396875e-02
6.138767281785795227e-02
6.187727066293202682e-02
6.230557369560751901e-02
6.269160841450216459e-02
6.311004683757648337e-02
6.357272932730317905e-02
6.398422839287221109e-02
6.435162314067666145e-02
6.467066713414260093e-02
6.495991077332519126e-02
6.519544355583506423e-02
6.555697390831727311e-02
6.601047488805722452e-02
6.652857292916980469e-02
6.685826286163543131e-02
6.718801836981103115e-02
6.745397528401553267e-02
6.774220537280095655e-02
6.795439682138604276e-02
6.809526735365944994e-02
6.827553584304113521e-02
6.869777732093473865e-02
6.906142316057506392e-02
6.931837659810069496e-02
6.969676699460936042e-02
7.016702622115311705e-02
7.057759660131734947e-02
7.082757756179658415e-02
7.089225816323563301e-02
7.078749404959716607e-02
7.088378355925506469e-02
7.130471914730773797e-02
7.200740395094307189e-02
7.264906230188206138e-02
7.316564872449538015e-02
7.346820932046260744e-02
7.364603561605620463e-02
7.374667541587909270e-02
7.373025620892725840e-02
7.362533830382655964e-02
7.352036379551507572e-02
7.340332391433657122e-02
7.329114733465225129e-02
7.307381750348840299e-02
7.272320399253850987e-02
7.230390264769148700e-02
7.184666744737144839e-02
7.130262502614104214e-02
7.087202239558632044e-02
7.057994780234122523e-02
7.039436866726433983e-02
7.010398679209939310e-02
6.992391140981402131e-02
6.954257731997914860e-02
6.973639542331366847e-02
6.976770488035199946e-02
6.987839376108428979e-02
6.989003771961765921e-02
6.982814406358106574e-02
6.969958238908513515e-02
6.946202728301686946e-02
6.919093398081810342e-02
6.885530508831405605e-02
6.857537030405080891e-02
6.822189223625430010e-02
6.769525599208559008e-02
6.735068639412600255e-02
6.692927637495316162e-02
6.637197362099822584e-02
6.587947774372882037e-02
6.587258079641578057e-02
6.615808659043498352e-02
6.664813109713985106e-02
6.690478292969537222e-02
6.693332768011606149e-02
6.692343133639244712e-02
6.691083916065698745e-02
6.672546977930338130e-02
6.638875009488187651e-02
6.600391016738327288e-02
6.563638688588668835e-02
6.520549295243349697e-02
6.481311773623632533e-02
6.437269973686565727e-02
6.413907738301860562e-02
6.418853154207360134e-02
6.414665457930213144e-02
6.408944234998115164e-02
6.387333589565691305e-02
6.365992664428410386e-02
6.333497271788446348e-02
6.319912023876805840e-02
6.324591545487012745e-02
6.316741933903546879e-02
6.301669026618927916e-02
6.276869012170060991e-02
6.244933530426011181e-02
6.204268755359709786e-02
6.139995656084717979e-02
6.110668540334862620e-02
6.101814324996279737e-02
6.068601861451683455e-02
6.021172747066660946e-02
5.980507435013016071e-02
5.937452984096847075e-02
5.884977770098931416e-02
5.809639664535870551e-02
5.721508655779738994e-02
5.688024110416201040e-02
5.716793071244796742e-02
5.763536734920560178e-02
5.816120627728893488e-02
5.861683632334724336e-02
5.897564606731919845e-02
5.926832500006717908e-02
5.952744060584058694e-02
5.977839741310564392e-02
6.000294596249444723e-02
6.017462434868869892e-02
6.022090266563018268e-02
6.019447576031278224e-02
6.032032974636103440e-02
6.056410062027528518e-02
6.076757209911631818e-02
6.079995238495849996e-02
6.078597438239818906e-02
6.071298176629036369e-02
6.096113553323467826e-02
6.103918541244346407e-02
6.097490127847793318e-02
6.083989096534914154e-02
6.073315044754168390e-02
6.071966307422616005e-02
6.084348329681255052e-02
6.113797470935078415e-02
6.155358225701257346e-02
6.198038946773531954e-02
6.235327715164751261e-02
6.257669048906588927e-02
6.290835074235490154e-02
6.325108650138777655e-02
6.351328919356968861e-02
6.360546438841541139e-02
6.350250500277443422e-02
6.320381963284793514e-02
6.273405772989315565e-02
6.227774023526810865e-02
6.210032517284669318e-02
6.226473406350874207e-02
6.251987168561368158e-02
6.264288145407914676e-02
6.255209658623295255e-02
6.234929019525892180e-02
6.224568853821765835e-02
6.241947215869458887e-02
6.273226770483830705e-02
6.300442603375122630e-02
6.308637700678731974e-02
6.309666724569673590e-02
6.330451584609431137e-02
6.372305030022729078e-02
6.409651586351516883e-02
6.437568090542744592e-02
6.456004913545010382e-02
6.471497215939625569e-02
6.491066762906227972e-02
6.524011527332573834e-02
6.555566103198962047e-02
6.577826884213622272e-02
6.589153558294991164e-02
6.614228828907453561e-02
6.630174205601968573e-02
6.659225194524265312e-02
6.680710872303485814e-02
6.686979148698179998e-02
6.688863559854896224e-02
6.681616473736573525e-02
6.679699627535518047e-02
6.676572600423669179e-02
6.669898892153258707e-02
6.668594449706821692e-02
6.655401883816147723e-02
6.635130549565548819e-02
6.599675251884407068e-02
6.552631309085343858e-02
6.489930994196746461e-02
6.472262103400328037e-02
6.485975440198465947e-02
6.546543853444575234e-02
6.596846239335452111e-02
6.632094273751065749e-02
6.656534279159176393e-02
6.679087063784439060e-02
6.693967664372402204e-02
6.710556447352233889e-02
6.737009237790925198e-02
6.770034652473455594e-02
6.848676492856498044e-02
6.908283595834996405e-02
6.953354768591135660e-02
6.982442374458530665e-02
6.998615623521686757e-02
6.999887492029333025e-02
7.013491056256349054e-02
7.029107591857752801e-02
7.065152350596592967e-02
7.087740882499238282e-02
7.097915038433999513e-02
7.150297235072700097e-02
7.214342690395247892e-02
7.252941414929559016e-02
7.278420237893623579e-02
7.288685403317241018e-02
7.286271741142891223e-02
7.275751832228749549e-02
7.253590070037052584e-02
7.222257965177969474e-02
7.181931302722777133e-02
7.133653490178581968e-02
7.073403821787360712e-02
7.055909021398454328e-02
7.011703265324453760e-02
6.947209698644907228e-02
6.855128266157550776e-02
6.832150921436674906e-02
6.844548057672361629e-02
6.904564393170820047e-02
6.949913635233717635e-02
6.983252811011930739e-02
7.006605695959633451e-02
7.018765480106847754e-02
7.013086438904858610e-02
7.018323354179778484e-02
7.033239925679479754e-02
7.057985337783279078e-02
7.089376243954359502e-02
7.112173480363437328e-02
7.116269253431650732e-02
7.106582531015126492e-02
7.115204933300200985e-02
7.152411958332649533e-02
7.170908247946639058e-02
7.177163471703007502e-02
7.170438386372501860e-02
7.155098766420131540e-02
7.128056076161715104e-02
7.090846689096341748e-02
7.040925318291635371e-02
6.981725575300279374e-02
6.916867287154437882e-02
6.843404057750013258e-02
6.760210996917126458e-02
6.670085751427801135e-02
6.568794373332442760e-02
6.452003707297615520e-02
6.334784965788053945e-02
6.212726025365222782e-02
6.110914231447805989e-02
5.991032036195953481e-02
5.855279068050278646e-02
5.699702332202760680e-02
5.524274869748646566e-02
5.356054141000377022e-02
5.241810978829541945e-02
5.196106493068519683e-02
5.183242444143365546e-02
5.193463448999535714e-02
5.209360304006738218e-02
5.212042998711252650e-02
5.194071709129488568e-02
5.180752990036041616e-02
5.171308723610112956e-02
5.183049070754486287e-02
5.185245096483526162e-02
5.180625707518760059e-02
5.178974148350001805e-02
5.161789870448196815e-02
5.129048939349578617e-02
5.072696561440448448e-02
4.991386659638408219e-02
4.895400931389759513e-02
4.808344140296050284e-02
4.784574024524035352e-02
4.828930206646142587e-02
4.908589836587085031e-02
4.987582945573487692e-02
5.069993014147566868e-02
5.160073638254347728e-02
5.268721472336679312e-02
5.346216046390517285e-02
5.414859909188041165e-02
5.476319174930011080e-02
5.540731264805898171e-02
5.583571671526810221e-02
5.662695766415559717e-02
5.718359212552126536e-02
5.752018300781513993e-02
5.779657939971039049e-02
5.801667535417198707e-02
5.822746072528395267e-02
5.823970229300168278e-02
5.842466646405264363e-02
5.889364327992985260e-02
5.992125028143724386e-02
6.060700088548731657e-02
6.108956595114767296e-02
6.218985938141274872e-02
6.306060684504632974e-02
6.374946910098877595e-02
6.462364377891427480e-02
6.548062927353792695e-02
6.632448051884631823e-02
6.704700974812527470e-02
6.765861950640039701e-02
6.816196427834642080e-02
6.858600259329294957e-02
6.893977344147272923e-02
6.922540596046933281e-02
6.946195509985320093e-02
6.968943340755484606e-02
6.994758276822388154e-02
7.036503242968783489e-02
7.073078347562145041e-02
7.106997381754065479e-02
7.136094066093612298e-02
7.161110631455569475e-02
7.176346135795697023e-02
7.181416729170964075e-02
7.173441777013400689e-02
7.163105663440250126e-02
7.150670699294203736e-02
7.170945812474638359e-02
7.175072923874070696e-02
7.169326211419768669e-02
7.171953200066827350e-02
7.176926600678767976e-02
7.165228470792417426e-02
7.134440061143054734e-02
7.083466093331614033e-02
7.031357115758107845e-02
7.024519516197380575e-02
7.076561568408989977e-02
7.110324274214785412e-02
7.122063135045819671e-02
7.121736821539692563e-02
7.123816532619642317e-02
7.138037108246009232e-02
7.153038817939316729e-02
7.169508390798307040e-02
7.185344881504551751e-02
7.193400358408008621e-02
7.198043039376722518e-02
7.199903221038805867e-02
7.199780094099872407e-02
7.195554412763827123e-02
7.188302398778056990e-02
7.168105124519819071e-02
7.136957635093876817e-02
7.092022671230013842e-02
7.037885049338954424e-02
6.978029754803216633e-02
6.902293859869956805e-02
6.862967216122428660e-02
6.893419679754098084e-02
6.902551213626706428e-02
6.896642680185416374e-02
6.873554771883738645e-02
6.841756711163804461e-02
6.812228908966844187e-02
6.799358326090065852e-02
6.781320829106829429e-02
6.755221986334114526e-02
6.714299035158655116e-02
6.664626420092845116e-02
6.605299263104114083e-02
6.526513917333587322e-02
6.428022003871802781e-02
6.307793355045054895e-02
6.189867245137326002e-02
6.095531359579298147e-02
6.077446907238437390e-02
6.090307883350831730e-02
6.129275113702115085e-02
6.162966068847230972e-02
6.201428236850792253e-02
6.218446875965666365e-02
6.222515651232707334e-02
6.211280502607530174e-02
6.181957351192668426e-02
6.135907935792594969e-02
6.091277010356721533e-02
6.043226191056971786e-02
5.993606516610405777e-02
5.936033892422032388e-02
5.879313971947630613e-02
5.848811981085733080e-02
5.849174005491919459e-02
5.881241786338398114e-02
5.933437139092156976e-02
5.988618618754348866e-02
6.041020994725143645e-02
6.087410914142399321e-02
6.119628143391309116e-02
6.139406768882027521e-02
6.149106370736823202e-02
6.147655055026124415e-02
6.162538557512475812e-02
6.182153435414949882e-02
6.192128204428182237e-02
6.204208761153595653e-02
6.210186181992183307e-02
6.222950676749738896e-02
6.238550957697697186e-02
6.246672251430052114e-02
6.235441553860998631e-02
6.206562239306956386e-02
6.171528470033504910e-02
6.127794048474899391e-02
6.090102912942452207e-02
6.066946654030402897e-02
6.101739699531494310e-02
6.179827715820929157e-02
6.245507112754156154e-02
6.303415727342653874e-02
6.344661986743216353e-02
6.372470872532076669e-02
6.389148143197020957e-02
6.388493536206141243e-02
6.376200259403419501e-02
6.360612693761846792e-02
6.348980857918795628e-02
6.372603128360920799e-02
6.394287693089473201e-02
6.416656003853904444e-02
6.427563395528212986e-02
6.431468818322572112e-02
6.430407640073831921e-02
6.427401137590194047e-02
6.425940042386502071e-02
6.421756586701077296e-02
6.415350967276234329e-02
6.407562009456424512e-02
6.397458591852256404e-02
6.396680896221806911e-02
6.387148871255243776e-02
6.370153636288300447e-02
6.338420936371025327e-02
6.289908635206731269e-02
6.227385945922447874e-02
6.157543356281713898e-02
6.073725450691713768e-02
5.992061237489987313e-02
5.894847752388354678e-02
5.770260588889675191e-02
5.599932245143657283e-02
5.448260710575469901e-02
5.345270187292139319e-02
5.195186338668444925e-02
5.205544452198385130e-02
5.278226838222943584e-02
5.426187618032418669e-02
5.547874945592501383e-02
5.656723620793235874e-02
5.767371017502975761e-02
5.869936853138568722e-02
5.957315373966265426e-02
6.033106741891014480e-02
6.099839217505254041e-02
6.176094183663316528e-02
6.241460999947645583e-02
6.309424955406206514e-02
6.365816359543763348e-02
6.413139537519851885e-02
6.452479655116483137e-02
6.484735919109541058e-02
6.505111287297182798e-02
6.514603999515311550e-02
6.522846243298507929e-02
6.533786316409817552e-02
6.542636017798608705e-02
6.556900037090596101e-02
6.577484142998457628e-02
6.579458263043957977e-02
6.564854356397153978e-02
6.563073655285234231e-02
6.550562811898075211e-02
6.526617631509346040e-02
6.489521880716120350e-02
6.456888121484083420e-02
6.439093472124257644e-02
6.428765170994243938e-02
6.411302615696912177e-02
6.380251792246616205e-02
6.349180955177202712e-02
6.301322334799075442e-02
6.264251066002435309e-02
6.276908895571020608e-02
6.299911932122670422e-02
6.345470139947617660e-02
6.415989065081295628e-02
6.475355923675141234e-02
6.516479775898198490e-02
6.546898097924325199e-02
6.567533488097132555e-02
6.578839245607159825e-02
6.579989895501747732e-02
6.570029770939256331e-02
6.569258393921995065e-02
6.571219921919846385e-02
6.560507194481357551e-02
6.537045245323391818e-02
6.503984831601417049e-02
6.466843304455904828e-02
6.423664853084476434e-02
6.378442388740723779e-02
6.315877391642676919e-02
6.290991725833694481e-02
6.259501960815061494e-02
6.212379677070822837e-02
6.143191372688772134e-02
6.065119255807882581e-02
5.991640878714954432e-02
5.915654937178871364e-02
5.837399695452361037e-02
5.752863020867438060e-02
5.673345141588970186e-02
5.605103160144375707e-02
5.547321033863750195e-02
5.515279095163183598e-02
5.524792081461948889e-02
5.582984736142959648e-02
5.648148224611460044e-02
5.714882077513605552e-02
5.779352330987319597e-02
5.820349316880690793e-02
5.845602735709376496e-02
5.936648576421554857e-02
6.047048014158917795e-02
6.169888783406984878e-02
6.270214033816245980e-02
6.357555570066453221e-02
6.434975642660711870e-02
6.502189525331147912e-02
6.555807027978710622e-02
6.593671902679054675e-02
6.637925998357308011e-02
6.681769838341145018e-02
6.724577933921849215e-02
6.753192552151121575e-02
6.780098541626511377e-02
6.803888645749545105e-02
6.821805108850709232e-02
6.823978072513958715e-02
6.835711279209566449e-02
6.878326230898168525e-02
6.902452973452111173e-02
6.921956483225977230e-02
6.935200578660927206e-02
6.943631064336375225e-02
6.941046991007304712e-02
6.930756265625337420e-02
6.914854718514695797e-02
6.887995258099666174e-02
6.840069937410597767e-02
6.810323561248199375e-02
6.804027387467836974e-02
6.807542687924739155e-02
6.799505295671948168e-02
6.786131396341588129e-02
6.779566160227612492e-02
6.764151544450602849e-02
6.741477326297862227e-02
6.709770519591273796e-02
6.715384190414885879e-02
6.760754098510157739e-02
6.787915484275486300e-02
6.833501635305316846e-02
6.859845841973588598e-02
6.886593519097639060e-02
6.897811429502165304e-02
6.889585630455208332e-02
6.887153004033041981e-02
6.919402915354466721e-02
6.939352317027047690e-02
6.952549670964414119e-02
6.958336370109119429e-02
6.957049302959172898e-02
6.957750325747902309e-02
6.959024035623095905e-02
6.953920733050056313e-02
6.947473630120293286e-02
6.938520915923618304e-02
6.940502155005501272e-02
6.933313178631750340e-02
6.921367421012902810e-02
6.906604026778206951e-02
6.890037584298092099e-02
6.871578176260517701e-02
6.851512353830946367e-02
6.826588177795800405e-02
6.796084224751997027e-02
6.772615641423418431e-02
6.759808551175572333e-02
6.750625126794762565e-02
6.732758371153146904e-02
6.714735673624683265e-02
6.698316604518406159e-02
6.669908479033215265e-02
6.624291565631401646e-02
6.563397320797359491e-02
6.492544667258903779e-02
6.458213528367240386e-02
6.456764743258158745e-02
6.454666508827200389e-02
6.434896037946713498e-02
6.418807080977040336e-02
6.407590904640803053e-02
6.391336736920516515e-02
6.363242151786785428e-02
6.325718186786133401e-02
6.279431671435342643e-02
6.230149287071773401e-02
6.168861778133005735e-02
6.093643248047331262e-02
6.006043576007580320e-02
5.907340644184677636e-02
5.836613344489838262e-02
5.769199399429103536e-02
5.696254928871224976e-02
5.606798833519688330e-02
5.502394363618079431e-02
5.397078460303372793e-02
5.270379801473534798e-02
