0.000000000000000000e+00
0.000000000000000000e+00
-4.947486521688304606e-03
1.856346515228879390e-02
3.400222907174588194e-02
4.537106792877887429e-02
5.436767122184260614e-02
6.178826963190742205e-02
6.806321289216543668e-02
7.344934732919927711e-02
7.811055202296368627e-02
8.215653562263902643e-02
8.566365523203778309e-02
8.868658100711113157e-02
9.126532874624215808e-02
9.342973211379757004e-02
9.520238272912351363e-02
9.660045819168772141e-02
9.763715224567959261e-02
9.832245015977103542e-02
9.866383012423618482e-02
9.866661952048016992e-02
9.833411859364282748e-02
9.766781096097787440e-02
9.666710739962414145e-02
9.532924782167873090e-02
9.364885245068799158e-02
9.161722936329419475e-02
8.922143633296353293e-02
8.644314970874411586e-02
8.325629871208262145e-02
7.962447656542237517e-02
7.549640588856409984e-02
7.079948083870024611e-02
6.542944017988450156e-02
5.923370434679386953e-02
5.198298802625189730e-02
4.332415355903074250e-02
3.271476194423850181e-02
1.950830077325349521e-02
5.248117454835554696e-03
1.785601027169292365e-03
9.187075316139381442e-03
2.377051071982783093e-02
3.618189126239546027e-02
4.613573800154280313e-02
5.429433033320996138e-02
6.114530952096353111e-02
6.700663091770042712e-02
7.208754311650844571e-02
7.653010525952308463e-02
8.043290234599220767e-02
8.386577288988861234e-02
8.687887992479370602e-02
8.950840087520517407e-02
9.178037534406513487e-02
9.371342489087197691e-02
9.532055421726637334e-02
9.661041934268510545e-02
9.758826075156523672e-02
9.825653898983399692e-02
9.861531817439028735e-02
9.866254849781697089e-02
9.839417609548983812e-02
9.780405517739465537e-02
9.688378617612225518e-02
9.562244332387526136e-02
9.400589836529871235e-02
9.201609735407978441e-02
8.962986238795167537e-02
8.681703261068163258e-02
8.353791485819650475e-02
7.973927542245040634e-02
7.534798321099223095e-02
7.026051534051003244e-02
6.432467169479583191e-02
5.730526650528089405e-02
4.881234852770655053e-02
3.812749791509784103e-02
2.367520447893567415e-02
7.850000564180170670e-04
-2.180590675809512824e-02
-4.296079630386717696e-02
-1.576549351365896801e-02
1.809560792663145179e-03
1.417921669286870134e-02
2.380175154615482569e-02
3.168001223913052833e-02
3.832931948983175907e-02
4.405185596462724007e-02
4.904049806047616755e-02
5.342583036292469778e-02
5.730012378706450527e-02
6.073066636763058135e-02
6.376766800189170858e-02
6.644918505595498459e-02
6.880429485448869009e-02
7.085519590306854631e-02
7.261860468371383881e-02
7.410666898375639633e-02
7.532749310703956702e-02
7.628533721411168145e-02
7.698046421081738977e-02
7.740850160398182744e-02
7.755897736434813616e-02
7.741214968782461625e-02
7.693123119939482280e-02
7.603554597725170616e-02
7.473833439078925167e-02
7.274809676485993748e-02
7.054432151469947065e-02
6.737285119850611181e-02
6.662777483102355625e-02
6.427080941167684358e-02
6.193581414540938468e-02
5.978846056948605714e-02
5.949550046297646944e-02
5.856633349212470030e-02
5.727459351211550143e-02
5.580556066666075843e-02
5.447623872988649474e-02
5.318864426407854396e-02
5.080462528587270654e-02
4.835969372340542805e-02
4.802140981491831440e-02
4.697219812868835831e-02
4.576914840293455633e-02
4.455780212660509498e-02
4.269119755945749439e-02
4.047807611693832186e-02
3.857698625920868984e-02
3.661251712443114315e-02
3.440901683716046655e-02
3.157876809041204602e-02
2.956110227211095065e-02
2.667196371455093917e-02
2.326244056591209031e-02
1.837150598673131796e-02
1.295448714186409056e-02
6.269635873735968090e-03
-5.079636281838495471e-03
-1.860600362056286095e-02
-1.800635654448046186e-02
-9.672231352383708902e-03
-5.212750245591979414e-03
7.985508168963928455e-04
6.012156586389094670e-03
1.050352351603422996e-02
1.484112032215034738e-02
1.853761692940869565e-02
2.154669059307634527e-02
2.416066806707006798e-02
2.648210335363399004e-02
2.846480578527477157e-02
3.008118166106199531e-02
3.148364240816259318e-02
3.269287405687570924e-02
3.363169879559158026e-02
3.430338277685396342e-02
3.488671157294720437e-02
3.507581324239472664e-02
3.530920055714759087e-02
3.534944574310916465e-02
3.539060411419225893e-02
3.513438106880428791e-02
3.497207472656405081e-02
3.474597498625242586e-02
3.453279122865238193e-02
3.396704422396989997e-02
3.341311141250602468e-02
3.301026940456952552e-02
3.273038516006687715e-02
3.219842636219794052e-02
3.147625709532952953e-02
3.039585117536303116e-02
2.894093622565230284e-02
2.764573261931424497e-02
2.603867804247950168e-02
2.308190277525512535e-02
2.119333194853068036e-02
2.438193783775632895e-02
2.595337707443956532e-02
2.762354711933845408e-02
2.850635583132432593e-02
2.910387867149766272e-02
2.965406131720427219e-02
3.051491519923499318e-02
3.150788989697139719e-02
3.243779104792121615e-02
3.304455341281475889e-02
3.350129707861015937e-02
3.377818027989820671e-02
3.421354778628860061e-02
3.469920402022075301e-02
3.540112752801927165e-02
3.601377944628936234e-02
3.611024537989315775e-02
3.602274358038592972e-02
3.572996165876340946e-02
3.499950584269995169e-02
3.422746650734342921e-02
3.310018067177500356e-02
3.211085039226446725e-02
3.095109781694715956e-02
2.969687051682012857e-02
2.862280249767978901e-02
2.775181537367865658e-02
2.642075845453573102e-02
2.449440747368325511e-02
2.220409992211958006e-02
2.179141522604588488e-02
2.156267942867584608e-02
2.069814321245977418e-02
1.979240169423857054e-02
1.836705929312598684e-02
1.675473160113316595e-02
1.676228634468901468e-02
1.676147455579291012e-02
1.684400020564047473e-02
1.616481914085832194e-02
1.555367959799980326e-02
1.531769907967461819e-02
1.460647058916841878e-02
1.364717316338581732e-02
1.262376582346869114e-02
1.173113046626550471e-02
1.086435524431128563e-02
9.900296088564575214e-03
8.498332262688146344e-03
7.621620496600423067e-03
6.179011726869632071e-03
4.310920835548071040e-03
9.101304535028553744e-04
3.423604464516172285e-03
6.485004467332133871e-03
6.590313475753895034e-03
4.841991842743809116e-03
8.579878068552648784e-03
1.164293417504302930e-02
1.205849913309986476e-02
1.290969524687435310e-02
1.311595254658803889e-02
1.309534788689425966e-02
1.122117106297282341e-02
1.330389076526783398e-02
1.449555312285788489e-02
1.528014528951326945e-02
1.586966716182436343e-02
1.669181393017726833e-02
1.698482039554782830e-02
1.683628825866723133e-02
1.716805952688060799e-02
1.747995792314949171e-02
1.806778472773995503e-02
1.848653325922211543e-02
1.903386330536060989e-02
1.913518188200091785e-02
1.908275618681432029e-02
1.917345733909181504e-02
1.874518845669914668e-02
1.805021877243384587e-02
1.762880911151198937e-02
1.801384781342862951e-02
1.840033595897128116e-02
1.839985093740748034e-02
1.839357945386166371e-02
1.800090783939856109e-02
1.741964070302537415e-02
1.670642903643893007e-02
1.674445988750750125e-02
1.615090272965002960e-02
1.522038660259128484e-02
1.461586818710602920e-02
1.416091502763916488e-02
1.428976952433402836e-02
1.436631603342175545e-02
1.478183658061449357e-02
1.412967720248770043e-02
1.298858143067760373e-02
1.401387210261972882e-02
1.611357688151571210e-02
1.718402833632115545e-02
1.804770954238299474e-02
1.883206692180539044e-02
1.892535841152520604e-02
1.904206034362188049e-02
1.908110707378440907e-02
1.885371283769421424e-02
1.836958749120265466e-02
1.762186028350187783e-02
1.710413649509345824e-02
1.646568501087530834e-02
1.589961966887787348e-02
1.525329117505491716e-02
1.445974282579731707e-02
1.336794881432945559e-02
1.189357540885827014e-02
9.362998060992833160e-03
9.795025800144463446e-03
1.202286741885250088e-02
1.285442395687064199e-02
1.311987586841034670e-02
1.327378530988410077e-02
1.293156288196595227e-02
1.243739205942051562e-02
1.112490435768975772e-02
7.487450673913542687e-03
6.442225003077561851e-03
1.002015429933034163e-02
1.185463684124821171e-02
1.284004656931525545e-02
1.411534184958029847e-02
1.496626262582423372e-02
1.560293668094625552e-02
1.541902242441306470e-02
1.570918798457654475e-02
1.573696611049113514e-02
1.553811009776828733e-02
1.523241021784516036e-02
1.507890802768274696e-02
1.476391625774886585e-02
1.462222290693349080e-02
1.439553065812915200e-02
1.407821855799706867e-02
1.371083578084686394e-02
1.338753716051166442e-02
1.339632268085355626e-02
1.334430049359647263e-02
1.298766614428736865e-02
1.248398647486226309e-02
1.201849438168722806e-02
1.146192100984766427e-02
1.131363606045310277e-02
1.156879617272488225e-02
1.143032716084246836e-02
1.179068533941984853e-02
1.209117601129872099e-02
1.233565630145516678e-02
1.285265634289745051e-02
1.279002743368806705e-02
1.252113138705679418e-02
1.225718068321546284e-02
1.192828361627684686e-02
1.167156612450703790e-02
1.136386204995232241e-02
1.075519778812039640e-02
1.025099634588544362e-02
9.577354722872355453e-03
9.101649464257954847e-03
8.606249422156153628e-03
8.152585287368951938e-03
7.499300134560904496e-03
7.262890339043481802e-03
6.794033087827999751e-03
6.263673580079842651e-03
5.230365361031052984e-03
4.211945594249977276e-03
3.031452536244927387e-03
2.159410784494220081e-03
1.712610729820429611e-03
1.913805429726744833e-03
2.238252144162178325e-03
2.135908960817722857e-03
2.374272566246560245e-03
2.262608245474195812e-03
1.972356799568197872e-03
1.534135456974450307e-03
1.059913405201617920e-03
7.348198751233603332e-04
3.847331158128852735e-04
-2.415383651427349676e-04
-1.130747835122458689e-03
-2.726137355404278928e-03
-4.380732007002507977e-03
-4.766972463218110967e-03
-5.443536574638141445e-03
-6.161239850821176312e-03
-7.622808989468987662e-03
-9.003408681880986641e-03
-9.069395717783312882e-03
-9.722508677245333963e-03
-1.043039122106925731e-02
-9.964081019477322165e-03
-7.741308025398963011e-03
-5.859923816072698521e-03
-4.014850363734279171e-03
-2.911176684065264197e-03
-2.397406732282725272e-03
-1.658649439336246090e-03
-6.652473591881591375e-04
2.739320439386627726e-04
1.149119800783360290e-03
2.096535161949519832e-03
2.700889594815292227e-03
3.026352933561682335e-03
3.001086958406284921e-03
2.707131544221974551e-03
2.322562307424114181e-03
1.295949632817761099e-03
1.642676339183912759e-03
1.649384997653324803e-03
1.586665267935494228e-03
1.425490972672749379e-03
1.139663373779686850e-03
7.399734900961352224e-04
2.819330374550510498e-04
-5.421535369942720450e-05
-6.735444634473619629e-04
-1.305981421680812993e-03
3.136025111155849032e-03
5.222977598811517908e-03
5.962567488299042040e-03
6.218657307425878855e-03
6.230408641114459911e-03
6.132026169006099536e-03
5.809964605703932250e-03
5.598020481803356319e-03
5.181103501322725791e-03
5.078722816196146184e-03
5.198639013145101018e-03
5.077197940277056176e-03
4.562520463016861427e-03
4.359744537644871798e-03
4.086714073661790181e-03
3.759991865331935301e-03
3.156119561515291494e-03
3.036516011416523497e-03
3.115405116442371281e-03
2.910463252983941373e-03
2.083571548332940893e-03
3.947846860192782970e-04
-6.677964625089183315e-04
-1.380931985279887364e-03
-2.058007140786521916e-03
-7.863210053363767216e-04
-5.484737927080596265e-04
-4.651075391771675172e-04
1.776993014982686248e-03
3.152907000638194290e-03
4.659503509615081640e-03
5.474008911324101945e-03
5.710506005961457632e-03
6.187414166493931944e-03
6.217414418878908222e-03
6.048215131359224728e-03
5.970203058067724555e-03
5.378203548304538728e-03
4.651971571448143550e-03
3.756888308693362433e-03
2.859690490202959623e-03
1.557088734957634557e-03
1.534797732634096690e-03
1.876768913319892818e-03
1.484169816338143377e-03
1.332521430115640726e-03
1.137770728388609598e-03
1.098869375956157413e-03
7.393355034928106306e-04
2.318284718261232058e-04
1.673208721850727443e-04
-1.936221652389935599e-04
-8.198611926378829295e-04
-2.674486730634417775e-03
-4.041708629690554666e-03
-2.955897304443566576e-03
-2.607709317944850724e-03
-2.827528160388004252e-03
-3.188486519188460377e-03
-3.746972549157900900e-03
-4.768440559415831892e-03
-5.983115714062625656e-03
-6.987326570997764996e-03
-7.085064739000168643e-03
-6.298670909199111101e-03
-5.776166862054954443e-03
-4.843248596135385498e-03
-3.921452667495328726e-03
-3.242710230953793626e-03
-2.771099641745378150e-03
-2.742266991662911657e-03
-3.141436995888757799e-03
-2.911108740958012753e-03
-3.768231616556261265e-03
-5.497723711342050734e-03
-6.242603797163903678e-03
-4.666451111288605347e-03
-3.764406233950579050e-03
-3.216399024391303207e-03
-2.579989877896426975e-03
-2.112253199158420358e-03
-2.074220715877928001e-03
-1.772547063083607100e-03
-1.889684171754835162e-03
-2.052990349023842143e-03
-2.358419171871850573e-03
-2.631715357650832310e-03
-3.011644470358953996e-03
-3.470762388801840181e-03
-4.160652840259793095e-03
-5.034214439289974585e-03
-6.124297528818600789e-03
