0.000000000000000000e+00
0.000000000000000000e+00
-1.830917004578491714e-03
2.261371096560660376e-03
4.990991829275870373e-03
6.914271751170097957e-03
8.212653721368479154e-03
8.988123519592328137e-03
9.320595440297729795e-03
9.276113563396526374e-03
8.911753410379086304e-03
8.280080258934452431e-03
7.432603415987282247e-03
6.421593253629787057e-03
5.300009919472659092e-03
4.121194198631661365e-03
2.942922370252620823e-03
1.848316437678132473e-03
9.984701420866493038e-04
6.630318189670969531e-04
1.056874463230217387e-03
2.137826252184282794e-03
3.632508356069985567e-03
5.267608022620828834e-03
6.895181447178266865e-03
8.449228079014714510e-03
9.897878281824645796e-03
1.122246237258406332e-02
1.240930604095713541e-02
1.344612792781640920e-02
1.431943249540634788e-02
1.501298420404650891e-02
1.550744183224672668e-02
1.578436386260095858e-02
1.582043975469615837e-02
1.539771924339983222e-02
1.352735368973934094e-02
1.140264429713644390e-02
9.056938949517645554e-03
5.172098565029425998e-04
-5.979428733363101323e-03
-4.276352149323092711e-03
-7.987368300609309912e-04
3.432229040042367174e-03
7.007817771420565833e-03
9.914433951978995907e-03
1.226726810337441798e-02
1.414735478784789890e-02
1.560436253728347822e-02
1.666681766652322594e-02
1.735248430464242375e-02
1.767204575466085892e-02
1.746470344292294641e-02
1.707103659281838937e-02
1.668053742137920459e-02
1.639460012321114490e-02
1.622234500498587195e-02
1.024290115598835982e-02
1.048592879457022065e-02
1.055467578802504747e-02
1.040531743642003626e-02
4.226667337713152506e-03
3.964626411788296778e-03
3.518335607994194092e-03
2.892196667217517003e-03
2.084027194808824035e-03
1.085375113377917700e-03
-1.152087537859003419e-04
-1.523449898247153378e-03
-3.119173641120243090e-03
-4.826117691478337690e-03
-6.499478060570607063e-03
-7.973737944260039789e-03
-9.175164911017552605e-03
-1.019520644679083876e-02
-1.123497364744441285e-02
-1.253122933813632933e-02
-1.424273634705075509e-02
-1.649219535135026948e-02
-1.959019001311557151e-02
-2.455103266599700795e-02
-2.559461297016007997e-02
-2.587498724713466203e-02
-2.337140616022415074e-02
-2.178615884445667117e-02
-2.570271652260913697e-02
-2.525975617035702836e-02
-2.500413693869485421e-02
-2.475456139574383485e-02
-2.433992912352489491e-02
-2.363534907040742983e-02
-2.261749319210726306e-02
-2.137344483492342739e-02
-2.004361837551638104e-02
-1.874696269929942982e-02
-1.755180682931589686e-02
-1.648812708296798490e-02
-1.556735623459271078e-02
-1.479528227847237698e-02
-1.417815387728571519e-02
-1.372487564797519877e-02
-1.344666624971779800e-02
-1.335353324344557002e-02
-1.344567642315286360e-02
-1.370054475495341428e-02
-1.406322492822320580e-02
-1.445194775648883656e-02
-1.478397146490817438e-02
-1.503809027188052205e-02
-1.526397157015724204e-02
-1.558744961611635560e-02
-1.607016047842912965e-02
-1.689240641116318553e-02
-1.708353914201521384e-02
-1.751997585773579225e-02
-1.811121729965559091e-02
-1.836319597484981081e-02
-1.899525486594777490e-02
-1.986361275521930647e-02
-2.100052250898221118e-02
-2.246208480094447069e-02
-2.416727505196147874e-02
-2.606049785055541967e-02
-2.792145375922938655e-02
-2.981729404353772317e-02
-3.146040894056523207e-02
-3.295793839890504007e-02
-3.423292495291951898e-02
-3.528497557228671422e-02
-3.620930245540709969e-02
-3.725294796902967054e-02
-3.845559631268757883e-02
-3.972392385746592591e-02
-4.103787726360619281e-02
-4.226701014006628565e-02
-4.338815198483469970e-02
-4.453948799008755621e-02
-4.554551326359002061e-02
-4.593207403857424431e-02
-4.636121223789357870e-02
-4.619101983280093915e-02
-4.570879337262123698e-02
-4.471377904722195762e-02
-4.319971289929236402e-02
-4.130762611421778807e-02
-3.917667720935169573e-02
-3.681848705353796269e-02
-3.438381776285392988e-02
-3.206121749153223455e-02
-2.988894422057419842e-02
-2.786332213098519084e-02
-2.608201282478750382e-02
-2.460865208994789111e-02
-2.336717004983224211e-02
-2.214658703504379655e-02
-2.124215744664292860e-02
-2.058611039948876620e-02
-1.989863214676446113e-02
-1.930651466744270905e-02
-1.872040550425646543e-02
-1.812249971736135112e-02
-1.746574688242474860e-02
-1.674375204793865368e-02
-1.590431269104997103e-02
-1.497826094645293704e-02
-1.424898631047777364e-02
-1.379096190706918801e-02
-1.358184787390614989e-02
-1.358624133444796822e-02
-1.386527107779733647e-02
-1.440785034364944206e-02
-1.507104094411060302e-02
-1.583624460599575290e-02
-1.679471907251917084e-02
-1.787725492600378274e-02
-1.902532222331587697e-02
-2.018170836105792620e-02
-2.119250928105675946e-02
-2.210599211423902588e-02
-2.279499025883191532e-02
-2.332640057070578532e-02
-2.372728045940786235e-02
-2.409586815011910410e-02
-2.443684808360746530e-02
-2.483330903886094010e-02
-2.516514853872908741e-02
-2.558566449682753152e-02
-2.622258668218713229e-02
-2.707021890714123025e-02
-2.780156379373666109e-02
-2.838116518859978843e-02
-2.911154489353073860e-02
-2.999644014646962731e-02
-3.081068228510652762e-02
-3.166359381713823584e-02
-3.226364988635554987e-02
-3.292105760517827218e-02
-3.619890495116373508e-02
-3.659702466582970271e-02
-3.680540421012012953e-02
-3.699399069001985119e-02
-3.709545886292409111e-02
-3.690915238504066664e-02
-3.633669760390112469e-02
-3.545219972432001043e-02
-3.441358306758357521e-02
-3.341923987278905273e-02
-3.250863209211074523e-02
-3.169127138398608601e-02
-3.093548208079366368e-02
-3.026881241646039999e-02
-2.966995224961699318e-02
-2.915645693110791026e-02
-2.868056856219369788e-02
-2.818407069174111435e-02
-2.767640989850939093e-02
-2.719842479246392664e-02
-2.657240252887960175e-02
-2.609627846644346771e-02
-2.568374202152434727e-02
-2.542140978494733528e-02
-2.525221076495809402e-02
-2.525458868827068493e-02
-2.511296986256006392e-02
-2.508216349766267950e-02
-2.498214839964318923e-02
-2.492835745053545438e-02
-2.482097672106986508e-02
-2.465340972296448108e-02
-2.445992001576535735e-02
-2.417131017220064404e-02
-2.369528994147407364e-02
-2.305184924693270965e-02
-2.232090583707224685e-02
-2.149896996947253669e-02
-2.077690343315108379e-02
-2.008928673666832143e-02
-1.955678302150165582e-02
-1.924655824283039163e-02
-1.913303048786496596e-02
-1.914428074954765968e-02
-1.929090980552605750e-02
-1.961677230998060129e-02
-2.000453736361473833e-02
-2.056049063691400836e-02
-2.100378539147940149e-02
-2.148916181867699393e-02
-2.205219096559551950e-02
-2.264104950959922036e-02
-2.317990478574383229e-02
-2.362716047726287627e-02
-2.403228554304215336e-02
-2.440817221793700753e-02
-2.466946767618349856e-02
-2.492493248317806387e-02
-2.533001532728240690e-02
-2.573102395522741670e-02
-2.623522787929288835e-02
-2.684654814823850266e-02
-2.753385414944231613e-02
-2.815514531183704872e-02
-2.875652088420155295e-02
-2.901977453619775105e-02
-2.922021643467731522e-02
-2.928237309167325275e-02
-2.911681048953373985e-02
-2.883474742031977289e-02
-2.846154005199386106e-02
-2.776318408538425153e-02
-2.685271882234585572e-02
-2.605202448005528026e-02
-2.544928664954226871e-02
-2.488356749465125972e-02
-2.457909944998915019e-02
-2.422861765902539766e-02
-2.402950505577106100e-02
-2.391628430528702776e-02
-2.384302901448864809e-02
-2.398845994162412953e-02
-2.408106633364870408e-02
-2.420530456515923579e-02
-2.435753186797606773e-02
-2.449337509614901709e-02
-2.464195192786666766e-02
-2.487475914548675782e-02
-2.497865525012255006e-02
-2.502703673229900172e-02
-2.517496922611828225e-02
-2.538215731637782913e-02
-2.565409746645397338e-02
-2.606476531633006299e-02
-2.651864777421397701e-02
-2.711791105952676695e-02
-2.784759406857095776e-02
-2.868808875724782048e-02
-2.968483408384592348e-02
-3.081650763524812486e-02
-3.202991642491659352e-02
-3.343719451110993557e-02
-3.477993638245568953e-02
-3.612700829430459670e-02
-3.753477550574024768e-02
-3.855437148669593750e-02
-3.951871623737279737e-02
-4.044128137422242641e-02
-4.137122110641744399e-02
-4.237340099983766262e-02
-4.322764623442476584e-02
-4.397384570841134099e-02
-4.472113464759597257e-02
-4.535691709500155877e-02
-4.591919590833348774e-02
-4.633158804620973736e-02
-4.653650511976736848e-02
-4.665492516348934693e-02
-4.741380840258779816e-02
-4.877030185866348955e-02
-4.833112991113164281e-02
-4.776600377458972702e-02
-4.693246308316390003e-02
-4.599782980804434374e-02
-4.495464827568940169e-02
-4.398307482101293520e-02
-4.282696826724141648e-02
-4.167704737941357873e-02
-4.061049170516606299e-02
-3.968155038128351464e-02
-3.888246357352265203e-02
-3.821267718121634793e-02
-3.772448481537193921e-02
-3.712441580126857321e-02
-3.657420264487776240e-02
-3.605263935982738754e-02
-3.553342240441104138e-02
-3.508754515699163967e-02
-3.467959548106014367e-02
-3.428240510448188338e-02
-3.376805852576536537e-02
-3.321993290853009206e-02
-3.268583377132339152e-02
-3.211081021023531878e-02
-3.147843245269243972e-02
-3.085820060234378825e-02
-3.018757831991913942e-02
-2.962161342024016708e-02
-2.918148307632528748e-02
-2.862421405230197724e-02
-2.807943246040334184e-02
-2.755022059594092187e-02
-2.715981199509265309e-02
-2.692455823253125935e-02
-2.667866885934311316e-02
-2.651157655258162826e-02
-2.650170022948272752e-02
-2.646415175170724332e-02
-2.636295627214646498e-02
-2.630904581595561176e-02
-2.633077100044234342e-02
-2.637335484976377487e-02
-2.647230638134356884e-02
-2.668066749817532557e-02
-2.682153564365963305e-02
-2.702969104147556756e-02
-2.730819920149951674e-02
-2.773237509104209408e-02
-2.822133780362845457e-02
-2.885322333403728123e-02
-2.951008053582826474e-02
-3.030020069459560261e-02
-3.116770389973910760e-02
-3.217271610265248771e-02
-3.320206203542341861e-02
-3.407877452527130480e-02
-3.502891122498064114e-02
-3.600357452969993322e-02
-3.694330622411090559e-02
-3.787510183258546714e-02
-3.883084254834179294e-02
-3.983049909331948246e-02
-4.074638034523492269e-02
-4.156783594663104875e-02
-4.208819950587827652e-02
-4.238375426489682241e-02
-4.211165883575107571e-02
-4.160737595471841743e-02
-4.107299570491107499e-02
-4.035253534370886186e-02
-3.945470411129869959e-02
-3.843185276124494454e-02
-3.726264565270787088e-02
-3.593053513073485306e-02
-3.444795755242224811e-02
-3.291313608180812533e-02
-3.130446050534152480e-02
-2.977921740508260307e-02
-2.837628337973852055e-02
-2.697484803248895169e-02
-2.566400564044324373e-02
-2.453110550159431913e-02
-2.356900002843420605e-02
-2.269771282694887926e-02
-2.182821138448531872e-02
-2.122897762400099975e-02
-2.058349096532696709e-02
-2.019065903617323077e-02
-1.999582225577534178e-02
-1.993303277869784562e-02
-1.998333114022554646e-02
-2.015586888667719734e-02
-2.038328506689823794e-02
-2.070215407402631325e-02
-2.116047133943887992e-02
-2.178203718474047701e-02
-2.247654225654416305e-02
-2.319953493080206819e-02
-2.400442062537466725e-02
-2.484991463091212882e-02
-2.583581752743724369e-02
-2.693590001260226519e-02
-2.854003370172608633e-02
-3.125456529011960694e-02
-3.235821627953039403e-02
-3.350352986258831045e-02
-3.464183634736683892e-02
-3.578778706868090964e-02
-3.679620723884702294e-02
-3.758107673984667496e-02
-3.828828831786279530e-02
-3.886748847724108558e-02
-3.934774701517451678e-02
-3.968854453954151484e-02
-3.995001491994576437e-02
-4.003572687899559224e-02
-4.009337366303789008e-02
-4.005782243558642097e-02
-3.994223294051946205e-02
-3.963139715963659437e-02
-3.925280047734480693e-02
-3.885762049947649732e-02
-3.847195307083850491e-02
-3.814095683029095074e-02
-3.787567280768922018e-02
-3.758893472474378328e-02
-3.738249324662701323e-02
-3.713783818253180158e-02
-3.693922782483805012e-02
-3.669901073264447700e-02
-3.657249625446290509e-02
-3.652229752150715214e-02
-3.659553116826852470e-02
-3.681537879668450586e-02
-3.706062532248111108e-02
-3.745498002178060393e-02
-3.798879901662732816e-02
-3.869621516462606881e-02
-3.952458895926791449e-02
-4.233453566550715585e-02
-4.309340511742809632e-02
-4.393261935521497463e-02
-4.486006414701493306e-02
-4.571470008404354690e-02
-4.648503656385949423e-02
-4.723592218049466052e-02
-4.793826229941866579e-02
-4.867790471201427493e-02
-4.924914235643107485e-02
-4.965402976618626951e-02
-5.000670281474439705e-02
-5.033493195450922109e-02
-5.053780075835212493e-02
-5.072575188034078586e-02
-5.091831872368135503e-02
-5.104432841089112660e-02
-5.109577588581837304e-02
-5.113878993880416335e-02
-5.112369756383550179e-02
-5.107837034871298698e-02
-5.086564900553935953e-02
-5.059083359834881666e-02
-5.021157139763843258e-02
-4.969779684588904178e-02
-4.915212530495061127e-02
-4.864369557283132472e-02
-4.821106250173345931e-02
-4.778056317632572991e-02
-4.717026314506023166e-02
-4.659351033421721411e-02
-4.610584225242619905e-02
-4.575559225320158241e-02
-4.560969590859731415e-02
-4.562323812672497425e-02
-4.563658835856765350e-02
-4.581913527122416507e-02
-4.620518057548617108e-02
-4.671465381682315954e-02
-4.732361693478448483e-02
-4.793457553757696221e-02
-4.846113397011997392e-02
-4.875718836396603084e-02
-4.871573792116901114e-02
-4.820562895212643362e-02
