0.000000000000000000e+00
-1.110223024625156540e-16
-3.960389219065951760e-02
-7.647306836226164251e-03
1.150372696484569524e-02
2.550582626273056874e-02
3.647562470068010931e-02
4.527755390660059831e-02
5.234139163976081477e-02
5.791168616686181991e-02
6.214448820425433340e-02
6.515050148830847654e-02
6.701677805377204145e-02
6.781836704890809031e-02
6.762529765704328177e-02
6.650669087029648097e-02
6.453264697555671781e-02
6.177370302718276918e-02
5.829691937866199325e-02
5.415776008238037953e-02
4.938686413978810030e-02
4.397197608086900189e-02
3.783608169757823880e-02
3.081437637099182503e-02
2.263626551250408347e-02
1.294335916888789129e-02
1.521649549729886530e-03
-1.044151581950170105e-02
-1.783292895010069046e-02
-1.627348791954397189e-02
-6.588663450411647027e-03
5.564038763809842081e-03
1.689688705180825146e-02
2.698191347713541077e-02
3.594721133076261843e-02
4.389195516340671510e-02
5.083303898617352878e-02
5.673801956394353141e-02
6.155628399691925878e-02
6.523649130651287820e-02
6.773300167788209869e-02
6.900675488217400400e-02
6.902325203563219880e-02
6.774960227590631767e-02
6.515146329005561121e-02
6.118912474128435086e-02
5.581177161398875874e-02
4.894658487325176388e-02
4.047528562449076439e-02
3.018046297534171529e-02
1.761707709628512752e-02
1.806443837882421022e-03
-1.829911816357210341e-02
-3.599172889569357547e-02
-3.543915216273019198e-02
-1.834378719532492319e-02
1.387642675177547247e-03
1.602675886587467957e-02
2.716863594310137131e-02
3.598442405945911915e-02
4.313206092721322271e-02
4.900590708270358142e-02
5.385666092386820480e-02
5.784829327348606220e-02
6.108733259776566449e-02
6.363922858009907202e-02
6.553849564875791067e-02
6.679556670994513112e-02
6.740182456289356416e-02
6.733321848308704283e-02
6.655265828596079736e-02
6.501093914564837206e-02
6.264588681691085625e-02
5.937895173741880583e-02
5.510788586229020680e-02
4.969235996015752832e-02
4.292503411407277980e-02
3.446432175608338255e-02
2.370730433582113328e-02
9.059499620223121497e-03
-8.081623720239017317e-03
-3.875650872654701207e-02
-6.398956565088831372e-02
-1.113774722049283294e-01
-8.728258297664670540e-02
-6.438692167318005311e-02
-4.986411264745815863e-02
-3.932062267239955222e-02
-3.129565902885989015e-02
-2.532277275842809150e-02
-2.027748296970899311e-02
-1.593417094089111252e-02
-1.307981478284148125e-02
-1.129065593205980100e-02
-1.005337893659319359e-02
-7.425746860472148825e-03
-7.233497099446206668e-03
-7.652855249060785958e-03
-9.055301879498989237e-03
-6.848063983906360619e-03
-5.310577757988266256e-03
-4.962912651520601237e-03
-5.043919956103759539e-03
-5.975198230975808933e-03
-7.639603549772777669e-03
-8.965366180060496681e-03
-8.790429882979733378e-03
-8.872438303213492361e-03
-1.057151341638440378e-02
-1.311184953644684015e-02
-1.835354430940228099e-02
-1.541191922722728869e-02
-1.415104073006157037e-02
-1.332168949288914384e-02
-1.121000535237259843e-02
-9.549128557976849230e-03
-8.277682801054564443e-03
-7.968625470718748716e-03
-7.569238339316775033e-03
-9.597441070447243483e-03
-1.044572509840413499e-02
-1.141810758507821877e-02
-1.246888519980404730e-02
-1.366247294996547623e-02
-1.588269266032849014e-02
-1.827392266728944392e-02
-2.062857242808224800e-02
-2.345039234553714103e-02
-2.581232751926232361e-02
-2.823060092211371330e-02
-3.061073735620789549e-02
-3.184670817174251045e-02
-3.453784491207656515e-02
-3.504216202533017022e-02
-3.512082743562039422e-02
-3.493560496855707687e-02
-3.407725055582699891e-02
-3.253822024276398217e-02
-3.142608203842633952e-02
-3.129597892602264952e-02
-3.106950577089617749e-02
-3.158522653705453376e-02
-3.230912612640968185e-02
-3.133538559901061227e-02
-3.040595384757738273e-02
-3.008921943005182786e-02
-3.059387710348770995e-02
-3.243897643262994013e-02
-3.518445718270257760e-02
-3.651122888517410736e-02
-3.959254863006356207e-02
-4.266370702128174930e-02
-4.204474413280889777e-02
-4.125630446052919176e-02
-4.190319456113311691e-02
-4.169876566856334232e-02
-4.228217139222212317e-02
-4.374988701366699928e-02
-4.594680499774461691e-02
-5.138974618723757271e-02
-5.635896542811980048e-02
-6.346521012426897812e-02
-7.796546723693043024e-02
-7.605944037060208274e-02
-7.452593927824668896e-02
-7.318439601353188273e-02
-7.202526448194579434e-02
-7.149045880148707788e-02
-7.178086381525328186e-02
-7.136137949033127814e-02
-7.208231176508206328e-02
-7.446365731120774267e-02
-7.784104304649019923e-02
-7.727722206643850011e-02
-7.603962899785643437e-02
-7.604123407727547690e-02
-7.724638159660635051e-02
-7.893662280135416154e-02
-7.904657830331252022e-02
-7.656601883143310250e-02
-7.515216117039236199e-02
-7.339290026311184878e-02
-7.246766786562142126e-02
-7.176036090542159407e-02
-7.325709872723551452e-02
-7.316726868614997770e-02
-7.348555608427420616e-02
-7.405037427664273864e-02
-7.521682503692350696e-02
-7.630924056521004584e-02
-7.583573452084679811e-02
-7.605625631324630653e-02
-7.992473244099695950e-02
-7.982797360520821339e-02
-8.094607625258931627e-02
-8.105264033107506538e-02
-7.925921633524046772e-02
-7.790531142626633265e-02
-7.570788700591457587e-02
-7.456808856760221982e-02
-7.447903676355471791e-02
-7.505035324192155244e-02
-7.544504025266751679e-02
-7.540234485556074340e-02
-7.624346106094637143e-02
-7.673430529540070655e-02
-7.681116325805725786e-02
-7.625694910554914330e-02
-7.559145271310863112e-02
-7.379542564952412675e-02
-7.299679048886853483e-02
-7.285226836936675721e-02
-7.375126596534431478e-02
-7.354037004269931010e-02
-7.360374710549633104e-02
-7.443577819386104633e-02
-7.475693394579496776e-02
-7.521740966524648186e-02
-7.640553526158999631e-02
-7.809749646066144191e-02
-8.008756745138212452e-02
-7.458338621599280849e-02
-7.422915218869252652e-02
-7.434694766971239321e-02
-7.423584252805637274e-02
-7.448594064607449994e-02
-7.540562154259378147e-02
-7.684788190816249642e-02
-7.882771556232537336e-02
-8.027262125963041672e-02
-8.040056305256026992e-02
-8.142175874519164136e-02
-8.319313420893192923e-02
-8.541802301500256434e-02
-8.810463541719770753e-02
-9.155579393220414364e-02
-9.225411004248096347e-02
-9.027876389014255487e-02
-8.937602472870032067e-02
-8.944216190876974615e-02
-8.934240125155301637e-02
-8.833136857612500226e-02
-8.805673281943149355e-02
-8.721817041270918391e-02
-8.653515970396141732e-02
-8.682724226192706229e-02
-8.851033725247048345e-02
-8.932745915791895364e-02
-9.112500590114558374e-02
-9.402133661693679034e-02
-9.316439811905552482e-02
