0.000000000000000000e+00
0.000000000000000000e+00
-2.130304915195502247e-04
1.510911628556543818e-03
4.018488625006755299e-03
6.480852675922355033e-03
9.013604046791856561e-03
1.162523995590691861e-02
1.429000311001060730e-02
1.699527725687510760e-02
1.973595256783267082e-02
2.250381137944268417e-02
2.528400777950046141e-02
2.805668236305991492e-02
3.080013913336143716e-02
3.349419411266141289e-02
3.612239487366908364e-02
3.867303602152838415e-02
4.113941689744216035e-02
4.351966563912790242e-02
4.581695777913963319e-02
4.803978517118734359e-02
5.020181014183910939e-02
5.232010914089557652e-02
5.441064417685259613e-02
5.648205604968015159e-02
5.853167336408660049e-02
6.054673208947880525e-02
6.250988370477150724e-02
6.440449147935178864e-02
6.621758681998057838e-02
6.794013417239330721e-02
6.956622070256845980e-02
7.109151349652620411e-02
7.250295610214152475e-02
7.366978703390314465e-02
7.451370890562647453e-02
7.549701961869792477e-02
7.361044802153915434e-02
7.498728555859379696e-02
7.672201832769331986e-02
7.868491003726241217e-02
8.071311335353770211e-02
8.262737544909160015e-02
8.433690158134243831e-02
8.607768513538038846e-02
8.770471819657643664e-02
8.922826838204112043e-02
9.065518264746574850e-02
9.199018040583673006e-02
9.323655840506872572e-02
9.439656634497617382e-02
9.547163357965948727e-02
9.646252236481367426e-02
9.736942162219119901e-02
9.819202161361584302e-02
9.892960004770112725e-02
9.958115329397010385e-02
1.001456341831639119e-01
1.006225072997180003e-01
1.010127597597971771e-01
1.013202038764553503e-01
1.015512193824528175e-01
1.017111171885356491e-01
1.017989961050793646e-01
1.018050113368069720e-01
1.017106996078345205e-01
1.014896393985202927e-01
1.011094340878504472e-01
1.005641581180070077e-01
1.000883850927047902e-01
1.001060030113130050e-01
1.006618068115487930e-01
1.014529176761642670e-01
1.022995406727924550e-01
1.030570017108862757e-01
1.036837577000460087e-01
1.042486275784637595e-01
1.048281717986954131e-01
1.054922077482161047e-01
1.062137868344252833e-01
1.069757578414718413e-01
1.077153327977604658e-01
1.084018658070322605e-01
1.075700644268258177e-01
1.082380397472466615e-01
1.088475740724441643e-01
1.094014308273962843e-01
1.098983231676402550e-01
1.103355000772634487e-01
1.107107723321434367e-01
1.110180538174567744e-01
1.112300233839680352e-01
1.113796401629649768e-01
1.114677351625039670e-01
1.114950048855418707e-01
1.114618018446651426e-01
1.113682611344446460e-01
1.112093693147859774e-01
1.109638488390496391e-01
1.106567600653911576e-01
1.088171129305628426e-01
1.084507120959650184e-01
1.080268371180366227e-01
1.075466868867411829e-01
1.070114092870013689e-01
1.064133499701114260e-01
1.057335614971441906e-01
1.050403408405717887e-01
1.030813729480735130e-01
1.028214485212801677e-01
1.025876239279439606e-01
1.023339144142461077e-01
1.021485760975273660e-01
1.020348846236647233e-01
1.019934269438393937e-01
1.020136330680032621e-01
1.021551759897967315e-01
1.024592173601530654e-01
1.028003040230489606e-01
1.031967329310696790e-01
1.035719941932646826e-01
1.039193535377000988e-01
1.041993580175242240e-01
1.044126203219797322e-01
1.045480389548774092e-01
1.046050412592696155e-01
1.045970978274970431e-01
1.045377849253734670e-01
1.044405319860397530e-01
1.043115057712591387e-01
1.041459620821603149e-01
1.039310021727541944e-01
1.036518320248667191e-01
1.032960170656058718e-01
1.028542111378205615e-01
1.023187111925545345e-01
1.016810468866187200e-01
1.009286579088843894e-01
1.000345293433939631e-01
9.893230817927278764e-02
9.755930293356884775e-02
9.608752152135502378e-02
9.602661257435607389e-02
9.635298405195924509e-02
9.696428221327590968e-02
9.757557034882902158e-02
9.797265765451323993e-02
9.818978107051701265e-02
9.828295784827245640e-02
9.829592428423139516e-02
9.824737092697599650e-02
9.814871838381233893e-02
9.800449964686541726e-02
9.783642600775688258e-02
9.766650034354729115e-02
9.752021192015969397e-02
9.742758582744626139e-02
9.735894266096800642e-02
9.733092328583081709e-02
9.726586599136388678e-02
9.715844084811964265e-02
9.698484106973714880e-02
9.673834474805964589e-02
9.641143339336721851e-02
9.600687569476651362e-02
9.551866594323366044e-02
9.494697253603145981e-02
9.429214262622753751e-02
9.355743777674430106e-02
9.274592366639300423e-02
9.186153312878553301e-02
9.090853000814913543e-02
8.989067802527217488e-02
8.880865734134402167e-02
8.765778809428037555e-02
8.642139170640450452e-02
8.508425274632069879e-02
8.380139968167310549e-02
8.300939206592161668e-02
8.267929617529401476e-02
8.248061046392662909e-02
8.216388236512472965e-02
8.188444058607613485e-02
8.166276227075153216e-02
8.140488294004288861e-02
8.107352700577630245e-02
8.068793732178969336e-02
8.026339196464737924e-02
7.980458575616422578e-02
7.932583819700056438e-02
7.881952479465303973e-02
7.830777581936132492e-02
7.779047482565548677e-02
7.728811128122936580e-02
7.689250663345781334e-02
7.681665441851670550e-02
7.704577659996458827e-02
7.739103685562520596e-02
7.776405638641192830e-02
7.818811818414195258e-02
7.862876265473528470e-02
7.905629739992425797e-02
7.942388055999205498e-02
7.971579236809800406e-02
7.993425824741029473e-02
8.007980134992376264e-02
8.015336945023299187e-02
8.015844382872705509e-02
8.010059132212221655e-02
7.998068530022006684e-02
7.979598224770367842e-02
7.954167318697713540e-02
7.925748523621267694e-02
7.895603473706813702e-02
7.869949962049815895e-02
7.842903818865609722e-02
7.816145226075188468e-02
7.787716841684644287e-02
7.754746408817125847e-02
7.721119939982634683e-02
7.695469470429605607e-02
7.687484295520907729e-02
7.664849415622287943e-02
7.627453156072716567e-02
7.584175347498800512e-02
7.537220170955793996e-02
7.492245691300514210e-02
7.439155598279056925e-02
7.379257346240342130e-02
7.315047119732764891e-02
7.247841003569166496e-02
7.179270970975193400e-02
7.109174988884991997e-02
7.036698804378449523e-02
6.963385152585210847e-02
6.889248919838752983e-02
6.812120143290245622e-02
6.734946235926808633e-02
6.658569022875493459e-02
6.583144799638529499e-02
6.518157541227398433e-02
6.467684055812794597e-02
6.422337910326270105e-02
6.381323680864126047e-02
6.349066306922468428e-02
6.327610658749538430e-02
6.307511340506932740e-02
6.312349831529551203e-02
6.335292611493681392e-02
6.372279327425589557e-02
6.428546052818662204e-02
6.479691436325718534e-02
6.527758445984543911e-02
6.568711655561076945e-02
6.608749184728091031e-02
6.644246876095905030e-02
6.675295207911968731e-02
6.699114689449081617e-02
6.724101547675220836e-02
6.763010671704483556e-02
6.824657539279033180e-02
6.885930342390267356e-02
6.945328063373401584e-02
7.002709915754024017e-02
7.057004372653552515e-02
7.108301201916233936e-02
7.155969058371880465e-02
7.199316061817717660e-02
7.238622241195824536e-02
7.272582839418673117e-02
7.300696555492613982e-02
7.323275777056337255e-02
7.342154824918267764e-02
7.284587369722372863e-02
7.297697001580893961e-02
7.306948892929088224e-02
7.313880848457521289e-02
7.317276857455068395e-02
7.316782022713197442e-02
7.312394103382602317e-02
7.307143533411064595e-02
7.308504653418612662e-02
7.314593602236030279e-02
7.323301175349672398e-02
7.327943851430362976e-02
7.329013917092175312e-02
7.326960586713959778e-02
7.321980677500294910e-02
7.317821957207248929e-02
7.312212973415177508e-02
7.311423607784384160e-02
7.307039301053808167e-02
7.299462629422404092e-02
7.291720284838620891e-02
7.277960693698370953e-02
7.261917817321261737e-02
7.239276268911765122e-02
7.212344892400590624e-02
7.179793972366743660e-02
7.136512457998289705e-02
7.094947875713675245e-02
7.059389994191644924e-02
7.034275447672677650e-02
7.005401071390404688e-02
6.976205244072741785e-02
6.945171691812723758e-02
6.912927312789718393e-02
6.877490235011385344e-02
6.839648661699837540e-02
6.799661659227562716e-02
6.759618477235340706e-02
6.718255458496602550e-02
6.675929735185159863e-02
6.632888576449924578e-02
6.589241361508424433e-02
6.547164339185118642e-02
6.514648003111611629e-02
6.487239390117305327e-02
6.464613439772937120e-02
6.442586311756182127e-02
6.419569317912698914e-02
6.406857375368057994e-02
6.402701416973655135e-02
6.405744206109065253e-02
6.414283228334105580e-02
6.428578926182804132e-02
6.443842707945801607e-02
6.459768953864353236e-02
6.477197073500140512e-02
6.495630750485292815e-02
6.513519840739356859e-02
6.534577503440819335e-02
6.552100564233254154e-02
6.571283232489300019e-02
6.586991469341896277e-02
6.603226022485531033e-02
6.619836462453720927e-02
6.626517400043807626e-02
6.632909193161751205e-02
6.639692199604319001e-02
6.645518138469985736e-02
6.641390763234200634e-02
6.646063634131937903e-02
6.675439736948463043e-02
6.695164642714668268e-02
6.711398166543180999e-02
6.724718025778142483e-02
6.737524478484058221e-02
6.751271579683360002e-02
6.769851397490556089e-02
6.787514955401174888e-02
6.809284251299718704e-02
6.825744511401521386e-02
6.837823651472718645e-02
6.844127241267949913e-02
6.848344794850458328e-02
6.848463506989888039e-02
6.842716772767887257e-02
6.841688444590676710e-02
6.859420639788127438e-02
6.898997779354054671e-02
6.939317386435961410e-02
6.971193094305205840e-02
6.994052287138874391e-02
7.018352621279411174e-02
7.046242782931000370e-02
7.070303028635560594e-02
7.096104767849853445e-02
7.118805584705589773e-02
7.143384897783722209e-02
7.169332855680843331e-02
7.193858241052364377e-02
7.217733902398171253e-02
7.242856774193362490e-02
7.274555565661011691e-02
7.304889609030706943e-02
7.333758375300858390e-02
7.359285756674216472e-02
7.382044385691566291e-02
7.401868066269456925e-02
7.419510073906798731e-02
7.441971549927672847e-02
7.462534214976046520e-02
7.483845664159827216e-02
7.507475428096599401e-02
7.533265387050658290e-02
7.574237360149371767e-02
7.627161643551438885e-02
7.685128965429877113e-02
7.744991878172768907e-02
7.804908368670404606e-02
7.860635114948699709e-02
7.914068314514888236e-02
7.965491661331447482e-02
8.015639231636884077e-02
8.063880824635516475e-02
8.112637950110546115e-02
8.159950047863362421e-02
8.205169006580992352e-02
8.249182616898598219e-02
8.294464561249803580e-02
8.340107265842755524e-02
8.385077148382169554e-02
8.431606528461865757e-02
8.482544496741106776e-02
8.535136053762415465e-02
8.586150976337658669e-02
8.635921589825334976e-02
8.682566732582963631e-02
8.725477585920660140e-02
8.763932623887638051e-02
8.801709132382695699e-02
8.839266009246538047e-02
8.875898324613462620e-02
8.910830863907204247e-02
8.948332313469320454e-02
8.982133629829158750e-02
9.012203594860057621e-02
9.044122081785688216e-02
9.085907253036529241e-02
9.136677583702379479e-02
9.189320902553133052e-02
9.240688782170658477e-02
9.292337059709376845e-02
9.340695382342545372e-02
9.390332500267528637e-02
9.428843320106694570e-02
9.386405523831098385e-02
9.408290571353261633e-02
9.433581424207759802e-02
9.459475890475954607e-02
9.488464293314913256e-02
9.523559459979180630e-02
9.571850008566729073e-02
9.612413434533162437e-02
9.643276855156335259e-02
9.681411829964603477e-02
9.712311749918112191e-02
9.740530703485039687e-02
9.757875699714380069e-02
9.767700224962005962e-02
9.769693013264624248e-02
9.764954648229973166e-02
9.753810404569152048e-02
9.742241059774192635e-02
9.728365745280975752e-02
9.714263400201428311e-02
9.694799993741631816e-02
9.668076837065076035e-02
9.634453001187059940e-02
9.597056854798347025e-02
9.553984132615167546e-02
9.506782486931597553e-02
9.460120459665999348e-02
9.424100020241810149e-02
9.322531246257814708e-02
9.289220982686163808e-02
9.257225809663860439e-02
9.220758971360609735e-02
9.203986141936049137e-02
9.187999004156366389e-02
9.174688535770081366e-02
9.164925282601088519e-02
9.154584918734842702e-02
9.147169242928443467e-02
9.137526666245965323e-02
9.125424309438368020e-02
9.109733024771449195e-02
9.092216672521535870e-02
9.075527094059987476e-02
9.059002291822904063e-02
9.048252367471132374e-02
9.031845844034402937e-02
9.009777435099985965e-02
8.981532476023956768e-02
8.943966938002034794e-02
8.927525312168205218e-02
8.916049580109652872e-02
8.911654159543336284e-02
8.903785889046567092e-02
8.892135185919092244e-02
8.881194048704799116e-02
8.870368524895377860e-02
8.866525056576723962e-02
8.861085467621676592e-02
8.853827596923458110e-02
8.843596279084842138e-02
8.833301136442339718e-02
8.822044851641241969e-02
8.809665749587902717e-02
8.792623110113817475e-02
8.770382169291623953e-02
8.744897964752595954e-02
8.714423261430948031e-02
8.680226992009365539e-02
8.643019753586900222e-02
8.602386291480157432e-02
8.557120396925776973e-02
8.507480507595355235e-02
8.455563976736080178e-02
8.404923207251702166e-02
8.356882695091139013e-02
8.310206656174345952e-02
8.260380548160117797e-02
8.205513084144899771e-02
8.144375703549777690e-02
8.077791087627228528e-02
8.011968046827910861e-02
7.939287499076930210e-02
7.860512913321215933e-02
7.776518263840626055e-02
7.691952409680591352e-02
7.609221136719890310e-02
7.523714628818978234e-02
7.442070675406431413e-02
7.358101239638026314e-02
7.273097168265540979e-02
7.188383889752492095e-02
7.106682922773122080e-02
7.025927575797918934e-02
6.955988109514654738e-02
6.903201012482607091e-02
6.873445612303008545e-02
6.863508029247689102e-02
6.860062580963477430e-02
6.858384431314412666e-02
6.855958107002479984e-02
6.850356533090717903e-02
6.847731867089668079e-02
6.853382654577333533e-02
6.867987727385505003e-02
6.877807190839724250e-02
6.883911498085537595e-02
6.887691188461508851e-02
6.889187881838143568e-02
6.887343044250360258e-02
6.886004785384236548e-02
6.886092987576231117e-02
6.887666967951222574e-02
6.897760680433950853e-02
6.914337595620390076e-02
6.938762587795754833e-02
6.959019137211619466e-02
6.974609224421146614e-02
6.986603554902659496e-02
6.993732572525779290e-02
6.998391785087942907e-02
7.008410538672960044e-02
7.023992920126675976e-02
7.044738492128388430e-02
7.063270365668627981e-02
7.081157413425409608e-02
7.097579421191402282e-02
7.112822911117677727e-02
7.124005649685938302e-02
7.130665163723959310e-02
7.147479582944304966e-02
7.170348351995237124e-02
7.185604685246338441e-02
7.194071555636316617e-02
7.194097098218610320e-02
7.187657286055615380e-02
7.175119577344002408e-02
7.153062779100238799e-02
7.128110471751814003e-02
7.107519338363643691e-02
7.128982968204589099e-02
7.143043665549120291e-02
7.149185116402856366e-02
7.153895127849074775e-02
7.169445311786848407e-02
7.202257911243403754e-02
7.250340017230594292e-02
7.297629212093403872e-02
7.338982665205517897e-02
7.372581674760625425e-02
7.399058207159914247e-02
7.422286141891931699e-02
7.441965335098776890e-02
7.457907714194722537e-02
7.469934462837235500e-02
7.480640398700066918e-02
7.487015600003399385e-02
7.489635509867142993e-02
7.489204854403497258e-02
7.484909231383141126e-02
7.478221845892729647e-02
7.467646281293527366e-02
7.452536534412979030e-02
7.432936457179728507e-02
7.409391102532114637e-02
7.386624871544267279e-02
7.363173844135495472e-02
7.338802176352099416e-02
7.308675370704764696e-02
7.280851232649787619e-02
7.247515876718568784e-02
7.217628308851398167e-02
7.181997031291831313e-02
7.142470663139599552e-02
7.099639193175644181e-02
7.054870735523022240e-02
7.009294771125196277e-02
6.967275897474012325e-02
6.926121620504410714e-02
6.888014479267412504e-02
6.847325671555393178e-02
6.805619511756422213e-02
6.763551001466594492e-02
6.723065144960393980e-02
6.683157415808138602e-02
6.641720008292617550e-02
6.602783463506711747e-02
6.580301285942935507e-02
6.576701860936351451e-02
6.587651067942923433e-02
6.599816928662760596e-02
6.612762695707985472e-02
6.626839358469549524e-02
6.649344250667721390e-02
6.683047153010801544e-02
6.714570227554128579e-02
6.743208736116401703e-02
6.770056503555355043e-02
6.792423918459555843e-02
6.810947187905269651e-02
6.823650306248407738e-02
6.836947486106326188e-02
6.850259475756681482e-02
6.861972223500267809e-02
6.877121378463857404e-02
6.898788422166091117e-02
6.927290165249377907e-02
6.957335144494680712e-02
6.989875301634618232e-02
7.023296852358029696e-02
7.058335076055244350e-02
7.089130868344128977e-02
7.110130311979401263e-02
7.122690273499499014e-02
7.128091879917319851e-02
7.126021032602603000e-02
7.119792464581120583e-02
7.112201134922480072e-02
7.104880636253074755e-02
7.096841978849743882e-02
7.087356133471467423e-02
7.078526679573737823e-02
7.067480693716365892e-02
7.053188235236196313e-02
7.040230773622813132e-02
7.032022615491206885e-02
7.042407030892738895e-02
7.070711312893895872e-02
7.112451065897085201e-02
7.153876726638652706e-02
7.193318372046086928e-02
7.228868946446653787e-02
7.262137193415107994e-02
7.290405558368839856e-02
7.315310081078929549e-02
7.346788164363093898e-02
7.376918249202613076e-02
7.403394524406081700e-02
7.445888823976232196e-02
7.494976353578808315e-02
7.544345907349625513e-02
7.584171244860526961e-02
7.619139380720874044e-02
7.647893768490776623e-02
7.674503055574488641e-02
7.697564650027599598e-02
7.716672956187187182e-02
7.730640149392598026e-02
7.740457171702286310e-02
7.746812191514562684e-02
7.760686920802561950e-02
7.781807056694756142e-02
7.803475990335595469e-02
7.823276572445014843e-02
7.841127503413125588e-02
7.857932783230303642e-02
7.875950283984201050e-02
7.898013947130211321e-02
7.917629350025778834e-02
7.936925532890559687e-02
7.951830998632725134e-02
7.963781926609625472e-02
7.973179803957197720e-02
7.987793635925277691e-02
8.000953123667442490e-02
8.011398179723472346e-02
8.019095489075489525e-02
8.022888366604230548e-02
8.022386286641136621e-02
8.024155094853968606e-02
8.023905120182761586e-02
8.022502500008399373e-02
8.015330474914672543e-02
8.002766041624109761e-02
7.985946174862057489e-02
7.963527620393939799e-02
7.939427680709854052e-02
7.911439627062333280e-02
7.877161693303991186e-02
7.836805599523732901e-02
7.791177751164446441e-02
7.739977527650121480e-02
7.681585029674264931e-02
7.614943250754535597e-02
7.557044804796642090e-02
7.507218913912350189e-02
7.472870750772298010e-02
7.434273337847319141e-02
7.388124320830580238e-02
7.349267955873695080e-02
7.312648094728113612e-02
7.279050503359485447e-02
7.244613062011140414e-02
7.209141910323890734e-02
7.174700400358213770e-02
7.146441143754911351e-02
7.141124353374594946e-02
7.162898070854795129e-02
7.208971354613247229e-02
7.267461098477023818e-02
7.329474891436493778e-02
7.389955065325870542e-02
7.447464007626081184e-02
7.506123319314239595e-02
7.566214434763995911e-02
7.623180113464833596e-02
7.677739381118731110e-02
7.729472120965907855e-02
7.779358451929185847e-02
7.827515052597533440e-02
7.872787373919409859e-02
7.918432114937834498e-02
7.958513690289881204e-02
7.993390128751376444e-02
8.022648927734676860e-02
8.052659895639546761e-02
8.082051529978051541e-02
8.108054081005011682e-02
8.128869713517250517e-02
8.144673696830495579e-02
8.156596370800084372e-02
8.164744231565901345e-02
8.168872381628244916e-02
8.170086572304025019e-02
8.168373195895850536e-02
8.163300187529931584e-02
8.152334795020577118e-02
8.135569213732085636e-02
8.114277374811207366e-02
8.088075013002660185e-02
8.055281305361172706e-02
8.021297122027104542e-02
7.990403536159895737e-02
7.951898016100300559e-02
7.905325094179094236e-02
7.864369867608034248e-02
7.840805301219089252e-02
7.841719977538108566e-02
7.850585303154189454e-02
7.866018509808259118e-02
7.879247146824530645e-02
7.890946977354018621e-02
7.900073368344506797e-02
7.906924684965477290e-02
7.910494967510950381e-02
7.913376343377542810e-02
7.916493544095204449e-02
7.919064414730847545e-02
7.921667845886015691e-02
7.923490643895902963e-02
7.925708463190761499e-02
7.927141440631024771e-02
7.927948104560056386e-02
7.927139191900733906e-02
7.926544351144504397e-02
7.928580638565563277e-02
7.931713364967141189e-02
7.948325191430583025e-02
7.969768250107067686e-02
7.992314635889896657e-02
8.014189278283967433e-02
8.035854360094973892e-02
8.053109965402605042e-02
8.064464665960091594e-02
8.067551469013523047e-02
8.069997156208952305e-02
8.068369814116849170e-02
8.062354442906793928e-02
8.053951511181733913e-02
8.039901396342208351e-02
8.028639341153764875e-02
8.014623328128078761e-02
8.002372991134909519e-02
7.985655443829497990e-02
7.964931086603699306e-02
7.940796491303836468e-02
7.912425210209339532e-02
7.878353709490504286e-02
7.868136166146011412e-02
7.866179370991188691e-02
7.876932858869234444e-02
7.892873087767804385e-02
7.907095402708552712e-02
7.911502816855864317e-02
7.934181286033692437e-02
7.951911547856926887e-02
7.993353171223560594e-02
8.025844057604469839e-02
8.054129525310260718e-02
8.078541544791084661e-02
8.100311850355157439e-02
8.117739582127536657e-02
8.128942983071962836e-02
8.136535487764140484e-02
8.146507714036110848e-02
8.150958808674735323e-02
8.148758565177383062e-02
8.142808753069186167e-02
8.131923233231064252e-02
8.116013777638797499e-02
8.095369148672082460e-02
8.072661574051398503e-02
8.046596927877325278e-02
8.042491398222173515e-02
8.043150858074610277e-02
8.064653541585031782e-02
8.084643187873385983e-02
8.102671055039767367e-02
8.114500845869732082e-02
8.119459815110552370e-02
8.119039895145196972e-02
8.112501897132595730e-02
8.100345563858035725e-02
8.083279193163428467e-02
8.060974827094535833e-02
8.033608021425253654e-02
8.003227199137774583e-02
7.976986367501948116e-02
7.955787614713716316e-02
7.933990108379740391e-02
7.911658450284297928e-02
7.890499364431913243e-02
7.872635570549690875e-02
7.858501706964293732e-02
7.848608574088289380e-02
7.843778790449662530e-02
7.844775463113418112e-02
7.845398649175749917e-02
7.850506765326059622e-02
7.857448135399325295e-02
7.872482206076636402e-02
7.885549588109430630e-02
7.894672202302466246e-02
7.899472685628738944e-02
7.902081489389711777e-02
7.912592189388201191e-02
7.931082063104466506e-02
7.953007625962627003e-02
7.973900275607648247e-02
7.999829046524808973e-02
8.028340637787234613e-02
8.051793100002568870e-02
8.066818421879018430e-02
8.087191008838323647e-02
8.101449687839457070e-02
8.116609085093973164e-02
8.129095595782076522e-02
8.139149465792860916e-02
8.147810993619564179e-02
8.156665630613413320e-02
8.165179904358721430e-02
8.171343188611146502e-02
8.174422819861471012e-02
8.172756337295128404e-02
8.165299429988848168e-02
8.152179205936405104e-02
8.134954051609666337e-02
8.120481605215301713e-02
8.103537715715103396e-02
8.084683596303365860e-02
8.060731888370264997e-02
8.029508505142124442e-02
7.992207020194475042e-02
7.949504399012297107e-02
7.901818550064865221e-02
7.849459913176892734e-02
7.795092376442624982e-02
7.741533804717981582e-02
7.695421487903542079e-02
7.665460937953949561e-02
7.647612547540560968e-02
7.635197809567473293e-02
7.622055189840626355e-02
7.602774991047422937e-02
7.577374117189661362e-02
7.549107953487865785e-02
7.516958051873290358e-02
7.479341793735150290e-02
7.441460667910182458e-02
7.409673094404900517e-02
7.385023460083850466e-02
7.363539886255354716e-02
7.338734976956917677e-02
7.312089314721226252e-02
7.282488938165543324e-02
7.250586269144942975e-02
7.214964597906226018e-02
7.215581676149596113e-02
7.232403853756586010e-02
7.256896464331008545e-02
7.288609671335755102e-02
7.325988708352260126e-02
7.366579101423664788e-02
7.422334165131161399e-02
7.481262960081869196e-02
7.546046180105281387e-02
7.610511230931349402e-02
7.680925080082245948e-02
7.744986368124373577e-02
7.802484943588083866e-02
7.854920999530001779e-02
7.911031591061434831e-02
7.962895804720826476e-02
8.010772564795631823e-02
8.059679427815247266e-02
8.108307479954879327e-02
8.156880788964859796e-02
8.198723569618282525e-02
8.234021667933677513e-02
8.266340676730554726e-02
8.296825510815208915e-02
8.326785176993767301e-02
8.354405907893958094e-02
8.379208315875508184e-02
8.398485003488009859e-02
8.413241153216000079e-02
8.422649694172479329e-02
8.425981100684865055e-02
8.427825057268334419e-02
8.424680446883292539e-02
8.418544920959214473e-02
8.408416044915667520e-02
8.393610807114249006e-02
8.376413792463743846e-02
8.355881968474387911e-02
8.332867834837087706e-02
8.305586402207043584e-02
8.273195893474949436e-02
8.235483326745218768e-02
8.192948886984274814e-02
8.144866851237941852e-02
8.092834468912046830e-02
8.039911196157945028e-02
7.997022917377449858e-02
7.962011179367545211e-02
7.920753932730106861e-02
7.874055287976755579e-02
7.829506507469630172e-02
7.790691713393549378e-02
7.747331886794106559e-02
7.701890678076450669e-02
7.650341297628249215e-02
7.594085039526277114e-02
7.533411619849639251e-02
7.470439592069411106e-02
7.407485114314127372e-02
7.345893311346451959e-02
7.288464883469591982e-02
7.234676544036777734e-02
7.183803041450342874e-02
7.135637967281849292e-02
7.089576716054613037e-02
7.044105729430993890e-02
7.001035917597397962e-02
6.959455221504251554e-02
6.918421666937213388e-02
6.878973311760105958e-02
6.839760692116225727e-02
6.800271727696194368e-02
6.757414927844185293e-02
6.712682894481103446e-02
6.670888232282567998e-02
6.628804228913920404e-02
6.587310037076488101e-02
6.544896369809327652e-02
6.501641810748415296e-02
6.457195722119934977e-02
6.412185048267282639e-02
6.362938126898365354e-02
6.312025387814079735e-02
6.262970421840918789e-02
6.215178734414172901e-02
6.168236963667284023e-02
6.120681925132775980e-02
