5.081963911810000178e-01 -1.788185520430000119e-01 -4.235812862650000232e-01 1.165770733269999937e+02 8.906716747899999120e+00 6.195753982330000298e+01
4.996813312219999803e-01 -1.783938702610000093e-01 -4.258159318399999949e-01 1.179573631250000005e+02 8.549788028260000061e+00 6.149407230700000326e+01
5.000730675319999818e-01 -1.757767016560000117e-01 -4.201283582340000211e-01 1.171400998630000032e+02 1.054653607380000047e+01 6.339732526619999931e+01
4.790888679010000262e-01 -1.815419947330000061e-01 -4.442135211539999795e-01 1.212073264809999955e+02 8.453914602930000299e+00 5.576920266700000184e+01
4.964666837610000050e-01 -1.779955220149999906e-01 -4.277252356080000206e-01 1.181826521020000058e+02 9.697497425959999973e+00 6.122520225520000281e+01
4.871178015450000065e-01 -1.781879436609999923e-01 -4.257132963360000244e-01 1.194675244769999978e+02 1.043993006680000057e+01 6.195554457499999756e+01
4.991972347609999749e-01 -1.795069498450000134e-01 -4.300047008089999956e-01 1.181354344850000047e+02 8.876767738219999870e+00 5.997094428749999651e+01
4.934365084660000123e-01 -1.768097437929999904e-01 -4.221455644930000028e-01 1.183977105409999950e+02 1.102194470220000078e+01 6.287594498530000209e+01
4.924820584919999966e-01 -1.786093687480000136e-01 -4.370379865410000120e-01 1.192409300850000022e+02 9.364232765080000576e+00 5.792325552730000027e+01
4.957151873730000213e-01 -1.783784455040000050e-01 -4.269697867560000026e-01 1.183883001439999987e+02 9.421468019389999782e+00 6.135066296960000187e+01
4.983515647890000011e-01 -1.789880479029999916e-01 -4.228808005990000174e-01 1.180332514720000034e+02 8.206235202220000247e+00 6.251408354090000330e+01
4.905874056630000202e-01 -1.774502029099999934e-01 -4.279294268409999935e-01 1.188374925069999932e+02 1.150603961949999920e+01 6.103260346780000134e+01
4.908054695340000051e-01 -1.802510516539999885e-01 -4.381464710669999985e-01 1.196047175470000070e+02 7.690293851119999857e+00 5.777201147299999917e+01
5.040577790369999978e-01 -1.783833336270000125e-01 -4.279763162099999851e-01 1.173317318980000010e+02 1.029782157180000013e+01 6.035332556539999871e+01
5.051551983319999550e-01 -1.781772841129999896e-01 -4.292855871680000268e-01 1.169935588879999955e+02 8.599658923310000702e+00 6.029046506070000078e+01
5.082020621030000074e-01 -1.763271544020000026e-01 -4.205522299389999885e-01 1.166681313450000061e+02 9.402815859560000433e+00 6.286093704929999859e+01
4.818145030629999992e-01 -1.811147853729999924e-01 -4.406440411320000083e-01 1.204534409219999986e+02 1.040082398879999914e+01 5.685166440519999753e+01
4.847058300729999991e-01 -1.801593785920000135e-01 -4.310049531419999913e-01 1.198869127560000010e+02 1.024512111810000015e+01 6.016846286170000013e+01
4.912515454749999955e-01 -1.792575265370000004e-01 -4.299271038940000178e-01 1.190806490450000013e+02 1.032460788560000076e+01 6.024512273770000093e+01
4.970851956419999884e-01 -1.793690078650000130e-01 -4.298011294199999832e-01 1.183301778130000059e+02 8.935362644039999580e+00 6.036587166929999881e+01
4.879042337419999820e-01 -1.811494363710000055e-01 -4.321259287090000178e-01 1.197141826769999966e+02 9.079086567619999215e+00 5.976204595829999988e+01
4.949262740179999898e-01 -1.797247285109999926e-01 -4.334622252529999886e-01 1.188866029999999938e+02 8.508781995199999670e+00 5.912289594719999997e+01
4.911831464449999962e-01 -1.799628589979999915e-01 -4.279364904269999936e-01 1.189939008999999999e+02 9.168619826669999640e+00 6.103636614829999729e+01
4.991398729270000167e-01 -1.806151585580000052e-01 -4.260219873209999952e-01 1.182956878130000007e+02 8.490316218460000286e+00 6.117515548539999770e+01
4.982610070149999792e-01 -1.777833040740000037e-01 -4.172911829009999796e-01 1.175906572349999948e+02 9.786277137189999920e+00 6.439479194480000501e+01
4.948391208790000051e-01 -1.794365101460000111e-01 -4.313993025339999954e-01 1.189212142290000003e+02 8.857089476089999636e+00 5.957403061530000343e+01
4.914516711640000146e-01 -1.795813240199999883e-01 -4.356103844040000173e-01 1.191644962790000051e+02 9.324890388049999146e+00 5.865353921309999663e+01
4.852522620820000077e-01 -1.802923461450000042e-01 -4.305565458189999917e-01 1.200094013540000049e+02 9.584293823990000405e+00 6.026871632139999946e+01
4.977057187310000019e-01 -1.770913960180000024e-01 -4.239647112039999777e-01 1.176274668110000050e+02 1.011647811739999980e+01 6.233593845829999935e+01
4.876246730650000138e-01 -1.814235663179999958e-01 -4.355848571729999952e-01 1.200022034880000064e+02 7.283492581520000009e+00 5.859297280300000210e+01
5.242102344169999872e-01 -1.730498944399999905e-01 -3.993266319039999734e-01 1.132593118500000031e+02 1.089915208280000058e+01 6.903451433780000457e+01
4.985184189269999955e-01 -1.785934946199999873e-01 -4.292522704969999880e-01 1.178410802439999969e+02 1.009777538980000067e+01 6.044379174739999883e+01
4.953424027539999885e-01 -1.794574948000000059e-01 -4.244565796829999904e-01 1.184254728500000056e+02 9.822913105470000517e+00 6.200130672219999894e+01
4.979612322609999753e-01 -1.786753559410000081e-01 -4.291499066410000007e-01 1.179732069810000041e+02 8.871669725809999463e+00 6.062358441580000346e+01
4.956021456760000277e-01 -1.793357072569999877e-01 -4.292148917520000051e-01 1.187035285449999975e+02 9.065276165220000237e+00 6.029513611779999849e+01
4.998028899120000035e-01 -1.788090761779999871e-01 -4.258577451760000021e-01 1.176864263479999977e+02 8.912284228609999914e+00 6.144318970159999793e+01
4.872006751949999881e-01 -1.785639003089999899e-01 -4.312800560839999964e-01 1.196213402599999966e+02 9.684643440069999443e+00 6.019186206479999868e+01
4.919305453360000024e-01 -1.813494612559999886e-01 -4.321738598809999887e-01 1.194402795790000056e+02 8.795334215340000483e+00 5.944263819020000028e+01
4.902244723099999923e-01 -1.795353216799999985e-01 -4.344300912719999963e-01 1.194023075159999934e+02 9.205750771510000874e+00 5.899080943629999751e+01
5.074644217049999462e-01 -1.748657309720000053e-01 -4.135196699679999921e-01 1.159260909940000062e+02 1.049458437450000048e+01 6.539480411479999589e+01
5.020070817470000391e-01 -1.793452123070000126e-01 -4.254017114790000220e-01 1.178025749929999932e+02 8.582027817900000244e+00 6.130263916780000244e+01
4.990206667479999969e-01 -1.776980249990000038e-01 -4.182785435320000023e-01 1.174139081390000001e+02 9.958792015140000231e+00 6.400488985689999311e+01
4.933265229089999759e-01 -1.784021704229999949e-01 -4.168404498180000028e-01 1.183923183569999935e+02 9.916501060099999876e+00 6.466643234350000569e+01
4.966062134290000207e-01 -1.781104781249999991e-01 -4.371674613889999783e-01 1.186348096159999983e+02 8.793370785760000530e+00 5.776991102600000261e+01
4.890617133530000271e-01 -1.783954168899999915e-01 -4.342778762960000094e-01 1.192347373080000068e+02 9.614957745170000791e+00 5.921412215010000324e+01
4.941634211300000024e-01 -1.794452467540000040e-01 -4.283007447389999833e-01 1.187006777769999957e+02 1.014013619159999990e+01 6.065898999209999687e+01
4.871189258920000098e-01 -1.790955347629999972e-01 -4.371606476820000253e-01 1.197524223679999977e+02 8.986281152200000122e+00 5.829934153730000190e+01
4.959746363429999860e-01 -1.795663328409999870e-01 -4.387794435999999854e-01 1.188752652430000012e+02 8.444517523040000029e+00 5.735780816609999988e+01
4.937712069599999865e-01 -1.796298579629999892e-01 -4.220577866729999794e-01 1.186447010280000001e+02 1.006958636240000082e+01 6.274138684870000304e+01
4.921675181819999967e-01 -1.787055347150000029e-01 -4.302246215930000117e-01 1.186629435800000039e+02 9.893034526679999274e+00 6.048857934770000355e+01
5.149905178600000522e-01 -1.748624381999999977e-01 -4.124899815499999955e-01 1.149523209190000017e+02 1.081291548209999931e+01 6.535096823530000165e+01
4.955474678349999773e-01 -1.764303594970000055e-01 -4.236056226100000099e-01 1.178181433219999974e+02 1.112103392630000087e+01 6.253353277090000262e+01
5.032544374340000015e-01 -1.781175544580000103e-01 -4.248755739130000153e-01 1.174313085649999948e+02 8.783696203079999876e+00 6.149247195299999902e+01
5.018973066520000526e-01 -1.774312254750000095e-01 -4.263118173489999774e-01 1.174505605939999953e+02 9.121619219870000350e+00 6.129743789670000353e+01
5.005249736850000408e-01 -1.767968817599999964e-01 -4.193175949929999757e-01 1.174179421749999932e+02 9.870306795410000333e+00 6.347339870369999915e+01
5.042092905160000527e-01 -1.787375447979999976e-01 -4.192898719870000179e-01 1.170245666879999931e+02 9.074307293740000446e+00 6.330105583929999824e+01
4.796415268459999770e-01 -1.812534559329999906e-01 -4.381684884720000173e-01 1.206874059820000014e+02 1.039324604399999963e+01 5.783757138739999704e+01
4.977319787730000167e-01 -1.786602138180000132e-01 -4.302369852110000115e-01 1.180430104299999954e+02 8.828523904740000816e+00 6.028917547100000007e+01
4.978115437649999753e-01 -1.781479527479999936e-01 -4.247291200989999904e-01 1.177714928430000043e+02 9.589197656879999698e+00 6.221542601720000221e+01
4.970810883439999994e-01 -1.798749093950000044e-01 -4.288685202940000218e-01 1.183785921909999956e+02 9.073853115629999522e+00 6.051620940229999945e+01
5.036379266899999596e-01 -1.769523399609999881e-01 -4.185598362769999969e-01 1.171207881149999963e+02 9.475231039420000556e+00 6.375529136419999787e+01
4.841770124750000015e-01 -1.805902089109999997e-01 -4.350350228029999933e-01 1.203394416059999941e+02 7.291366573110000360e+00 5.903549461720000124e+01
4.966630814890000134e-01 -1.781581012329999936e-01 -4.273991549360000031e-01 1.182080401009999946e+02 9.506039701089999738e+00 6.127934246609999747e+01
5.001144704550000153e-01 -1.769799984210000121e-01 -4.280701708249999848e-01 1.176170153940000063e+02 9.842363262979999305e+00 6.081320048850000148e+01
5.021328149929999984e-01 -1.760465666319999956e-01 -4.235910524520000164e-01 1.170501266250000043e+02 1.036531410349999938e+01 6.237016510809999659e+01
4.933886790479999895e-01 -1.772703546249999873e-01 -4.276463827870000123e-01 1.185672484480000008e+02 1.132352464240000067e+01 6.104248790100000122e+01
4.916864304440000111e-01 -1.792858307050000100e-01 -4.387154577999999860e-01 1.194672634979999941e+02 8.719239288760000761e+00 5.740550779889999689e+01
4.977600634689999803e-01 -1.773976888540000074e-01 -4.198346793809999977e-01 1.177288949299999956e+02 1.032749039359999976e+01 6.349089543369999689e+01
4.898281859270000038e-01 -1.802875442920000015e-01 -4.287620941709999745e-01 1.192486917810000051e+02 1.018040171190000009e+01 6.063706769129999685e+01
5.028052986900000132e-01 -1.784623393489999932e-01 -4.291333922639999909e-01 1.174722802600000051e+02 9.487997108800000134e+00 6.024335172189999810e+01
5.039841914210000384e-01 -1.767865192810000041e-01 -4.266707290730000213e-01 1.171801141210000026e+02 9.633381776120000239e+00 6.104354907599999791e+01
4.941765707910000249e-01 -1.773878995489999999e-01 -4.341323537699999791e-01 1.186074602470000059e+02 9.362291638720000364e+00 5.927890309240000022e+01
4.907737379559999891e-01 -1.791906022059999992e-01 -4.309969266629999907e-01 1.194425032310000034e+02 8.420063794100000720e+00 6.000975185490000285e+01
4.843105254830000206e-01 -1.814233309000000127e-01 -4.382447927540000232e-01 1.202906753580000014e+02 9.446550118759999393e+00 5.757173708300000214e+01
4.899972598010000069e-01 -1.795330458490000114e-01 -4.311277246910000249e-01 1.192774078190000040e+02 9.087815761410000803e+00 5.998182499890000230e+01
5.016889363640000266e-01 -1.776415943920000018e-01 -4.247122783939999979e-01 1.173504332530000056e+02 8.486832599979999614e+00 6.194949275100000108e+01
5.049275727540000203e-01 -1.777311747639999939e-01 -4.192459900709999965e-01 1.169018427480000071e+02 9.074208818700000734e+00 6.355315995440000165e+01
4.905807667140000272e-01 -1.794403000689999972e-01 -4.346856450039999764e-01 1.194484701690000037e+02 9.227333901779999792e+00 5.866861919760000177e+01
5.001830983030000066e-01 -1.769615668960000110e-01 -4.213177679890000027e-01 1.174330142470000027e+02 9.485252344419999204e+00 6.311803862560000056e+01
4.961124095019999736e-01 -1.767402211380000032e-01 -4.233215513779999828e-01 1.181189510560000002e+02 1.100096221739999969e+01 6.244913519210000175e+01
4.997296735180000171e-01 -1.755848947499999979e-01 -4.161130438269999843e-01 1.173291698289999943e+02 1.062506708719999970e+01 6.469791986580000298e+01
5.097976882489999584e-01 -1.757586156129999910e-01 -4.135112246689999771e-01 1.157445806380000022e+02 1.020687742760000027e+01 6.515907348560000401e+01
4.994014757060000198e-01 -1.774402452319999990e-01 -4.287993584059999752e-01 1.180012805450000002e+02 9.523494313389999633e+00 6.055596664769999649e+01
4.912972122350000026e-01 -1.792328028730000022e-01 -4.325122394229999889e-01 1.191526973619999978e+02 9.134390423939999337e+00 5.949879427959999845e+01
5.121993778769999839e-01 -1.751717795949999934e-01 -4.210718883549999791e-01 1.158085620239999969e+02 9.315295953830000641e+00 6.267666989549999812e+01
4.966445846879999904e-01 -1.771720196640000078e-01 -4.212113536320000184e-01 1.180792975429999956e+02 1.022863158590000054e+01 6.313425942770000177e+01
4.985974468039999774e-01 -1.792328137979999902e-01 -4.283023964200000089e-01 1.179450848830000069e+02 8.727558251750000551e+00 6.096553772130000226e+01
4.849670306950000231e-01 -1.811341416320000064e-01 -4.344780093330000148e-01 1.202242903860000069e+02 8.705036672329999448e+00 5.916122285320000174e+01
5.038056191349999935e-01 -1.782520273229999952e-01 -4.200561459480000037e-01 1.170509103640000035e+02 9.661455629880000728e+00 6.321529135149999945e+01
4.915748803939999911e-01 -1.778853394609999916e-01 -4.239847071380000165e-01 1.186362572839999956e+02 1.106994508580000058e+01 6.232437721210000348e+01
4.896532846519999760e-01 -1.786095949429999941e-01 -4.366479677510000101e-01 1.194188472670000039e+02 9.519904209290000807e+00 5.844867845230000114e+01
5.037593421160000418e-01 -1.758491232150000139e-01 -4.182831561979999946e-01 1.168543563070000033e+02 8.708130731989999873e+00 6.413761284810000518e+01
4.998043797119999798e-01 -1.788674086479999925e-01 -4.196799885429999821e-01 1.176168263929999966e+02 8.293954933680000252e+00 6.359218325700000207e+01
4.986627898170000184e-01 -1.782550321019999995e-01 -4.333338554749999738e-01 1.181786787110000034e+02 8.499841357079999327e+00 5.915937532049999703e+01
4.970355705310000038e-01 -1.797808020960000031e-01 -4.348953178419999732e-01 1.186226367069999981e+02 7.902465591850000415e+00 5.867785120130000109e+01
4.999336223170000038e-01 -1.789210607170000078e-01 -4.312358227259999732e-01 1.178214466080000022e+02 9.281776551169999223e+00 5.985987486949999692e+01
4.893999648390000012e-01 -1.792699932119999895e-01 -4.335511858309999966e-01 1.195786947040000001e+02 9.002424403190000035e+00 5.919321079619999892e+01
5.083821732019999651e-01 -1.780178093439999942e-01 -4.160266451660000198e-01 1.162106621260000026e+02 9.678282900630000185e+00 6.427109132350000209e+01
5.005058079399999915e-01 -1.767976716309999918e-01 -4.277361422329999940e-01 1.177692980940000069e+02 9.582952807450000776e+00 6.083476735829999882e+01
5.055361850049999717e-01 -1.797181278069999999e-01 -4.315060104110000072e-01 1.174377864660000057e+02 7.999613361989999838e+00 5.925571576520000150e+01
4.920690055349999925e-01 -1.780961978249999966e-01 -4.277450697099999810e-01 1.188334683749999954e+02 1.108564547089999941e+01 6.102692544800000007e+01
5.027773570210000154e-01 -1.763115783430000139e-01 -4.287050104369999892e-01 1.172008291100000008e+02 9.211823391259999383e+00 6.071173145040000207e+01
4.875076654630000061e-01 -1.811567590819999907e-01 -4.448275568339999930e-01 1.202876502299999970e+02 8.149789472349999286e+00 5.533108727420000150e+01
5.030195822949999895e-01 -1.762823519529999883e-01 -4.172884982239999929e-01 1.169783386400000040e+02 1.027390408039999947e+01 6.402896179350000239e+01
5.154359260090000117e-01 -1.751066391530000099e-01 -4.155757166899999855e-01 1.151445726040000039e+02 9.654178954729999873e+00 6.428152102580000360e+01
4.989657385890000074e-01 -1.784419768240000093e-01 -4.216243052040000161e-01 1.178384249060000002e+02 9.736981454449999518e+00 6.271376072040000338e+01
4.954996180740000034e-01 -1.806936476559999893e-01 -4.303775359920000154e-01 1.186237741019999987e+02 9.135438826370000598e+00 6.006348976499999992e+01
4.995832225919999980e-01 -1.764637259050000073e-01 -4.195508982300000245e-01 1.174244037830000025e+02 1.062837762400000052e+01 6.353181635779999681e+01
5.045745011540000435e-01 -1.766323238420000052e-01 -4.278701212209999882e-01 1.168940304669999932e+02 9.023308296650000671e+00 6.097124504699999648e+01
5.137031339690000253e-01 -1.766488606749999912e-01 -4.200821766710000071e-01 1.157320924889999958e+02 7.882648110339999903e+00 6.302393330070000133e+01
4.904175342629999990e-01 -1.793869618049999948e-01 -4.316181473949999847e-01 1.193243841179999976e+02 8.900406675650000210e+00 5.982440550260000123e+01
5.044557890090000107e-01 -1.770590012340000075e-01 -4.140449697660000261e-01 1.165886979120000007e+02 1.038969065719999918e+01 6.520476761609999983e+01
5.036345474450000248e-01 -1.773658450420000088e-01 -4.270292148779999963e-01 1.170185898379999969e+02 8.752770147719999727e+00 6.117991854969999821e+01
5.145127493840000454e-01 -1.754843820020000056e-01 -4.157016726289999853e-01 1.153227665379999962e+02 9.589749786720000557e+00 6.442108908859999872e+01
4.867123990950000256e-01 -1.789890207329999927e-01 -4.326344705790000078e-01 1.195249706519999933e+02 9.970528138489999748e+00 5.987757319279999990e+01
4.814788716169999816e-01 -1.816676848019999901e-01 -4.388818330879999952e-01 1.205852614110000047e+02 9.022905289760000613e+00 5.775029941729999905e+01
5.030924253290000037e-01 -1.782004741409999871e-01 -4.298597263610000052e-01 1.174300892309999966e+02 9.313393423120000847e+00 6.006431887389999957e+01
4.890448276789999826e-01 -1.808499804890000007e-01 -4.347458565019999832e-01 1.197992553520000030e+02 8.716989519260000208e+00 5.868317820589999911e+01
4.964141194949999725e-01 -1.793410521209999886e-01 -4.285349014639999732e-01 1.183094044350000047e+02 9.384906797779999366e+00 6.064803600599999811e+01
4.853382624329999895e-01 -1.804995316820000029e-01 -4.400014289809999757e-01 1.200884225890000039e+02 9.831703323990000243e+00 5.708191525259999821e+01
4.949018672580000056e-01 -1.799715951889999943e-01 -4.357857696310000195e-01 1.187485025269999994e+02 9.295484130820000246e+00 5.831645979820000036e+01
4.954622415300000138e-01 -1.803568458310000067e-01 -4.392913522510000224e-01 1.190684403310000050e+02 7.594766719019999890e+00 5.699068584949999661e+01
4.974947727660000152e-01 -1.775784868710000020e-01 -4.203346870429999771e-01 1.174973958669999945e+02 1.072345999450000065e+01 6.330538217929999689e+01
5.000614230719999664e-01 -1.784998961560000097e-01 -4.262585439909999940e-01 1.177498904739999972e+02 8.766032437790000742e+00 6.151418242879999809e+01
4.864019348349999938e-01 -1.813748986750000070e-01 -4.340358068629999733e-01 1.201328924310000019e+02 8.750058671819999745e+00 5.904816752749999864e+01
4.954012190090000267e-01 -1.782164642830000034e-01 -4.209893801060000107e-01 1.183018334030000034e+02 9.312011046389999436e+00 6.330983064410000338e+01
4.925002405150000206e-01 -1.783577973830000052e-01 -4.304361209529999899e-01 1.188881248480000039e+02 8.249558033430000492e+00 6.046710934280000060e+01
4.946499155899999889e-01 -1.781172653020000052e-01 -4.239026628129999863e-01 1.183075945150000052e+02 9.063844243569999293e+00 6.251246719609999758e+01
5.097032478320000504e-01 -1.776144790499999959e-01 -4.185089315519999742e-01 1.159733444980000030e+02 8.884687320290000301e+00 6.367160438639999853e+01
4.934757656679999993e-01 -1.805137306790000062e-01 -4.364107663769999923e-01 1.191528863399999949e+02 9.360044770649999180e+00 5.796703743100000139e+01
4.928615690150000006e-01 -1.780820652100000012e-01 -4.204083524919999815e-01 1.184334333089999944e+02 1.125675205910000010e+01 6.330749842470000033e+01
5.137209312899999603e-01 -1.753310474670000119e-01 -4.095679924660000082e-01 1.150497045930000013e+02 1.052088040079999942e+01 6.630024371519999704e+01
4.932048368360000268e-01 -1.784091840769999882e-01 -4.231138098760000021e-01 1.184351243729999936e+02 1.001257338849999989e+01 6.279623988550000036e+01
5.065469466030000367e-01 -1.790649099930000099e-01 -4.338612013500000031e-01 1.173580050860000057e+02 8.000600002460000582e+00 5.843151743410000165e+01
4.994658263680000210e-01 -1.781218528229999987e-01 -4.206118940470000012e-01 1.176329248269999965e+02 1.000919267809999980e+01 6.306432517750000244e+01
4.881767155439999950e-01 -1.800159442729999948e-01 -4.256287089369999999e-01 1.194482608550000009e+02 1.015554439659999986e+01 6.183649003299999691e+01
4.867938520840000005e-01 -1.778805856289999987e-01 -4.287875654830000105e-01 1.193341641439999989e+02 1.118403287419999970e+01 6.090680085479999661e+01
4.982579557510000146e-01 -1.773613080289999921e-01 -4.168981511870000212e-01 1.174859323099999955e+02 1.169590574859999954e+01 6.426747048480000046e+01
4.989654982280000151e-01 -1.779743955860000060e-01 -4.144442522949999819e-01 1.173834919909999996e+02 9.707273774009999912e+00 6.538581115200000227e+01
4.967211284210000244e-01 -1.770187792669999927e-01 -4.290625702120000051e-01 1.179267201720000031e+02 9.900707119190000682e+00 6.085548402759999931e+01
4.964908189130000093e-01 -1.792457522710000084e-01 -4.208835266609999848e-01 1.181576567360000070e+02 9.709839250250000831e+00 6.300955992090000279e+01
4.867953000340000114e-01 -1.790088645890000052e-01 -4.327892895659999906e-01 1.195531610889999996e+02 1.012138134559999969e+01 5.967858439209999943e+01
4.949010594339999791e-01 -1.772930585989999919e-01 -4.178906171940000025e-01 1.178699699520000053e+02 1.130770200499999945e+01 6.432619036280000557e+01
5.021133087660000216e-01 -1.771724201740000060e-01 -4.220635309099999843e-01 1.170989313649999986e+02 9.853823236400000241e+00 6.284772390940000264e+01
4.963629050360000017e-01 -1.777198687700000113e-01 -4.289312796959999785e-01 1.182146589519999935e+02 1.068035456079999967e+01 6.051993746649999650e+01
4.965280830509999910e-01 -1.781921824909999952e-01 -4.348632120740000273e-01 1.184623854120000033e+02 8.651444682319999302e+00 5.876732852659999651e+01
4.934379666720000168e-01 -1.779150722049999966e-01 -4.251533380459999734e-01 1.186094348449999956e+02 9.973172163870000162e+00 6.195355187109999662e+01
5.192713781069999701e-01 -1.775293516470000110e-01 -4.228322873750000044e-01 1.151860352679999977e+02 8.204810383439999910e+00 6.175670491209999824e+01
4.954775005040000235e-01 -1.795335974549999991e-01 -4.289887393519999925e-01 1.186130790259999941e+02 9.272318136779999165e+00 6.053023356199999938e+01
5.039665465960000423e-01 -1.756821198740000090e-01 -4.244550549169999742e-01 1.170098068629999943e+02 9.224003176949999272e+00 6.206074917090000298e+01
5.079209843509999711e-01 -1.750026477980000106e-01 -4.144706605049999770e-01 1.160737537769999932e+02 9.785224823940000149e+00 6.513083368600000256e+01
5.055081172569999559e-01 -1.763823227440000085e-01 -4.223578990329999727e-01 1.168089908070000007e+02 9.681602468710000409e+00 6.265774280499999804e+01
4.943518069189999919e-01 -1.768179308060000010e-01 -4.225040479719999742e-01 1.183587817129999991e+02 1.120853870540000052e+01 6.264367271740000120e+01
4.884702032909999936e-01 -1.788314440990000087e-01 -4.292319031890000081e-01 1.192503694770000067e+02 9.693723491289999217e+00 6.079931674750000070e+01
5.076052494630000078e-01 -1.750277671669999979e-01 -4.229345310379999945e-01 1.164454679669999990e+02 1.009760177849999963e+01 6.228737397100000095e+01
4.989444015069999794e-01 -1.787548693969999991e-01 -4.295010231410000268e-01 1.181203242469999992e+02 7.204643205520000038e+00 6.048237670000000321e+01
4.951660605729999998e-01 -1.773342197309999979e-01 -4.274933970829999930e-01 1.184657362359999979e+02 1.028723676279999921e+01 6.112132540040000350e+01
4.859623989410000178e-01 -1.811957075960000108e-01 -4.349071543349999902e-01 1.202308714870000017e+02 8.632090114100000378e+00 5.878965249969999718e+01
4.956039590269999962e-01 -1.794207448510000136e-01 -4.324458474619999881e-01 1.186321576710000016e+02 9.284587131060000331e+00 5.935925574270000027e+01
5.023081799999999930e-01 -1.778972369950000132e-01 -4.243793811539999794e-01 1.176465343920000066e+02 8.722296512079999786e+00 6.174403837100000203e+01
4.872044486689999787e-01 -1.794128107350000112e-01 -4.359857570139999972e-01 1.196655233580000015e+02 9.976423328310000116e+00 5.865762545860000188e+01
4.942005834920000229e-01 -1.806518955130000104e-01 -4.294687368910000136e-01 1.189236672880000043e+02 7.498316589369999896e+00 6.063634906459999740e+01
5.003101326750000188e-01 -1.786249006650000026e-01 -4.219654159860000142e-01 1.176411686680000059e+02 9.278812819909999732e+00 6.260892545149999933e+01
5.113336766199999550e-01 -1.768028168309999926e-01 -4.141566390549999976e-01 1.157728837540000058e+02 9.598202085229999625e+00 6.492666772939999476e+01
4.912104709230000199e-01 -1.795609769339999995e-01 -4.285240301920000272e-01 1.190048336410000047e+02 1.054375549689999936e+01 6.081813251820000232e+01
4.969351201669999774e-01 -1.795359912210000020e-01 -4.318577314809999845e-01 1.186119401090000025e+02 9.283375693340000012e+00 5.947695582480000098e+01
5.183415580860000205e-01 -1.755830615750000046e-01 -4.103899951430000081e-01 1.147168213749999950e+02 9.768581101400000577e+00 6.567539191189999315e+01
4.942833157179999937e-01 -1.807013840679999872e-01 -4.274513493120000174e-01 1.187794395859999952e+02 8.644328091429999361e+00 6.116306512170000076e+01
5.137419624600000345e-01 -1.770858251440000086e-01 -4.165992430900000154e-01 1.154594490329999985e+02 8.707493178700000058e+00 6.415418537380000430e+01
5.189957678969999710e-01 -1.765252835239999873e-01 -4.217179640009999786e-01 1.150811898430000042e+02 8.061593688189999440e+00 6.225573848199999816e+01
5.065018787620000351e-01 -1.752820300409999865e-01 -4.181239344639999800e-01 1.163545986590000041e+02 1.089349495619999963e+01 6.373903176670000192e+01
4.934589395539999979e-01 -1.806901987229999895e-01 -4.369201308030000175e-01 1.192021775300000002e+02 7.699270671509999886e+00 5.812703325380000052e+01
4.994371723480000025e-01 -1.769992470569999865e-01 -4.248451227169999789e-01 1.175463251120000052e+02 1.075505007599999985e+01 6.181949777060000173e+01
4.960536789719999784e-01 -1.795564500580000000e-01 -4.268837172989999873e-01 1.185506743899999975e+02 8.934692963990000791e+00 6.136930582589999972e+01
5.093916875480000162e-01 -1.753704139289999908e-01 -4.140927088119999988e-01 1.156944409030000003e+02 1.017285042820000029e+01 6.515396573159999605e+01
4.963009477420000093e-01 -1.772027912739999878e-01 -4.253346107129999942e-01 1.182989560529999977e+02 9.666142075190000682e+00 6.188973500160000185e+01
4.925771066060000147e-01 -1.789633218860000041e-01 -4.302308329169999834e-01 1.188071982639999931e+02 9.568054330720000777e+00 6.030928375719999934e+01
4.996844339570000182e-01 -1.792290603589999920e-01 -4.349516981000000060e-01 1.181752766120000047e+02 7.778504444350000213e+00 5.870489768190000035e+01
5.088293875570000235e-01 -1.789949874220000126e-01 -4.214057322520000093e-01 1.165798713049999975e+02 7.657424566080000439e+00 6.273706014830000299e+01
4.898575677850000032e-01 -1.810462642479999940e-01 -4.369513621930000147e-01 1.197164218770000019e+02 8.097653736619999876e+00 5.804158471710000100e+01
4.951040279930000176e-01 -1.783706266769999882e-01 -4.302924414059999814e-01 1.185307061689999983e+02 9.564442094349999479e+00 6.024181202860000184e+01
4.984842533100000139e-01 -1.770473379339999875e-01 -4.235911485539999854e-01 1.177310356549999995e+02 9.787334670750000853e+00 6.245495638460000265e+01
5.042586588159999605e-01 -1.777208675670000071e-01 -4.151863413710000228e-01 1.168984609129999939e+02 9.644255747760000830e+00 6.460331571899999403e+01
4.895936588229999886e-01 -1.798547744170000129e-01 -4.263821585879999931e-01 1.192442091239999939e+02 9.725120439619999502e+00 6.150614535089999890e+01
4.997642249250000002e-01 -1.766325487310000109e-01 -4.251214953540000119e-01 1.175541179330000006e+02 1.038397257559999964e+01 6.166927357739999849e+01
5.088100576139999998e-01 -1.768953577169999902e-01 -4.107490422730000201e-01 1.159283336430000020e+02 9.420499039059999191e+00 6.604586804299999869e+01
4.953740317120000070e-01 -1.803870850800000092e-01 -4.285335150680000260e-01 1.186978909129999948e+02 9.489226350050000036e+00 6.065537643129999879e+01
4.871028415709999781e-01 -1.802292330470000037e-01 -4.339617338680000214e-01 1.199096408220000001e+02 7.878157374219999731e+00 5.925869981609999826e+01
5.033589858320000054e-01 -1.758893947609999897e-01 -4.151829811989999897e-01 1.167175266899999997e+02 1.087528175829999988e+01 6.479197156210000230e+01
4.939241928190000186e-01 -1.780927537370000091e-01 -4.254071711840000103e-01 1.184880279709999940e+02 1.022320556670000080e+01 6.185695235490000243e+01
4.976397272090000157e-01 -1.791873442130000049e-01 -4.305419307159999986e-01 1.184136229390000068e+02 8.838374103099999601e+00 5.993202919059999800e+01
5.080417459730000029e-01 -1.771961551800000090e-01 -4.256916615219999978e-01 1.166489738660000057e+02 9.281433274750000351e+00 6.125855324079999775e+01
4.933621721079999856e-01 -1.774659944970000125e-01 -4.218711033190000181e-01 1.186033158959999980e+02 1.040762097870000069e+01 6.290198005220000255e+01
5.011141841589999979e-01 -1.766490707589999931e-01 -4.277663592290000261e-01 1.175771427910000000e+02 9.263813912690000762e+00 6.108819401710000108e+01
5.027865601330000489e-01 -1.781242621259999936e-01 -4.185265154289999900e-01 1.172508732579999986e+02 9.178545478020000203e+00 6.381858293169999996e+01
5.009024365140000157e-01 -1.758800944320000059e-01 -4.167975979970000022e-01 1.169809509020000036e+02 1.146017196370000057e+01 6.444171986409999420e+01
4.842509511579999870e-01 -1.797814650929999980e-01 -4.291974177069999841e-01 1.198168338939999984e+02 1.056025113599999976e+01 6.082831753930000218e+01
5.031109632200000403e-01 -1.773836741800000061e-01 -4.254672262840000219e-01 1.170636602379999971e+02 9.835084767630000613e+00 6.159540583319999740e+01
5.029182686750000020e-01 -1.791152458760000010e-01 -4.292223951290000117e-01 1.175915970899999934e+02 7.970182761320000253e+00 6.036890257129999782e+01
5.083849792000000312e-01 -1.782235793539999891e-01 -4.223768710220000000e-01 1.165971311229999969e+02 9.144324797799999516e+00 6.240157399739999988e+01
4.990598375079999816e-01 -1.765808906880000084e-01 -4.186161395260000195e-01 1.173965991919999965e+02 9.530127400779999647e+00 6.405517394780000018e+01
4.985014713959999844e-01 -1.803908819039999889e-01 -4.332011157419999869e-01 1.184006106909999971e+02 8.531076024720000817e+00 5.883456503290000228e+01
4.986161902730000262e-01 -1.795002798560000057e-01 -4.221105190789999906e-01 1.179430862640000015e+02 9.717489410100000669e+00 6.246755988609999832e+01
4.912873676000000245e-01 -1.777646577960000085e-01 -4.226489723269999943e-01 1.187213271220000053e+02 1.095708547029999913e+01 6.271466945139999893e+01
5.095406658759999985e-01 -1.773552444610000112e-01 -4.164442803350000277e-01 1.162758410120000008e+02 8.252484167849999608e+00 6.422597540419999973e+01
4.935205553750000029e-01 -1.806629699800000044e-01 -4.379212919420000238e-01 1.192932108499999941e+02 7.297955301300000031e+00 5.769431101640000037e+01
4.905012489739999926e-01 -1.811972670729999901e-01 -4.398328922559999743e-01 1.198736579459999945e+02 8.083667897930000734e+00 5.678393456719999932e+01
5.033655515970000272e-01 -1.767839357219999907e-01 -4.223029388869999901e-01 1.173113749750000068e+02 9.406741178309999896e+00 6.250208622000000247e+01
4.950599036100000183e-01 -1.791797401519999999e-01 -4.256392750049999840e-01 1.185380075119999930e+02 8.585912197909999932e+00 6.189187391929999649e+01
4.971583696169999955e-01 -1.772902638109999929e-01 -4.278728530740000258e-01 1.181970095399999963e+02 1.033146929990000018e+01 6.079533047710000204e+01
5.121570327590000415e-01 -1.740611312249999987e-01 -4.156211679110000112e-01 1.154424788550000045e+02 1.074299221749999944e+01 6.443873596870000142e+01
4.922241287940000154e-01 -1.804063770219999918e-01 -4.353829818819999753e-01 1.193755566469999962e+02 8.640631264330000505e+00 5.829241395630000255e+01
4.906116887340000177e-01 -1.789263366240000097e-01 -4.295854329439999786e-01 1.190519958179999946e+02 9.744469797509999864e+00 6.070767143470000349e+01
4.893226062869999726e-01 -1.797738336449999919e-01 -4.358164598440000259e-01 1.195664708749999932e+02 8.514304699820000266e+00 5.869824216479999990e+01
5.098929612160000291e-01 -1.754459212109999999e-01 -4.209626344910000206e-01 1.161169388280000021e+02 9.431365668539999803e+00 6.293040234440000091e+01
4.924646616230000107e-01 -1.793957413139999901e-01 -4.392059295369999949e-01 1.192927407239999980e+02 8.389901919570000643e+00 5.739580280940000279e+01
5.004889785060000484e-01 -1.801135852190000053e-01 -4.306891774769999737e-01 1.179255305270000065e+02 8.017344691099999920e+00 5.979804653829999950e+01
4.923827932709999855e-01 -1.793456706819999968e-01 -4.329678483280000045e-01 1.192174466759999945e+02 8.707905967340000331e+00 5.920154976010000070e+01
5.024640485119999944e-01 -1.787307699890000046e-01 -4.258075923279999730e-01 1.174374637479999990e+02 9.276367144159999967e+00 6.134165290499999657e+01
4.977898611259999884e-01 -1.775558942340000057e-01 -4.200364634920000229e-01 1.175816496690000008e+02 1.039580422579999919e+01 6.332571295489999841e+01
5.059594627619999896e-01 -1.773024829640000022e-01 -4.273836788459999814e-01 1.168312173719999976e+02 9.643813454600000057e+00 6.085507347739999773e+01
5.035777815609999708e-01 -1.775556133650000035e-01 -4.190037198480000002e-01 1.169104816819999968e+02 9.775909809779999904e+00 6.360194471209999989e+01
5.042781681039999464e-01 -1.778143864189999923e-01 -4.110620892429999729e-01 1.166430991029999973e+02 9.318022349239999613e+00 6.618695688500000074e+01
4.965294221950000142e-01 -1.756008301239999903e-01 -4.226227561340000216e-01 1.179181216549999931e+02 1.057657502540000038e+01 6.271583147209999964e+01
4.989892416139999898e-01 -1.789700372580000087e-01 -4.295639987720000219e-01 1.179016392609999997e+02 8.987150126590000454e+00 6.046271303439999656e+01
4.952087834860000037e-01 -1.768415225720000039e-01 -4.092114547899999843e-01 1.174898020159999987e+02 1.161423866350000011e+01 6.703469765149999660e+01
4.960413833319999855e-01 -1.770376570859999998e-01 -4.274901239250000207e-01 1.183729598390000035e+02 9.855199110090000048e+00 6.106178044300000352e+01
4.942778718520000059e-01 -1.785036514370000049e-01 -4.300204060539999928e-01 1.188475095109999984e+02 9.107043265799999787e+00 6.027994393990000077e+01
5.090417432460000446e-01 -1.762979209870000064e-01 -4.164008318519999974e-01 1.159737379350000026e+02 1.026702750789999996e+01 6.431760059529999296e+01
5.034028040329999731e-01 -1.792248767769999973e-01 -4.243881422949999926e-01 1.172999400100000003e+02 7.987266036340000319e+00 6.195857521639999987e+01
4.975050508080000045e-01 -1.781794809929999890e-01 -4.184001673969999779e-01 1.177134994150000011e+02 1.123332313430000085e+01 6.375088983740000259e+01
4.881202488909999748e-01 -1.789957075920000085e-01 -4.292213821440000188e-01 1.195473284760000041e+02 9.894479609079999349e+00 6.060796083559999659e+01
4.917137012680000141e-01 -1.803359092740000058e-01 -4.363622463599999834e-01 1.193609480479999974e+02 8.748050022190000163e+00 5.822687033870000306e+01
5.089859988399999535e-01 -1.761809505280000077e-01 -4.144087677280000048e-01 1.158143686770000045e+02 1.006197817410000006e+01 6.502629240139999922e+01
4.978802430729999950e-01 -1.788411121129999948e-01 -4.233724108479999804e-01 1.181085050129999985e+02 9.022807577080000030e+00 6.230516466299999934e+01
5.018574700229999630e-01 -1.800273909690000007e-01 -4.244841955340000195e-01 1.177483785879999942e+02 8.408870009170000159e+00 6.168172064590000048e+01
5.035927691289999730e-01 -1.761307001519999971e-01 -4.250761505349999747e-01 1.168656644320000026e+02 9.709933258399999545e+00 6.176060084270000061e+01
4.902905720080000251e-01 -1.802114460520000128e-01 -4.370177716159999726e-01 1.194832745070000044e+02 9.108492035770000328e+00 5.788147291490000157e+01
5.013086989230000068e-01 -1.777301775729999977e-01 -4.241163972349999978e-01 1.176492405660000031e+02 9.300041223299999160e+00 6.197287779359999860e+01
4.906903182149999765e-01 -1.776135635920000067e-01 -4.310826346719999758e-01 1.189868666980000000e+02 1.047061526869999959e+01 6.005100484199999755e+01
4.908925837120000080e-01 -1.803756985099999877e-01 -4.305355322639999871e-01 1.194395494940000049e+02 8.739389042459999146e+00 6.017590305289999719e+01
5.022254389229999783e-01 -1.763097950209999987e-01 -4.220208254000000214e-01 1.171595031469999952e+02 1.071058711110000061e+01 6.249863445809999973e+01
5.066740304150000318e-01 -1.764814887549999989e-01 -4.231309183970000110e-01 1.168729752830000024e+02 9.630525082209999255e+00 6.196476658160000284e+01
4.979984203639999940e-01 -1.801536859250000011e-01 -4.252346934480000229e-01 1.180205091699999969e+02 9.683480306750000821e+00 6.153158707549999917e+01
5.060281769509999972e-01 -1.757281386519999877e-01 -4.208362603940000168e-01 1.164506269700000018e+02 9.546270354000000680e+00 6.314881837880000148e+01
4.828952939189999904e-01 -1.807744769369999949e-01 -4.411512625310000102e-01 1.204270428939999960e+02 9.170278826489999702e+00 5.696854642689999793e+01
4.891713985830000166e-01 -1.786326713339999872e-01 -4.218970906699999746e-01 1.189491037079999955e+02 1.036040054499999918e+01 6.322627176390000159e+01
5.012903890409999841e-01 -1.803096971769999890e-01 -4.293872535250000122e-01 1.179083880729999976e+02 8.320864340820000038e+00 6.009896488449999907e+01
5.019242866340000164e-01 -1.765937279339999944e-01 -4.236452148979999999e-01 1.171444455160000047e+02 1.120847076709999968e+01 6.211424081780000250e+01
4.867089915430000135e-01 -1.820555281500000067e-01 -4.402163548570000029e-01 1.204168620410000017e+02 7.849340847909999752e+00 5.677388092319999657e+01
4.878489407809999956e-01 -1.798933928750000022e-01 -4.359599769549999948e-01 1.197563007459999938e+02 9.673790491360000132e+00 5.837681127790000346e+01
4.965539024230000154e-01 -1.799533480159999921e-01 -4.287071658789999851e-01 1.182766417929999960e+02 9.475488997230000265e+00 6.057307220759999922e+01
4.911111588700000086e-01 -1.795872872210000082e-01 -4.372716993899999904e-01 1.194202419150000054e+02 9.416878291159999748e+00 5.786729373080000016e+01
5.109574280890000209e-01 -1.766288136489999883e-01 -4.189338928319999988e-01 1.159355402239999933e+02 9.233485359510000379e+00 6.331814712999999983e+01
4.924607028979999801e-01 -1.775543805860000102e-01 -4.273432682469999744e-01 1.186255127179999960e+02 1.121489896049999935e+01 6.132592631389999838e+01
4.945017098760000063e-01 -1.767677839640000026e-01 -4.286647224380000232e-01 1.186364816509999969e+02 9.855519088630000368e+00 6.088940692690000134e+01
4.924382100560000253e-01 -1.788883624500000047e-01 -4.230392368950000037e-01 1.187410701670000037e+02 9.557388996020000249e+00 6.261539489670000336e+01
5.040298574699999534e-01 -1.772737122620000050e-01 -4.187193544210000007e-01 1.170140507809999946e+02 9.019230671389999898e+00 6.372665523660000275e+01
5.109385401489999756e-01 -1.783902869260000079e-01 -4.165952328309999730e-01 1.160233200259999933e+02 7.864381880509999867e+00 6.418914097590000267e+01
5.138356419999999813e-01 -1.747395055369999894e-01 -4.143892554790000182e-01 1.151182091419999978e+02 1.135884525130000000e+01 6.472563065689999462e+01
5.004473642729999616e-01 -1.769664689450000106e-01 -4.190170889750000072e-01 1.173519927840000037e+02 8.982248787139999635e+00 6.385061773420000009e+01
4.853052726239999726e-01 -1.806430695519999907e-01 -4.466618611379999937e-01 1.204695409830000017e+02 9.029882978050000730e+00 5.466903543539999788e+01
4.954676357119999763e-01 -1.807352246429999865e-01 -4.346858360320000059e-01 1.187484215300000017e+02 8.594051913279999511e+00 5.877482156519999990e+01
5.096204592140000100e-01 -1.771105362760000135e-01 -4.204210512259999866e-01 1.162011093809999949e+02 9.175221042209999567e+00 6.282775957730000016e+01
4.903045352179999927e-01 -1.792050134429999941e-01 -4.285746759760000191e-01 1.192063432479999960e+02 9.749566520089999244e+00 6.076347233989999808e+01
4.994251657470000216e-01 -1.772357770880000072e-01 -4.237624939429999738e-01 1.177508434389999934e+02 9.171209181749999217e+00 6.224622142079999776e+01
4.942003790060000012e-01 -1.781383330669999987e-01 -4.205298403769999749e-01 1.180904363319999959e+02 1.149843244969999922e+01 6.333859630679999952e+01
4.973803930840000054e-01 -1.780310056849999933e-01 -4.280810179339999966e-01 1.183870948109999972e+02 8.876498952609999549e+00 6.076364103120000237e+01
5.036016614470000263e-01 -1.764418051199999893e-01 -4.217079086600000193e-01 1.168516084249999949e+02 9.803565740739999868e+00 6.285148511199999888e+01
4.880498160280000164e-01 -1.809510337530000068e-01 -4.329609711549999851e-01 1.196324587160000021e+02 8.784340825139999254e+00 5.946313741569999678e+01
4.977594843520000145e-01 -1.782025569690000033e-01 -4.258844097739999945e-01 1.177949745699999937e+02 1.020643586929999991e+01 6.163184886700000220e+01
5.029157021839999464e-01 -1.766225132149999988e-01 -4.212757879619999923e-01 1.172058553079999967e+02 9.555396456080000434e+00 6.290759085309999676e+01
4.994852519929999790e-01 -1.793086342970000024e-01 -4.232213243569999950e-01 1.176932611040000012e+02 9.388257082790000041e+00 6.242951175820000032e+01
5.091466230679999594e-01 -1.781808903959999912e-01 -4.189971191790000105e-01 1.162999522960000007e+02 8.140053428290000781e+00 6.348986638689999751e+01
5.044735950580000461e-01 -1.761763426969999990e-01 -4.222350159489999810e-01 1.168558156800000063e+02 1.055667905109999971e+01 6.263159058240000121e+01
4.999114032549999975e-01 -1.799414175440000041e-01 -4.237669326380000268e-01 1.177589027359999960e+02 8.549147513450000346e+00 6.212787983860000196e+01
5.001248344959999814e-01 -1.778609188730000124e-01 -4.245094207330000202e-01 1.177664278780000018e+02 9.573474665399999139e+00 6.178172653000000025e+01
5.077934153099999959e-01 -1.757485841789999947e-01 -4.143391616830000013e-01 1.159977170850000050e+02 1.031883086670000083e+01 6.502531993569999713e+01
4.936117926229999786e-01 -1.805386272110000023e-01 -4.335820697159999959e-01 1.191365395239999998e+02 8.168341761869999829e+00 5.906529783549999735e+01
4.868369286709999799e-01 -1.797596179139999972e-01 -4.369250441820000108e-01 1.199377084380000014e+02 8.064259070460000345e+00 5.828262370830000094e+01
4.962932306860000087e-01 -1.784190730830000071e-01 -4.288844353040000001e-01 1.183967672560000040e+02 9.943622113549999142e+00 6.050737143210000113e+01
5.014279361190000506e-01 -1.768005080720000122e-01 -4.219359337240000118e-01 1.171328323430000040e+02 1.026883568959999948e+01 6.286456480039999661e+01
4.908765466259999988e-01 -1.789562966359999896e-01 -4.315141758819999729e-01 1.194501914319999969e+02 9.109952203960000716e+00 5.979245112430000120e+01
4.945452636059999851e-01 -1.800323875429999942e-01 -4.387744274570000158e-01 1.191446056759999976e+02 8.322585101059999602e+00 5.718690707169999854e+01
4.967516408409999862e-01 -1.789017422799999979e-01 -4.218938389629999786e-01 1.181914975109999943e+02 8.228596129919999669e+00 6.303018422880000315e+01
4.987341202250000216e-01 -1.786340317579999948e-01 -4.251798331280000065e-01 1.178637314329999981e+02 8.922166397559999851e+00 6.186327153389999722e+01
4.957721092779999728e-01 -1.768478854820000057e-01 -4.307827208880000147e-01 1.182980563320000016e+02 1.072901606809999997e+01 6.000843395220000076e+01
4.887984691610000043e-01 -1.810999376300000130e-01 -4.380101965070000158e-01 1.199751679790000054e+02 8.165801781260000780e+00 5.778096804380000151e+01
4.989038674879999746e-01 -1.763458543989999960e-01 -4.206688143439999972e-01 1.173521503230000036e+02 1.074181815180000044e+01 6.317126179390000118e+01
5.084703007559999710e-01 -1.775354530540000086e-01 -4.174623073209999813e-01 1.165454169909999962e+02 8.922784262389999554e+00 6.379572545549999774e+01
4.993796336279999748e-01 -1.768237659100000136e-01 -4.183631932260000186e-01 1.173210669749999937e+02 1.110839888209999948e+01 6.378294481009999828e+01
5.066220318849999904e-01 -1.767840052640000104e-01 -4.178523250169999814e-01 1.164654756230000032e+02 9.860333662580000436e+00 6.393653363909999854e+01
4.840559011150000202e-01 -1.809583629210000100e-01 -4.399601694770000071e-01 1.204730296129999942e+02 8.503549320210000317e+00 5.728582713339999799e+01
4.966810346780000107e-01 -1.792520525459999903e-01 -4.301169706210000165e-01 1.183113972320000045e+02 9.255438354269999834e+00 6.006148090930000194e+01
4.972102168440000192e-01 -1.771377834650000038e-01 -4.239106532670000038e-01 1.180504426619999947e+02 9.197189753820000035e+00 6.244440512309999747e+01
4.881191255369999871e-01 -1.793471262690000123e-01 -4.283043855449999993e-01 1.194750926789999994e+02 1.003017977969999919e+01 6.095812067039999960e+01
5.009606611079999716e-01 -1.765905324579999935e-01 -4.098052109909999796e-01 1.169806832000000014e+02 1.034825756929999940e+01 6.665273816510000415e+01
4.965233774360000019e-01 -1.778136708770000074e-01 -4.277945457530000217e-01 1.182432265650000005e+02 8.490967181829999433e+00 6.116722780700000328e+01
4.949633165899999798e-01 -1.785145272479999878e-01 -4.348538101800000222e-01 1.186472760940000057e+02 8.647830499310000363e+00 5.885801240039999982e+01
4.940691056739999754e-01 -1.804952882699999983e-01 -4.294596977199999777e-01 1.188235152449999958e+02 9.945233288209999856e+00 6.025744916419999697e+01
5.063100561710000003e-01 -1.773633408370000053e-01 -4.181670160739999753e-01 1.167572222080000017e+02 8.550940222490000409e+00 6.383576314889999992e+01
4.992248537199999725e-01 -1.759993183470000000e-01 -4.176098767720000104e-01 1.174496365760000032e+02 1.089727649069999948e+01 6.399628998890000275e+01
4.918897723199999739e-01 -1.780925461700000045e-01 -4.289894273359999843e-01 1.189957520709999983e+02 1.012363218059999959e+01 6.058960202429999953e+01
5.030076585939999845e-01 -1.791843583299999876e-01 -4.184213434869999970e-01 1.172821672769999992e+02 9.362886943710000409e+00 6.355635064239999821e+01
4.961242274379999984e-01 -1.807884246960000107e-01 -4.304990944009999820e-01 1.187843823550000053e+02 7.656948313090000013e+00 6.008084748579999967e+01
5.036788232219999717e-01 -1.771675650200000007e-01 -4.182952212689999838e-01 1.168573301830000020e+02 1.041484181619999916e+01 6.382799686620000301e+01
5.076801002530000329e-01 -1.768487754489999897e-01 -4.180795179549999796e-01 1.164423339650000031e+02 9.832479167940000764e+00 6.374190210439999760e+01
5.124836484500000511e-01 -1.749408009900000061e-01 -4.154093071139999815e-01 1.155076654650000023e+02 9.655164128770000076e+00 6.451751869500000680e+01
4.898255960089999972e-01 -1.792019765969999900e-01 -4.331331262070000077e-01 1.195194761759999977e+02 8.692129736649999217e+00 5.942452252399999679e+01
5.043270988850000469e-01 -1.759867933400000028e-01 -4.150563267869999962e-01 1.164943602419999991e+02 9.804973772449999458e+00 6.518199322639999593e+01
4.978958625750000144e-01 -1.779028639309999937e-01 -4.274198760089999993e-01 1.180038006669999930e+02 9.628105472490000594e+00 6.116860709190000023e+01
4.899552387400000208e-01 -1.812632226389999934e-01 -4.306232108240000134e-01 1.195377413049999973e+02 8.911409529720000222e+00 6.003831816000000288e+01
4.956810378889999757e-01 -1.766657373509999962e-01 -4.294473272400000097e-01 1.181850784650000037e+02 1.110845887730000037e+01 6.042640994639999974e+01
4.995479324329999971e-01 -1.798083083329999887e-01 -4.379001439929999795e-01 1.183066638939999962e+02 7.613185498570000043e+00 5.761293427670000256e+01
5.091270307470000533e-01 -1.794776054170000024e-01 -4.316675564099999862e-01 1.169960886209999984e+02 6.842273032459999627e+00 5.928138114000000058e+01
5.094225926919999647e-01 -1.782383936280000081e-01 -4.154484115879999995e-01 1.162606278229999930e+02 8.507540490200000249e+00 6.452191786660000616e+01
4.956996875179999762e-01 -1.785426916939999997e-01 -4.248403020090000259e-01 1.183712727390000055e+02 8.710516706330000858e+00 6.207120081899999775e+01
4.908185179969999923e-01 -1.796141286329999975e-01 -4.335239481540000273e-01 1.193245805859999962e+02 8.109260832109999484e+00 5.944786552960000137e+01
5.028234560859999869e-01 -1.767465422879999914e-01 -4.174153161090000119e-01 1.168292618090000019e+02 1.033013432509999951e+01 6.416979474830000640e+01
4.938443566160000131e-01 -1.772511717960000011e-01 -4.235668028469999902e-01 1.185424385419999993e+02 1.000353381080000048e+01 6.258522390169999738e+01
4.875116250679999985e-01 -1.798506285099999991e-01 -4.394705297100000019e-01 1.200257211509999991e+02 7.784144083740000220e+00 5.747034367229999674e+01
5.077455257940000077e-01 -1.765140645309999923e-01 -4.113603343009999969e-01 1.159648483980000009e+02 1.092957714169999939e+01 6.592047488309999892e+01
4.911241208830000038e-01 -1.802085855199999920e-01 -4.300991235650000188e-01 1.189748312389999967e+02 8.989300756209999577e+00 6.049886052920000168e+01
4.934596554449999783e-01 -1.781572155810000058e-01 -4.198990293259999840e-01 1.184550385980000016e+02 9.717210856030000343e+00 6.363766933739999843e+01
4.990204080669999875e-01 -1.775774481780000025e-01 -4.303550095550000010e-01 1.179540011109999966e+02 8.503139081849999670e+00 6.030204619629999740e+01
5.003444999880000132e-01 -1.797726752580000031e-01 -4.221409009389999745e-01 1.178411255460000007e+02 8.430611948070000139e+00 6.253408210029999736e+01
5.080377410649999925e-01 -1.757363731690000097e-01 -4.207474697060000213e-01 1.164959004109999938e+02 9.483356176199999155e+00 6.295944403229999864e+01
5.016630725620000453e-01 -1.757829388259999903e-01 -4.127090397009999800e-01 1.168806320749999941e+02 1.141433394939999957e+01 6.563443456129999731e+01
4.835598826829999863e-01 -1.805385203319999909e-01 -4.332980800380000219e-01 1.203458281080000063e+02 8.765574100869999441e+00 5.961006695569999891e+01
5.030938373859999979e-01 -1.795360414290000095e-01 -4.398657877630000046e-01 1.181756245020000051e+02 7.762126594309999739e+00 5.641241315820000324e+01
5.008847527019999468e-01 -1.798683642330000110e-01 -4.236124298060000015e-01 1.177340876739999942e+02 7.745335586680000439e+00 6.223808704950000248e+01
4.940043141229999990e-01 -1.804210456929999928e-01 -4.306397354309999814e-01 1.190379047630000002e+02 8.427285058249999850e+00 5.988757039749999933e+01
4.988569717219999977e-01 -1.770299258920000063e-01 -4.163602993200000157e-01 1.174687405269999942e+02 1.023123403580000002e+01 6.449842900170000348e+01
4.999581906309999990e-01 -1.775858506670000003e-01 -4.199656291239999839e-01 1.174739861179999991e+02 1.016463907159999991e+01 6.322568825249999946e+01
4.872835474139999845e-01 -1.790525503139999974e-01 -4.296790586600000017e-01 1.197586743030000065e+02 9.977111631679999704e+00 6.047388807259999766e+01
5.021491309040000406e-01 -1.765104848780000013e-01 -4.255438521079999981e-01 1.172636314209999995e+02 9.752864317449999376e+00 6.174825667759999703e+01
4.964126357070000051e-01 -1.786486524539999954e-01 -4.337353491020000118e-01 1.184787919430000045e+02 8.711489911019999255e+00 5.919692505340000110e+01
4.812167144150000242e-01 -1.791622129790000073e-01 -4.251541433980000062e-01 1.201248192799999970e+02 1.008308021480000072e+01 6.244690731989999932e+01
5.112248778869999954e-01 -1.741927651980000047e-01 -4.121944102880000238e-01 1.153701130070000005e+02 1.084564227429999939e+01 6.568407263260000661e+01
4.951723524039999824e-01 -1.797501624339999937e-01 -4.265984980459999742e-01 1.185198092650000063e+02 8.226535348789999702e+00 6.153278850790000121e+01
5.032339430710000006e-01 -1.778254555369999934e-01 -4.269648461389999872e-01 1.174677283700000032e+02 9.303690142040000666e+00 6.089075081139999668e+01
4.887448956870000250e-01 -1.813247372859999873e-01 -4.384448149940000095e-01 1.197691720309999965e+02 9.115775240370000532e+00 5.730515343950000329e+01
5.032654593690000233e-01 -1.768975563240000048e-01 -4.196833690089999958e-01 1.171386529229999951e+02 9.604671574770000220e+00 6.328007626539999819e+01
4.957725494499999885e-01 -1.773419117839999948e-01 -4.253661606870000056e-01 1.178941364460000045e+02 1.113876720340000048e+01 6.189316646040000336e+01
5.010633527479999572e-01 -1.768904194039999933e-01 -4.266247460140000225e-01 1.175451396440000025e+02 9.344026215299999549e+00 6.126164929520000157e+01
4.898033283489999778e-01 -1.793584627310000068e-01 -4.335343551970000098e-01 1.191471033400000010e+02 9.281744001579999903e+00 5.952384007989999759e+01
4.902170305749999901e-01 -1.780618091710000073e-01 -4.234461474399999759e-01 1.187964204879999954e+02 1.124931663299999940e+01 6.262925439269999828e+01
4.810045642390000098e-01 -1.801287666620000061e-01 -4.387974678520000227e-01 1.207708910869999954e+02 9.434582338309999372e+00 5.768179858069999710e+01
4.821365030640000215e-01 -1.822444510660000128e-01 -4.399681959880000215e-01 1.206686271909999988e+02 9.834992351160000368e+00 5.689665621609999846e+01
4.951788764739999960e-01 -1.796589877560000048e-01 -4.304908175220000244e-01 1.187827448409999960e+02 9.416630845689999418e+00 6.006162561339999684e+01
4.909340988729999911e-01 -1.806829957140000109e-01 -4.351533266390000265e-01 1.192391089909999948e+02 8.989191254390000552e+00 5.859221983759999830e+01
4.973943314459999820e-01 -1.782834802780000061e-01 -4.308016013279999945e-01 1.182069973729999930e+02 9.222578149149999405e+00 6.010240241729999866e+01
4.975641322400000122e-01 -1.790329741829999877e-01 -4.289823930300000199e-01 1.182594500729999965e+02 9.605007838229999706e+00 6.045542829379999716e+01
5.086259129250000344e-01 -1.796343554319999869e-01 -4.277176074099999781e-01 1.169442093130000018e+02 6.609110263189999834e+00 6.066180766739999797e+01
5.111225717520000433e-01 -1.776093588759999897e-01 -4.248534335529999817e-01 1.162370502320000014e+02 7.185677425569999777e+00 6.164852575919999822e+01
5.007215883979999616e-01 -1.784828387669999961e-01 -4.241171898100000170e-01 1.174933815950000024e+02 9.154628211660000403e+00 6.206098350919999973e+01
5.067968065390000554e-01 -1.758012041110000034e-01 -4.158312026670000217e-01 1.165163687809999971e+02 1.024562204659999942e+01 6.437636631120000175e+01
4.908556782199999802e-01 -1.788191384349999968e-01 -4.255417331570000017e-01 1.188564957650000053e+02 1.121665673500000082e+01 6.181872548260000144e+01
4.938088795219999771e-01 -1.778711048399999883e-01 -4.243592736580000246e-01 1.184997620139999981e+02 9.746339332199999816e+00 6.238205696650000220e+01
4.998970236899999975e-01 -1.767504550429999932e-01 -4.251243533640000072e-01 1.173191895340000031e+02 1.062619505960000055e+01 6.180575920950000324e+01
5.043869380879999476e-01 -1.786399614109999978e-01 -4.264967114409999871e-01 1.171412224219999985e+02 8.394826615579999540e+00 6.133259182340000137e+01
4.938689712220000194e-01 -1.808879176609999861e-01 -4.384942133749999971e-01 1.190584051689999967e+02 8.717516904660000066e+00 5.729438754550000112e+01
5.038229475709999905e-01 -1.757733014310000064e-01 -4.154242848370000019e-01 1.165948333259999998e+02 1.054083042659999947e+01 6.474377635509999607e+01
5.065801060919999932e-01 -1.753402564750000114e-01 -4.185021716219999854e-01 1.162964593479999991e+02 1.037598851369999942e+01 6.378242500620000044e+01
4.880910843260000131e-01 -1.802357804180000078e-01 -4.340235778320000182e-01 1.198205347720000020e+02 8.936411409459999788e+00 5.905501005160000005e+01
5.028882919129999962e-01 -1.764432990710000093e-01 -4.322151887640000023e-01 1.173960626289999993e+02 9.290528390589999574e+00 5.940381094720000021e+01
4.909702135810000145e-01 -1.790883011319999996e-01 -4.319347343330000033e-01 1.191545147100000008e+02 9.524377262150000689e+00 5.988394255130000232e+01
4.806759959599999910e-01 -1.823386279839999957e-01 -4.455697591860000029e-01 1.211429879869999979e+02 7.743528994860000125e+00 5.521785423659999736e+01
4.965270796490000027e-01 -1.772299154489999917e-01 -4.285928633230000062e-01 1.183761385869999998e+02 9.388082583790000157e+00 6.074024294939999891e+01
4.794173817599999832e-01 -1.818230385680000005e-01 -4.396453498389999992e-01 1.208446450819999995e+02 9.807992355950000629e+00 5.722343472800000086e+01
4.966541465359999852e-01 -1.766351463409999989e-01 -4.244782714390000211e-01 1.175689855570000049e+02 1.052537737129999940e+01 6.233301733039999704e+01
4.961766560020000050e-01 -1.770459544959999965e-01 -4.323850599799999861e-01 1.184260782919999997e+02 9.770703588719999999e+00 5.964059582050000330e+01
5.062477895160000241e-01 -1.765227292029999950e-01 -4.182626091070000274e-01 1.166111943319999966e+02 9.744713161299999982e+00 6.393516446590000157e+01
5.147512413589999669e-01 -1.766371002790000089e-01 -4.200860373620000088e-01 1.154951960319999955e+02 9.669464693880000183e+00 6.281137246379999794e+01
5.012366035199999903e-01 -1.755981321579999921e-01 -4.245170867390000158e-01 1.172798859210000018e+02 9.616461892729999406e+00 6.203710288509999771e+01
4.946254835619999790e-01 -1.782460037910000017e-01 -4.296342332620000093e-01 1.187036758999999932e+02 9.121570079439999645e+00 6.035054080889999994e+01
5.087637115390000186e-01 -1.766715907510000017e-01 -4.149527629070000057e-01 1.161185633650000000e+02 8.568640047340000621e+00 6.502884975579999605e+01
5.045995669739999911e-01 -1.776112093749999954e-01 -4.206848968690000135e-01 1.168992922310000040e+02 9.380503838770000158e+00 6.294200807320000024e+01
5.056629969529999880e-01 -1.766473260109999999e-01 -4.236451683349999886e-01 1.168442483909999936e+02 9.839113709319999401e+00 6.201627561760000162e+01
5.161213777340000197e-01 -1.760857883720000072e-01 -4.113648036590000223e-01 1.149801444520000047e+02 9.070239178530000501e+00 6.561772531920000517e+01
5.011298343890000506e-01 -1.763198943020000131e-01 -4.218221100990000028e-01 1.171176963019999988e+02 1.058501927580000057e+01 6.297286641320000200e+01
4.932109543509999861e-01 -1.783444743779999953e-01 -4.190892171419999812e-01 1.184402217930000063e+02 1.056853697979999929e+01 6.388913202949999715e+01
4.931480141440000020e-01 -1.810207390319999998e-01 -4.369098592369999867e-01 1.192703476479999978e+02 8.080464124449999730e+00 5.789912861170000014e+01
4.912391401219999842e-01 -1.785369835020000073e-01 -4.293776838750000269e-01 1.191206092350000034e+02 9.829889362399999442e+00 6.066697892549999693e+01
4.996255132069999938e-01 -1.787898992730000136e-01 -4.266676198430000011e-01 1.179436071960000021e+02 9.277096057890000580e+00 6.094879496240000094e+01
5.140671959110000300e-01 -1.754861807720000111e-01 -4.124295202150000117e-01 1.153589915019999950e+02 8.768217197709999411e+00 6.548185069589999330e+01
5.053573636649999479e-01 -1.779605164370000048e-01 -4.267489570749999905e-01 1.170176443320000033e+02 9.194303245720000461e+00 6.095382393050000047e+01
4.945213158319999858e-01 -1.775853640639999953e-01 -4.290817432440000023e-01 1.183810525210000009e+02 9.746486814549999877e+00 6.090886340950000033e+01
4.968929579479999803e-01 -1.780093978910000097e-01 -4.244046977279999910e-01 1.178225351119999971e+02 1.055361831449999954e+01 6.206519714329999715e+01
4.981062970599999806e-01 -1.787830791810000042e-01 -4.234037854409999913e-01 1.178773158759999973e+02 9.592348572000000573e+00 6.230129216369999767e+01
4.961702006290000244e-01 -1.779794638019999986e-01 -4.241365247500000213e-01 1.183786948740000042e+02 9.675468653119999374e+00 6.212713911689999691e+01
4.985585278829999800e-01 -1.786513095149999952e-01 -4.246267712219999879e-01 1.180256087850000029e+02 9.478180424530000536e+00 6.177106888680000196e+01
4.822945477510000023e-01 -1.812514783799999973e-01 -4.389352379520000125e-01 1.206115338420000000e+02 8.251585661069999134e+00 5.774280632440000005e+01
5.004349976130000321e-01 -1.765050889410000046e-01 -4.143162150270000010e-01 1.172286527410000048e+02 1.049510604299999983e+01 6.516893883080000194e+01
5.005807115629999915e-01 -1.790078882080000100e-01 -4.349140500270000098e-01 1.181109967090000055e+02 8.517492448300000518e+00 5.842428586690000003e+01
4.984051563940000151e-01 -1.777795585939999923e-01 -4.200089225479999855e-01 1.175357988180000035e+02 9.938915338090000162e+00 6.343701325100000332e+01
4.879425702840000101e-01 -1.807571367989999900e-01 -4.390047980549999784e-01 1.200775961079999945e+02 7.483011242379999928e+00 5.740433758839999712e+01
5.001393390039999831e-01 -1.803257674929999999e-01 -4.267434600930000155e-01 1.179460077149999933e+02 8.069338657230000322e+00 6.124298569780000179e+01
5.077311099139999451e-01 -1.752507586679999951e-01 -4.082881671429999804e-01 1.158278625850000054e+02 1.099018826350000033e+01 6.693480112400000337e+01
5.128457049950000401e-01 -1.769810203440000118e-01 -4.186910555989999949e-01 1.157208709100000021e+02 8.922000532080000212e+00 6.348459957389999886e+01
5.051762730359999898e-01 -1.779008474100000070e-01 -4.304827864329999754e-01 1.170641915799999992e+02 9.180035788239999661e+00 5.995977935260000180e+01
4.888431507820000244e-01 -1.779857978540000107e-01 -4.354893286220000159e-01 1.194905677450000070e+02 9.256056333789999258e+00 5.879078768530000332e+01
4.949585721909999791e-01 -1.777124501829999981e-01 -4.252517958200000003e-01 1.184040621729999998e+02 1.005496003260000037e+01 6.202850034200000096e+01
4.968845371189999915e-01 -1.796508549749999961e-01 -4.328356987850000004e-01 1.183965123410000047e+02 9.049428394279999566e+00 5.937347431479999926e+01
4.967778607910000033e-01 -1.775326150900000122e-01 -4.363959821400000272e-01 1.184129366410000017e+02 9.503852774820000349e+00 5.818367808149999831e+01
5.064513082349999529e-01 -1.750381931620000053e-01 -4.132136858759999920e-01 1.163428458350000056e+02 1.066508538919999971e+01 6.540351510489999498e+01
5.142147165110000362e-01 -1.754827049119999927e-01 -4.140979479540000119e-01 1.152001022470000038e+02 1.040132576200000081e+01 6.487306312469999625e+01
5.106435211919999606e-01 -1.742623595949999993e-01 -4.117840818849999862e-01 1.153748520059999976e+02 1.158170363169999995e+01 6.565835341070000197e+01
4.976021877460000131e-01 -1.787642793789999962e-01 -4.326987329120000059e-01 1.184201894220000071e+02 8.841324778980000687e+00 5.941227283269999759e+01
5.039989116859999729e-01 -1.750575815319999895e-01 -4.163563590759999933e-01 1.165635883049999961e+02 1.089024066099999999e+01 6.460738988890000201e+01
4.953925813389999933e-01 -1.781868124800000119e-01 -4.272320626500000218e-01 1.183750089260000067e+02 1.051738643520000061e+01 6.119202703069999671e+01
4.918392554730000032e-01 -1.780942187339999982e-01 -4.312091752289999858e-01 1.189677341889999980e+02 1.032294480470000053e+01 6.005418189560000286e+01
5.008620599409999707e-01 -1.783506340469999951e-01 -4.280439287700000262e-01 1.178809156089999988e+02 8.688386261419999812e+00 6.072014187980000344e+01
4.944438908370000219e-01 -1.792173038469999924e-01 -4.322493068959999962e-01 1.187886271579999971e+02 8.085781280650000014e+00 5.969116341390000002e+01
5.007574346099999962e-01 -1.773398063540000125e-01 -4.214588219340000275e-01 1.175025157700000022e+02 1.001988590180000038e+01 6.282943305810000112e+01
4.981051434989999804e-01 -1.790613534240000082e-01 -4.343148716160000200e-01 1.184694277730000067e+02 8.523956933510000056e+00 5.873036993150000029e+01
4.876205867319999832e-01 -1.777278069019999907e-01 -4.294126640379999915e-01 1.193531351970000003e+02 1.056121190870000071e+01 6.070633089060000032e+01
5.045804958859999578e-01 -1.761744868360000105e-01 -4.156967212250000099e-01 1.167239567400000055e+02 9.318377752680000015e+00 6.488800139699999647e+01
4.998223702199999785e-01 -1.768655972179999925e-01 -4.193646021429999760e-01 1.171081959699999970e+02 1.037185810339999925e+01 6.380084505069999778e+01
5.033062361169999832e-01 -1.802471190580000049e-01 -4.302267782609999758e-01 1.177911789369999980e+02 7.884268297760000266e+00 5.975266789009999968e+01
4.941751770999999738e-01 -1.781047933019999918e-01 -4.286872276429999906e-01 1.184443536149999971e+02 1.060081790319999939e+01 6.082586925540000067e+01
5.003771057400000499e-01 -1.782503661800000083e-01 -4.259615546189999824e-01 1.177513786330000016e+02 8.975933335220000586e+00 6.142846747059999757e+01
5.020072517760000297e-01 -1.786593381740000097e-01 -4.232706850380000274e-01 1.175664721159999999e+02 8.402281881200000413e+00 6.230789686530000182e+01
4.826582781370000186e-01 -1.795285312619999962e-01 -4.376897010399999899e-01 1.203663979389999952e+02 9.052916282649999147e+00 5.810616008920000297e+01
5.032476446729999831e-01 -1.759465062739999919e-01 -4.267487080690000045e-01 1.172349546669999967e+02 9.647073743780000044e+00 6.118054106070000131e+01
4.893353848940000250e-01 -1.785041163430000077e-01 -4.237857220469999908e-01 1.192568949319999945e+02 1.020244597299999967e+01 6.238389198130000324e+01
4.926296066829999876e-01 -1.788915011120000009e-01 -4.351482636769999912e-01 1.189112990769999953e+02 8.871526316860000705e+00 5.892366614299999839e+01
5.051903259129999491e-01 -1.774946328900000037e-01 -4.184577009079999965e-01 1.167817582870000024e+02 9.885324213649999692e+00 6.359870976429999700e+01
5.154760288880000374e-01 -1.744095653259999934e-01 -4.154298446699999925e-01 1.150281319940000060e+02 1.062395745140000081e+01 6.438625583190000157e+01
5.072285667600000547e-01 -1.769009194160000020e-01 -4.167414274510000127e-01 1.165598815940000037e+02 9.648010258079999346e+00 6.408394858949999673e+01
4.864622084469999996e-01 -1.790631489919999875e-01 -4.331823996170000024e-01 1.196344556779999948e+02 1.069395639230000050e+01 5.933874842579999864e+01
4.770442986980000244e-01 -1.827706927649999924e-01 -4.439052082359999929e-01 1.215329489030000047e+02 8.550565903680000801e+00 5.588262902270000154e+01
4.897182500660000048e-01 -1.819592546440000069e-01 -4.360029144579999905e-01 1.196616409599999997e+02 8.086857899629999125e+00 5.847606704630000252e+01
5.064088410599999479e-01 -1.767256349970000029e-01 -4.252102306939999909e-01 1.168500642009999950e+02 8.334638396960000861e+00 6.172076120860000259e+01
5.098820760850000244e-01 -1.777704904169999933e-01 -4.261615624399999747e-01 1.164766029040000035e+02 8.082213372860000078e+00 6.109832902630000007e+01
5.023405699490000043e-01 -1.781563254909999949e-01 -4.251075260150000146e-01 1.175392328909999975e+02 8.938882024039999763e+00 6.164709492869999963e+01
5.011006837179999840e-01 -1.758586399869999928e-01 -4.145261200520000133e-01 1.168742059350000062e+02 1.060632864599999969e+01 6.524554786080000213e+01
4.929865437290000263e-01 -1.779822388289999946e-01 -4.144936890359999793e-01 1.183343298209999972e+02 1.028748292849999935e+01 6.540627338660000589e+01
5.099843996420000414e-01 -1.754089026210000068e-01 -4.244462896369999849e-01 1.160645718140000042e+02 9.256052820989999930e+00 6.184224431509999675e+01
4.994460527919999948e-01 -1.793233358640000108e-01 -4.337197145900000272e-01 1.183535591090000025e+02 8.166219930569999619e+00 5.877367985629999936e+01
5.151545034140000423e-01 -1.778587702019999994e-01 -4.207594340129999777e-01 1.156143442340000007e+02 8.915567628990000770e+00 6.251487417820000303e+01
5.076241773570000504e-01 -1.757522393439999997e-01 -4.110909034479999780e-01 1.160155363679999994e+02 1.055706897740000016e+01 6.622578937260000487e+01
5.096616363570000141e-01 -1.788136755620000073e-01 -4.359736829870000108e-01 1.171237412260000070e+02 7.643190730299999736e+00 5.761361338670000265e+01
4.989626698990000109e-01 -1.774066310430000015e-01 -4.174962533850000157e-01 1.175565088230000015e+02 1.059168203019999943e+01 6.421415370210000617e+01
5.102294761760000075e-01 -1.764869637860000118e-01 -4.178834035960000137e-01 1.160120465250000024e+02 9.553291869700000660e+00 6.381333914620000058e+01
4.966953696079999814e-01 -1.775419680160000013e-01 -4.215651397219999930e-01 1.179427432709999977e+02 9.514803371410000210e+00 6.313310418159999671e+01
4.903231067609999938e-01 -1.799609918960000110e-01 -4.320590339640000277e-01 1.191496485710000002e+02 9.132323154259999853e+00 5.981655299389999669e+01
4.959713290680000108e-01 -1.785649831089999862e-01 -4.301190196140000088e-01 1.186567805699999951e+02 9.620900399139999948e+00 6.001118119849999744e+01
4.981713448210000061e-01 -1.771738276890000019e-01 -4.251570921400000258e-01 1.176953686720000007e+02 9.758732224130000077e+00 6.193703176519999687e+01
5.008067168590000229e-01 -1.775682718419999973e-01 -4.187157355619999799e-01 1.173740180079999931e+02 9.820131341150000637e+00 6.362870181390000113e+01
4.965027783509999848e-01 -1.777493088219999906e-01 -4.243975156900000045e-01 1.181230543300000022e+02 1.042047470249999996e+01 6.212644385330000318e+01
4.946761956869999977e-01 -1.785904007949999928e-01 -4.185571834080000220e-01 1.183329530339999991e+02 9.207861336640000616e+00 6.404719707399999606e+01
4.948778194749999804e-01 -1.771534249969999864e-01 -4.226253383110000206e-01 1.183360676799999993e+02 1.035472092810000078e+01 6.274878486090000251e+01
4.996114275099999835e-01 -1.762651130460000104e-01 -4.211495257260000069e-01 1.172225829070000032e+02 1.123143354069999944e+01 6.306398320150000103e+01
4.922569493430000165e-01 -1.806528354880000131e-01 -4.295014653729999909e-01 1.190109123729999965e+02 8.985225468610000377e+00 6.043504134209999989e+01
5.021393390189999861e-01 -1.776212241619999910e-01 -4.237161611620000046e-01 1.175379212200000012e+02 9.551272235809999955e+00 6.197987455850000060e+01
4.946397622479999923e-01 -1.792525909990000110e-01 -4.414810553729999754e-01 1.190941337950000047e+02 8.655042314610000176e+00 5.641447521159999923e+01
5.050386583899999504e-01 -1.778883632469999976e-01 -4.309826541980000258e-01 1.174427690309999974e+02 8.630677478000000846e+00 5.956791535410000193e+01
5.036310937269999899e-01 -1.772682643830000015e-01 -4.214363336260000259e-01 1.169630189570000027e+02 9.510857747819999375e+00 6.286369390320000150e+01
4.869495135760000259e-01 -1.796522935390000020e-01 -4.317210670239999826e-01 1.196349775209999962e+02 1.012614875939999948e+01 5.998906669280000159e+01
4.975610164989999751e-01 -1.797878604039999939e-01 -4.270630134739999972e-01 1.180617356599999965e+02 9.747958521410000188e+00 6.110583653780000191e+01
4.982386120830000209e-01 -1.790354386849999924e-01 -4.237620220209999955e-01 1.179074336380000005e+02 9.749917150399999954e+00 6.214132110029999723e+01
4.956130536380000118e-01 -1.780591278370000086e-01 -4.265121019520000112e-01 1.183661510459999988e+02 9.039128044979999999e+00 6.157797559650000352e+01
4.857813886219999877e-01 -1.799502872319999891e-01 -4.309634174970000120e-01 1.200332836329999964e+02 8.853026490519999570e+00 6.026420993220000355e+01
4.825806147410000024e-01 -1.812867297440000081e-01 -4.433403150019999961e-01 1.207600495920000014e+02 8.794565833209999184e+00 5.585072723740000100e+01
5.008687505590000422e-01 -1.799104857130000013e-01 -4.233690431759999928e-01 1.177188599480000022e+02 7.419065597140000357e+00 6.237244896459999666e+01
4.869144506749999990e-01 -1.807843923249999873e-01 -4.340728440969999768e-01 1.198350240209999953e+02 9.962136510829999736e+00 5.888640760850000078e+01
4.893528504929999801e-01 -1.816188693949999933e-01 -4.316756646480000015e-01 1.196644285859999997e+02 8.214387187459999851e+00 5.989817334220000333e+01
5.024106902749999604e-01 -1.792009636659999960e-01 -4.346583926989999735e-01 1.180149054219999982e+02 7.787098555070000039e+00 5.832384646679999918e+01
5.005912608920000118e-01 -1.772294516069999881e-01 -4.256124155620000238e-01 1.177121686600000032e+02 9.161190508529999832e+00 6.166386778089999865e+01
4.955171374139999974e-01 -1.777362525279999883e-01 -4.277749940980000165e-01 1.185168580290000051e+02 9.052436030770000031e+00 6.096112202540000169e+01
5.087114163820000146e-01 -1.776580713760000096e-01 -4.206783806830000083e-01 1.163502636719999970e+02 8.595224585320000443e+00 6.303324371770000312e+01
5.112499899569999950e-01 -1.758619326499999969e-01 -4.057130609230000240e-01 1.153410190099999966e+02 9.243935378890000720e+00 6.770565037549999943e+01
5.120968464449999757e-01 -1.755220154129999988e-01 -4.147703433209999901e-01 1.156983837979999947e+02 9.284184317750000304e+00 6.468390466409999817e+01
5.047076719349999907e-01 -1.787814547959999945e-01 -4.325579260479999744e-01 1.173929652669999939e+02 8.337747154960000628e+00 5.907801809579999741e+01
4.996531210080000229e-01 -1.779041593650000086e-01 -4.196334320740000012e-01 1.173613477899999964e+02 1.038648684940000066e+01 6.336871018819999790e+01
4.853764109629999934e-01 -1.807486099829999915e-01 -4.360336563419999756e-01 1.201685056750000058e+02 9.676329712290000273e+00 5.836179515389999750e+01
4.901993836960000239e-01 -1.813449284829999897e-01 -4.360759979830000077e-01 1.195457961829999931e+02 8.801426801099999864e+00 5.834034091560000235e+01
4.955395229380000210e-01 -1.803679227870000068e-01 -4.391511469520000266e-01 1.190389894900000058e+02 8.337822230589999606e+00 5.709701817780000255e+01
4.977068564480000012e-01 -1.787896945449999886e-01 -4.294144630569999843e-01 1.182204368510000023e+02 9.248708622769999721e+00 6.044620244650000274e+01
4.894156820000000185e-01 -1.810827832530000070e-01 -4.351816592269999728e-01 1.197772685289999970e+02 9.185765344980000080e+00 5.847643857719999971e+01
5.068650253169999509e-01 -1.788919114139999877e-01 -4.230715220829999734e-01 1.167339784710000004e+02 7.761090892650000406e+00 6.240059041600000000e+01
4.879124210990000154e-01 -1.808804447569999918e-01 -4.307561045730000093e-01 1.196500320020000032e+02 7.803367236949999786e+00 6.031397380239999961e+01
4.991472043440000061e-01 -1.765551639650000115e-01 -4.149454828870000056e-01 1.174011708540000001e+02 1.099843967049999982e+01 6.484437385939999388e+01
4.984895764680000174e-01 -1.777770827709999890e-01 -4.229012007629999736e-01 1.177574795350000016e+02 1.003430601400000022e+01 6.260081282499999844e+01
4.945582352139999971e-01 -1.783683301629999940e-01 -4.360155105190000047e-01 1.189605949750000065e+02 9.237839114399999829e+00 5.836174734480000126e+01
5.001429163630000119e-01 -1.777770693169999916e-01 -4.178428943070000012e-01 1.174304321970000018e+02 9.120805791080000446e+00 6.422301033050000285e+01
5.076946195299999465e-01 -1.779225799520000040e-01 -4.199050563100000244e-01 1.168065895860000012e+02 9.277900717690000576e+00 6.293893515959999974e+01
4.961378687790000130e-01 -1.786752390599999907e-01 -4.252740987229999825e-01 1.179656414279999979e+02 9.670124927399999848e+00 6.199614664580000323e+01
4.917262185610000169e-01 -1.801794640680000059e-01 -4.334880713570000155e-01 1.193669160219999981e+02 8.751002717400000463e+00 5.919660626520000335e+01
4.964690083839999879e-01 -1.782140235859999977e-01 -4.202157716150000111e-01 1.180161828709999980e+02 1.017982897689999966e+01 6.326668692159999807e+01
5.114646119479999697e-01 -1.754103525119999896e-01 -4.107986851089999725e-01 1.154277897430000053e+02 1.055909610860000036e+01 6.589993938739999635e+01
4.982795139060000045e-01 -1.779162265299999990e-01 -4.229540104380000165e-01 1.176098511470000005e+02 1.080708392830000086e+01 6.249125183900000025e+01
4.932801973889999747e-01 -1.777551153810000006e-01 -4.249146084350000074e-01 1.186576729349999937e+02 9.536226887819999831e+00 6.219702019809999882e+01
5.019991354220000312e-01 -1.781351574689999939e-01 -4.328473705709999786e-01 1.179838193089999976e+02 8.526313447610000651e+00 5.905125192610000084e+01
4.981300353659999791e-01 -1.772415280719999986e-01 -4.191020774950000027e-01 1.176140664480000027e+02 1.058703904719999933e+01 6.345494199019999826e+01
4.878891854910000214e-01 -1.802942230300000059e-01 -4.382783360140000140e-01 1.199709497879999986e+02 7.638782738989999821e+00 5.767471874900000017e+01
5.089894328049999750e-01 -1.755242924990000064e-01 -4.088603328020000149e-01 1.155724333299999955e+02 1.015444254119999989e+01 6.686096506949999707e+01
4.972172315849999746e-01 -1.770546785650000121e-01 -4.203304715030000138e-01 1.175320769669999947e+02 1.068143798040000014e+01 6.344814124610000050e+01
4.963993576799999863e-01 -1.764275563890000120e-01 -4.228639940919999840e-01 1.178782334349999985e+02 1.125655554129999913e+01 6.258013455969999939e+01
4.972734941599999958e-01 -1.804816574149999964e-01 -4.247934062789999743e-01 1.181253641859999988e+02 9.199417608010000080e+00 6.193879439239999840e+01
5.087405920680000415e-01 -1.761681911549999868e-01 -4.215808647550000066e-01 1.163321812800000004e+02 9.857897607090000847e+00 6.257741251889999745e+01
5.039970430629999720e-01 -1.775513251979999874e-01 -4.210295141050000023e-01 1.170772586920000009e+02 9.583030512600000606e+00 6.285849169440000139e+01
4.855205175019999819e-01 -1.795208173560000064e-01 -4.428380183119999813e-01 1.201571965610000063e+02 8.708858579630000207e+00 5.627036929909999685e+01
5.039892355709999494e-01 -1.767835427929999870e-01 -4.222294864350000232e-01 1.168758998200000008e+02 9.828112760950000748e+00 6.259843890199999805e+01
5.061165284399999909e-01 -1.782755695780000038e-01 -4.237691445199999740e-01 1.169818267440000028e+02 9.416281523549999477e+00 6.176084296150000341e+01
5.004681399970000166e-01 -1.793138388659999971e-01 -4.303175777000000091e-01 1.179740438209999951e+02 6.947852108010000194e+00 6.025102052559999777e+01
5.094824496159999772e-01 -1.759198479749999877e-01 -4.262323503709999906e-01 1.162805681170000014e+02 9.548222825650000800e+00 6.113738391759999757e+01
4.941476072789999785e-01 -1.781619431929999942e-01 -4.240043657220000095e-01 1.186781673130000030e+02 9.529102668709999335e+00 6.225184446010000272e+01
5.000538273010000090e-01 -1.805716057539999975e-01 -4.274126401850000256e-01 1.180074185790000030e+02 8.690474304780000381e+00 6.086840583219999701e+01
