-7.055495661243309954e+43
-7.055495661243309954e+43
-7.055553970322868062e+43
-7.055499956722302090e+43
-7.055546469626360531e+43
-7.055298809502206441e+43
-7.055287856157481194e+43
-7.055230092729917898e+43
-7.054906202260452216e+43
-7.054510684242163723e+43
-7.054472497445981364e+43
-7.054047982515567725e+43
-7.053799880634700285e+43
-7.053028681177245084e+43
-7.052989341338973121e+43
-7.051980536618043527e+43
-7.053520272959071679e+43
-7.060448998857684289e+43
-7.077953883497955918e+43
-7.068449072813706615e+43
-7.063207198012332510e+43
-7.064567651245141474e+43
-7.066662771771768389e+43
-7.064728446598029240e+43
-7.060558679736871940e+43
-7.057973543498775134e+43
-7.056350567254203075e+43
-7.055285912942134810e+43
-7.054737753500335458e+43
-7.055275896869045016e+43
-7.055113441370243153e+43
-7.055068166952584377e+43
-7.055290792473837570e+43
-7.055053593894019796e+43
-7.055641168555799621e+43
-7.056195163523075884e+43
-7.057304688703094511e+43
-7.058973036190252902e+43
-7.058111903109905124e+43
-7.055229285619025860e+43
-7.054082093158860124e+43
-7.054175024198450080e+43
-7.053994202272395664e+43
-7.053640522287604466e+43
-7.054296815955189012e+43
-7.054218965783652576e+43
-7.054146653829898330e+43
-7.054352404800021425e+43
-7.054266110244741521e+43
-7.054394974345552709e+43
-7.054346762112400092e+43
-7.054492322053057325e+43
-7.054501028725871504e+43
-7.054503250899262146e+43
-7.054500114070587490e+43
-7.054511137346192000e+43
-7.054486758878774336e+43
-7.054600833325006369e+43
-7.054276483834112475e+43
-7.054203413337096345e+43
-7.054518073273391792e+43
-7.054136853241201482e+43
-7.054791312349941493e+43
-7.054247011303108794e+43
-7.053867336900634650e+43
-7.054260431499388124e+43
-7.053078928373707219e+43
-7.053695178586309720e+43
-7.053595971277027786e+43
-7.052396042432119298e+43
-7.052887312291864509e+43
-7.051021160035895154e+43
-7.049994018261703801e+43
-7.051616342561071108e+43
-7.050473672152987823e+43
-7.050547329161451662e+43
-7.067093623076215989e+43
-7.083525614041676765e+43
-7.078778642469971198e+43
-7.081875283600599860e+43
-7.066457214082682416e+43
-7.056448052327648372e+43
-7.054752856574522741e+43
-7.054718353806199195e+43
-7.053233611098996493e+43
-7.054584299968851915e+43
-7.053446381393001350e+43
-7.054450795162693479e+43
-7.054730908680713408e+43
-7.055413556685650352e+43
-7.054882618765884889e+43
-7.055253724136969780e+43
-7.055347049560014415e+43
-7.055631147768099367e+43
-7.055694959611329143e+43
-7.056442780357780997e+43
-7.057123864211377672e+43
-7.057379675554064600e+43
-7.055832552044710067e+43
-7.055537212935481614e+43
