1.127719879150390625e-04
6.247901916503906250e-02
4.674574351310729980e+01
8.946459102630615234e+01
1.353049275875091553e+02
1.886189956665039062e+02
2.315954797267913818e+02
2.751589295864105225e+02
3.168896899223327637e+02
3.585603740215301514e+02
4.000951714515686035e+02
4.418791553974151611e+02
4.842975280284881592e+02
5.272615211009979248e+02
5.689938395023345947e+02
6.110804808139801025e+02
6.527998735904693604e+02
6.946866519451141357e+02
7.368304631710052490e+02
7.786524424552917480e+02
8.206167116165161133e+02
8.635652024745941162e+02
9.054588506221771240e+02
9.474568862915039062e+02
9.894170086383819580e+02
1.031133006095886230e+03
1.072810503721237183e+03
1.114771620750427246e+03
1.157042370557785034e+03
1.201084061145782471e+03
1.248194161653518677e+03
1.290212317705154419e+03
1.332215029239654541e+03
1.374122407913208008e+03
1.416118971824645996e+03
1.458952082633972168e+03
1.501136698246002197e+03
1.543695198535919189e+03
1.593687426090240479e+03
1.637239715576171875e+03
1.686585397243499756e+03
1.728853557825088501e+03
1.770848819971084595e+03
1.812599107503890991e+03
1.854437018156051636e+03
1.896016411304473877e+03
1.940078200340270996e+03
1.983755778312683105e+03
2.025749467372894287e+03
2.083155928850173950e+03
2.136049477338790894e+03
2.190428466320037842e+03
2.255422651767730713e+03
2.311448744773864746e+03
2.352534600973129272e+03
2.411463808774948120e+03
2.449400706768035889e+03
2.510040509223937988e+03
2.570143122434616089e+03
2.628494817972183228e+03
2.692852295398712158e+03
2.769145831584930420e+03
2.835659200429916382e+03
2.886460962533950806e+03
2.936023500204086304e+03
2.982528160572052002e+03
3.040273062944412231e+03
3.101044387102127075e+03
3.145339026689529419e+03
3.188558507919311523e+03
3.233092354059219360e+03
3.279110824584960938e+03
3.322689854860305786e+03
3.367013096094131470e+03
3.426696221113204956e+03
3.476390611410140991e+03
3.521461495876312256e+03
3.566288766384124756e+03
3.608301767587661743e+03
3.649932535171508789e+03
