4.711306653838200731e+01
4.711306653838200731e+01
4.575110792941592308e+01
4.912789248739145620e+01
5.644874089308314780e+01
6.652564380880461670e+01
7.844451773120864857e+01
9.166192086530837457e+01
1.058911481782502193e+02
1.209958260865602995e+02
1.369210870732533181e+02
1.536440196694408655e+02
1.711154678491677714e+02
1.891419494076068304e+02
2.070922056026829523e+02
2.233945254673610918e+02
2.360906877526360290e+02
2.451393162864251849e+02
2.523459953063122043e+02
2.591711795143957602e+02
