4.904352942376367430e+00
4.904352942376367430e+00
4.892328703319984484e+00
4.871177198353846549e+00
4.840859325669364388e+00
4.801319292618023482e+00
4.752484083293630590e+00
4.694262771110000898e+00
4.626545672901652750e+00
4.549203344204718391e+00
4.462085422134109969e+00
4.365019335307512627e+00
4.257808924152170604e+00
4.140233057692720209e+00
4.012044408866336731e+00
3.872968685533782374e+00
3.722704856868912504e+00
3.560927356374995689e+00
3.387292062510517621e+00
3.201449416908689560e+00
3.003071092309793411e+00
2.791902803476932426e+00
2.567868864552724784e+00
2.331282654057255765e+00
2.083282429804425018e+00
1.826764518896796696e+00
1.568417982467540384e+00
1.322724296186621906e+00
1.114327315778178340e+00
9.720236456297425276e-01
9.233036864988054537e-01
9.756341421969810801e-01
1.106751472045901519e+00
1.284741343514713918e+00
1.485739642148632189e+00
1.695655548871500162e+00
1.906717326734569395e+00
2.114657022447224310e+00
2.317102832100540688e+00
2.512726800509921699e+00
2.700791880034572934e+00
2.880904903493072489e+00
3.052877560873533458e+00
3.216645744475175928e+00
3.372221474983428280e+00
3.519663588599448723e+00
3.659059543694679117e+00
3.790513997675585944e+00
3.914141615381957706e+00
4.030062597142636704e+00
4.138400013127141897e+00
4.239278378374095269e+00
4.332823045268458628e+00
4.419159697628262329e+00
4.498411098583657619e+00
4.570678574832059304e+00
4.635981815389123462e+00
4.694214968305019831e+00
4.745219270010105461e+00
4.788847700285394637e+00
4.824976733669759987e+00
4.853502279870518521e+00
4.874333975910663419e+00
4.887390309335322591e+00
4.892594714532132016e+00
4.889872439263058368e+00
4.879147976928325470e+00
4.860342903532594683e+00
4.833373996671569195e+00
4.798151541654150698e+00
4.754577748949926352e+00
4.702545219769157292e+00
4.641935404404714305e+00
4.572617002071229564e+00
4.494444252014718089e+00
4.407255063982903565e+00
4.310868931879739741e+00
4.205084567584534305e+00
4.089677182470229155e+00
3.964395332211558376e+00
3.828957226594056351e+00
3.683046391922037532e+00
3.526306563570619446e+00
3.358335690255211059e+00
3.178678972399041847e+00
2.986820985865399791e+00
2.782177277397520854e+00
2.564086641504188080e+00
2.331807312325441472e+00
2.084525465366493968e+00
1.821398534716001771e+00
1.541698696459308238e+00
1.245272875113769606e+00
9.341925480752690802e-01
6.203157908317359359e-01
3.734794113505710556e-01
4.384233150298511017e-01
7.423233473098825863e-01
1.076048313429869063e+00
1.397585331151784072e+00
