2.853714112597684482e-01
2.853714112597684482e-01
1.583521640298066468e-01
2.115708337967619687e-02
-1.180568725193587021e-01
-2.442568736996511003e-01
-3.516170254472577028e-01
-4.416847025988013264e-01
-5.162762505448356132e-01
-5.765588837676195455e-01
-6.231812703842932732e-01
-6.564063907732630154e-01
-6.761773127520065430e-01
-6.821309028828188570e-01
-6.735671739311387407e-01
-6.493693011029119111e-01
-6.078588440528415182e-01
-5.465810925833336498e-01
-4.621811310023354324e-01
-3.514356293563852818e-01
-2.157765861922928685e-01
-6.478056138310908652e-02
9.009602361059265707e-02
2.405937650056831911e-01
3.813162733892312972e-01
5.085177427637249670e-01
6.193742357784465247e-01
7.116679330981288132e-01
7.837360801365451657e-01
8.346176404829853679e-01
8.642946077078232925e-01
8.735994564210968205e-01
8.637140855805524042e-01
8.357959861549144609e-01
7.908238809651484402e-01
7.295489225509388387e-01
6.524789846964342832e-01
5.598599776763579783e-01
4.516275892001936909e-01
3.272893559782985018e-01
1.856625114912127950e-01
2.473770829556863268e-02
-1.434135726882022066e-01
-2.882785039115574044e-01
-4.136315220229259126e-01
-5.218662429782909840e-01
-6.141009175768966655e-01
-6.908080635336857345e-01
-7.520774858834853305e-01
-7.977346762262195190e-01
-8.274058874950800391e-01
-8.405735994244716291e-01
-8.366596547900506664e-01
-8.151881119815829191e-01
-7.760670037355790196e-01
-7.198045932973173855e-01
-6.473751712372999290e-01
-5.599809475824512051e-01
-4.589351424978851957e-01
-3.456624719406809487e-01
-2.218189973521497715e-01
-8.963277955024667731e-02
4.713543320073283749e-02
1.801535776389015797e-01
2.901560057168203199e-01
3.667974196403616660e-01
4.192890912335193732e-01
4.542026226207563910e-01
4.750914313696939506e-01
4.840263006452494854e-01
4.823028833622043376e-01
4.707603884404741867e-01
4.499376816003445301e-01
4.201553832030214264e-01
3.815617417169994141e-01
3.341634065529878184e-01
2.778656340490884835e-01
2.125839673824476972e-01
1.386107671113906148e-01
5.752388093434824407e-02
-2.694525794691711440e-02
-1.098380543750882010e-01
-1.869610296982110453e-01
-2.555353565642426439e-01
-3.138223880502746810e-01
-3.607082548376522868e-01
-3.954866844155636718e-01
-4.177981167785821959e-01
-4.276660691199862807e-01
-4.255889427473816267e-01
-4.125748128213746480e-01
-3.899023260397713186e-01
-3.588230120149019098e-01
-3.204447290792652447e-01
-2.757284122968564621e-01
-2.255250830716415134e-01
-1.706283093253407879e-01
-1.118437524869001776e-01
-5.010056048277084645e-02
1.331468310989403041e-02
