2.803043812715255874e-16
2.803043812715255874e-16
1.456406264462969524e+01
1.448200404166432342e+01
1.749014859317489723e+01
1.895283027250729901e+01
1.763934156013818466e+01
1.625164157578925739e+01
1.447284428199067108e+01
1.344236633361686906e+01
1.297198011782516502e+01
1.284907289573202505e+01
1.351369786472466572e+01
1.271364505663852107e+01
1.028083515391411495e+01
8.807518250716915631e+00
9.342800789389560379e+00
1.004588172313466110e+01
9.881655221881311846e+00
8.710198818926903286e+00
7.480219972952795615e+00
5.983583244280743507e+00
5.258825571671381205e+00
5.582683634609953316e+00
4.619664178873853722e+00
3.349172096078562699e+00
2.813379215445526160e+00
4.760971772203386188e+00
6.773987948439835982e+00
7.872734020974036184e+00
9.232126752954163962e+00
1.042762186616915621e+01
1.063608281695616498e+01
1.055009149415136172e+01
9.880541871010352750e+00
7.799030511465734783e+00
5.813263017175341218e+00
6.831526549374464352e+00
1.191676288725828492e+01
1.523561094532798776e+01
1.432553507010952210e+01
1.256364442982332363e+01
9.878059788679102837e+00
5.939203872092831737e+00
2.373592742195130167e+00
1.638827605926750142e+00
2.849009823097333527e+00
4.840753518036919445e+00
7.336461098673409786e+00
8.741645611449897046e+00
