-4.449454477020192857e+42
-4.449454477020192857e+42
-4.446319013024890548e+42
-4.445236985234415970e+42
-4.445112397504051947e+42
-4.445059113853411832e+42
-4.444338974992205526e+42
-4.442316431858369109e+42
-4.438425126251905421e+42
-4.455343290717512924e+42
-4.446511917139578621e+42
-4.434260890580640101e+42
-4.454045790789627072e+42
-4.433778885235030712e+42
-4.453369105829819355e+42
-4.422464549419711081e+42
-4.434647399367966516e+42
-4.436954273635782197e+42
-4.428034800696053609e+42
-4.461410357752963459e+42
