4.053598145115482054e-02
4.053598145115482054e-02
1.798159505013147141e-01
3.211616796909625982e-01
4.316790208386573902e-01
5.145092022256240183e-01
5.714568922618040725e-01
6.036982838942890339e-01
6.121001069906925052e-01
5.972927002525195705e-01
5.596036087148000826e-01
4.988973430574296097e-01
4.143558221525434626e-01
3.042533953477616904e-01
1.666818443451348053e-01
6.821701780064867715e-02
1.809478233542517467e-01
2.929323603261750897e-01
3.721781650998069457e-01
4.178065392955055968e-01
4.304274792672941885e-01
4.112232524462952621e-01
3.622003398914917516e-01
2.870600388237164458e-01
1.942494721344645292e-01
1.201318690336077161e-01
1.583606325564071438e-01
2.511446553429730333e-01
3.340582450890228761e-01
3.976311232131697904e-01
4.386143375668158928e-01
4.542750184979097994e-01
4.422089713436264669e-01
4.003580380419983764e-01
3.267995383109502106e-01
2.194050702515693563e-01
7.920330848564090254e-02
1.568754926132779892e-01
3.257836967346244839e-01
4.626754503916445938e-01
5.714694072077775022e-01
6.549939542624443334e-01
7.154582694324069791e-01
7.546996212518048974e-01
7.741350574158538667e-01
7.745439207717625951e-01
7.558691392339037529e-01
7.172402790100782521e-01
6.571990126050690773e-01
5.739133871834058986e-01
4.652112728392958640e-01
3.283115688198006699e-01
1.591951151741653747e-01
7.510066630182801739e-02
2.118779626308132658e-01
3.149328069663556717e-01
3.838089830154890469e-01
4.208756523878950384e-01
4.281394299981617912e-01
4.076264994965641542e-01
3.615469711447751866e-01
2.922653654575854132e-01
2.033366737966987303e-01
1.158046802342694720e-01
1.405780086211569913e-01
2.418436616314702525e-01
3.305652152028968893e-01
3.943271173905752436e-01
4.295190217531293375e-01
4.343058821071263398e-01
4.076688739030849273e-01
3.491162721575605254e-01
2.588056853129301338e-01
1.402913809948521384e-01
8.646108486982519159e-02
1.831554652199291200e-01
2.703732470503057428e-01
3.314083283895727927e-01
3.663888526351885555e-01
3.751148732672507369e-01
3.563601475882232639e-01
3.080495214135645088e-01
2.272153357202044699e-01
1.106199884020312579e-01
9.063470477880132548e-02
1.989246619886845258e-01
2.710001521061442542e-01
3.070602493347538431e-01
3.089040716769547168e-01
2.778830355055625367e-01
2.152640295849850838e-01
1.251238870182105611e-01
8.248411801275040700e-02
1.563069212930729146e-01
2.229306773066511427e-01
2.609150635224967707e-01
2.673873229652353745e-01
2.400051622737557622e-01
1.759503928903373149e-01
7.648590793271786703e-02
