9.751981073237805386e-01
9.751981073237805386e-01
1.288612192074649876e+01
2.564496375751073032e+01
3.841627567674093768e+01
5.119114621357138617e+01
6.396797486927784604e+01
7.674642778218293415e+01
8.952651089691221387e+01
1.023083165080357730e+02
1.150919935522458104e+02
1.278777406950938484e+02
1.406657663909950031e+02
1.534560558064085001e+02
1.662483936052022955e+02
1.790425845476518987e+02
1.918384513606776238e+02
2.046358331171308009e+02
2.174345838853551243e+02
2.302345715318135149e+02
2.430356766205160852e+02
2.558377913834315223e+02
2.686408187510008929e+02
2.814446714388814144e+02
2.942492710900059478e+02
3.070545474719908725e+02
3.198604377298993882e+02
3.326668856939505190e+02
3.454738412412094135e+02
3.582812597097728826e+02
3.710891013635133504e+02
3.838973309051055480e+02
3.967059170348193220e+02
4.095148320524267547e+02
4.223240514995089256e+02
4.351335538394647529e+02
4.479433201725906315e+02
4.607533339837162885e+02
4.735635809200266522e+02
4.863740485968849043e+02
4.991847264296544040e+02
5.119956054897475042e+02
5.248066783833369300e+02
5.376179391514172039e+02
5.504293831901360363e+02
5.632410071905813993e+02
5.760528090974679571e+02
5.888647880864506305e+02
6.016769445600838253e+02
6.144892801627618155e+02
