3.199577331542968750e-04
5.761218070983886719e-02
2.553611993789672852e+00
5.017617464065551758e+00
7.509243011474609375e+00
9.967632055282592773e+00
1.238292384147644043e+01
1.479100394248962402e+01
1.717589688301086426e+01
1.959096932411193848e+01
2.202789330482482910e+01
2.445259404182434082e+01
2.681051492691040039e+01
2.916115212440490723e+01
3.159941983222961426e+01
3.399698257446289062e+01
3.639692521095275879e+01
3.879490756988525391e+01
4.120395541191101074e+01
4.360957765579223633e+01
4.600792241096496582e+01
4.843115353584289551e+01
5.084035491943359375e+01
5.325409293174743652e+01
5.563046646118164062e+01
5.806099748611450195e+01
6.043628787994384766e+01
6.287429904937744141e+01
6.522708487510681152e+01
6.765303301811218262e+01
7.000580310821533203e+01
7.242501497268676758e+01
7.483308124542236328e+01
7.722708678245544434e+01
7.966042351722717285e+01
8.208138537406921387e+01
8.450664472579956055e+01
8.699163484573364258e+01
8.938003301620483398e+01
9.177734255790710449e+01
9.418587183952331543e+01
9.657600116729736328e+01
9.898071050643920898e+01
1.013794021606445312e+02
1.037375960350036621e+02
1.061685495376586914e+02
1.085604498386383057e+02
1.109902062416076660e+02
1.134417119026184082e+02
1.158084614276885986e+02
