5.161244043457747921e+01
5.161244043457747921e+01
4.859933341911990112e+01
5.562658538544302189e+01
6.968821550858172031e+01
8.744199167707759557e+01
1.071004021506867048e+02
1.277630555239776413e+02
1.490203371671834987e+02
1.706724022312425575e+02
1.925832471763829972e+02
2.146756136791893255e+02
2.368999909584399290e+02
2.592346299426926066e+02
2.816518922230623048e+02
3.041359004109480111e+02
3.266840340722379779e+02
3.492852142806983693e+02
3.719345718486118244e+02
3.946303111831381329e+02
