3.656163765117288023e+01
3.656163765117288023e+01
3.659534331651885708e+01
4.040160279973313351e+01
4.711544771394067510e+01
5.576431241517067861e+01
6.567632695474286209e+01
7.647133788175858626e+01
8.795020318880706611e+01
1.000188941461510979e+02
1.126454576788006534e+02
1.258369492999996027e+02
1.396049643469653176e+02
1.539986588951155113e+02
1.690979714666906375e+02
1.849509074006587070e+02
2.015425288332285447e+02
2.186410608385846217e+02
2.353717744284794549e+02
2.500050877454141585e+02
2.610752261594858510e+02
2.692593594198967253e+02
2.762921580322069417e+02
2.831191044547677507e+02
2.900474049381006694e+02
2.970000909683744794e+02
3.035061725943492661e+02
3.088843900719253952e+02
3.119811780362753098e+02
3.119395207763856206e+02
3.092321914279014550e+02
3.049410415718506897e+02
2.998040516573300351e+02
2.937277060253489367e+02
2.856100668238916001e+02
2.731970607452537934e+02
2.561526285751588148e+02
2.372418233488370447e+02
2.185807914607679265e+02
2.008152903505556992e+02
1.840394341620011005e+02
1.681585235656480677e+02
1.530803491233355658e+02
1.387486333173141873e+02
1.250854230083694318e+02
1.120320949824604213e+02
9.955346040932674612e+01
8.764416595952052091e+01
7.633296799348585182e+01
6.572432762443690990e+01
5.603772804864222934e+01
4.766515504359809086e+01
4.126979435219572423e+01
3.776788833589149874e+01
3.792157349141217537e+01
4.169602574565699626e+01
4.828901644948781069e+01
5.679359539582464578e+01
6.657153189267415883e+01
7.724906378766668524e+01
8.862597554468570138e+01
1.006052946643749522e+02
1.131373986718467251e+02
1.262248875588472146e+02
1.399127010939315880e+02
1.542493232878592266e+02
1.692902248973235544e+02
1.850763393286368341e+02
2.015753928036866114e+02
2.185051022386210775e+02
2.349748203182705595e+02
2.489885875284051622e+02
2.591926332685476950e+02
2.667002520082995147e+02
2.732407650700184263e+02
2.796625512784359557e+02
2.862320795760965666e+02
2.930065979160506799e+02
2.996247770157419268e+02
3.052291803059845847e+02
3.087558141081001963e+02
3.094593618562446977e+02
3.075513633744625963e+02
3.039455611505414936e+02
2.995629202413430221e+02
2.945672904029554502e+02
2.879488447838971297e+02
2.773966323681587482e+02
2.616619494164505113e+02
2.430181720645703649e+02
2.241855173508934911e+02
2.061103447436297813e+02
1.889833849626702147e+02
1.728126952412186768e+02
1.575094854244849785e+02
1.429786039919617622e+02
1.291364778944819705e+02
1.159175705398716758e+02
1.032635275886684099e+02
9.116013675599774047e+01
