7.176399230957031250e-05
6.852817535400390625e-02
4.761936664581298828e-01
8.683211803436279297e-01
1.282558679580688477e+00
1.699811935424804688e+00
2.122059822082519531e+00
2.542919158935546875e+00
2.958420753479003906e+00
3.369993209838867188e+00
3.817159414291381836e+00
4.212816238403320312e+00
4.647485971450805664e+00
5.077426195144653320e+00
5.487902164459228516e+00
5.915307521820068359e+00
6.327054500579833984e+00
6.741976022720336914e+00
7.195525169372558594e+00
7.610924720764160156e+00
8.036943197250366211e+00
8.466278314590454102e+00
8.927868366241455078e+00
9.362459182739257812e+00
9.777414560317993164e+00
1.015948534011840820e+01
1.058253765106201172e+01
1.098359513282775879e+01
1.137572336196899414e+01
1.177960419654846191e+01
1.220592832565307617e+01
1.261489629745483398e+01
1.301065897941589355e+01
1.343231081962585449e+01
1.384057068824768066e+01
1.428220009803771973e+01
1.466909480094909668e+01
1.509151792526245117e+01
1.549161386489868164e+01
1.593365025520324707e+01
1.634541845321655273e+01
1.676981425285339355e+01
1.718248486518859863e+01
1.757884573936462402e+01
1.799620342254638672e+01
1.842429757118225098e+01
1.882017898559570312e+01
1.921623563766479492e+01
1.964259552955627441e+01
2.009445953369140625e+01
