3.342970345290595446e+00
3.342970345290595446e+00
3.343396579877408570e+00
3.342952818360062750e+00
3.341639003440381117e+00
3.339454907784619841e+00
3.336400134091841885e+00
3.332474115132673553e+00
3.327676113763806232e+00
3.322005222925553447e+00
3.315460365631825113e+00
3.308040294964186057e+00
3.299743594084147524e+00
3.290568676280635874e+00
3.280513785072732169e+00
3.269576994391327762e+00
3.257756208867394587e+00
3.245049164259213637e+00
3.231453428056236810e+00
3.216966400303408413e+00
