2.176203878079032350e+01
2.176203878079032350e+01
2.788035571123633360e+01
4.115300369101191791e+01
5.677413666971234818e+01
7.326017973921746318e+01
9.015035817802316842e+01
1.072508027639472914e+02
1.244911004060829356e+02
1.418062665318063296e+02
1.591992861551898955e+02
1.766437283425362352e+02
1.941299233529303478e+02
2.116417910162779492e+02
2.291898564874566659e+02
2.467552213095709988e+02
2.643554935600046747e+02
2.819900024200808275e+02
2.996279804937553308e+02
3.173079498708718802e+02
3.350049664810346712e+02
3.527235605371034808e+02
3.704787799726121875e+02
3.882405526577727528e+02
4.060239711332514503e+02
4.238431051839718862e+02
4.417085818901632592e+02
4.595913590776227693e+02
4.775051207701695830e+02
4.954614084302322681e+02
5.134551361465663604e+02
5.314950894259050074e+02
5.495900253352274376e+02
5.677264934007503143e+02
5.859056157079933200e+02
6.041293303414943239e+02
6.223915648798833899e+02
6.406864981091664504e+02
6.590134224437609873e+02
6.773630207496353250e+02
6.957423573558289718e+02
7.141527775663885222e+02
7.325849029582178673e+02
7.510497922131439736e+02
7.695385347659321269e+02
7.880487977383857015e+02
8.065804197248172613e+02
8.251342080563002810e+02
8.437099904160720598e+02
8.623077936651249047e+02
8.809278497459781647e+02
8.995706041875830579e+02
9.182355675126252663e+02
9.369206063947199254e+02
9.556325931059718641e+02
9.743721006974146803e+02
9.931402367505984330e+02
1.011939091639560274e+03
1.030771130387061476e+03
1.049639235095687582e+03
1.068546753843639408e+03
1.087497556814783820e+03
1.106499356494203312e+03
1.125554225502348118e+03
1.144667829888685901e+03
1.163846871974045143e+03
1.183099004445263063e+03
1.202432956539204042e+03
1.221858678998445157e+03
1.241385539953068701e+03
1.261016940582199140e+03
1.280751946577932586e+03
1.300590529512330704e+03
1.320533588229912311e+03
1.340581084208451102e+03
1.360726964134120408e+03
1.380961105591060004e+03
1.401273708395832728e+03
1.421654428390676685e+03
1.442099292999403588e+03
1.462602048014655793e+03
1.483157182862571062e+03
1.503759853603697138e+03
1.524405812515396065e+03
1.545091344226590991e+03
1.565813208240353561e+03
1.586568587584496754e+03
1.607355043268111785e+03
1.628170474186633555e+03
1.649013082104080922e+03
1.669881341343942267e+03
1.690773972835855375e+03
1.711689922190595098e+03
1.732628341508424455e+03
1.753588574663668169e+03
1.774570145849988421e+03
1.795572751215412154e+03
1.816596253463002540e+03
1.837640679342059229e+03
1.858706220005836940e+03
