-2.461575442963470638e+41
-2.461575442963470638e+41
-2.461501765639990752e+41
-2.461035044698843197e+41
-2.461419183822675805e+41
-2.462046919375345800e+41
-2.462941181380146474e+41
-2.459384370031957447e+41
-2.460959597904769987e+41
-2.463096781621199741e+41
-2.466355605766259683e+41
-2.462832445199773782e+41
-2.465762439546002719e+41
-2.463538438520982000e+41
-2.462337970517228996e+41
-2.463997949905781185e+41
-2.462865965453111275e+41
-2.461575709897367503e+41
-2.463433129722574716e+41
-2.462587134171608997e+41
