1.263618469238281250e-05
5.130100250244140625e-02
4.617226123809814453e-01
8.745887279510498047e-01
1.517374515533447266e+00
1.882609128952026367e+00
2.257284164428710938e+00
2.674430847167968750e+00
3.061111450195312500e+00
3.495339393615722656e+00
3.913599967956542969e+00
4.340821743011474609e+00
4.700698137283325195e+00
5.072782039642333984e+00
5.475878000259399414e+00
5.874886035919189453e+00
6.299866676330566406e+00
6.689515113830566406e+00
7.077165365219116211e+00
7.454622030258178711e+00
7.898618936538696289e+00
8.311087369918823242e+00
8.653680086135864258e+00
9.067730903625488281e+00
9.536482095718383789e+00
9.966286897659301758e+00
1.042535305023193359e+01
1.078609728813171387e+01
1.120152163505554199e+01
1.161230325698852539e+01
1.203424525260925293e+01
1.244357585906982422e+01
1.282325720787048340e+01
1.321112370491027832e+01
1.360935640335083008e+01
1.403010940551757812e+01
1.442269086837768555e+01
1.483172631263732910e+01
1.524643373489379883e+01
1.566396450996398926e+01
1.612279510498046875e+01
1.652124977111816406e+01
1.688985776901245117e+01
1.731309127807617188e+01
1.773575115203857422e+01
1.819237017631530762e+01
1.861196756362915039e+01
1.899774241447448730e+01
1.936183834075927734e+01
1.974664974212646484e+01
2.015360784530639648e+01
2.057068037986755371e+01
2.095233345031738281e+01
2.132125353813171387e+01
2.171138620376586914e+01
2.209058618545532227e+01
2.252236247062683105e+01
2.294707345962524414e+01
2.334049224853515625e+01
2.372623515129089355e+01
2.415139555931091309e+01
2.455946230888366699e+01
2.494284176826477051e+01
2.533370733261108398e+01
2.575071787834167480e+01
2.612121891975402832e+01
2.651066088676452637e+01
2.692247414588928223e+01
2.730293560028076172e+01
2.784547853469848633e+01
2.822315382957458496e+01
2.865959310531616211e+01
2.905866956710815430e+01
2.947386813163757324e+01
2.990160775184631348e+01
3.028300523757934570e+01
3.065265178680419922e+01
3.104041099548339844e+01
3.145244503021240234e+01
3.191427373886108398e+01
3.230595517158508301e+01
3.272253298759460449e+01
3.314050197601318359e+01
3.352220654487609863e+01
3.391031074523925781e+01
3.432607436180114746e+01
3.472397446632385254e+01
3.517094993591308594e+01
3.566742157936096191e+01
3.606000185012817383e+01
3.642181181907653809e+01
3.677979683876037598e+01
3.719234752655029297e+01
3.760208010673522949e+01
3.801222252845764160e+01
3.839149498939514160e+01
3.880183577537536621e+01
3.923172450065612793e+01
3.962838292121887207e+01
4.005954313278198242e+01
