7.534196878130767061e+01
3.359562943551955527e+01
2.711724536269307606e+01
2.140493716329142870e+01
7.130261034604374970e+01
2.558791771868967402e+01
3.605353341272342504e+01
2.753869756713556072e+01
5.274790119101373875e+01
4.781340176835568911e+01
4.749989142096254824e+01
6.876311978682159065e+01
6.973759006961792295e+01
6.461958314003173598e+01
1.994428762675974198e+01
5.347895196598232559e+01
6.763435838049569782e+01
5.447262431989864240e+01
4.715174760212964600e+01
3.363828989909594469e+01
3.122417692081872787e+01
3.092007890912738333e+01
4.671077362241308606e+01
4.841606167154088780e+01
7.792136307358180858e+00
4.870891142868779866e+01
7.282844355032983685e+01
4.204867782192109615e+01
5.434208156847105897e+01
4.668590076733190841e+01
7.722658718187133786e+01
4.880484188773245080e+01
1.182929899085903713e+01
7.241527192701676086e+01
4.311714586126397819e+01
6.647289003470571167e+00
1.761805649130052487e+01
1.770658260947627483e+01
4.196740654611038224e+01
2.494949734404002584e+01
7.527988688637481118e+01
6.828714136459997519e+01
2.821017869636907704e+01
7.520880208108257747e+00
6.498233326350789696e+01
1.919202697863314810e+01
2.225003417546773576e+01
4.356141946530600251e+01
5.146867089309541399e+01
2.395809777675573926e+01
6.082214990060172077e+00
5.163696092166748741e+01
6.880541365119128727e+01
3.343615949196136938e+01
6.782501674327248509e+01
5.389170746596605710e+01
2.823471435692449560e+01
8.929838941827128451e+00
1.976254452702512765e+01
5.455660069076738949e+00
5.027712987623251450e+01
1.288100508968126690e+01
3.940502979594879207e+01
1.201207723720145459e+01
1.275688492097647497e+01
5.413558841500432095e+01
7.499697686227455051e+01
1.540333956034981000e+01
4.802478754004569339e+01
3.216560470722136955e+01
3.295742850443536298e+01
7.343079546559322068e+01
4.113894728605323081e+01
4.577949508756489649e+01
6.170172974085353701e+00
1.439277342490295553e+01
2.777878183875401064e+01
5.679865646148558511e+01
5.062391130782589244e+01
5.319907275902824750e+01
2.699104092750264883e+01
4.551825137430947876e+01
8.951941122840491261e+00
5.497281370551116453e+01
2.596704000102867482e+01
9.310857016071963699e+00
4.074512394245704172e+01
1.168718029363325073e+01
5.171587155672064284e+01
8.100422584748693922e+00
3.900532890226857319e+01
3.766474880749109388e+01
6.641944092220937534e+01
2.185912531790857827e+01
1.148003595617927530e+01
2.915631680553297755e+01
2.163903016208653796e+01
2.984927769966672528e+01
7.554280556128057356e+01
6.440880017166392690e+01
7.298216334974598851e+01
2.085175488768337004e+01
7.250548766541724888e+01
5.404251415381030910e+01
3.499744228515471178e+01
1.988805884562574633e+01
3.780490473401706453e+01
3.560919402269298217e+01
1.136114943834147439e+01
4.090475817175865814e+01
5.416147616226012929e+01
2.876560370445381665e+01
7.343199287244924278e+01
1.892754871702239683e+01
5.301286752600956476e+01
6.601832008228203108e+01
2.806007313353377342e+01
4.726962053840717459e+01
1.524571700117857986e+01
4.042108286800179684e+01
5.034769734002792596e+00
2.391539770890636873e+01
1.088784428348821365e+01
1.280505789529630434e+01
6.879167688374516842e+01
3.087341119974135850e+01
1.905962485435473397e+01
4.772239811497488660e+01
3.554657870360815508e+01
7.145098960982663527e+01
3.443953631883682220e+01
1.834634211819298955e+01
1.051927425898928092e+01
6.638642246842117345e+01
5.194124043576331928e+01
2.454244533252486704e+01
2.273973762778450691e+01
3.278765047671483046e+01
7.850566179161332592e+00
4.477270298828541684e+01
3.094808985827671322e+01
3.612399993418654986e+01
7.858451505962651851e+00
1.228547671283305931e+01
7.365531306293727987e+00
5.395670912501931582e+01
2.189071239476601605e+01
3.799900407951362524e+01
7.029368719046982505e+01
5.268509835915320849e+01
7.527265338627157298e+00
5.159016109481467538e+01
1.631195940701291036e+01
5.536213145280235182e+01
5.632914906771370767e+01
2.978109721938143295e+01
6.932283744982281348e+01
9.030938881445722544e+00
4.498199652162111306e+01
4.588730989210204569e+01
4.958453023124885561e+01
2.360122613346231546e+01
1.149705691962688903e+01
4.751006202586866323e+01
3.023015516574034578e+01
7.702302642012669764e+01
2.177262060959762380e+01
1.785074389971023479e+01
5.528351766044919202e+01
2.771596197604317524e+01
5.221449984184656756e+01
1.782630630266450567e+01
7.180547588136013815e+01
7.404276725601113185e+01
1.731408125304093559e+01
4.283775812463808563e+01
4.738817829994647468e+01
3.318673950567436748e+01
1.955233719526132674e+01
9.955260237413771307e+00
4.899858235558063768e+00
4.241251193703988775e+01
4.550489016498239181e+01
2.196700655646568734e+01
4.524945567928719470e+01
2.679345451662902988e+01
4.995588624942909206e+01
2.744825816608392444e+01
7.103819822001897322e+00
4.977248476157820534e+01
3.314272568921156648e+01
5.157520168356897727e+01
7.135795904702645487e+01
1.523793553128256306e+01
6.796835787100096127e+01
2.369633643196353034e+01
5.552968740652696766e+01
1.641938357320412578e+01
1.483455313899903061e+01
1.763290371512200494e+01
7.461776862178227532e+01
2.602841137751684997e+01
1.640695351876183139e+01
4.847561494319695896e+01
3.881883642610706175e+01
7.128584760160498490e+01
2.359698913922358443e+01
6.892954762780053102e+01
9.258570235761542477e+00
1.596893777643627743e+01
4.988339297158837837e+01
4.146998947112040668e+01
4.547948285437344396e+01
7.519545757203523806e+00
7.536188552802167351e+01
3.001594618702440087e+01
3.514586299994454066e+01
4.828089441388821257e+01
3.282727876415423651e+01
1.727516594760424340e+01
5.045452370950323484e+01
3.002071661574456840e+01
4.452682023780756992e+01
5.534573648360471054e+01
3.777214613713364599e+01
7.707276067430136379e+01
2.555328145340388701e+01
6.735029339729936737e+01
5.473626838133993999e+01
3.594002485920736945e+01
7.616694719526655888e+01
6.906657139566212322e+01
4.943943313252343152e+00
2.819189489518535652e+01
2.958394459827543699e+01
4.862766316161649627e+01
6.484886791983755927e+01
2.673567891522130324e+01
1.316414112410231141e+01
5.079361761977535750e+00
6.290720095096672182e+00
6.512806700400103921e+01
3.370500850794464753e+01
2.316646874951136681e+01
1.478842586993457786e+01
1.812584418740295789e+01
7.331340969508347349e+00
7.286679935870114377e+01
4.518836140762800824e+01
1.166170402885103385e+01
1.594991940486676540e+01
4.355842746672172439e+01
5.249156172105487883e+01
3.901841666534209452e+01
9.598950511645867323e+00
1.088659573060909658e+01
2.188986617546389013e+01
4.051338826303395280e+01
7.443582996638545524e+01
5.927852673362859548e+01
4.786330144019709110e+01
4.391806141137561781e+01
7.568939954298855355e+00
7.311085985671564913e+01
2.974831444407692160e+01
9.546813945988606775e+00
4.169593860509897354e+01
3.010836257339490274e+01
1.293799276324717340e+01
4.470082178682521601e+01
4.257622811319741629e+01
2.410768016810001413e+01
7.251117808892676919e+01
2.915558405250886764e+01
2.754920113134016901e+01
2.323922717179383923e+01
7.182602289747759983e+01
3.878120226818217020e+01
1.117664066674757706e+01
8.055483923810150770e+00
5.025230211542611869e+01
7.566842960163434384e+01
6.854203350281203200e+01
9.723311317622435723e+00
4.460179098562281119e+00
5.428267504889223716e+01
1.741829089519836771e+01
6.740253576681044478e+01
1.517081774926016280e+01
5.431678361374942909e+01
6.886771560692560001e+01
6.418392653760800215e+01
2.667143531389591971e+01
3.683530389606294619e+01
3.583041219700209012e+01
3.622884560779231577e+01
3.365163692622568448e+01
6.909222680709333986e+01
6.650194682270740998e+01
5.021163816355160492e+01
2.368106893255322731e+01
5.064204099749641586e+01
2.820845146422592720e+01
2.133734119532485352e+01
6.780070777484229438e+01
1.600228748941653478e+01
6.074926739722244839e+00
6.491110043248987438e+01
7.176415710761573052e+01
7.092546320776538948e+01
3.496596997724714129e+01
5.512439103939342999e+01
5.111601909286416401e+01
4.201082651910630972e+01
5.919160406438377819e+00
2.272246510510109374e+01
6.834801609778712361e+01
5.207293548938092442e+01
2.165209978636590904e+01
2.556165053221666028e+01
5.594524303725194869e+01
2.860218504008606999e+01
2.149562365949242704e+01
1.024120781888150589e+01
3.270422591871842855e+01
2.758800108426217079e+01
1.723706335259688061e+01
5.522851870710832145e+01
2.596253530012294419e+01
4.531960299493037780e+01
4.441010322705459856e+01
3.121585322199690538e+01
6.357247088292679038e+00
2.934545553873610757e+01
7.199937159527961228e+01
5.991119186534531593e+01
8.146169294409613570e+00
5.025574528756268933e+01
1.040272337761879129e+01
3.343468706758977760e+01
7.109601702137391044e+01
2.050888632680115009e+01
6.832601307001145585e+01
1.219813794411149388e+01
6.580725488605980900e+01
3.365256569377092433e+01
4.676998275138958405e+01
4.966071061854095348e+01
3.702039945415642563e+01
7.727990373755251596e+01
4.415941337267450706e+01
4.716714053788496841e+01
5.481486985986102667e+01
7.436359975887495466e+01
3.449448909715806622e+01
4.520319546329858440e+01
4.392110628770444691e+01
1.782632302663850510e+01
2.638711969978203342e+01
6.445132493378058314e+01
3.235288262196694120e+01
3.339809817223429889e+01
2.060191228374871031e+01
5.123112199804225497e+01
4.706792355466442501e+01
7.226105894902755722e+01
2.944885907896950528e+01
3.416211305424267408e+01
6.816634611668692401e+01
2.071223181161926163e+01
4.892152815673466648e+01
7.189407579672135284e+01
4.019618795041416348e+01
2.488695390043135802e+01
1.263878339549465224e+01
2.501316429838542632e+01
6.703934908445184249e+01
4.763801519883303470e+00
1.300053734870838085e+01
5.130278240667178835e+01
7.368292092118574033e+01
7.198605379872131493e+01
1.060344216890843327e+01
5.254655282916530723e+01
1.223783496415354222e+01
3.191486475242785303e+01
4.195638423231903857e+01
3.368804160711840012e+01
3.559064368166253445e+01
7.034208218715625094e+01
4.904272924621800200e+00
1.155387397945604278e+01
5.656265992606587645e+01
7.766754378162147532e+01
7.498243634521766410e+01
5.449320738358401428e+01
4.793069228905466161e+01
2.190981507829169672e+01
2.059732569306358130e+01
3.488359956974226606e+01
4.265294674061357227e+01
1.313444908144456136e+01
6.611204974359267794e+01
3.368765387737369110e+01
1.203746148910389735e+01
4.966425995881232325e+01
4.412832844101321150e+00
7.523073213118969704e+01
3.076308292316912940e+01
6.534269026690505200e+01
3.871643772807078676e+01
3.283266921709459751e+01
4.599119643821646264e+01
5.091997226468821935e+01
2.001441910728373230e+01
6.956326662395029814e+01
1.697571389596462765e+01
3.831805552551932692e+01
3.806281551522987883e+01
5.208441668025141524e+01
7.025057537907125038e+01
7.634010818397152320e+01
2.281227574175073514e+01
1.510621332826474017e+01
2.983471545258399971e+01
5.380633950778278773e+01
6.160475358284326575e+00
6.958731921424909217e+01
1.986978367479176910e+01
5.071244480299468194e+01
1.077698811167191195e+01
2.999257102352834536e+01
6.805125356394356118e+01
7.821761858959149549e+00
2.474426448224041764e+01
5.287764895421526745e+01
8.913845371786408123e+00
7.183128490330854277e+01
4.944349683485403801e+01
7.261163505777999205e+01
3.278160347772804784e+01
6.136729285149449709e+00
6.310236530284241141e+00
6.658124486912286955e+01
5.656428844419763458e+00
4.672880544599612307e+01
3.114477346440093442e+01
2.153473043366219031e+01
9.761452204867527627e+00
1.401728877685735597e+01
2.073985774362258283e+01
6.691669464064635520e+01
7.116561196079972262e+01
2.069339758500387916e+01
1.120705798181303869e+01
3.579304271429707285e+01
3.897916637023630670e+01
5.697028956090568386e+01
7.679702805689586853e+01
3.402388873661495694e+01
7.417520028661009235e+01
4.484273636395562335e+01
7.109634129198072117e+01
6.142206453420901546e+00
1.499486608046030511e+01
3.934268849947966373e+01
4.095112998941790039e+01
2.316371788123832332e+01
1.446954189830941928e+01
1.491158386834615612e+01
6.931391159529776758e+01
5.296119989359124958e+01
4.538294767948822361e+00
3.658550655498336823e+01
4.791398421893134696e+01
5.657885684537658832e+00
2.996273276894880766e+01
4.295800148919779105e+01
6.438924305262698056e+01
6.772166541435163367e+01
7.962900729715988390e+00
1.658684812169876110e+01
7.079888782662656865e+01
4.978669558458567224e+01
4.571010784995976906e+00
6.719961798321780577e+01
7.387599690142890552e+01
4.640721994815280027e+01
5.532562659868978727e+01
1.505574215900927726e+01
7.293847591786611417e+01
3.239312825470218371e+01
3.524010141974051180e+01
6.556899547446268173e+01
6.551880399089147033e+01
3.445162982208510272e+01
2.760585660760887805e+01
3.655222121090820053e+01
5.868372021329209787e+01
2.095197956299699982e+01
4.981921316306397785e+01
4.838744477409285594e+01
7.165219441704786618e+01
2.241825688645227643e+01
3.922996940892575424e+01
3.060040810432246516e+01
4.996631763747489963e+00
7.053446956368551923e+01
5.069716356924467959e+01
3.889737733504930617e+01
5.232254385841845590e+01
7.615287297665969390e+01
1.841880695738754881e+01
2.257321039834178222e+01
7.461419977237933665e+01
3.047006688682158071e+01
1.909563898969638629e+01
1.243349599297352981e+01
2.992768532663010461e+01
5.597886082883232461e+01
2.108088419733098107e+01
2.365699778750099114e+01
1.491270820621630833e+01
3.236799106790960678e+01
7.733512882455281101e+01
7.274525569083705534e+01
7.668496764492449813e+01
5.093816005838171890e+01
4.169250448640514861e+01
4.264262443279145032e+01
6.951327058732063335e+01
2.993443108903861472e+01
3.021234013178552402e+01
1.875242169031811201e+01
1.765742263708292370e+01
6.768349253951217293e+01
2.179653001057873141e+01
5.468325232353097221e+01
3.680883555673732843e+01
3.917959864296265238e+01
3.804326218260563053e+01
4.248762217663531970e+01
3.985643628413677675e+01
3.039649539762766040e+01
6.445270321596613883e+01
3.550318897136222773e+01
7.312836492195073390e+01
4.189743158059279438e+01
2.402211253467208252e+01
1.159348513385083734e+01
1.051418948221149030e+01
4.285622812326662512e+01
2.976545150215370938e+01
7.637733807774479544e+01
3.089224029321428588e+01
3.970188485545855173e+01
4.667295769127408533e+01
2.868391391250897016e+01
6.267494933843494209e+00
7.293965592246478025e+01
4.552235440228695751e+01
4.152640261122021315e+01
9.552742251248794503e+00
4.967639409678231743e+01
7.606045827062007447e+01
5.192940870109779183e+01
5.316366321228989023e+01
9.450638247853824225e+00
4.026970256013898108e+01
5.327448668375493668e+01
6.707748943435150579e+01
2.581073203510901948e+01
7.666356878777970962e+01
4.050936308199155178e+01
1.472221742433084657e+01
4.569561435864432042e+01
8.659147115147455054e+00
4.530257702726996349e+00
3.198362120052925661e+01
7.370587107265411930e+01
2.350238357172787573e+01
1.676743500924019514e+01
7.149595539823276624e+01
7.677611931733504491e+01
2.660877440212137302e+01
2.019157569490887028e+01
4.869617920768936159e+01
1.324085445759592261e+01
5.115447510827497268e+01
1.844673213526390043e+01
4.306375544367731401e+00
2.827596721475877573e+01
1.011513363115200903e+01
3.777348247208545473e+01
1.176303510854510215e+01
7.026122573472271426e+01
2.836034884218295460e+01
1.533097742715479228e+01
3.589727033590320104e+01
6.714546482045950881e+01
1.404488815639637878e+01
6.671799555628928147e+01
4.588140807652871445e+01
3.156059220120040365e+01
2.997606963950700987e+01
2.168223785573339057e+01
2.962671475549564803e+01
3.323640811826670927e+01
4.123357623616034573e+01
5.558661072978006956e+01
3.078094920472435447e+01
5.552095049202822707e+01
3.371983533987229009e+01
3.267456861981441563e+01
7.126385124550998285e+01
3.350484018614355364e+01
2.968560917751231543e+01
1.960380085428301555e+01
1.001985168128459236e+01
3.273054066303078002e+01
5.555466441782087372e+01
5.281307626056586457e+01
7.408104460522187651e+01
5.181608179151385229e+01
3.705194201755707439e+01
1.727301837082958613e+01
7.273336868743581363e+01
6.769476617548978936e+01
6.449939155115562528e+01
3.543326032406586279e+01
2.906951751371935444e+01
2.037884237134252885e+01
5.132663471084197937e+01
3.981471395659470147e+01
3.080397779789237234e+01
2.018769917944439740e+01
1.794678415068286981e+01
3.765503541547258237e+01
2.671211013246782429e+01
5.643973267738257249e+00
3.790798599336617514e+01
6.934862282817832124e+01
6.742199747371454066e+01
5.194427904365756632e+01
3.179892152026172170e+01
4.441649117714714379e+01
4.399557664230083986e+01
3.661906806274542703e+01
1.906986091031257757e+01
1.022829240087463099e+01
5.283469103915030018e+01
2.826382679715437973e+01
5.299154477186138479e+01
7.687704108242883194e+00
4.633029773751910341e+01
1.092245064999149662e+01
1.801436702180943072e+01
4.702152299393417678e+01
5.132483722643581103e+01
3.941085214235538103e+01
2.178582198804798153e+01
9.876941821199459071e+00
2.901193161744701499e+01
4.921828813911594835e+01
8.300479815959420193e+00
2.686772107768204521e+01
1.199469293182330887e+01
4.709830640407671609e+01
7.071716952124635469e+00
4.912928998766556532e+01
4.006405263372217718e+01
7.234506633046200363e+01
7.076245097612124368e+01
6.935302600960518760e+01
7.732034857883610357e+01
1.368518353120314046e+01
2.669413551293062525e+01
1.234961104822773947e+01
7.390740631766777824e+01
7.263072783133955568e+01
7.469121690840918859e+01
3.357456470649100311e+01
3.539227827208840438e+01
1.330581391425981508e+01
4.903908283351169217e+01
1.817634226007514897e+01
1.656141602038183436e+01
3.658552117324323660e+01
7.362030373379684534e+01
4.616451016630022508e+01
2.415626241171515787e+01
5.435266521271459794e+01
1.705071370317930857e+01
2.396787817259700404e+01
1.601742279770457245e+01
4.131765001376955126e+01
1.595227590151188224e+01
4.080691331446334402e+01
8.791485816205511838e+00
7.711501228658114826e+01
2.389456971574679400e+01
3.686826098499451376e+01
3.005009898222603937e+01
5.694498190369412782e+01
3.963204636526251079e+01
7.513057815855452759e+01
4.565668786917674993e+01
4.880900987164996252e+01
5.778395188712215713e+01
3.812353832405606369e+01
5.996776154245585744e+00
6.358194144694066807e+01
9.345301354446093001e+00
7.510496086107822578e+01
3.269670056579226269e+01
7.636213800704412336e+01
2.557904336992383065e+01
7.282531637151824100e+01
6.569380673015560035e+01
4.825417983961252588e+01
3.796729216657146821e+01
5.721903341059566372e+01
5.541384029792026666e+01
3.482291683471662935e+01
2.662054770450286156e+01
4.262510928648599418e+01
4.465909322869372033e+01
7.061996222627200837e+01
1.027127850719062785e+01
2.674505438122909595e+01
5.543366261731911493e+01
1.201382479684398064e+01
4.303413541109621576e+01
9.538807770058607360e+00
8.357329189175622730e+00
3.651162226190035653e+01
9.933388704121057344e+00
5.350388934953112141e+01
8.020786279287941412e+00
1.595930848356454135e+01
3.380320980577783274e+01
3.374703782953218223e+01
4.541660459324305066e+01
5.309848297742576051e+01
7.750578047119635272e+00
4.009145143844392578e+01
4.032379256325505423e+01
3.947674745144132658e+01
1.189179524757910400e+01
3.594617101796161762e+01
3.060061990871542648e+01
4.455126692032020941e+01
6.660566860326842686e+01
1.050294628408236619e+01
6.074937856725538765e+00
6.114846415233186505e+00
7.339259526358320329e+01
6.876592574978235461e+01
6.276168768986031665e+01
6.810668998289413878e+01
3.997456831247566100e+01
2.139404653116063670e+01
2.111245993803610332e+01
5.106659337836136814e+01
1.314687425247521801e+01
3.554328023389778934e+01
5.430524807738649429e+01
6.650466261552513458e+01
2.058382646769017299e+01
1.108129791128902042e+01
6.848691242836915194e+01
1.418281948452305841e+01
2.114670402484814105e+01
3.170447366922101651e+01
5.103383863983436441e+01
6.953566358533710456e+01
5.828273588814594319e+01
3.397942925952199289e+01
1.736071305798913400e+01
7.140369484880893935e+01
7.040757898030321371e+01
9.425577877261236637e+00
2.402627739972530563e+01
7.440575402268720495e+01
6.581838066086538674e+01
4.673135683395735818e+00
2.683158446846347545e+01
3.423772234361598521e+01
2.234369525585982075e+01
3.472644771364688410e+01
9.259117525320082365e+00
3.675484828736539100e+01
4.008846896783190772e+01
6.547906119044486672e+01
6.775627953545399862e+01
7.729314494574209959e+01
3.309376870746361021e+01
1.318015520797328577e+01
4.468776383976283739e+01
3.772612608739618878e+01
9.766553612118936911e+00
7.701996847556436876e+01
4.975019883327873060e+01
5.195825004033672201e+01
1.542663599800483709e+01
3.043510653034946856e+01
3.562504482269475403e+01
1.719285588169477919e+01
6.958856048352309642e+01
7.694271557635860859e+01
5.461017186789909061e+01
3.740429375686578339e+01
1.503963030040382520e+01
7.809475786011606857e+00
7.292393007374213809e+00
3.337084761391974297e+01
6.568528351916576469e+01
2.515623755199725764e+01
6.532208535533273164e+01
7.761737949175569895e+01
4.617340573085499500e+00
1.585626563667340605e+01
1.139556894321383496e+01
2.440889503081039535e+01
7.614852813428485945e+01
5.580024361293348001e+00
2.361301397334008101e+01
5.038108498751624609e+01
4.988364847515290990e+01
3.695601491949758355e+01
2.775809969513807474e+01
5.839479093813796595e+01
3.017759028350428707e+01
6.630526860574421733e+01
5.251162703566691192e+01
1.252041502535424655e+01
5.729974355913114437e+01
5.653839941931892099e+01
1.379748600046470131e+01
3.682924825779406319e+01
2.112851238060503789e+01
7.028082421322257289e+01
3.088836849254849426e+01
5.648749966353792473e+01
4.410236788865657331e+01
1.788379748527917457e+01
2.222179586984647415e+01
1.743086395720922965e+01
3.409414370743868972e+01
5.028732879228464903e+00
6.753834431092157331e+01
6.611837190413353937e+01
1.026197012834888689e+01
6.634649833919525008e+01
4.705563475582754229e+00
2.644185830795819570e+01
3.649406778794799777e+01
2.046846114113944637e+01
4.577168090077394424e+01
4.819279181645840993e+01
4.877639472165409984e+01
9.644964539461666320e+00
2.890384124185913706e+01
2.687065227500578146e+01
2.558543411845192139e+01
5.196518944057901024e+01
1.413802678218240416e+01
3.388337105903814006e+01
4.042764360778077304e+01
2.546392216441107692e+01
5.253772759938939174e+01
3.150491923779688008e+01
2.094929184089511409e+01
4.180062352614110921e+01
5.182772115599217955e+01
1.556590457050109677e+01
5.081822098592072479e+01
8.842208800398841717e+00
4.751392435565356465e+01
7.580495877954237471e+01
4.354132123586376935e+01
7.399629202587806276e+01
4.066465044307526711e+01
7.118111034660573466e+01
5.234773215175081873e+00
6.385659475250491113e+01
4.127470675192950011e+01
7.020323114912137008e+00
6.573462717687810652e+01
6.889236800870521904e+01
1.295257889851730226e+01
8.963417468440534108e+00
4.657057865133083396e+01
5.430138948473224048e+01
3.525293884716312220e+01
1.074167956142877145e+01
7.653725987320756019e+01
5.641940035908228168e+01
3.196374200556674339e+01
3.095981200638837905e+01
3.696078548547306042e+01
1.025413653586713103e+01
7.286197484630970678e+01
2.645024698401815755e+01
7.268541025592736560e+01
1.929212373405713521e+01
5.531863626892309149e+00
6.064621937967960008e+00
7.572050259420651130e+00
5.190744475853691142e+01
7.725904587756275532e+01
7.204835688202661004e+01
4.349217012807404359e+01
2.013980736776982283e+01
6.666952522196407926e+01
6.877791201673485944e+01
2.074569934740579669e+01
1.817925269705265379e+01
3.335527809007417233e+01
2.633178441797313241e+01
6.483224032920072943e+01
2.956971324520828048e+01
6.974669611590508111e+01
4.707470305238610564e+01
4.735221145293515121e+01
1.947911050652224318e+01
7.337345745286863519e+01
2.357616699085223999e+01
3.482001437336741390e+01
1.364676055685782785e+01
6.319286689038322180e+01
1.345816285348151808e+01
2.270489168567606697e+01
5.079192794922434473e+01
5.107374172194572459e+00
1.266536508806186490e+01
1.715464717642506898e+01
4.471442161852805697e+01
8.875378535575178418e+00
4.855402730566592595e+01
2.162397381451127032e+01
1.950282908300207296e+01
2.738775963438056138e+01
6.862904421596505244e+01
1.149462837386929870e+01
3.504704130844424270e+01
7.713470750402620979e+00
6.591114466158414587e+01
7.418732538586404246e+01
7.663188044137838517e+01
5.283107510435773690e+01
3.294139864407193841e+01
6.766067267013940523e+01
6.689749778925063595e+01
4.091476424416966040e+01
3.203680660045607453e+01
5.326818261748901762e+01
3.338655491076495707e+01
5.049686835844493515e+01
4.902830355169010090e+01
1.235475008759823368e+01
4.880047120291057894e+01
4.636833970343444378e+01
5.385310547644711932e+01
1.903141821516783594e+01
7.409676478259831356e+01
3.177454177473359920e+01
2.339646130065823826e+01
7.057575798557542157e+01
2.319003591637554607e+01
6.015265344948872439e+00
2.923184603450438601e+01
7.137832569181539100e+01
1.051256005484766298e+01
7.070674758354303435e+01
2.331094676213334438e+01
2.454715129811765451e+01
5.473952610488799309e+01
4.089228589258320312e+01
7.462684342758778655e+01
7.930390190054939836e+00
7.693773706237954002e+01
1.569172871829131566e+01
2.323189157918434944e+01
5.032926741365681522e+01
5.185478173779450373e+01
4.440594703473229288e+01
3.517076654477894238e+01
1.114358198322138094e+01
4.388921523979483652e+01
3.820208429285096940e+01
2.601362606547172973e+01
1.383693646640723784e+01
3.237919434650657990e+01
9.164168808606380168e+00
4.426960317291016622e+01
1.663235386052619802e+01
3.473048909526889361e+01
2.516990324494564035e+01
8.913356696843333538e+00
