5.973750848017784776e+00
5.998357351329794085e+00
6.326938896024397962e+00
3.384291650719552624e+00
6.156107871480418936e+00
8.268455807629377929e+00
2.400881187438258291e+00
5.137540255753648921e+00
2.143880137489340143e+00
2.858339850825522888e+00
6.555995942725147074e+00
2.561452790511362210e+00
3.239581998419750253e+00
8.347547811108276150e+00
2.556555865361878954e+00
5.939601068545384166e+00
8.138911010290243553e+00
5.221325428891634424e+00
4.704139066407001302e+00
1.712912873479641718e+00
2.957201769847157991e+00
2.340550804592680834e+00
1.795258792250999935e+00
5.881620797527400413e+00
8.309312545641498460e+00
2.863517873398797597e+00
3.383406410544508969e+00
5.172469926525112172e+00
5.718630604502878967e+00
5.307942343702476862e+00
2.223215257197250772e+00
5.543528031059718586e+00
5.397430386536680835e+00
6.049667227838924077e+00
2.315953618028099736e+00
2.823699018856298260e+00
2.368660786692703191e+00
5.075326321339350244e+00
5.797834869646406375e+00
7.879690769915907111e+00
2.235595316379636710e+00
6.190053741025270284e+00
5.056620391309354368e+00
5.165008401022975093e+00
6.158989851800162896e+00
3.125966616647509078e+00
1.762020603732708413e+00
6.462630534392888038e+00
5.858377928733640161e+00
6.204873878372429985e+00
5.332767988181894125e+00
3.427476347241177113e+00
2.618341894743022369e+00
6.022541346514735494e+00
5.899468420769974131e+00
2.745207644497788202e+00
5.510754319887960051e+00
3.430549563011572101e+00
5.360890460239454924e+00
3.070311314443168627e+00
3.065989091043915593e+00
6.377768860910622450e+00
3.090959103646305550e+00
6.161005800272047139e+00
1.963067772572153924e+00
5.566305914148134804e+00
6.051419381441457190e+00
1.507421861773527771e+00
5.475011324723912054e+00
5.592129150861534725e+00
2.997422869492515574e+00
6.005702849749289030e+00
2.635221526514426760e+00
5.882842296845176122e+00
1.802847491797627821e+00
6.321507857863425173e+00
7.924373444214150908e+00
5.773614803998345479e+00
2.651424943033473980e+00
3.568152075868202822e+00
2.603227931407705142e+00
6.116938597137073330e+00
5.562149083199974697e+00
1.668210727741818555e+00
5.741103432776920812e+00
2.891751325588817423e+00
2.752360162905262086e+00
4.875604091594867739e+00
5.558076991040284298e+00
5.315293327490964614e+00
5.331008569327675417e+00
1.427070608121421724e+00
1.481929747605169156e+00
1.768433741029539874e+00
8.144731086900922179e+00
3.432908475395572978e+00
1.587926095302822915e+00
6.001531796671667252e+00
3.408231200964867647e+00
1.872803338700174125e+00
6.044980538496730560e+00
5.292095187117746846e+00
5.189506309604662526e+00
2.347562420628185542e+00
6.023731431734534070e+00
2.752483988754299116e+00
3.459547512719391538e+00
2.889846408001309097e+00
2.317793627369427512e+00
2.621797347331989325e+00
5.402029409082967248e+00
7.872467615350599246e+00
5.710613989260423295e+00
5.303195563697633119e+00
6.056846368161140859e+00
3.102704111559281053e+00
2.592558662509858003e+00
2.900963589644970586e+00
2.423745720078373633e+00
3.026557711238673676e+00
6.003497946035670552e+00
8.156218665199411078e+00
4.914884093958550082e+00
2.716119513875752567e+00
5.712765608309215537e+00
5.253152197162712866e+00
6.771223669088497488e+00
6.306430098869610035e+00
5.354572371842321488e+00
3.041735659114673140e+00
6.450762022439871402e+00
3.526770990463572453e+00
5.208133375146120514e+00
5.920930917892835765e+00
2.513702769055202069e+00
4.876512485912333439e+00
6.599551436620419764e+00
5.790813219961645331e+00
2.978684380169554835e+00
2.212888271125702300e+00
5.600493529031361106e+00
5.224244684348024137e+00
2.870253479517760997e+00
5.548115304963577188e+00
5.375018302449825036e+00
5.531748040654136389e+00
3.352867289381235238e+00
2.944428538403380813e+00
2.619250776005932480e+00
1.683823586362751534e+00
1.526437953478404719e+00
3.004618788086885317e+00
5.460182282254191222e+00
6.072781108761999391e+00
2.950205898715768882e+00
5.520656435310938193e+00
6.029608375294355227e+00
7.934354469434179435e+00
5.183622556661258152e+00
5.619927399927249212e+00
2.785773727849126580e+00
2.565717181871826291e+00
8.260791070398074254e+00
1.597360744445412539e+00
5.894252630451140007e+00
8.252373792852836232e+00
6.578787989038380246e+00
7.988241700358832631e+00
3.004364543447963776e+00
5.927705821549126952e+00
5.132395595548393530e+00
2.855013233258755889e+00
1.625842794189843232e+00
6.253157546899545949e+00
6.187227859829214083e+00
5.675446573373381653e+00
3.329434153071723301e+00
8.050756596207952143e+00
5.554984001074496192e+00
2.490602591973744673e+00
5.925553611424719591e+00
2.429606911247181422e+00
5.575074077279904117e+00
4.723541748566839615e+00
2.858736650567014870e+00
2.325350981207457757e+00
5.743169446911290166e+00
3.061235522304809553e+00
8.112294476247122077e+00
5.730620329961555015e+00
5.837088766284871610e+00
1.599283065297639972e+00
3.452075137114828163e+00
3.300385402148972247e+00
5.057798245495026990e+00
5.685459750442321436e+00
2.751441536374096053e+00
4.946272833669464575e+00
2.998394689871382468e+00
2.323143748684549870e+00
5.854531120516901055e+00
4.807991541256512846e+00
2.564480078030548782e+00
3.013206011164872411e+00
1.578144915480942823e+00
3.278729715344031348e+00
2.459269493468259959e+00
6.108343176242156503e+00
1.928295794914311800e+00
5.969471197353428238e+00
3.358747012923323894e+00
4.605206756571741167e+00
2.599364586069412564e+00
5.954283602133655151e+00
1.466543454394627188e+00
2.135747522593487435e+00
6.566244916872832960e+00
2.033793385467610904e+00
6.495503832137883293e+00
3.270360587849248546e+00
5.440454699792375948e+00
5.844438579035431403e+00
2.470562051246649737e+00
6.118336267811532281e+00
6.155654064244236778e+00
5.884461280003963068e+00
1.535997663821989434e+00
1.887841487105124783e+00
5.793146576285197469e+00
3.351173239185071040e+00
1.539719901612428998e+00
5.474090074580999499e+00
2.078122187306701285e+00
7.922066410657908619e+00
2.228618183871656111e+00
6.365905410329991909e+00
2.431297853052226010e+00
5.742126830373710078e+00
5.995032914012382363e+00
2.762782586014840724e+00
7.840888501673928701e+00
3.211861990214184726e+00
5.782721614067996896e+00
5.391450077716234190e+00
3.005706083199868317e+00
5.814684333309781294e+00
3.097732986558745516e+00
5.303861689275953140e+00
2.627542694330076589e+00
6.351234601180598460e+00
2.307704593515314428e+00
5.649809702333909556e+00
6.253473436012370712e+00
1.541052965094376281e+00
5.912735519127688022e+00
6.097480853756106711e+00
5.409002001213409017e+00
8.189961729421936454e+00
6.191797067664829513e+00
8.415094301342671557e+00
3.014739404071145934e+00
6.148755307916088597e+00
2.509305037532995719e+00
2.608072822583061168e+00
5.926849614770356212e+00
5.857147035757636289e+00
3.300976718014390521e+00
5.934922104905620444e+00
5.860337769325983714e+00
5.365333003859152683e+00
2.847673093417252055e+00
6.762444537593957250e+00
5.146202850785838834e+00
1.496034631857046771e+00
5.779696450648968309e+00
2.996338309583004289e+00
2.115704588534240038e+00
3.187854847646510503e+00
8.126329327894337595e+00
4.803589083852897623e+00
3.355393821870892967e+00
2.738666734873683506e+00
2.295255263194286854e+00
2.738762945861926479e+00
8.402307586425392216e+00
2.665859250260482316e+00
5.531139652079328783e+00
3.079280812720713634e+00
5.517879183822330447e+00
2.321357650596449940e+00
3.442109047276194378e+00
1.505635171390767635e+00
2.451596149927427248e+00
1.578386013268446852e+00
5.315623524642260733e+00
2.279583392018661225e+00
5.280325260025357181e+00
2.755325197517264346e+00
5.172097956415420583e+00
2.804974307675376810e+00
2.234771673182594842e+00
2.859188087036794279e+00
5.286890448795825037e+00
1.619561769303537568e+00
1.495973383443340188e+00
3.487052280330619869e+00
5.377658269848232919e+00
5.271393824745707057e+00
4.912429744128218090e+00
1.595505694303638533e+00
2.865738680248253623e+00
6.080485504999927571e+00
3.037084266916670217e+00
5.986795565089339632e+00
1.615915360539221579e+00
5.496549182213657403e+00
2.562606887464490946e+00
5.457732266265757914e+00
3.230424140992673721e+00
5.604426302570255203e+00
1.641575038890920490e+00
5.579528847619499743e+00
2.680431235413134772e+00
2.997560822025807425e+00
2.729101302720970512e+00
2.607312801972735627e+00
2.761767754986235168e+00
1.487021577479308521e+00
5.701214780529420878e+00
2.066948098436346193e+00
5.084043915650935830e+00
2.954921168786660779e+00
1.577056451395153491e+00
2.485703980236945831e+00
3.492872953065611075e+00
2.006276330263691676e+00
8.422719529623401868e+00
8.222650968196759891e+00
6.385535712526614560e+00
6.020219746112102754e+00
3.288138295117509990e+00
6.079061475107252477e+00
4.919469554341167949e+00
5.671880012710458274e+00
6.558928360704724625e+00
3.343118408821439846e+00
3.243940676021847658e+00
6.029172718026055477e+00
6.241990569810836220e+00
2.765320632273399415e+00
3.190434233642480244e+00
6.273502777904292671e+00
3.108914882733781582e+00
5.636165397152490542e+00
5.089014163255287215e+00
5.821568468829667609e+00
5.436271572524631779e+00
6.012676457067099633e+00
2.417917645085444711e+00
2.212655359031012736e+00
1.493665712585606320e+00
5.153791045085428735e+00
5.991313351080428617e+00
2.152003570239074293e+00
2.475251895315413897e+00
2.867283274802264081e+00
2.890635321013857784e+00
2.849313277893126273e+00
2.909782705218954213e+00
5.528734293175240566e+00
3.196022910396246530e+00
3.040597939776342074e+00
5.988690589195737601e+00
2.975441986160412888e+00
6.006867359174933085e+00
3.061099392370919769e+00
5.497806335022387358e+00
5.333231892137400010e+00
6.065546969416979906e+00
2.882966115059800050e+00
3.468883665245901415e+00
5.530167701423877702e+00
8.425957590946755005e+00
5.837156492413708264e+00
3.197308344526940793e+00
5.586664121400993110e+00
5.986739251358940805e+00
3.208563870001784224e+00
6.054746820745045000e+00
1.959816010539088715e+00
4.942617863445753379e+00
2.910629564759290133e+00
2.653551639328476597e+00
2.151734236040937276e+00
2.742530381148012175e+00
5.998673930546450705e+00
2.566249639167335062e+00
5.306320066052131246e+00
2.209017220822944161e+00
2.562409773730893736e+00
6.319857039475865079e+00
5.766355787356765461e+00
6.406059440971638708e+00
5.062562545351939391e+00
4.936648113657740922e+00
3.237705616618857363e+00
3.405276815267190393e+00
5.581501552675376843e+00
5.976129016319081444e+00
8.050951215122726268e+00
3.253874378631349984e+00
5.323257714652280370e+00
3.383974418457770916e+00
1.472511544285844076e+00
3.209508870465560548e+00
3.158329371007419617e+00
2.683021832027663756e+00
1.781980071066388893e+00
5.947844219218927364e+00
5.228406436839385663e+00
6.291093581088555098e+00
6.496751757111653092e+00
1.435615780529579721e+00
3.212055249330003193e+00
3.219343047451030948e+00
5.853366621094242106e+00
3.325281470530585537e+00
2.853764282464487323e+00
1.635607722117156770e+00
8.021006428998594728e+00
5.752269747086307561e+00
8.157075135140285482e+00
4.963104268860737633e+00
5.302972761715894379e+00
3.052120732495433142e+00
5.308069894265421418e+00
6.391774057762017236e+00
5.511798144766110852e+00
5.331260376884269014e+00
2.586987787204340972e+00
5.603563265188180154e+00
2.802556219251258085e+00
5.932238570900102204e+00
5.268116740581073820e+00
2.442183767956987772e+00
3.335994800944660277e+00
3.130282420859939130e+00
2.170545842258040814e+00
1.685711839048939620e+00
1.537901579548313302e+00
2.480128935988213712e+00
2.772988426879583468e+00
2.448739636963471078e+00
5.727360346141979974e+00
5.939298679987587093e+00
2.111065182938692164e+00
5.648712061815970742e+00
3.148365978016093081e+00
1.563466487314813191e+00
5.434208623535923266e+00
5.465776583324243987e+00
2.593016812522003889e+00
3.093916385873662911e+00
5.241714982437819081e+00
5.629132771437191707e+00
5.552687982004446354e+00
6.414855724047965779e+00
2.877586651119302452e+00
5.575340292146989896e+00
2.747129010763702972e+00
6.047665990739924169e+00
1.607706987057651915e+00
2.790298581706806669e+00
2.644040031754792075e+00
5.901885763772703797e+00
4.909078935009249633e+00
1.677986070253839390e+00
7.921209729055503246e+00
5.486978642347004609e+00
6.387022618287589992e+00
5.810463691200158820e+00
5.231757446474495588e+00
3.682339811877391345e+00
2.715979335028015917e+00
3.120293316704205289e+00
4.985341171162786189e+00
3.209751074612782418e+00
2.199677489528857777e+00
5.567475696414563302e+00
3.623377700077874852e+00
6.297019852083149516e+00
2.969312025438152425e+00
5.633375871102957788e+00
7.941993965124108712e+00
5.944694742508314533e+00
3.151812162368014647e+00
2.914031493526107575e+00
2.193960521032196631e+00
5.363754353813607878e+00
2.259545538969935929e+00
3.060016060456334230e+00
3.124458805614356738e+00
2.806856239469367686e+00
2.820727368685989056e+00
2.978123705633580975e+00
6.055731797123035776e+00
5.833042960104368291e+00
8.375270706294934087e+00
5.899156951098055046e+00
2.091556822035513186e+00
6.654720808351877182e+00
2.205580903395278014e+00
6.124342941371946125e+00
2.830333321125625190e+00
5.494932081152210657e+00
3.426533321916687580e+00
6.148959422252165297e+00
3.392959843660925845e+00
5.855619657776879095e+00
2.385167607556347491e+00
6.201361424799600286e+00
3.135080668916707225e+00
3.295693984366958151e+00
5.209681577451950929e+00
8.135510631175788987e+00
2.737830673251623548e+00
6.668339513432380627e+00
5.440604143115871594e+00
2.543581829007220296e+00
5.398034444274926180e+00
6.420119878513455447e+00
5.977523355426466622e+00
2.901827740834757030e+00
5.387505974085119220e+00
3.141438354239495911e+00
2.371564270914089168e+00
1.774198784133580231e+00
6.156308989444402968e+00
2.786290108578413971e+00
4.847334818548770130e+00
8.183089805584891963e+00
5.349919678821715152e+00
2.487328107229257679e+00
5.071475274641100484e+00
8.206655759267647454e+00
2.966926259592848947e+00
2.602171464211872731e+00
2.283824220695187979e+00
3.059738803351967462e+00
8.379563568447411015e+00
8.168023879864565018e+00
2.701059209503263503e+00
6.126104723800482432e+00
3.079887617591621218e+00
6.344546934170606889e+00
3.077969957880996255e+00
3.061300816647798406e+00
5.424640660980672990e+00
5.448983357505840175e+00
3.144069948297698591e+00
2.353315038301757589e+00
2.353006588610439653e+00
5.958390267667276419e+00
5.775579260176783691e+00
8.305159271579023894e+00
5.563902171250052930e+00
5.746039124623973038e+00
1.427652683436168024e+00
3.026413117149309162e+00
5.440864081565235821e+00
5.629962531707604967e+00
2.949593726820089579e+00
6.383503534532222190e+00
6.166173521129215018e+00
5.817803064334192698e+00
1.934354460993167990e+00
3.257923931214740776e+00
3.252933106859672296e+00
2.759645317042418444e+00
1.707284003703787745e+00
2.911052833012665264e+00
6.291240025701476668e+00
3.192490104122704953e+00
5.591852580209890178e+00
6.183625693282101210e+00
4.709177446551939816e+00
3.593213279242682745e+00
7.946799184001612559e+00
5.786545908495940083e+00
5.770270857106469364e+00
4.891614972957733620e+00
5.758121070013237031e+00
3.278301553691544967e+00
2.870949675309742766e+00
3.288187193343655057e+00
3.211730077287394458e+00
8.193479203119562015e+00
5.633319921955445508e+00
1.643813814280837615e+00
6.093992456484954801e+00
3.555730502757983302e+00
2.548137485197599972e+00
8.242104134165771256e+00
5.102170021787483023e+00
6.058820041137201073e+00
3.153468940427502254e+00
6.163835887040718831e+00
5.743168737404028334e+00
2.584046346449820231e+00
1.827687987505249412e+00
5.420303780975558539e+00
1.581299283909822107e+00
2.540112478211685065e+00
3.070533282628845839e+00
5.323842459205600619e+00
2.693138347444468117e+00
6.106522164374716510e+00
2.901929409650957581e+00
3.405976590446141206e+00
2.680629054869257288e+00
5.637428376243324379e+00
5.642377987658033334e+00
1.608579368885738825e+00
2.598871340376950556e+00
2.600528015379544478e+00
6.094610621386165050e+00
5.962859166418006396e+00
2.331256301860147317e+00
5.733446891849824922e+00
2.275714317961004873e+00
3.185216131560478559e+00
2.375058485385372897e+00
5.313393418535440560e+00
3.356171036589474355e+00
5.251678584447456721e+00
2.912908153021352753e+00
1.424460635823437071e+00
5.558659647580403984e+00
5.848210185711257836e+00
5.296253167303888176e+00
5.663799883315149941e+00
2.898889882521377359e+00
5.706793611856248560e+00
5.719632284990179727e+00
5.979856089604465907e+00
6.006607993792695055e+00
2.522566494256635039e+00
5.011767790223678354e+00
2.304505450715506498e+00
5.573938660060569816e+00
8.352244395690783918e+00
8.294909320051855772e+00
5.297331921455752379e+00
1.903504972907383408e+00
4.928867933819045533e+00
2.305482369638531814e+00
2.814110314340696917e+00
5.773178880871173035e+00
6.507871671984617024e+00
1.779514086512979931e+00
5.859606179865716413e+00
2.634044883428084738e+00
2.912428288851444336e+00
3.069608875121162761e+00
6.569465179199626803e+00
3.226650579704231969e+00
6.009071766253359925e+00
2.114989891651720910e+00
5.247079657871877245e+00
3.342899066853157741e+00
1.551975026814927272e+00
5.273333414758718973e+00
5.012310096033556484e+00
2.427630771485569383e+00
3.160696140520799169e+00
6.393369102732579634e+00
3.200537317220275568e+00
7.848045227500357157e+00
6.403593058072821975e+00
1.978681801567859111e+00
3.264527153612969634e+00
6.599105607552482766e+00
5.980389313358083214e+00
3.052145423479317721e+00
5.567826562082695219e+00
6.338638560680157852e+00
1.906292675066902254e+00
3.404817247246319400e+00
2.876397341471449209e+00
5.084810125887138099e+00
6.098494239928097471e+00
5.370947324098100495e+00
1.552466532993779680e+00
2.303392875739926460e+00
2.461445778276080354e+00
2.396694371483459651e+00
2.959419899716047020e+00
3.032581539882366783e+00
1.454210239392736748e+00
5.831520675801167286e+00
2.835328865166439005e+00
3.112503340487704495e+00
6.295872852792234298e+00
2.721657572082769150e+00
3.283886372709904578e+00
3.139771058132589943e+00
5.657182241129524058e+00
4.944564861159593150e+00
1.787020076556298243e+00
6.548265360465302720e+00
2.743611984466956422e+00
2.854166203964450865e+00
5.847281340186302856e+00
7.973708678426909557e+00
5.620771888731518118e+00
5.934973266124622171e+00
5.682094416530000913e+00
6.542944522517705863e+00
5.673456669665162266e+00
2.902647331341842385e+00
1.440105624477323598e+00
4.699292594816856905e+00
2.535211057959706249e+00
2.924290571080271128e+00
3.368359964527436912e+00
5.897378625257314155e+00
5.531463599127892650e+00
1.675818686509996214e+00
6.008358594598576019e+00
8.220383520000272171e+00
3.065721645145299767e+00
3.268615070152305790e+00
6.039390539278347347e+00
2.290487654684016938e+00
1.536166758823161338e+00
5.547156101765528646e+00
2.944364831854623610e+00
2.379579968041875659e+00
5.483596260260567234e+00
3.375630962305584237e+00
4.932381564883663749e+00
6.359433583728920425e+00
1.914412970807127579e+00
3.398820973967659587e+00
6.384385928093196938e+00
8.434940305676187577e+00
2.663785043521045282e+00
5.154073437109207845e+00
6.180860698297887978e+00
4.696701024696658067e+00
5.678781797557398647e+00
5.780561759451625647e+00
3.131714603613662273e+00
5.837102156927391761e+00
2.538349022252949894e+00
2.612975924661452787e+00
5.072315948420285991e+00
1.434447390532318733e+00
7.972550877293002713e+00
2.833981662234768439e+00
5.507748610066951045e+00
5.737322311403321606e+00
5.151657313510956016e+00
5.477914345615113589e+00
6.019508238036978653e+00
5.711995368215259106e+00
2.542323614957614719e+00
4.993712769500225690e+00
5.408066162611605776e+00
5.050505920551549899e+00
3.252531896605920014e+00
5.689668446552058612e+00
6.364884347673799070e+00
5.682379767609351262e+00
1.900799900875779658e+00
6.283564458981327761e+00
3.169445629002269449e+00
4.715116155727478997e+00
1.489370044520818226e+00
2.146832422601605117e+00
3.190414700039143625e+00
3.103842133827278804e+00
6.030522018763164738e+00
1.475642905707620134e+00
5.153716383247093802e+00
2.693018435773844033e+00
6.599455300347973008e+00
8.127755978982401430e+00
2.986891073578433975e+00
6.234896629008400026e+00
3.074601981352027558e+00
6.114170515675191098e+00
5.129026811752925852e+00
5.666315444196373008e+00
3.250957179718482859e+00
2.206433883430416909e+00
1.785192974541815580e+00
1.594929355641363067e+00
6.174535769661067874e+00
6.348442817580055575e+00
6.137536946581230168e+00
4.655912051728624768e+00
2.601229375079226358e+00
2.470932903445821172e+00
5.121784297871151637e+00
3.249178668733810227e+00
2.816231263777078553e+00
3.281728568426470538e+00
4.838317042798660594e+00
6.281367886590938809e+00
3.353164957519559231e+00
6.115669222728236321e+00
2.841630233202226741e+00
3.121131989100923487e+00
5.698931273120910745e+00
5.689932091082081200e+00
3.048303757990830753e+00
2.307727225100223656e+00
3.229641471465805935e+00
2.981875870492853409e+00
3.076170004773119970e+00
5.507779310481103252e+00
4.961895782999466320e+00
6.381754229440058879e+00
3.033852522934972207e+00
5.530400660811537250e+00
5.595780339029076345e+00
6.021487983425718227e+00
6.235743234195838980e+00
2.693125877267361634e+00
1.464012616192032823e+00
8.436899087752014026e+00
2.290911769886256444e+00
5.921720278305626195e+00
5.579116973982559458e+00
2.977319414816367527e+00
2.139807392009665854e+00
5.372238745464205323e+00
3.160802118069731215e+00
3.025235606381698084e+00
5.197025476213207540e+00
6.168530497333518881e+00
5.602318351397141072e+00
2.260981101375759472e+00
3.160564857338392653e+00
2.707801883777031460e+00
5.239410823604925938e+00
5.235445540124854524e+00
8.035338208317424957e+00
1.431864367051657316e+00
2.903661522001109940e+00
2.842570800155948874e+00
5.212682248231052640e+00
6.082290231627476729e+00
5.286658281009429139e+00
5.323422202497803291e+00
1.444387198549746509e+00
1.479934770857319615e+00
6.258289599162218053e+00
2.677631381964119317e+00
2.836340081055734430e+00
3.286350744199945328e+00
6.391816761046396067e+00
1.881942061560762713e+00
2.507025783325281587e+00
5.779034241386002080e+00
2.951304172784102953e+00
2.377874112821588337e+00
2.287162747153748565e+00
3.273203464295548759e+00
2.875267478983531966e+00
5.678995202314181867e+00
5.355400031476547973e+00
2.550609443347584993e+00
5.677155697846920646e+00
2.788273091593203912e+00
5.271001043156193333e+00
3.252322014008829143e+00
5.754791008977209188e+00
2.477713043348156674e+00
5.093109743531166522e+00
2.670774524507729897e+00
6.505045097572878632e+00
2.928623203835598598e+00
6.085584581238377311e+00
4.907170569072734523e+00
3.203269610230814468e+00
5.914089559833641374e+00
5.896399937768981303e+00
3.145921373908707963e+00
2.708452374658968598e+00
2.571421269359303707e+00
5.751886740479376314e+00
2.193344148145732753e+00
6.021162983303414151e+00
2.662790352545802541e+00
3.085156843488456424e+00
2.552980546435637876e+00
5.648909753880561269e+00
2.559468245722359647e+00
2.796806265933696078e+00
5.160833659111503380e+00
2.586043509429388099e+00
1.558756799385772052e+00
3.083177256546280276e+00
3.182755120146092409e+00
2.511429034985091846e+00
3.075886899921828288e+00
2.032079237275831840e+00
5.372497914266618935e+00
6.198821175023788044e+00
3.153118372556157567e+00
2.246825464970851893e+00
3.268558399362628819e+00
5.488109548126610449e+00
6.073391374127057318e+00
3.297044210135381181e+00
5.531213670385339398e+00
3.023205269758600267e+00
5.942981751089662978e+00
8.110901132186622675e+00
3.026638605502533608e+00
6.121758423941182414e+00
8.375767582241918419e+00
1.637496666656239164e+00
2.777976899235155450e+00
2.757806869584332077e+00
2.594684576922643870e+00
5.141155691906378777e+00
1.517020347111821987e+00
3.271164247307781547e+00
2.970376993411665278e+00
1.603649456158479980e+00
6.027618357443303765e+00
1.539667077130096207e+00
5.798361329960865618e+00
8.437374967178049801e+00
7.973932092310533903e+00
4.943701608740918019e+00
5.655505601438012064e+00
8.147338666519630124e+00
2.525343491076943891e+00
3.360143665394970114e+00
5.613741365294890429e+00
5.633730012319190905e+00
1.902085424551836157e+00
6.302817817940724154e+00
3.286834806594012726e+00
3.391406770706139717e+00
2.665028430391894965e+00
2.910471669241675663e+00
5.330368200323411187e+00
2.162708277702466653e+00
3.071237095536651474e+00
5.062610210963566004e+00
2.428918972130779785e+00
2.781751281491340322e+00
5.569382462223453345e+00
5.530447602324590761e+00
5.843940905028643940e+00
4.984437519838824215e+00
2.405847456597762779e+00
5.568456818105921968e+00
5.639680543766582232e+00
4.848599277846146194e+00
5.990527059268670129e+00
5.294791373874142337e+00
2.903276086792483834e+00
5.242583518843044743e+00
8.016526064887422365e+00
2.326015039323674927e+00
2.549388022199559956e+00
3.224861395724606616e+00
6.317380019550091319e+00
8.383452255316120372e+00
3.272222960040477524e+00
1.553853514332842467e+00
3.320776218720387973e+00
5.559470691765449502e+00
5.503255446691612818e+00
2.727382839173882356e+00
2.549521591566240808e+00
1.502863946045742694e+00
3.105439392625351847e+00
5.500212029576657002e+00
5.250111457344807775e+00
5.925738903468506180e+00
2.824640672804457964e+00
1.641687366488335131e+00
2.513665082671228568e+00
3.224347803619304287e+00
6.207504141559727628e+00
5.825024160239367532e+00
5.895448733226057669e+00
2.969794897512506360e+00
3.249008301941850085e+00
2.645389342891085072e+00
5.448154484764060612e+00
2.986539736928238487e+00
3.324958763527271266e+00
