-7.748186951117290278e+00
9.070489929460237022e+00
-1.138977035203583910e+01
-1.677492910722109798e+01
1.515324935227269521e+00
4.052491487515638369e+00
-7.040320053768198250e+00
-5.773431551926847760e+00
2.725613974786696758e+00
1.035601200754513229e+00
-2.033026337742697365e+00
-1.373039112446534205e+00
-5.199106888875490995e+00
-6.400207905634260896e+00
-4.834498013508593317e+00
-1.566615768347870130e+01
5.954137070318134306e+01
-9.416357225584278012e+00
-5.823110135255191722e+00
1.490783223226272014e+01
1.579340739930783855e+01
4.039299434560942359e+01
-2.253128347959241751e+01
-5.253806382887854909e+01
-5.640255463309983952e+00
-1.196880901079161674e+01
1.448417615331725017e+01
-5.716086156924587414e+01
-4.052595547624534333e+00
-9.046147013823429006e-01
-4.783439389955290721e+00
7.176952666077511367e+00
-2.448647977916365903e+00
6.570277944129415459e+00
-5.499808268216028750e+00
-5.754453490209826327e+00
1.338045360759218738e+01
1.252492942078805527e+01
-1.342102677520705356e+01
-7.913473921483003437e+00
-8.012333462217696933e+00
-1.993884429623335564e+00
-5.484634362974506416e+01
-1.179515463950733078e+01
-6.347722996180593213e+00
-1.442536271921743207e+01
8.886551046892776640e-01
-1.156591547691218125e+01
-1.042288093066690635e+01
-1.165316832148828041e+01
-1.079773297979430424e+01
3.961625274608664427e+00
-1.665130319751796151e+00
3.280372886238907881e+00
-3.222752573935409259e+00
1.740752591658818460e+00
-1.579406718115176034e+01
-2.113843494833655257e+01
-1.243690569601085372e+00
9.036151885833021424e-01
-1.075334907614373492e+01
5.544485999346576932e+00
7.487826442506658964e+00
-3.208692759545115791e+00
7.608790785487286712e+00
-1.915488577515574065e+01
4.818977896720895160e+00
-1.131514519430744770e+01
8.395042231238335262e+00
-4.781510305636582103e+01
-1.407897819339345347e+01
-8.493846336964779198e+00
-1.509545067199431401e+01
-4.751847186704864612e+00
-1.664701514800077575e+01
2.549930787731227610e+00
-5.761181867250229516e+00
-1.912660960929223108e+01
-1.342700138017268330e+01
7.140920782782274046e-01
2.184805274691697718e+00
-9.471854777662755964e+00
-1.397583995041649985e+01
-4.197577382280002212e-01
2.282416689522293041e+00
-1.469571248343423520e+01
1.114393339337105715e+01
-3.307682841693889486e+00
1.610176504011207044e-01
-1.619788954684061366e+01
1.073572959561009554e+01
-6.758595551420327752e+00
-1.400925434072267706e+01
-9.451485005151937457e+00
2.747252751961156036e+00
-1.103034069711601717e+01
-1.188382062564286912e+00
-3.435757099213347487e+00
-2.363580409460155352e+00
-4.613766053929865052e+00
-9.149464443949284487e-02
-3.614918473998699255e+00
4.938544960106958115e+01
8.349070231877192327e+00
-1.786117516869907718e+00
-8.490289137748874282e-01
1.071594528020885662e+01
1.094731038233123854e+01
2.261705954899085214e+00
-5.261277535793283278e+00
-1.328520562184698406e+01
-1.166186908024459967e+01
-1.331420069125159955e+01
-3.150812419843674661e+00
1.044482424542579224e+00
-1.446443952520797893e+01
1.127643089531657949e+01
-1.561588827506022881e+01
2.642670054464232976e+00
1.003200674929753689e+01
-3.980319266457883032e+00
-8.030779805049320430e+00
-1.299166405377246747e+01
-6.818902338203031377e+00
9.782328586246705981e+00
3.197488954858656030e+00
-1.225845321378230324e+00
-5.279842116030836507e+01
1.214210341871826415e+01
-9.710411399744927508e+00
-5.358334474977084483e-01
-5.618206912304842149e+00
2.177978713135360067e+00
-2.027784979803987397e+01
-1.627362117140948783e+01
-1.941826626130153954e+01
5.615468010853376768e+00
-1.638255311215422694e+01
6.341597929958126656e+00
-5.235344491106289411e+00
4.774960033821443517e+00
1.440174616615409775e+01
8.965423132989130295e+00
-8.630252822136682767e+00
-4.516197013546943140e+00
1.614358856269859643e+00
-5.384655920608452107e+00
8.495794712772195112e+00
1.959869788847328209e+00
-6.210116377127363307e+00
-1.337263845933577500e+00
7.388420593683520110e-02
-1.253007718329216402e+01
-1.186419502624616484e+00
-8.052076231290186570e+00
-1.598431659101952107e+01
1.322481449277680099e+01
-1.945395463147391979e+00
-1.357925989500625974e+01
-1.956819381503336785e+00
-1.245944789274923892e+01
-5.362977344667271495e+00
-2.645082219483811059e+00
-1.139559534264155616e+01
-1.698799482243082082e+01
2.480329087274341759e+00
-7.261972827933774965e+00
2.384156375514564274e+00
2.713211069083783400e+00
-1.370101987801389498e+01
-1.090258915302028697e+01
-9.249150831538912598e-01
-5.912518741528373312e+00
2.254687874884808707e+00
-1.145300255349478391e+01
-2.689030766769860747e+00
-5.155580743237536012e+00
-1.580476451937673232e+01
-5.677017959583253059e+00
5.355069180980817123e+01
-2.099161976194521628e+01
3.588091982809899605e+00
-1.295632984653674669e+01
-1.255807279679672206e+01
-6.382452728943192710e+00
-2.120700787420848599e+01
-5.450874614017564568e+00
-2.053581600668849205e+00
2.515423555200996475e+00
-4.589408637946888803e+00
-1.812904916471701711e+01
2.327583484804648606e+00
-2.776523644443287253e+00
-1.282974401412091936e+01
1.357967242383844564e+01
-1.215526090804416981e+01
-4.056886897190452146e+00
-5.639316546478893599e+01
-9.458942526699900100e+00
-1.451124516685116816e+01
-1.186720684370692425e+01
-5.242869914966846068e+00
-6.065441042723577425e+00
-1.299930665814787289e+01
1.628335837617620996e+01
-1.407387057082111426e+01
1.202704901135945192e+00
-4.634735234399883552e+00
-1.328468621658282700e+01
-7.559096316931771753e+00
1.034183014842359682e+01
-5.210135893062229684e+00
-4.681421224438750528e+00
1.765380761698850165e+01
8.565536962461251846e+00
-6.969866307268077321e+00
2.368327375907639976e+00
-1.383878990077781168e+01
-1.476441880169204524e+00
6.825889841282759107e+00
-7.042431131915023457e+00
6.371815105337191198e+00
4.215516429087188044e+00
-5.154104343646849884e+01
-6.063996319969788829e+00
-1.562556481306472733e+01
-7.138122245697658741e+00
-1.692175080870813986e+01
5.558291209908617247e+01
3.205882773496171012e+00
5.162699744596437768e+00
-1.111655204418370602e+01
-6.397987634563023107e+00
-9.434741815011349786e+00
-6.897388782161172571e+00
-8.267385019855368000e+00
1.560691008171346539e-01
-1.913696776465158678e+00
-1.416948515809464482e+01
4.473518034082124473e+01
1.109635378381268822e+01
8.343678073989252653e+00
-5.045450433616082364e+00
-1.291164648696073414e+01
-2.648370579281035475e+00
-8.125043250734080402e+00
-1.769713922453888699e+00
-1.923811546278064100e+01
1.547275849305222550e+00
-6.638985516638442164e+00
-1.034925389685642472e+01
-7.883152350697159250e+00
-2.256710503422510783e+00
-2.605754691597795158e+00
9.738820737428582675e+00
2.801303936324302413e+00
-7.607478665343734292e+00
1.023867448487209231e+00
-1.018342902837001418e+01
-2.826724068522565858e+00
7.787465150268090497e+00
1.619079956782982777e+01
2.933415584451196878e+00
-3.690338042096684035e+00
-1.331561486660240234e+01
-1.299464514882032518e+00
6.120041174183313615e+00
4.219448917705319957e+01
8.486566531612353970e+00
3.694282053519458486e+00
-6.542821536921493930e+00
4.957207590280802378e+00
-1.245438024091967577e+01
-1.630864656880393682e+01
-1.010696554228071875e+01
1.145847796163882037e+01
-3.899198246497903142e+00
5.514915802410897072e+00
6.372295684012442507e+00
2.233512738526840735e+00
-1.059283681013425849e+00
-7.997695213715161344e+00
-1.365029558774689633e+01
-5.639204499614137944e+00
-1.829967158052072307e+01
-5.682555436518867964e+00
-1.423137665090223436e+00
-1.123982977653103887e+01
1.369946232750918114e+01
-1.152966874043714540e+01
-1.032763033141938536e+01
1.655966600942799971e+01
1.635143317165666588e+01
2.217386790054433732e+00
4.587454697854221308e+01
-1.703572514841482644e+01
3.196343589257125473e+00
-8.444720867648527474e-01
1.144621052051260790e+01
-1.407039096146053225e+01
-1.119037587276389445e+01
-1.438819777591351112e+01
-4.812371095799066723e+01
3.949706614905184665e+01
-6.129377062133173126e+00
-1.068136859136863848e+01
-9.362475006420908130e+00
5.934095656026912025e+01
-1.468759345684883044e+01
1.177986484400342704e+01
-1.828592090328402264e+01
-8.695243987877319114e-01
-5.306276481097171427e+00
-7.686021693272707012e+00
2.382627029664050156e+00
-1.111719266630545633e+01
-9.599079598741823816e+00
-1.141985743384324792e+01
2.476352218621428847e+00
4.213821484978168996e+00
-5.425302262357263317e-01
6.693907357415596948e+00
-1.162599108248942059e+01
-1.190071901811762700e+01
-1.809730661394723938e-01
-1.303457117633401197e+01
-9.703205094870924086e+00
1.848284420862171373e+00
-3.141431700287455442e+00
-8.909472263616393661e+00
-1.151497858288988141e+01
-8.792432335614748240e+00
-1.107266863420618108e+01
-2.000421799007000345e+00
-6.300501202218057983e+00
-2.916706676948848553e+00
1.530326890450533028e+01
9.825013996844376152e-01
-7.142113048723885527e+00
-1.104827273043886748e+01
-2.093344949554747814e+00
7.014098843535933270e+00
-4.588940282136457682e+01
-4.072288318147840869e+00
-1.083725829491370973e+01
7.277466046756728701e-01
-9.158117746688105854e-01
1.229280970364864345e+01
-1.671440325607569832e+01
7.182008180566157307e+00
-7.731320174858865357e+00
-6.276128491960591305e+00
-4.692937517164936168e+01
1.244618829968288765e+01
-1.674035876493198316e+01
-1.105999000562165691e+01
3.810522271904858371e+00
-2.038218004961215257e+01
-4.546246039196219613e+00
-5.184505667931769324e+01
2.472344444470678582e+00
-1.532264427763021786e+01
9.163396301907553720e+00
1.159660169328412849e+01
1.738344486879341844e+00
-6.334290429442091863e+00
9.764722168271362079e+00
4.492011287117740892e+01
-7.303706608081341756e-01
-1.812553540839402899e+00
-8.674033767132456774e+00
-1.660033715406783017e+01
-4.215992535041181100e+00
3.677016344292184158e+00
-8.131189336388089828e+00
-9.481938493517233724e+00
-6.295035278618982488e+00
-1.823658680003408961e+01
1.403695819019247892e+00
-6.853470495988645439e+00
1.174637011231529016e+01
-1.099702573699829600e+01
2.918989136966544606e+00
6.870540589143999455e+00
4.705220923036020508e+01
-5.650599988467774892e-01
7.228545727229473528e+00
6.479840042027205982e+00
-1.305128167039080722e+01
9.677898369049472649e+00
9.189826832737111317e-01
-4.209834619046262105e-01
-1.169080409044914859e+01
-1.146459621643437288e+01
-8.092434097517298142e-01
-1.638382078395666497e+01
-1.022530845334628680e+01
-4.739559352236014433e+00
8.495853852784975402e+00
-9.606522451072834201e-01
-1.821185516962863460e+01
3.543035038310847540e+00
6.625046648176592612e+00
-1.338064161302477828e+01
-4.978530290635771394e+01
-1.326849890401372534e+01
4.531437282381655507e+01
6.335632822877101944e+00
-1.272248611227446702e+01
4.602781814883698530e+00
5.271375478550766047e-01
-1.135971036411747548e+01
-7.816002271006709634e+00
-7.676949390786688809e+00
-7.883581130985362506e+00
3.851985216243747345e-02
1.065079474244497248e+01
-1.764975015989500662e+01
-8.372632791967760113e-01
5.729478229317805926e-01
-1.270184370176671962e+01
-7.866820544134029092e+00
-4.144188493170531729e+00
-1.157457613084849868e+01
8.185615395034204766e-01
5.409928588706662822e-01
5.192776346745347382e+00
-1.831033296681845002e+01
-8.855392953436449943e+00
1.270048061004176532e+01
-1.100059027480483564e+00
-1.929036990098609294e-01
9.761955047643141370e+00
8.091659793468906514e+00
-7.329371311792385768e+00
4.190719539233076318e+01
-6.756469458235059733e+00
-3.589993560076763401e+00
4.019537439300570725e+01
-1.974869908443821487e+00
-1.503896404413427490e+01
8.095864599917533155e+00
8.169568653557647053e+00
-1.462891257001443535e+01
-4.343068139448519105e+00
-1.346356334397047760e+01
1.655007204387231923e+00
-9.508759867375871977e+00
4.816249703378616687e+00
-1.215323370266450809e+01
-4.910377507941419140e+00
-1.369629775198490051e+00
1.016086711913439444e+01
-3.460788684624958478e+00
1.499934601183909422e+00
-2.248373815098318573e+00
-5.257006991776179916e+00
-5.556254000424586081e+01
-6.425539450490589388e-01
-6.638206334794460872e+00
-9.838010378142016066e+00
7.751017240435530198e+00
1.274268436034269314e+01
-7.989765163114867619e+00
-2.767703251766619132e+00
-5.171451024780481021e+00
7.275422033551635081e+00
-8.011840328312700876e+00
2.360083147656638403e+00
-1.165646421614225403e+01
2.989824891105001825e+00
-5.812291855720843614e+00
-7.995595360064641000e+00
6.916699726937054038e+00
-1.478088058232158630e+01
-5.186751608791084323e+00
9.118442496677090503e+00
-1.282021781681069683e+01
-1.125462203122017968e+01
6.330608983228870557e+00
-1.430875123852501929e+00
-1.312963428905233343e+01
-2.222643696714177963e+01
-1.020072655701586939e+01
4.145808794009478504e+01
-1.202946031948695804e+01
-1.081603365268584582e+01
-1.125775617421584229e+01
1.845663637447060523e+00
1.135546253155675345e+01
-1.018466493351328950e+01
-3.496533598903283746e+00
-4.358172876263793682e+00
-1.824042740478446945e+00
-1.322343908214651265e+01
-3.916252211505764080e+00
7.426609077939090753e+00
-4.014022706518730388e+00
-9.773105530559220711e+00
-6.363207388495922601e+00
5.266811271654688653e+00
1.658748280644090300e+00
-7.911868774139918514e-02
1.828902698453987341e+00
-7.308989447636932368e+00
5.969629945757509404e+01
-7.296610475261530837e+00
-4.228364854961043307e+00
1.823313811713344990e+01
-5.004750531310634187e+00
-2.601455319531055466e+00
-4.864676980914789794e+01
-2.521046140410206249e+00
-1.835950904807602058e+01
-3.194465596524949547e+00
-6.504505234596635432e+00
-1.860456853476534889e+00
3.898082226138043893e+00
2.022035349959892869e+00
-2.862259494633121903e+00
-1.724848911515177008e+01
-9.212694574776506329e+00
-6.954543035262190642e-01
1.096815140516635267e+01
-3.719887131743845998e+00
-1.914399529185747895e+01
-1.467596062332333418e+00
-1.372257999249865179e+01
-6.393333231390428750e+00
-9.533004515999152773e-01
-2.074718680523943704e+00
-4.708101353848360304e+01
1.967240927120556648e+00
1.182575119500269523e+01
-2.049336562239632542e+01
5.195200957899857030e-01
-1.736120367563013644e+01
-9.844896862554733730e+00
7.802603805357790634e+00
-1.099331365397475224e+00
6.020215732786218155e+01
-5.818534848412071625e+01
6.341527763293206021e+01
-1.556108296293521676e+01
-3.956992214719974754e+00
-1.295157935128379734e+01
-2.752457960822781047e+00
5.786486320212745227e+00
-2.098653575752950928e+01
1.217552965165413070e+01
-1.391386762943561450e+01
-8.385335552356210087e+00
3.550583853878634955e+00
-7.158400741586319782e+00
-1.514582405452796365e+01
-1.365236289081167342e+00
1.044517067100839824e+01
-5.525343077371346112e+00
-8.999682838091260351e+00
-1.307960895548380620e+01
-3.788351275334633783e+00
-1.883655100488234524e+01
3.315197205728708241e-01
-7.170444464256092942e+00
-6.408399806334713844e+00
1.526467364302702379e+01
2.188096000913191119e-01
2.173164371577954057e+00
-1.092010541810580548e+00
-8.454973033973217866e+00
-1.593699015154237486e+01
-1.491599038732323379e+01
6.077714651426504133e+00
6.729882596223049518e+00
-4.452127815177178149e+00
1.135582732528570205e+01
-1.733853250893064057e+01
6.369003850382767951e+00
1.434668601927896248e+00
-2.644882563065777958e-01
2.399466818166729354e+00
-5.225443224298686573e+00
-8.664624383223440418e-01
7.684533889054023348e+00
-8.713091542680174939e+00
1.067201939369232377e+01
-1.712736094943871024e+01
-1.372803272458421020e+01
-1.133650853198207642e+01
-2.000731282280579393e+01
5.189790733496025155e+00
5.193308277833381226e+00
-5.387567502748140669e+00
-1.918429769303131138e+00
-1.209055699945197659e+01
-8.987724325072775855e+00
-8.404539448873990182e+00
8.385635036016836352e+00
1.050322002722936077e+00
-5.937770095441567264e+01
-8.070566391933425621e+00
5.465455371874270440e+00
-1.421821648565718021e+01
-1.492477357781835678e+01
-1.369325262360258932e+01
-4.175919096654496343e+00
-2.541381088382379971e+00
6.353777659412600087e+00
1.308552555780761395e+01
-1.696021145845377021e+01
1.520445930246050636e+01
2.946026888248454156e+00
2.045733824907287612e+00
-7.113705922818951422e-01
-1.227249549234254289e+01
4.714625826739720083e+00
1.745793195975679168e+00
-5.762963263933897906e-01
1.634947666729433990e+01
-1.809001725744381872e+01
-2.832496287229588461e+00
-7.881537984194693536e+00
-1.585861976957873765e+01
4.386055726618613448e+01
1.054567675933388671e+01
1.750854910371444362e+00
-5.305046871744752934e+01
8.136376162679297863e+00
-4.219319691245345894e+00
-5.917642707367278376e+00
2.228253802205657053e+00
1.710267529488849902e+01
-1.441609998247663782e+01
-1.683253388676192230e+01
-1.689823702633337632e+01
-1.643325657685679175e+00
5.352184595827623070e+00
-6.531315560455198010e+00
1.232772200284057362e+01
-1.072903650972246226e+01
5.413800257708629715e+00
1.626386227434835519e+00
3.830924430140115078e+00
1.582985064740131520e+01
-3.688652127146298199e+00
-9.913893710311043606e+00
-1.444585605305994136e+01
1.002628857656279138e+01
-1.684556330206632424e+01
3.930480516707305583e+00
-8.258234129877308760e+00
1.212102553833292973e+01
8.326921472625699039e+00
4.369800179416742480e+00
-5.048750884527679261e+01
-1.026166614723977943e+01
-3.620899830090351657e+00
-4.471044112057612097e+00
-6.808976732722157976e+00
-1.021302636823784837e+01
-5.618341459817443706e+00
-1.077217672139843785e+01
-5.814244162432319030e+01
7.444285017368656554e+00
-9.052399654308231902e-01
-1.005789687389240328e+01
-7.887519630650828617e+00
6.347744195251507904e+00
-8.506271826134053526e+00
4.842921552151167930e+01
-1.929404307236239902e+00
-1.061022456366492861e+01
-5.005259817178227877e+01
2.388694317293797553e+00
-3.574110278468069168e+00
3.473103324898474398e+00
-1.094103546645669667e+00
1.600375828376283494e+01
-6.032642765798229334e+00
-1.318390716072076430e+01
-5.800897312343615653e+01
-5.805620930764310827e+01
8.811083581764975747e+00
-1.696868165824369612e+00
-1.907808787820944474e+01
3.167119058466468573e+00
-1.362950620090401799e-01
-5.167422189116194886e+00
5.504637807692759566e+00
-1.799220655440535666e+01
9.037821180799070930e+00
1.360085250905882504e-01
3.597711162846337629e-01
6.470455178024138831e+01
-8.053869338426835611e+00
-1.330107402213329237e+00
1.517479157909383503e+01
-7.975833099669401349e+00
-1.064124731048707417e+01
-5.244028459041089718e+00
-3.829298106582911032e+00
-4.464789374130765509e+01
1.630891132668885746e+01
-2.642259455848844141e+00
-9.396780781515786884e+00
-1.069575111004628809e+01
-6.131928981684708901e+00
-8.288101038795318232e+00
-5.015581800879986218e+01
-1.205174651236980310e+01
-5.912114074749865722e-01
-1.026867676118793327e+01
1.045421313738060576e+00
-1.038731871896116843e+01
-1.077352533233401743e+01
4.470237149247935804e+00
2.023999848017155045e-01
4.558522973213101181e+00
-5.363679028104087365e+01
-2.005740901766633755e+01
8.254795349025400242e+00
1.540906863749995637e+00
4.179698961830439430e+00
-8.910997851807351822e+00
-1.523935706699344905e+01
-1.473802518056724864e+01
-7.134418258619220410e+00
1.266062304983414322e+01
-5.399862358929837569e+00
-4.868213286853674049e+00
9.995984676309902284e+00
-9.483664595361602778e+00
2.565783603190766371e+00
-4.048921964122300210e+00
-2.075535574694939100e+00
3.259488765899391183e+00
2.598066882544756595e+00
-2.282188059052387530e+00
-8.907848518344550826e+00
-7.590969365029920368e+00
-1.357945774388969085e+01
-6.694314553782874100e-01
9.906127322916304934e+00
-1.254903770595153389e+01
-5.302055062855586698e+00
1.027195455572595506e+01
2.629430595392108216e+00
1.603996316422944801e+01
-9.739102042399920833e+00
-6.446178065773310095e+00
6.740682180753410080e+00
-8.997704005858821574e+00
-1.984112249851634147e+00
-4.918402588589756874e+00
4.254897807714300484e+00
4.200494936435234195e+00
2.862690755527538045e+00
-2.049957514925014124e+01
6.043130684641511152e+00
5.350866430974576815e-01
-2.642114495883305381e-01
-1.623950209536559441e+00
-8.071823125916878894e+00
-1.630448800940300202e+00
-1.104005857967806037e+01
-5.158289713952626698e+00
-1.393050790127014693e+01
2.160253754976821483e+00
1.225005756867304285e+00
2.823473717746466605e+00
-2.480561688035422208e+00
2.559442343818730592e+00
1.117335904224745491e-01
-7.995118752812828689e-01
-1.592522133371022619e+01
1.087267596773017431e+00
8.183220581352372847e+00
-2.178853543390303571e+00
-3.841063908486574974e-01
-1.845470861392945494e+01
5.018609910241480065e+01
-6.913578892773543316e+00
-1.511152935928916463e+01
-1.765454851626661537e+01
2.085416352315576205e+00
7.259735987608380015e+00
-2.600111802046029652e+00
-1.062202239537619164e+01
1.422516400718990326e+00
4.761379060904218363e+01
5.135221481366491503e+01
5.859321273141631536e+00
2.199769341220175534e+00
1.428030872337286894e+01
4.856037761944270414e+01
9.434833325815247917e+00
-5.148548032464219659e-01
5.760145920754922599e+00
7.635230483298528270e+00
2.327286321102420175e+00
2.060801994260131664e+00
3.952213366406809314e+00
-3.926416104787080030e+00
1.522322366539896166e+00
-5.334581931523321430e+01
4.825183632211164309e+00
-1.226106360135698026e+01
2.339392106502771185e-01
5.679835400338973272e+00
-1.242107779447589166e+01
-3.622311586810923245e+00
-8.537710764329148105e+00
-1.268865635367907885e+01
-1.229531773897942060e+01
4.449234214052282255e+00
7.034924581229901719e+00
-3.325186634459257107e+00
-6.857585768521076375e+00
1.220645390802908992e+01
1.133831843745662127e+01
-2.965852985094798555e+00
-4.474460988234440606e+00
9.035930067817920985e+01
1.683682644999151989e+00
2.266964958230815341e+00
-6.069352973688660313e+01
1.059245568284978845e-01
-9.192949960958003430e+00
4.496665397438903256e+00
9.702947391903336438e+00
6.435127090667364769e+00
5.695704325729684570e+01
1.776402550537686409e+01
-1.315202872281845714e+01
-6.254414775296694984e+00
-1.625648106774552559e+01
-1.237068019859613344e+01
-4.352259199760212027e+00
-7.809304137268796353e+00
-1.625514297066531810e+01
1.556442135915276026e+00
-1.932068230177154788e+01
-2.364973640178845926e+00
-1.162219489791962701e+01
8.494057274998255025e+00
-1.303021044996840772e+01
-3.718444605180962981e+00
-2.115836644000687983e+01
-5.267359707549090331e+00
1.011753024400113077e+01
-1.308238779873626356e+01
-7.510279960110537445e+00
1.207387947535636386e-01
3.652778907482087334e+00
3.288866366694918497e+00
-8.664296847847026584e+00
3.530124731988180997e+00
-1.637116217591514555e+01
-1.294957095024973626e+01
9.790772725006320343e-01
-4.067945229224960713e+00
-1.498926771353134768e+01
-7.039823213817427927e+00
-8.570389162018358320e+00
-1.052127237874680077e+01
-1.326286257073481067e+01
-2.328325718427696245e+01
-1.087678139273668876e+01
1.113140246245419007e+01
-7.687307178611263225e+00
-2.250502463331973502e+01
6.293869568075947996e+00
-1.244922192834621910e+00
-8.608809823303715802e+00
-1.325359498837693195e+01
-2.549366677568556838e+00
-6.435852838985923086e+00
1.651830484671478416e+00
-6.604547829148756932e+00
-4.751032936238743787e+00
-5.263896455840068711e+00
-1.209741418806459023e+00
-1.360467280236491661e+00
1.013012233942170326e+01
-6.755431200231072353e-01
9.696448926066040030e+00
1.128404002860393973e+01
-9.541818258159338484e+00
2.006739345430531785e+00
1.389981561790989417e+00
-1.719583633892355579e+00
-4.986271614554254938e+00
4.669400676944349016e+00
-6.286061374514872568e+00
4.844728819212633653e+00
7.536680231677593156e+00
-1.891949942939791640e+01
-6.999608044181556465e+00
3.374870620002795363e+00
3.855597521248995463e+00
-1.217436084974353605e+01
6.038566969817168228e+00
3.473773167108419102e+00
-3.657536192934955466e+00
7.295536825086259114e+00
9.754790124751750113e+00
8.953805850286968848e+00
-2.956783754799374719e+00
-1.236217887281577532e+01
-9.245036923080704128e+00
-1.041055601537803454e+01
-2.317875140407508638e+00
5.226134207719923097e+00
-8.204768908317120690e+00
1.139735703600844374e+01
-1.431088454985423652e+01
2.131478388028867244e+00
1.222872132082355279e+01
-1.735840979217599056e+00
-8.289706992475885272e+00
1.448743660845146053e+01
2.730249710998265300e+00
-9.695163481682840256e+00
-9.083321887341156753e+00
-1.915615124103325684e+00
2.958388938959089387e+00
-1.118050298477805882e+01
-1.090896241880874129e+01
-6.685214811967739479e+00
-1.347621497481466690e+01
1.623601044826529005e+01
3.900218728624082587e+00
2.550764798903600195e+00
-8.337909429519640980e+00
-8.027530265532135445e+00
-3.804710587323270943e+00
1.138056528559265246e+01
1.214509414000937682e+01
1.544008767113339786e+00
-2.128133989673333559e+01
-5.132497428240725412e-01
-2.180701309823476208e+00
-2.206943861799231854e+00
-2.371708108527116110e+00
-1.128390236503616961e+01
-5.376627529643712933e+00
7.196207230322457349e+00
3.106205313646682953e+00
3.043001903891521920e+00
9.173354297758294251e+01
-1.056812207841309714e+01
1.225107810438260003e+00
-9.581777744742694836e+00
-8.748648584875709844e+00
-1.548823410997384542e+01
1.616039193103695482e+01
2.578130760840963376e+00
-5.727959228087883048e+01
-1.377352335273353390e+01
-1.938161462847183003e+01
-6.736266705752967709e+00
-5.296256735899220303e+00
-1.372847822363810621e+01
-1.388040676168482435e+01
-7.221228045590478928e+00
-1.760800436321459017e+01
-1.073123978693729441e+01
-5.455548346074863275e-01
-1.434352443036222269e+01
-8.736876762225165294e-02
-4.034170681231344702e+00
-2.515263049792551442e+00
1.177897330212680060e+01
-6.194439287065236499e+00
-4.088761597089174415e+00
-1.819611240172802979e+01
-1.156902533994392002e+01
-5.164686448277180375e+00
4.064765303701686605e+01
1.838376951585985353e+00
7.274010988539075129e+00
1.717817932564088323e+00
-6.980898979484777556e+00
9.980985814785142907e+00
-4.894312529153495461e+00
-2.882917097995317590e+00
-5.020015418495922432e+01
8.453397160635248042e+00
2.025752365709877267e+00
1.807626681526855350e+00
-7.134402454897497137e+00
3.929790812010504908e+01
-8.221378422557947374e+00
-7.725479708007640056e+00
-1.407674750603690939e+01
-1.458181894912129906e+00
2.738070624645004614e+00
1.207463396221342578e+00
-7.057620382094071942e+00
1.513396021881615638e+01
