1.068492401014218135e-01
2.895551661774558583e-01
5.291388656236607479e-01
1.233662291822368307e-01
1.524342354284837775e-01
3.093349511262834639e+01
4.112640093570084088e-01
1.671860733256385900e-01
3.349432009315292946e-01
6.968841818766366103e+00
4.062725945693615337e+00
1.008906543100431263e-01
4.123374157626676362e-01
2.524952869589542903e-01
1.491163500999906077e-01
3.769784470314641034e-01
2.596669902615972858e-01
1.396190644238013145e-01
1.199606522236178474e-01
1.153980896631220943e-01
1.639957952586851841e-01
1.220198628644593719e-01
1.364061245740507411e-01
1.429013325010728697e-01
1.269660683632914677e-01
1.066046806296886418e-01
3.767778274858210596e-01
1.079558524067468633e-01
4.542268119315682751e-01
2.530727572280817017e-01
1.163368246271031525e-01
3.212627958628270775e-01
3.601503051501614983e-01
4.530225049953968686e+00
1.311195763767316891e-01
2.851594317228141606e-01
1.817276822906304545e+00
1.421453209495812942e-01
5.228338455767330695e-01
1.782507539869063740e-01
1.900496022564788223e-01
6.890403469821803073e-01
1.187222769398769834e-01
1.421424653464119225e-01
3.827951328960260136e-01
2.430040110184233271e+00
5.244386395303086701e+00
2.826578952624671515e-01
1.031611484007296103e-01
1.217567134111820631e-01
1.636687715371481222e-01
1.209848821231333665e-01
2.152220244495124390e-01
1.799086334658322461e-01
2.168421611967433216e-01
1.605376896453518110e-01
2.093388145286554369e-01
1.257594477106658282e-01
2.039005742363670937e-01
1.148270238283579242e-01
1.258923735826401602e-01
1.046124771976033874e-01
1.064135497169900885e-01
6.487337254859969482e-01
2.468928134321940748e-01
1.648530950962775188e-01
1.925089913107967121e-01
8.684160431755982845e-01
2.194964271295855252e+00
1.306454653131109422e-01
1.416631447741485139e-01
1.431872971873180134e-01
1.031556516516599215e-01
1.968780701339944983e-01
1.222517414638458755e-01
1.397466399882462129e-01
1.560490811991732119e-01
4.196237376311601763e-01
8.567763562790093879e-01
1.086939884366669995e-01
1.334764930380136494e-01
1.323296488096229739e-01
3.010245676037849871e-01
1.098059521239810182e-01
1.074402192646207510e+00
3.315027723756597267e-01
1.955028289018251897e+01
1.118029012491441182e-01
1.482925841043109816e-01
1.741900042866479092e-01
1.094493670388589079e-01
1.043559463197057391e-01
1.306743242050912579e-01
1.353088423953980601e-01
2.288778695828682097e-01
1.975262806355406187e-01
1.231047229636881291e-01
2.298006955194268341e-01
1.392403654747347841e-01
1.280326235891111053e-01
3.207466887007141554e-01
1.516818962471910837e-01
6.206105764929265689e+00
1.375345945829906380e-01
2.135784506748981126e-01
3.474614375037644032e-01
1.381238649523334749e-01
1.066649392856129225e-01
6.881565536201974531e-01
1.493246251638525590e-01
9.847732947443869733e+00
1.137880785951493057e-01
1.495771716040078247e-01
1.180132885508568263e-01
1.037723506441457916e-01
2.827907589327170457e-01
1.030566764856753192e-01
7.082706166191280461e-01
1.051401983821066283e-01
1.672247503470894181e-01
2.015532602644970750e-01
6.548328336296690422e-01
1.163260545477567964e-01
1.596859726631265353e-01
2.272218383985702972e-01
1.018753097711101452e-01
2.045549107575042602e-01
4.334988167807613535e-01
1.325193283013037238e-01
1.715871661354623490e-01
2.168874460587834063e-01
1.425754136888834622e-01
1.113349466615011496e-01
3.013902443493676198e-01
1.699992213606589253e-01
2.051033728374421217e-01
1.421203824403490801e-01
5.287947908200281155e-01
1.301603716865371296e-01
1.536914913326501986e-01
1.394489345628267818e-01
3.121383400066086722e-01
1.906971600474441919e-01
1.173738785126512973e-01
1.181960544475108288e-01
4.641066327610892106e-01
1.081559836933096153e-01
7.462738128869587095e-01
1.051274768763351269e-01
2.562518654176686894e+00
1.424000583518154894e-01
1.140763023412659644e-01
1.106301134113729517e-01
1.632094481212243431e-01
1.252585794286441012e-01
7.620591969009093969e-01
2.574009467887091174e-01
3.837141915040365725e-01
2.091750790398833326e-01
3.326836592845459073e-01
2.612547153893647334e-01
1.068103898590755663e-01
1.664071916647609228e-01
1.008518656716928946e-01
1.643987795934733487e-01
2.070698880719849255e-01
3.852907177483798629e-01
5.724300160556525796e-01
1.349670734459941512e-01
1.061103076531386968e-01
1.078970025383673703e-01
1.284127896378260691e-01
1.210992000976057192e-01
1.826360531046945790e-01
1.068842993595461172e-01
3.261253019978921919e-01
1.326792501298002247e-01
2.956686000682663407e-01
3.032856422015254849e-01
1.192043704940744242e-01
1.013497830266674032e-01
1.529712636484201194e-01
4.442668494540922275e-01
1.066246910177726104e-01
2.134510441846170226e-01
2.306508177461694398e-01
1.168917793272100519e-01
5.465892201668339778e-01
1.116599134666060866e-01
1.198873412237086433e-01
1.281398025929898765e-01
1.264762362640055315e-01
1.242352309189213022e-01
1.581761537906854753e-01
1.727849532831398360e-01
1.100188291859698908e-01
3.797775517143449076e-01
3.952007774874562451e-01
1.599912392805736272e-01
3.856174085219814529e-01
3.545582372432725116e-01
1.255308063162355048e-01
4.299428300705248063e-01
1.901473647222270413e-01
4.944291824462371254e-01
1.203280626661276109e-01
1.075173956108414208e-01
5.850577768477127627e-01
1.023063937528078671e-01
1.581163677378289445e-01
2.096868415174713562e-01
1.189406153054362314e-01
5.984469221269064221e-01
1.411068439083531523e-01
1.157698970920938986e-01
1.400700292466900698e-01
1.139020320925519247e-01
1.194050246417845823e-01
1.796796946466938938e-01
1.259865174732861803e-01
2.351605322087514383e-01
1.116320205817083189e-01
2.492397610977405142e-01
5.511945212739001176e-01
4.848244997365812603e-01
1.250577863253438948e-01
1.142553447977046055e-01
4.784069352906468175e-01
3.477469835112888541e-01
2.009164973092909257e-01
3.086511632776109959e-01
5.757582883073306679e-01
1.188166012135482980e-01
5.075628512766484635e-01
2.808473145443089458e-01
3.573058653861857503e-01
1.244557169800387247e-01
2.233861375543912953e-01
1.160006603361358607e-01
5.181431772238322964e-01
1.431450156066205182e-01
2.207981711633584809e-01
1.602058155987955423e-01
1.710495442635703855e-01
1.434206005290581121e-01
5.693519274957828946e-01
1.118062887743225264e-01
2.641722181518591506e-01
2.254211615310979244e-01
1.430033339092606215e-01
3.595212118337125062e+00
1.191054322992182862e-01
1.146422117194521584e-01
1.051916498652045590e-01
1.760905601032253798e-01
1.141039375327519284e-01
1.038528336747196329e-01
5.485417818097885201e-01
1.673339095181739233e-01
1.128940992904678420e-01
1.079576066899946424e-01
1.292879810898918680e-01
1.803138614852186628e+00
1.417920118731652024e-01
1.010291140124497250e-01
5.508847328582071601e-01
1.406863776966101320e-01
1.087442220152714800e-01
1.724168489209210398e+00
1.199316267264153302e-01
4.600627094145422369e+00
1.506789677624774393e-01
1.390263758691606677e-01
1.290132887093499714e-01
1.006064571251430451e-01
2.222359667544284434e-01
1.340134323168672148e-01
1.339232883666627572e-01
1.242181245550453561e-01
2.239756267035336590e-01
6.466136327258995564e-01
1.682621660793221230e-01
1.264948053174911047e-01
1.147881292605752723e-01
3.547364968856227541e-01
2.457319574341454427e-01
2.204737194748959128e-01
1.342539775563062199e-01
1.887971461861991662e-01
3.411242611989716012e-01
3.568821660559995390e-01
3.177894821945439485e-01
1.307872421126512752e-01
1.498672523889807151e-01
1.865103013627565920e-01
1.423090372742766008e-01
2.128704151023680657e-01
2.384200197420799361e-01
2.191405611538892462e-01
1.192051745931965306e-01
3.357985203551034914e-01
6.662974444374344385e-01
1.455384816151869820e-01
3.637192549491541915e-01
3.792798684215848981e-01
1.031837022429152734e-01
2.000125669670545503e-01
1.282912714562629564e-01
1.453892874253575607e-01
1.160323914973734605e-01
1.137542854960384153e-01
1.280076847730909073e-01
1.859133501219796258e-01
1.948830351177329723e-01
6.235598461890932143e-01
3.026408707358555494e-01
1.988924207597069505e-01
1.505089958523534444e-01
1.530889114577269061e-01
1.235170010771250437e-01
2.045719363040277017e-01
1.030062749670348776e-01
1.318032243956756000e-01
1.987408906277976228e-01
1.501429462037662255e-01
3.425074711851741061e-01
2.374708891042738024e-01
1.833516877967029945e-01
1.594783415935476512e-01
1.107533516207003105e-01
1.317720426862436234e-01
8.441118583326308045e-01
1.301688074446878118e-01
1.375476267808196373e-01
1.020055307427659985e-01
6.064253912084933695e-01
2.421963829615126906e-01
1.077266672555459853e-01
1.039535310413949587e-01
1.476832197082131870e-01
1.266311008602054033e-01
1.064663087124465835e-01
1.092202266602980143e-01
1.348169095527499139e-01
1.039539359332677604e+00
1.849082387558143026e-01
1.451732846115352249e-01
1.734049833971799126e-01
1.036505700759701165e-01
1.353085013399256409e-01
2.092852399305970224e+00
7.994460595994400398e-01
3.033332708786118381e-01
1.784957510942622727e-01
2.139472827057928850e-01
1.437514592489705367e-01
1.201466388529298102e-01
1.394876694650467597e-01
1.164645639731982096e-01
1.872301412080826510e-01
1.063174186561108708e-01
1.259312956453390586e-01
1.327516808168281159e-01
1.082791945746760798e-01
9.258352268183975831e-01
1.595472038191661224e-01
1.067567279262666979e-01
1.642082834248600465e-01
1.121294680906378682e-01
3.797508697749245599e-01
3.819686672106610281e+00
1.243032502067952932e-01
4.156025447259915073e-01
1.066306903582852628e-01
6.519071704027504799e-01
1.291629382569647322e-01
1.189559820673547486e-01
2.881661450367259292e+00
1.924714901808053935e-01
1.099456677025987816e-01
1.714685325259975579e-01
1.051990910660072082e-01
1.543929298717918175e-01
4.055941874908217670e-01
1.212249579747140538e-01
1.472007807289461290e-01
1.414884202210335007e-01
2.827056472513299612e-01
1.453035329969782075e-01
1.698791807869003412e-01
3.461217577453033489e-01
1.080877973228629163e-01
1.483430326777934738e+00
1.775588561161465517e-01
3.032571530982988151e-01
2.024400066544569110e-01
7.393089858506557421e-01
1.032899409254687262e-01
1.014801513948953710e-01
1.035759633488949394e+00
2.684328785810882745e-01
1.732759942211065107e-01
1.509138629074674443e-01
4.057475471826180180e-01
1.445681093361748382e-01
3.613423614772145465e-01
1.631996783073382806e-01
1.423752346411934766e-01
1.122410326999622038e-01
2.189736387676575746e-01
1.066169047852658203e+00
1.535633315513978969e-01
1.786567059807295799e-01
2.162749078119267088e-01
1.473423018432191423e-01
1.368006455064527394e-01
2.011567062273439677e-01
2.098276728580001083e-01
1.501963658767483389e-01
1.127999373370429659e-01
1.617813037214202998e-01
1.140182976955817634e-01
2.510430134000697922e-01
1.240982071335899883e-01
2.285755974392641443e-01
2.439121651083349662e-01
1.255103558201685621e-01
1.562691605524697824e-01
1.262118287691511020e-01
1.273002204571144214e-01
1.279511678842285560e-01
1.736175841054820868e-01
1.007911072761088767e-01
3.101539120729049359e-01
2.121019234670765141e-01
2.979783168067177135e-01
1.679916420695356516e-01
1.020594890709358993e-01
5.860551784263636321e+00
2.367981028380174990e-01
1.288141946661127135e-01
1.144479467148732249e-01
1.290113220282101958e-01
1.026947641573045245e-01
1.652192143584415018e-01
1.136274546227197813e-01
1.890552661878316110e-01
1.800280888237014709e-01
2.252263419423153890e-01
3.079587172563587605e-01
1.875108306160624960e-01
1.691466895445013385e+00
2.269928722153523593e-01
3.321165974510176255e-01
1.538607052897975058e-01
7.815440367729497018e-01
5.809076615385343478e-01
1.263798574755280457e-01
1.513080312401824390e-01
3.199941768795135366e-01
1.166313634464266613e-01
4.518061419696314807e-01
1.405074843804480444e+00
1.140076713382354029e-01
3.929564833029191018e-01
1.371606407331656952e-01
1.464054748269260631e-01
1.408376612005934059e-01
1.144393771182024705e-01
1.294222847537703502e-01
6.014979823144501747e-01
1.265854356319182084e-01
8.039969960435358054e-01
1.201117185469060822e-01
1.756030185481203265e-01
1.155566874173810654e-01
1.213928269678308108e-01
1.378900005259642014e-01
1.200765775099156968e-01
5.015852241438577552e-01
5.351485400610199727e-01
1.883341319418452287e-01
2.756996494863150349e-01
2.756069452486506477e-01
1.539630130276060938e-01
1.112442824806378489e-01
1.489894830876695719e-01
1.782586789084263101e-01
1.252974217093129339e-01
1.305549365621330449e-01
6.926875366985023597e-01
1.616994903602746447e-01
3.418310026845303717e-01
1.052692847351618666e-01
2.271099708254972482e-01
1.167843654363833611e-01
1.041587197060327985e-01
1.019582253804078409e+00
1.070652046629805981e-01
8.578477109946576196e-01
1.147580184778827506e-01
1.760474740857052023e-01
1.213175095392080016e-01
2.361122086791560548e-01
1.953917478444238132e-01
1.054369576786853557e-01
1.104678145438934556e-01
1.757104017798570839e-01
1.386783184496146459e-01
1.251719191815838794e-01
1.052371866160118768e-01
1.096991577136945673e-01
1.961968664305751009e-01
2.106963156274838100e-01
4.976460305753169222e-01
1.219863375846930165e-01
1.315616755559854412e-01
1.558401343638246839e-01
1.422676248282484790e-01
1.686011921195720575e-01
2.549669631876662623e-01
7.456287195050727012e-01
7.892480143533046055e-01
1.268392201485092075e-01
1.291414161761345603e-01
1.073058341518349779e-01
1.449244021567651364e-01
1.188309763463187285e-01
1.799342250039523139e-01
2.287663729598306550e-01
1.353302890734525421e-01
1.189352728036382340e-01
6.877549325404677116e-01
1.744483031465311751e-01
3.087108081210974131e-01
2.652872528028116239e-01
2.221638144938830328e-01
2.264370790447123860e-01
1.134192458324322639e-01
3.985977218327263483e-01
1.069747577961168289e-01
2.146583221295927935e-01
1.353143246670114042e-01
2.794333603621835249e-01
1.062009222100049333e-01
1.900047702071271383e-01
1.258969656435258988e-01
4.709964064927296690e-01
3.350354327238549978e-01
1.956002301661499132e-01
1.059051901744790386e-01
1.482425316302977136e-01
1.177840286755650334e-01
1.079836874643076289e-01
1.429446076044410541e-01
2.686240383524506559e+00
1.418414425120081146e-01
1.435453062148901449e-01
1.115959276839044723e-01
1.077243282119846601e-01
2.208950769962278182e-01
1.615020086925049725e-01
1.035235979236782539e-01
2.933969605776332590e-01
1.814366401077792401e-01
1.036022680699087761e+00
1.395419320877624714e-01
7.898272364310318094e-01
1.839916221168395871e-01
1.658712191593907370e-01
2.588056213768001879e+00
1.140351936911199737e-01
1.059964882370958011e-01
1.478997628695670197e-01
1.623535359380314791e-01
1.997587888544740953e-01
1.188482402388517239e-01
2.669763363035970172e-01
1.274416747322571764e-01
1.236115460890146595e-01
2.143775748945548620e-01
8.373949402604123904e-01
1.393984318832503788e-01
7.319989184569014595e-01
1.497027943553982110e-01
2.516769223918342013e-01
2.920330162392522411e+00
4.719040458520485370e-01
2.833713248511961491e-01
1.417315855994248641e-01
1.424729894996155377e-01
1.410814185003874399e-01
1.087894327795146526e-01
1.535850497373237589e-01
1.679883737583130143e+00
2.309736944367040135e-01
1.744606256013527812e-01
1.350217414303402086e-01
8.853971785373119241e-01
1.314315606317532359e-01
1.633275657035007933e-01
1.427282218324278096e-01
8.067964189006154863e-01
6.610049909155324421e-01
5.508524652138181432e-01
1.022515427241413449e-01
1.521749126700411847e-01
1.617496242337420342e-01
3.552291735574013565e-01
1.212531918125247243e-01
3.966650760775701778e-01
2.669292077117928486e-01
2.124486594215017898e-01
2.290796153557718429e-01
1.057161063371245824e-01
4.157987252065005745e-01
1.123799274827839700e-01
1.200956213497816893e-01
3.948151328559249551e-01
1.553845585919970407e-01
1.931766189835154579e+00
1.005088223979963974e-01
1.106583781763123553e-01
2.130463384734159193e-01
1.171693354366818013e-01
1.445750185156420287e-01
1.525050621787263638e-01
4.143507877796501759e-01
1.373851718097013619e-01
4.050582468724232554e-01
1.185354186972363832e-01
9.605512295890816787e-01
1.947558278536458687e-01
1.381117160736623273e+00
2.624303950953941200e-01
1.182349647990764974e-01
1.369975842193814353e-01
1.859762797588856986e-01
1.824361301645421318e-01
1.833272278221173834e-01
2.406819746778916247e-01
2.261451691742510661e+01
1.132537637942363506e+00
2.044419366928724446e-01
2.146692409203716512e-01
6.737954797537073492e-01
2.776214880690850428e-01
1.324397815142384360e-01
4.995300357256627355e-01
1.233876921114777092e-01
1.813357070849194452e-01
2.006640714566109984e-01
1.088186697422699051e-01
1.031159563929140710e-01
1.636717100486964338e-01
4.144123456653265314e-01
1.821671663289071708e-01
1.232529742623096891e-01
4.497999927261342457e-01
2.924197955400271165e-01
1.319283868251399650e-01
2.096077668580723641e-01
1.093481183492072406e-01
1.524481978938845572e-01
5.050545182608944250e-01
1.305162303565340798e+00
5.006742743553043162e-01
1.146271420110147876e-01
4.198568075470783256e-01
1.733046705583806968e-01
3.879131773555289930e-01
4.787109901862673933e-01
1.110881390059488827e-01
1.209766378294093309e-01
9.525437391680514621e-01
1.006452305224394828e-01
1.670013609381710562e-01
2.158196527720426805e-01
3.230374677483053847e-01
2.983740736960893702e-01
5.795170447016544379e-01
3.180377507243210555e-01
1.435803367465692260e-01
2.875404753437122429e-01
1.054448423615476638e-01
3.314979644618690768e-01
1.485727380425118094e-01
6.033963131383118794e-01
3.827802839630033205e+00
2.576520821559284968e-01
1.494042661832097607e-01
2.410475253130052453e-01
1.002095068317488541e-01
1.488418854026153648e-01
4.761588903994058986e-01
2.496308470953138292e-01
1.917210892384876297e-01
1.726709862163579579e-01
1.319129726233252975e-01
1.014319978476068418e-01
1.086454578596578319e-01
1.371948809391204394e-01
4.069654302700401738e-01
2.817924706095514265e-01
2.792830086037607629e-01
1.275805802241353204e-01
1.967658765711723268e+00
3.098654669958346153e-01
3.428464236660920261e-01
2.156250857894130568e-01
2.201116200231084896e+00
1.552177038360806338e-01
6.475353833845652218e+00
1.577277174479506106e-01
4.938599732256849784e-01
1.051344302070657960e-01
1.032386523794654593e-01
1.253201962141454462e-01
1.031422797255124035e-01
1.135494778885082767e-01
1.884821488916819110e-01
1.311096000081306279e-01
1.556716665391512100e-01
1.916918079514138284e-01
1.454268328501386043e-01
1.159142275844289860e-01
1.004947920672435990e-01
1.293793866335032905e-01
2.813060291062345897e-01
1.077418503523215887e-01
3.405989109374792378e-01
2.872764491777867746e-01
1.012087898249327544e-01
1.710851475603347716e-01
2.333550659586087483e-01
1.095840410555693617e-01
2.043363609334253594e-01
2.201149235462687148e-01
6.747234455103636730e-01
1.577109782113635283e+00
1.019182156061484712e-01
1.236860823579349067e-01
5.137467887234414832e-01
4.504098779990710621e-01
3.270552974778607735e-01
1.252633347873155223e-01
1.100866051891378761e-01
1.169209097329628189e-01
2.238661291805087716e-01
1.265847435157961554e-01
1.113831904782384141e-01
1.013546724734018190e+00
1.185664353423339645e-01
1.801811073064830959e-01
1.123746509028791529e-01
1.452947093965900605e-01
1.652217182861962508e-01
1.126172478391494203e-01
1.233685150637936351e-01
1.116904226979838627e-01
1.774643509167705968e-01
1.292189374566105886e-01
2.328021943592478160e-01
6.631736996812747087e-01
2.625152909380326083e-01
1.283010574834501649e-01
3.003181326580667276e-01
1.312957378787576734e-01
3.752441782690467686e-01
2.963484124729025559e-01
1.776935842853266667e-01
5.825482978416471891e-01
1.547976048029567009e+00
1.653493067242075565e-01
1.101809502242583200e-01
1.044720857301533051e-01
1.793857791796429346e-01
1.090949885577317952e-01
1.180569928541223695e-01
1.020180771368061623e-01
2.654261586910419135e-01
2.837767739913290010e-01
1.546205726262484537e-01
1.965139411671755210e-01
1.638126891001193963e-01
4.046078087623108388e-01
3.058920566674061536e-01
2.519377166473857343e-01
1.078687632282600561e-01
1.474405337525238335e-01
2.239342170875319171e-01
2.223079361020763867e-01
1.019505948370032500e-01
3.009982324221243122e-01
4.723093364067948996e-01
2.552846729894375777e+00
1.360143912261073396e-01
1.142292170123096889e-01
1.042379039421218040e-01
1.013832853071749140e-01
1.223892135904454392e-01
5.696460631699186150e-01
2.102733576670452464e-01
1.623549144073561934e-01
1.273575678576056858e-01
3.172973659373954924e-01
1.116445275098691403e-01
1.983330818569018217e-01
1.347750323971603770e-01
1.465139642458572478e-01
3.659123736074467725e-01
1.361993567509721392e-01
4.223948972152518633e-01
2.142664402818590108e-01
2.898390985966190492e-01
2.035611547956836243e-01
1.302098383020535433e-01
1.254603961934498968e-01
3.556912096330453465e-01
1.162361158977254005e+00
2.849054459234052206e-01
1.143603926405338811e-01
1.280280139877366108e-01
1.212573925031940336e-01
1.694956027814201460e-01
1.126108078832349091e-01
5.999645261495328841e-01
1.314682658710620011e-01
1.229453671765306927e-01
3.152153284861624050e-01
1.672414094763249870e-01
1.274902589469647796e-01
1.923541604862601950e-01
1.882716525095928795e-01
3.324618173683626665e-01
1.141032913362728385e-01
1.593782910501663208e-01
1.854122043595215485e-01
1.172323991554476141e-01
1.395356011587230161e-01
2.668708086600201645e-01
1.494845146564374172e-01
2.605851107327210592e-01
2.845532747655966088e-01
1.163649877810530198e+00
1.022159899677419354e-01
1.096438055435220715e-01
1.103198730641159475e-01
6.998531693577929591e-01
1.141368014362392214e-01
2.016251259613708047e-01
2.149167468220583022e-01
4.437930281904437502e-01
1.077345559619620197e+00
1.235809694638339007e-01
1.762125238610305622e-01
1.656291227680353195e-01
1.548485974303492885e-01
7.592465999433127832e-01
1.029876645277282982e-01
2.070549125840052962e-01
1.620399958088481474e-01
1.387571894686979723e-01
1.032639587966993622e-01
6.725813302297070084e-01
1.400309723048555888e-01
1.250992424606884312e-01
1.118220522993247368e-01
3.384698018794166097e-01
1.011466950388198449e-01
4.251313393988571665e-01
1.038136356443224023e-01
1.045209370222626860e-01
1.417248646051990357e-01
1.643630448675409972e-01
1.951509523792506473e-01
1.524343577516093784e-01
1.272395370519099900e-01
8.093991388201283721e-01
1.082788663720933436e-01
1.087596663672379949e-01
7.692727816353541748e-01
2.256142131760916492e-01
1.205473787507398975e-01
1.870128858580284992e-01
1.673718361735769378e+00
2.596160093747910125e-01
3.443813879895016306e-01
3.449412208357069409e-01
3.380857107868728284e-01
1.111040932597723296e-01
1.009483217409002376e-01
1.330687615028408322e-01
1.229249141815769025e-01
1.744036627923786220e-01
1.027928234145798758e-01
1.020449832655852956e-01
1.861417768478958179e-01
9.591736871039060475e-01
1.109670931941224847e-01
1.701483387004434356e-01
1.126113306275780268e-01
1.341340305112657671e-01
1.398515390659409441e-01
1.403194976890216605e-01
1.014408425103009714e-01
1.392977748113512604e+00
1.118101683963850235e-01
1.313938794381665776e-01
2.732753227428721954e-01
1.456381501945834545e-01
1.137450084153233398e-01
3.195751186566053725e-01
1.203793129842820608e-01
1.912505266443733642e-01
1.083560215680440808e-01
1.727884278378413185e-01
1.011522818317891342e-01
1.218481412062588504e-01
2.667744149021646916e-01
1.562536901717669069e-01
3.793431062755632799e-01
1.003618344072539498e-01
3.972256449715255711e-01
1.228307410186183085e-01
1.473411990256319748e-01
2.655255898732603037e-01
2.086768800729383866e-01
6.714460620240149114e-01
2.513411637557909084e-01
4.495614445248348190e-01
1.419471107036206770e-01
2.456669229263691856e-01
1.061020293042196222e-01
1.372221398880350829e-01
2.562470617466698908e-01
1.084994721153074021e-01
3.812905015780566620e-01
2.401566597029543559e-01
1.070224249523190063e-01
2.512226018798677241e-01
1.852756721353210567e+00
4.044694739199249378e-01
1.442783373583138573e-01
2.122292145274542186e-01
1.381824196642021663e-01
1.759235289988531348e-01
1.621720528672493944e-01
6.902306470233532387e-01
1.424490465071724665e-01
1.634177208915325030e-01
1.408965651750803683e-01
3.566686851461711161e-01
1.937698736488925044e-01
4.873236804495595376e-01
1.171096381828055782e-01
1.308284918282778264e-01
3.067505708126414543e-01
1.788887318167589335e-01
3.425563102078048594e-01
1.722679654520032633e-01
1.659962718322353092e-01
1.129348948047373541e-01
1.729398286860315825e-01
5.020158598964317154e-01
2.005429448178989160e-01
2.158631687877715921e-01
2.716920919228578146e-01
1.594396316378619560e-01
1.770908109977715472e-01
1.046930600317946686e-01
1.573454918397915181e-01
1.245337796800331659e-01
1.546689359638380168e-01
1.004781438383723913e-01
1.502686242352373913e+00
1.940665246775900021e-01
1.555098937338258436e-01
1.257945521592323812e-01
1.124073430772367516e-01
1.036747479332525146e-01
1.904641789466911261e-01
1.908010353358799982e+00
6.558160824265799604e-01
2.323903118978560833e-01
1.475318945915974067e-01
1.256666271496424681e-01
2.421668014192545348e-01
1.252123777908576985e-01
1.297209898675252548e-01
1.603241501657315660e-01
1.060696757524326461e-01
1.328941403508360208e-01
1.075740337968979499e-01
2.262862299242788533e-01
1.981264905422837341e-01
3.620613881517475985e-01
1.931460556506309767e-01
1.897440705851498322e-01
5.480713936591162794e-01
1.577344471061528919e-01
1.498169740281237727e-01
2.046279608368928304e-01
1.697329795502458827e-01
2.331713624015809838e-01
2.049945996741271148e-01
2.624022174718703138e-01
2.857486791219622235e-01
1.002839220759294270e-01
4.597791115301578246e-01
1.667805737692087398e-01
1.659830664434389091e-01
1.183926967280188730e-01
1.391937874338549930e-01
1.339421811064319123e-01
1.182240664332577795e-01
3.132826854359045399e-01
1.894408973119530992e-01
6.335062656101531076e-01
1.241304470833255735e-01
4.970704229468029256e-01
1.094339919835393693e-01
1.473889510537238767e-01
3.173887137486612331e-01
5.101646269174483495e-01
1.030820293675625277e-01
1.075152496880673464e-01
2.749385605909814845e-01
2.170457546852935793e-01
2.382007827772941733e-01
5.152865679719161873e-01
1.680618339374690684e-01
1.562839566807411873e-01
1.222320770189443961e-01
1.278538607540661154e+01
1.233809781855719212e-01
1.330068349985582821e-01
1.080613229586451091e-01
1.600393032594774612e-01
1.271246767078285378e-01
2.023399130241785027e-01
4.078374996620495185e-01
1.387631861894240703e-01
1.226253100721956257e-01
1.347316606840231745e-01
3.204161469473978952e-01
1.043825905772915452e-01
1.283920603182515385e-01
1.224358981165343252e-01
2.066770270302332735e-01
3.759681078372980045e-01
1.208550405689496482e-01
3.482523899554577640e-01
1.333281645024552708e-01
1.476625196787509642e-01
1.200831412619952632e-01
1.642056147398897936e+00
3.099343042147596483e-01
2.213320145020225282e-01
5.279417526126026772e-01
1.083707795994681561e-01
1.710369431673881557e-01
1.990535117480676242e-01
1.011238928481466015e-01
2.082807298582498579e-01
1.904081326510874694e-01
1.273474705910027649e-01
2.714353575686171971e-01
2.232222280981305540e-01
1.310280497007784151e-01
3.267204659288444613e-01
1.256426672675275968e-01
1.356154790079132921e-01
1.186841985964236373e-01
3.969775675386920888e+00
1.726440467284493796e-01
2.235613249314160889e-01
1.088616774904928586e-01
2.627472142555514756e-01
1.564875235284351185e-01
1.258885899488089988e-01
1.227870454726425753e-01
1.020552923384670657e-01
1.210431238862088171e-01
4.667655685064915905e-01
1.641187642527343615e-01
2.822554252454287371e-01
1.231286394745562673e-01
1.639918615329185592e-01
1.644942983739635656e-01
1.360927287702947130e-01
6.081487957758313634e-01
4.599215703497969709e-01
1.094604687549795563e-01
1.140518178723511772e-01
3.686756805557990790e-01
2.345580879028215660e-01
5.504858861451553675e-01
1.401879943202255230e-01
1.485175580031043718e-01
1.034838459202255256e-01
2.272851317497471269e-01
1.279045394518547596e-01
2.123091226462630043e-01
5.549883174717046286e-01
3.620144133212224724e-01
1.402212306648066009e-01
1.249312535999081153e-01
1.172276420872290087e-01
1.756531871832507086e-01
1.094758092963609014e-01
1.301082481059433471e-01
1.294578764591619024e-01
1.363449589156438824e-01
3.357691190122011893e-01
1.403785218687345071e-01
1.646683430935223236e-01
1.922380192455245551e-01
1.931945978253631457e+00
1.504962519433221124e-01
1.341939933724622391e-01
1.215440145010943385e-01
1.510308085009843537e-01
1.008993378743654745e-01
1.100087463882035710e-01
1.009380059344685554e-01
2.896841879962205879e-01
6.105324324981157291e-01
1.490918245560997613e-01
1.302857856523535474e-01
1.166021866796703166e-01
1.631574873498022327e-01
1.554604631801581871e-01
1.128966463842122625e-01
2.105390104420038766e-01
1.495951598681321826e-01
1.092578282865717815e-01
2.780675925853627328e-01
6.609130188485442536e-01
1.722103466356858237e-01
1.237955709881794625e-01
2.705313031364652288e-01
1.046286176986087196e-01
4.701458550326127472e-01
1.150044622637633324e-01
2.445463767729967042e-01
1.314696294097688067e-01
1.130531126969161582e+00
1.770554935901250404e-01
4.121906774556568509e-01
1.353741175124171525e-01
2.698902530976098890e-01
2.341057250813206592e-01
4.947382812666487606e-01
1.231773617866382536e-01
2.493873385782797159e-01
1.076599988585768553e-01
3.856837067283188647e-01
7.848528243986310216e-01
1.349579515867772028e-01
1.041778291609713469e-01
1.974991107863597606e-01
1.561183945738901235e-01
4.271231256382648778e-01
1.203878918677855625e-01
1.087441774946453221e-01
2.153738239964231027e-01
1.073065358012404436e-01
1.155610702647946741e-01
4.632193348918955400e-01
1.525213266684246616e-01
1.009493640774357104e-01
6.884709471094916378e-01
1.160419730060807675e-01
2.172821734521148407e-01
2.088841066280013037e-01
1.271888351182199339e-01
1.598856937141028833e-01
1.310481389872213132e-01
1.793580819795637105e-01
1.144378227988390173e-01
1.808285242657102498e-01
1.322040696623086042e-01
1.420706890464431826e-01
5.449095556182628197e-01
1.492497715322770591e-01
1.204489753648337325e-01
1.389582610211649027e-01
1.233325260210498442e+01
1.243725360399643709e-01
1.084496618087365666e-01
1.991119868011649030e-01
1.807577011878261475e+00
1.054128736365860936e-01
4.389751841297170332e-01
2.061592881809293787e-01
2.271860060081890254e+01
1.135645732145453418e-01
1.481031301131038314e-01
2.623762073698284736e-01
2.874863178522141238e-01
1.318343686596605557e-01
1.401450789137597963e-01
1.193274385533545784e-01
1.342839573527707386e-01
1.739327488269331312e-01
1.261264949252412226e-01
1.428266587184175151e-01
1.615941097938887738e-01
1.004355334298891178e-01
1.071459106137046952e-01
1.175063092379223378e-01
6.770592636434562550e-01
1.584783891755525698e-01
3.660480115666210899e-01
1.270959936856058681e-01
1.021503573039668211e-01
1.292582990843250124e-01
1.599720851221375639e-01
1.197742282415327764e-01
4.003855738248659479e-01
1.408126471664730428e-01
1.512361440935553192e-01
1.054850390074736632e-01
1.117872904219150976e-01
3.719505674641820914e-01
2.130963181521940975e-01
1.036999647751188774e-01
2.953575651791204293e-01
1.203185091713857846e-01
1.410188258793640959e-01
1.169334379078374453e-01
1.135989113942073303e-01
2.008571504662128582e-01
1.019778035914475078e-01
1.258964068167552630e-01
1.246796769777136354e-01
1.103269569197198596e-01
1.039670177482874824e-01
6.383610895615806635e-01
1.070083645370614733e-01
5.247905779921901992e-01
1.386942177093215267e-01
1.378508476448255526e-01
1.071747231267099337e-01
2.265350194036782894e-01
1.259953157569691229e-01
1.078662403109399009e-01
1.314361546376845991e-01
1.232805708021594004e-01
1.124357584879590033e-01
1.105846563566547786e-01
2.095067236492031137e-01
1.596704599991710938e-01
8.917561358408306882e-01
1.335785182881331912e-01
1.549635231925816925e-01
1.164418772957904191e-01
2.758594341630020153e-01
1.110486032749127966e-01
3.258280071596624805e-01
1.283649481372532153e-01
1.007674748089727457e-01
2.838810979148224667e-01
3.549639468644798512e-01
1.718359580638172679e-01
1.130975656586444278e-01
1.126526330293940587e-01
1.503910975741161726e-01
3.545650350451871602e-01
1.290019954812157144e-01
3.734420210049587130e-01
1.598084414527143893e-01
1.044579085528645063e-01
1.106463810708296358e-01
1.072301415066065078e-01
1.233843826063502624e-01
1.275643218126278067e-01
1.529719152960791195e-01
1.687354668378847067e-01
4.437561029934526946e-01
1.339658094883971196e-01
4.896867978357420270e+00
2.189074821730674913e-01
1.276739605085233098e-01
2.427937696057586303e-01
7.147129287666060815e-01
4.439504216014092397e-01
3.348681782035357601e-01
1.646450182113157468e-01
1.164089811438457772e-01
1.342488151408227359e-01
4.797395623005473175e-01
3.219758172864277679e-01
1.121793014001962185e-01
1.760931360763565934e+00
2.041426440960222577e-01
1.645253445948078319e-01
6.445489788542921872e-01
2.758796186513027271e-01
1.003736771916704518e-01
5.749019364241531038e-01
1.255271592742123465e-01
2.006922647828207895e-01
3.387286550960135201e-01
1.247938085908002481e-01
2.262659471740161854e-01
7.928148226688347400e-01
1.786973296681398649e-01
2.300837615656176338e-01
4.166415251667026087e-01
1.246233209656274349e-01
5.724555891814656627e-01
2.365979243723143888e-01
1.846817839306361009e+00
1.158434646237277016e-01
1.023445339325639997e-01
1.055307562381985198e-01
2.974664781080580966e-01
1.308304356129633417e-01
1.976938757684264247e-01
3.059393001651011801e-01
1.010640873509019988e-01
1.828729775023421045e-01
2.180561869971779643e-01
4.472441539922907272e-01
2.729314336452579592e-01
2.929299614590771261e-01
1.245836357186944493e-01
1.910489268703100540e-01
4.377491312621658581e-01
2.648400216573365551e-01
