3.352048521689345861e-01
2.036252923687947303e-01
1.338597552550790659e-01
1.154925264384320249e-01
1.127350489322669208e-01
3.663947819649315263e-01
3.145129950693659193e-01
1.011501307121252247e-01
1.038662507499259063e-01
1.425043118195592207e-01
1.072730993279175787e-01
1.308012202848786165e-01
1.422115581069640089e-01
1.410965107080525971e-01
1.916819660695167626e-01
7.493770384082508729e-01
7.371853022866172722e-01
8.629062899144234189e-01
2.299395323935856661e-01
1.024812560951576246e-01
1.501851534625920637e-01
1.147604337018294091e-01
1.019418628505142088e-01
1.162364768129538900e-01
1.150557194656356280e-01
1.104341974676622817e-01
1.029900345897856034e-01
1.144355635149622991e-01
2.412460087481214543e+00
1.337073107448659426e-01
4.293835008217482541e-01
7.822362343146562758e-01
1.916644868466686746e-01
5.248254218687941730e+00
1.092457005860876934e-01
1.033719780813520117e+00
1.393448801722056984e-01
1.847295195011214308e-01
1.654712704778013466e+00
1.807180863174546737e+00
1.002075027734996571e-01
1.131563824056291967e-01
1.036849362539069841e-01
1.677045639543140731e-01
1.022144458253031324e-01
3.165639191769685223e-01
1.775512362611859352e-01
4.022664881816198079e-01
1.785817919799490561e-01
1.469292239213526863e-01
2.416731286352783725e-01
1.137541501974248387e-01
1.026651714145997984e-01
1.984845822525790338e-01
3.046928880326329470e-01
2.587942108890580184e-01
1.277449692481584798e-01
2.197807413008385502e-01
1.408743091883006837e-01
1.193617543072948983e-01
1.288896844404545938e-01
1.763230572967542931e-01
1.915728538743867726e-01
3.902604370498123365e-01
1.283267579351725085e-01
1.051202621237399826e-01
8.675470441982128245e-01
1.473363871576285067e-01
6.879934117958537154e-01
1.079371647253880157e-01
1.207142539512931628e-01
1.682105238755884136e+00
2.535624374631099687e-01
1.488549537856648508e-01
1.989416944484145855e-01
1.037775326752409244e-01
3.516045383933558699e-01
1.223383512980495552e-01
1.006471655555838673e-01
3.051660480463603276e-01
1.344243070832199793e-01
4.310380578318048217e-01
1.242486519808366635e-01
1.071281784111863394e-01
1.199877210130421701e-01
2.002678001927836182e-01
1.675200777434476540e-01
1.142330830882898607e-01
2.058687635095359791e-01
1.731885837843308573e-01
1.032252315391944536e-01
1.335985158928816585e-01
1.002503928706910408e-01
1.169796101378072495e-01
1.284654632346637626e-01
3.701624612298043959e-01
3.143373293478766706e-01
2.395921731854331327e-01
1.663399997660586216e-01
1.464140754854236226e-01
2.053897419648788303e-01
1.430625405066770772e-01
1.256470808447856524e-01
2.455705886317715858e-01
1.451523307272708507e-01
1.104910651518189735e-01
2.318573451057706070e-01
5.351264873895099639e-01
1.085224636568324352e-01
1.431052589467048386e-01
1.053393314934060188e-01
1.027822508175185723e-01
2.338954845059248167e-01
1.101394118342391287e-01
4.286214200122039353e-01
1.039444412861277867e-01
1.868486103503524121e-01
1.652570458968307121e-01
1.149470629023905954e-01
1.427736915585451072e-01
1.773167161196522179e-01
1.406330522473645817e-01
4.843528937078206420e-01
1.399332623898513761e+00
1.349229273491924008e+00
1.802254361642695868e-01
6.465682646545684031e-01
1.433549238239291423e-01
1.341325853467311702e-01
2.223963700496979501e-01
1.060852849308676626e-01
2.527000695756031479e-01
1.029838722606108564e-01
1.392995852466811513e-01
2.031651379189860496e-01
1.011928862744159441e-01
1.163547810583207553e-01
2.149312463309388799e-01
1.112205861094985732e-01
2.225921809490568892e-01
2.801233986239574647e-01
2.739460206120397090e-01
2.889680608585185051e-01
1.001596746321808507e+00
2.307934506584882473e-01
2.087926625853355755e-01
1.389093152917232621e-01
1.427190824181100992e-01
1.627700308705006815e-01
1.206504898074753085e-01
5.663945623547563812e-01
1.512764821342549582e-01
1.946223597566812957e-01
2.318810078543432907e-01
1.857093932605028419e-01
2.764575859774680011e-01
1.015410235619894075e-01
1.181982656633566720e-01
1.200441414384114946e-01
6.744432004537341818e-01
2.817055988828196522e-01
2.100088631144998996e-01
1.298848818534893979e-01
1.560265706829766508e-01
1.846186354867709323e-01
1.455676182232109872e-01
2.500707128226106746e-01
1.523086100072220672e-01
1.501510477530191068e+00
1.872730553002334153e-01
1.072990133967241522e-01
2.479198733951026024e-01
4.306196565491591244e-01
2.686415095276593612e-01
1.189773176895171231e-01
2.507602892060758482e-01
1.979227018677750527e-01
1.537737589703779273e-01
1.193431201548564857e+00
1.952197681987842826e-01
1.303094270665867693e-01
2.741431877533462846e-01
1.325260320396856040e-01
1.178367225550017716e-01
7.344432158201793515e-01
1.939501872763447765e-01
1.247501863964687180e-01
6.444620240684068024e-01
2.729651920692917066e-01
1.918275920307761062e+00
1.316426747355059490e-01
1.016607513881536973e-01
1.354492092752003496e-01
1.507896794101135640e-01
1.544581258415072822e-01
1.548833135058165222e-01
1.479570730886607122e-01
3.058827094382194911e-01
1.268801105921053829e-01
1.121867254719253748e-01
1.705125671923524155e-01
2.791657509120852865e-01
1.252120946013456082e-01
5.596519314061337269e+01
1.929293236348309237e-01
1.134636718036546310e-01
4.946159429212680259e+00
1.725908867353540543e-01
1.963598335893552704e-01
2.219876362735070663e-01
1.397328690642804794e-01
3.828375611977102855e-01
6.918404444140505705e-01
1.340658379936813804e-01
1.272872513786876825e-01
1.219426060530375971e-01
1.808277321205181976e-01
2.002067705798342701e-01
1.020794274215681280e-01
2.076581326396124416e-01
4.608362262299054435e-01
2.110917490937367080e-01
1.889253463897131446e-01
1.669294329655214293e-01
1.185808072216459758e-01
1.169541238788645715e-01
3.245541628230812936e+00
6.591207095411115713e-01
1.142827309012828529e-01
2.478241462341220780e-01
1.236938688652475665e-01
1.703617032896581063e-01
2.702274952843239930e-01
1.199740405861784293e-01
1.563552253613970100e-01
1.219678585037645702e-01
1.063104095553117079e-01
2.199121248232439041e-01
3.128139525593461867e-01
1.238302095447473133e-01
2.254280214177342145e-01
1.429538065366908473e-01
2.335027902895868701e-01
5.943940849075943778e-01
3.462982661903137305e-01
1.234086977954661074e-01
5.610350474136667209e-01
1.121397818790215717e-01
2.256760866924471809e-01
3.517250713474683321e-01
1.602222168526264701e-01
4.552068117657079860e-01
1.450752241185268576e-01
2.673051461759284875e-01
2.573347298249775150e-01
1.837277325419998664e-01
1.433202617986476801e-01
2.494307403043263816e-01
1.393791477601346862e-01
1.031763137317540935e-01
1.564019421464754867e-01
1.403725015343569582e-01
8.679945548856718984e-01
1.990574259386027334e-01
2.672201549019970201e-01
1.365249417895761097e-01
1.317160002759155679e-01
2.642737082170434904e-01
1.995756550817707753e-01
1.061676049997726523e-01
1.835573082948592505e-01
4.600397651282202016e-01
1.476842898709046503e-01
5.893597756309627567e-01
1.033395253797221996e-01
7.190163537417948447e-01
1.100043736417224277e-01
1.070254525501871390e-01
2.419894223353072915e-01
1.009194987269473043e-01
6.763543513910170724e-01
1.579916134020848961e-01
1.215841401734169547e-01
4.103155890578477072e-01
1.057697034889964471e-01
1.437675530509062716e-01
2.260268356645249721e-01
1.720039152620405076e-01
1.005508847459480465e-01
1.102063062846484476e-01
3.912886523818027484e+00
2.448485509615301314e-01
2.266046870534744739e-01
1.944757472201127380e-01
2.815555327057668866e-01
2.333672653354030846e-01
2.575929660335153915e-01
1.396993624233808795e+00
6.832686022837695106e-01
