1.854453146563105337e-01
2.559934197038392090e-01
1.622279315472460182e-01
1.404616883051550691e-01
1.102749374312760322e-01
5.936222235615782328e-01
1.074014096182306588e+00
1.892603346420636823e-01
6.206920307661455416e-01
1.336449834851150542e-01
4.238309736224715185e-01
3.895518391794182689e-01
5.683836332826727178e-01
4.966955557041847213e-01
1.569524980169046957e-01
8.980926551937504776e-01
1.107394133397849451e-01
1.988602466910640298e-01
1.345065946909021759e-01
7.647429007928554512e-01
3.491003791563070391e-01
3.278505002523606215e-01
1.173623088988826474e-01
2.406261859422124949e-01
1.611035143834392558e-01
1.046072574200818117e-01
1.332107406847141406e-01
1.068219326251083345e-01
1.025713851374072116e-01
1.675797913659244909e-01
1.902377961433564524e-01
2.086716276695941008e-01
7.537160000087502754e-01
1.562290676054426675e-01
4.853480134259715029e-01
1.496153260967902354e-01
1.067890911635761331e+00
2.101111136393323253e-01
1.321832465113767785e-01
8.516510627672850831e-01
1.355984207550153531e-01
2.034028779568179679e-01
1.435039407429745395e-01
3.234900681463108718e-01
2.229170718224566805e-01
1.111133636522919493e-01
8.508088367516939421e-01
1.324825398185399128e-01
2.071766578117706092e-01
1.727738105879393082e-01
5.281033250593146988e+00
3.934396959627772805e-01
2.186108384991726494e-01
1.132355856719909765e-01
1.093903265889599602e-01
1.529707407599916469e-01
2.975763652833293138e-01
2.288167603004322703e-01
1.136015912116218191e-01
1.615700518000270369e-01
1.327788715600360103e-01
1.093798110978655702e-01
1.302115369216522989e-01
2.490291951761001155e-01
1.252665276418755413e-01
1.251421461310237571e-01
1.957492665674257504e-01
1.822243316020025483e-01
1.371178261064793236e-01
1.139746683174722997e-01
9.661053898357381264e-01
1.054884597055771728e-01
5.300937123649601679e-01
5.774881739670688630e-01
1.349571917817958822e-01
7.480882638960312248e-01
1.093297568747873538e-01
1.091566790635418727e-01
1.042978416734396813e-01
1.591611752728653295e-01
1.466189319621263587e-01
1.178735298118523123e-01
1.786593786178257703e-01
2.332231829065186945e-01
1.677457603478733628e-01
1.653434662697554625e-01
3.315328725698722945e-01
1.061032330107369720e-01
2.681343498097766287e-01
2.946420779704276516e+00
2.762658689582566662e-01
1.333254292087062698e-01
1.120102975396649464e-01
2.991497895184444533e-01
4.969303094783342978e+00
1.731454500233317872e-01
2.731169825567508203e-01
2.125768225468282202e-01
1.668654072183129999e-01
1.723272431882859335e-01
1.232661928149822866e-01
1.711953521162694336e-01
1.127794366787624458e-01
1.287074893306166257e-01
2.622691410531600709e-01
1.655334092122583978e-01
1.617087099326185995e-01
1.214558617595232204e-01
2.726795199816872683e-01
1.459115240174108097e-01
1.625696309941212225e-01
1.851287299212689141e-01
5.107175909394222613e-01
2.504754977344049727e-01
2.205418298783573539e-01
2.398184909066523041e-01
2.366095669813334246e-01
1.824787562044297151e-01
2.731722081326279361e-01
1.012572915168728493e-01
1.556328349788758114e-01
1.141466812174705692e-01
1.971931151615216038e+00
7.594474624984850486e-01
1.001263313927353710e-01
1.538825862204780959e-01
1.163773912404194172e-01
1.203050182246082206e-01
1.242849048403534690e-01
1.503762027429697834e-01
1.825903400382615227e-01
1.298021614832745307e-01
1.005734652547005670e-01
1.328091708574416774e-01
1.788623826192343813e+01
1.707422368360739240e-01
1.975865695567388114e-01
1.065070422365580471e-01
1.019732098651119356e-01
3.918584076570184038e-01
1.124495745911073263e-01
1.102064455894217893e-01
1.322625614379457915e-01
1.093294233912405905e-01
1.716287403787912780e-01
1.083696647775011651e-01
1.100496774807560585e-01
1.252412213581596268e-01
2.725460327937753724e-01
2.114285905564398105e-01
1.066972667279197928e-01
2.204494500197076157e-01
3.408967126902718858e-01
1.001353337420067408e-01
1.093557711721000469e-01
1.631409112089357016e-01
3.919554906368702962e-01
1.922912114999327793e-01
2.459558976492210169e-01
1.720351752142575130e-01
6.440284384647716465e-01
5.138513687802516161e-01
3.399355764961093929e-01
4.457400488184542486e-01
2.308129112451036691e-01
2.196641683155934610e-01
2.054024105113506915e-01
2.087003411120240404e-01
1.211570738951480153e-01
1.280461032478510675e-01
2.443278151642175600e-01
1.274156102424457426e+00
1.033762839127395083e-01
1.359280228653201861e-01
4.458500561945139551e-01
1.494274861751706263e-01
2.009986122566342903e-01
1.557015093918165949e-01
1.767035693885198877e-01
1.015874385765533766e-01
1.446669923013367831e-01
1.260778770821283246e+01
3.404927827721579425e-01
2.344459994007347392e-01
2.507659209810380596e-01
2.210779321959113197e-01
3.273200934550323793e-01
2.322294350486373282e-01
2.117598825316217015e-01
1.374994928046476550e-01
1.029006026503930110e-01
1.791106801021692396e-01
1.153702342839556805e-01
1.302394197410876864e-01
1.468181976280509005e-01
2.280143482413293787e-01
2.882019934545311801e-01
2.108503953234300288e-01
2.996852789144744400e-01
5.046070678760627981e-01
3.071861546354222039e-01
9.036461842505840725e-01
2.060963509247345504e-01
1.222055456654072003e-01
1.243261825601898185e-01
1.291442105130975904e+00
3.093930475927495483e-01
1.466440801293343033e-01
2.852208246883256026e-01
2.721506190576904460e-01
1.846362303386225312e-01
1.422655159897601163e-01
1.007035125127727498e-01
1.066968709222753386e-01
1.574652526277424414e-01
1.875090489050864617e-01
1.062072564974629041e-01
1.223719805175277897e-01
3.684767703807071415e-01
1.921974047923522555e-01
1.811149502571964554e-01
1.923423691111179890e-01
2.068110934666795575e-01
4.514856006222022211e-01
1.944076731857682372e-01
2.408338881939670884e-01
1.565983148849443285e-01
1.235284280064132822e+00
1.720765383683941774e-01
1.595013064706976291e-01
1.914668966097502756e-01
1.479328256238222616e-01
1.086183404989760348e-01
2.139457152277322027e-01
2.051224452882145222e-01
4.683997281268452717e-01
1.212388256289201049e-01
