5.109200803745038710e-01
1.114904753232988099e-01
1.357509917208875316e-01
2.768975042432441080e-01
4.455397126990104373e-01
1.458438797192218028e-01
2.200205838610226339e-01
1.016816794581299616e-01
1.652758253354118245e-01
4.072708009730585665e-01
1.253867117599437309e-01
4.175481554422919572e-01
1.058650068604731209e-01
1.773775543852822989e-01
2.227493070533047015e-01
1.520981691335228647e-01
1.516519957609637759e+00
3.106011075054948556e-01
1.998121797715519676e-01
2.332650167050024648e-01
1.197742386104587720e-01
1.791722616604441431e-01
1.091935165086642678e-01
9.067963970105648031e-01
1.160559536673493319e-01
1.019162869290342749e-01
1.455739049977667343e-01
2.289303543112634065e-01
1.126093226628452348e-01
1.012042630067592069e-01
1.997467183983036298e-01
1.061965817751732016e-01
2.029006602059378883e-01
2.342980948831010213e-01
6.413253326263169685e-01
2.348298311369187985e-01
1.194572465460057353e+00
1.984879336618639023e-01
1.183453483078053259e-01
1.808473662402652060e-01
1.172798438584273378e-01
1.525571021324352294e-01
1.069955100682879190e-01
2.143571270942923046e-01
1.461733525342671924e-01
1.118144008208393214e-01
2.807535101467548144e-01
1.597660016310550324e-01
1.074977481307229088e-01
1.799685959683400283e-01
1.681497436512317811e-01
1.874522627043972156e-01
1.977025244785192426e-01
2.638496072333243458e-01
5.476776439819649456e-01
2.076940679315423532e-01
1.202536182314677266e-01
1.847422397847079123e-01
4.195197088728814250e-01
1.046259107952431378e-01
1.241373767536346623e-01
1.051522892844043988e-01
2.335323002886700028e-01
1.113333186964032689e-01
2.884458771981837644e-01
4.525226434491640970e-01
1.127072883687151167e-01
1.240253267716849295e-01
1.021773864287532779e-01
1.226882172975992114e-01
3.306217547179547966e-01
4.760795444551417233e-01
2.136709537943331516e-01
1.147635865541268702e-01
3.099588991173294894e-01
1.908961332817055434e-01
1.136029045561188777e-01
1.374012801909274273e-01
1.098064039899174643e-01
1.373527117336289238e-01
1.686222871958915903e-01
2.397782363262396521e-01
1.848251848578127132e-01
2.158204308288639572e-01
1.412123620609564145e-01
1.224606059432961080e-01
2.423326289321330040e-01
3.655360195923603728e-01
1.287627187163784825e-01
1.115364260845260080e+00
8.182458035919455419e-01
1.057009937008589057e-01
7.572831969424767351e+01
1.233847402618044459e-01
2.349903122153901569e-01
1.574604556850398129e+00
3.267253827680569600e-01
2.530839194674067705e-01
2.139162299993244420e-01
3.320649205214440403e-01
1.815516506543746467e-01
1.962870456650827045e-01
2.017496674481844277e-01
3.809595134717888021e-01
3.270608709151486271e-01
1.259054312271490339e-01
1.284693731184222976e-01
1.225295455054173366e-01
1.326558033713859386e-01
2.140564205168496437e-01
1.346726699467283295e-01
3.244610787350766246e-01
1.314823127492886490e-01
1.039030973936261315e-01
1.079042220724222567e-01
3.242227033956568971e-01
3.077381179573615011e-01
1.015784116859205222e-01
1.813731195691581088e-01
1.031037711554373265e-01
2.859877781884040959e-01
2.277522902635182589e-01
1.263247837415742147e-01
2.893019447710126757e-01
8.666874191913311876e-01
1.722189857617136277e-01
1.210762705414550749e-01
5.973912769067698525e-01
1.260746280207995784e-01
1.291323457722757251e-01
1.709386828475072395e-01
1.764026567295256531e-01
2.122459971761272990e-01
1.854153597897715278e-01
1.673148198951572851e-01
1.725751485387446715e-01
2.400363455676852720e-01
1.299543561579345752e-01
2.453455129741314578e-01
1.192172753196291818e-01
1.671995292666891286e-01
3.078581426493462447e-01
1.291163000214167189e-01
1.336791470437384832e-01
2.766869675657867012e-01
1.133351609946446487e-01
1.278032010914369188e-01
8.426944744208996196e-01
1.264853981195225574e-01
1.093557935831984268e-01
2.857762716555087290e-01
6.641735067783328672e-01
1.126922888348653728e-01
1.553720125547058128e-01
2.288879937835449074e-01
1.305441867843744608e-01
1.506191809920719715e-01
1.845828491652700964e-01
2.065258927969289560e-01
2.440348812557930069e-01
1.559432101840668716e-01
1.275091647517541671e-01
1.924094695338029737e-01
2.122932657873999873e-01
1.478367765386378596e-01
1.558700293875078802e-01
1.923308107293095093e+00
1.031900825033004870e-01
1.324781585360715885e+00
1.940592139751085299e-01
1.133084340298954329e-01
1.189319036219683712e-01
2.129617804413865556e-01
1.423439350126776692e-01
1.883714503964275755e+00
1.211932207941906203e-01
3.381779294600928409e-01
1.260703395945682315e-01
1.327430228838308579e-01
1.257394512869670355e-01
6.884550211344838688e-01
1.221666579053837520e-01
1.443178108069890775e-01
1.015598874321831380e-01
1.298216940706116984e-01
1.024648828530892453e-01
1.013767757245544604e-01
6.449794827334150993e-01
1.071502238553972142e-01
1.036786811953483572e-01
1.520059162777575024e-01
2.268425336023867089e-01
5.704139085616913851e-01
1.290632948223884024e-01
1.028718317825934592e-01
1.207175331459303252e-01
3.454397713982376050e+00
1.480922940191831960e-01
1.077837100711408758e-01
1.006666193732287939e-01
1.900492900126561358e-01
1.227861712836451624e-01
1.478596701694740556e+00
1.599974132629087276e-01
1.373613678891082990e-01
1.321965344307348966e-01
5.727479818239350484e-01
5.018586396840616359e+00
1.625824312604959854e-01
1.812379228839331724e-01
1.482874332332862477e-01
2.298793600571028550e-01
2.832957270684375750e+00
1.048794389175711494e-01
1.169587739649227132e-01
2.666279612628830176e-01
3.800612185662944342e-01
1.723853705841470463e-01
1.321802528696573997e-01
1.948334362589529689e-01
3.163383598654560536e-01
1.535730551280930500e-01
1.852305454808621965e+00
2.145871080368994821e-01
1.757545700144167999e-01
1.954993685997512276e-01
1.289802611163415880e-01
7.732603479448825201e-01
1.688857042861247604e-01
2.661607594371386831e-01
1.242339863702454777e-01
2.869159688197912561e-01
2.094111023117297410e-01
1.390736051234064130e-01
1.561734227045616930e-01
2.295440564737298850e-01
1.821582740721991167e-01
6.070234722373478720e-01
1.529971865835865197e-01
3.916145386770913950e-01
5.111586060476104310e-01
1.071709598102869726e-01
1.028590740352213206e-01
1.547006337106990037e-01
1.708714992186082249e-01
1.032467588082428833e-01
1.200323786080521871e-01
1.155426321251152300e-01
1.322981990791572693e-01
1.239231141426166971e-01
1.225113751280679647e-01
1.180865796803525908e-01
1.545611260662949626e-01
1.803456782257684132e-01
1.396734703821940482e-01
1.103555103636117835e-01
3.035431153736148358e-01
1.027265664767906400e-01
5.013662966510087360e-01
1.411904737083788053e+00
1.993606698752383444e-01
2.045712997481761719e-01
1.534680000207288841e-01
1.386067227218449605e-01
1.368415059241893939e-01
1.663242166379382547e-01
1.125391176584622371e-01
5.566917045405267439e-01
1.275188351768634099e-01
1.353961703691078100e-01
1.056713694432649397e-01
2.081712869712533109e-01
4.938810981653728449e-01
3.149690741398774030e-01
4.497421854791526563e+00
8.956852827129995198e-01
1.084762334631190622e-01
1.081601383489425805e+00
1.161132527262836583e-01
2.706554436533182284e-01
3.203099179790240281e-01
3.263524171812663965e-01
1.621005230677725062e-01
1.136240511033860950e-01
2.863398383450684870e-01
1.535285873828424186e-01
1.297715217588101710e+00
2.058621029148922421e+00
1.381299462642661402e-01
1.394774340515676225e-01
1.328334889467943425e+00
2.549746037712540825e-01
9.971643929938457385e-01
4.737858290904394254e-01
1.148589528421756656e+00
4.842380272254817597e-01
1.940315365044884832e-01
1.270316440835859428e-01
1.042936111948064987e-01
1.074280238281714595e-01
