4.595928434505935911e+00
2.180423733491259619e-01
1.659903564481073346e-01
9.223549077042225708e-01
9.248274670418104026e-01
2.326878192153807867e-01
2.826221112515343581e-01
1.165631331776630503e-01
1.341826543211885880e-01
1.224108448583366288e-01
1.140330615066064424e-01
1.625716896398802513e-01
1.167152612710153081e-01
4.577581266117651815e-01
1.238911155354954774e-01
2.338445261501303496e-01
1.030733284406411654e+00
1.914601333115860671e-01
1.414872484663520225e-01
4.188539903596131819e-01
3.786036165000863929e-01
1.333958649145654818e-01
6.791984066585585733e-01
1.052192217750122644e-01
1.810561565660670225e-01
1.096226285379337667e-01
1.008851830665160043e-01
1.223010380330606800e-01
1.474784534771277356e-01
2.277891617420816639e-01
1.337136781819835141e-01
1.467296638497443684e-01
9.084661998330370025e-01
1.024137357026539408e-01
1.127573932326327300e-01
1.809184386271400491e-01
2.155848153088177066e-01
4.239576893489027665e-01
1.035720846364598657e-01
4.664214580326387360e-01
1.585726108447737814e-01
2.313849305259255973e-01
1.820230384615414976e-01
1.136066394244401867e-01
2.051301499589477939e-01
5.353253896967997694e-01
9.194421615825374872e+00
1.253992581723445410e-01
1.497885826753616312e-01
3.345253148386619912e-01
2.070404150272963928e-01
2.042453359798756807e-01
1.147218431983247772e-01
2.203413270002938240e-01
1.344423412807193019e-01
5.206214739366080702e-01
5.018112367864676626e-01
4.695546192768745297e-01
4.495293169825889112e-01
1.049592683984725411e-01
2.008767298218515074e-01
1.015174332186739720e-01
1.298178132620773917e-01
1.306266113486059532e-01
1.425425740176131384e-01
3.744384616852211578e-01
2.501460636591058551e-01
3.196889091947865413e-01
1.237597919034770788e-01
2.237182874245651210e-01
5.328685655029871127e-01
9.009299450556853550e-01
1.204401467514851359e-01
2.029428119687425314e-01
1.366382413238644011e-01
1.505902921887480039e-01
4.101588585457970892e-01
1.236697794484877683e-01
2.384188227317058928e-01
2.561841814221803015e-01
1.041988748615919197e-01
1.001733886637429516e-01
2.075839060654784130e-01
1.651387200742075456e-01
3.067371222611839920e-01
1.567633119003979392e-01
2.570849835790372517e-01
2.365166287639788867e-01
1.009628629163649705e-01
1.735373399858637089e-01
1.356950806022660383e-01
2.284943908233595389e-01
3.579439184007361940e-01
8.017911692413886016e-01
1.279048116158199022e-01
1.204453662262543051e-01
1.021427552539432071e+01
1.231926286576917468e-01
1.803066772939123097e-01
1.156324503390857850e-01
1.274470438066711009e-01
1.376838017609316733e-01
6.417140214705502332e-01
1.495735721816043307e-01
1.447596340594956565e-01
1.089355757102420663e-01
1.131286513756718792e-01
1.529108137230536513e-01
1.523490610440582094e-01
1.162916038968505594e-01
1.334381020432703346e-01
1.047920146188023732e-01
1.621421991443482147e-01
8.946587284329390322e-01
1.424085601370952414e+00
6.588108651002624327e-01
8.189001176041404984e-01
1.015990933971681748e-01
1.141703821434187915e-01
2.323609206634307811e-01
1.131941213578683547e-01
2.084217124565286294e-01
1.930951379648340183e-01
1.129133906526841868e-01
1.225388344467264884e-01
1.405410151448370504e-01
1.218023033526425825e-01
3.801651818202359534e-01
1.055368009287101505e-01
2.054923872496487725e-01
2.843943296304764501e-01
1.403558734539289421e-01
1.138224374336233025e-01
1.300630630073200955e-01
1.603655772664404344e-01
2.762464746953949279e-01
1.016475441276885328e-01
1.899140577254550544e-01
1.645090123753682743e-01
3.896331235981032592e-01
4.241327990569364603e-01
1.096178734146683320e-01
3.155775993441835015e-01
2.019399166365081766e-01
1.226301999957155192e-01
1.210021474865198982e-01
1.300085797255199627e-01
2.347340940693956046e-01
1.143342714938219706e-01
2.042948664525219837e-01
3.740243546633978400e-01
4.534172648530873651e-01
7.127677921727715304e-01
3.073275021696316167e-01
1.291967771069561788e-01
1.364721683189930035e-01
1.791357130208486304e-01
3.187528313179481820e-01
1.041235602313493047e-01
1.161562388761927522e-01
1.217150094026111795e-01
1.497761257954383085e-01
1.501685603637413213e-01
1.787576642842869101e-01
3.144342542652392436e-01
2.040064819173709465e-01
1.394849229884283837e+00
1.976595773295888314e-01
2.906031123036380559e-01
2.036092264751423186e-01
1.740946552115474610e-01
1.189743094653498146e-01
3.120103399982783743e-01
1.273446976155817312e-01
2.038547114840398855e-01
1.082019319889684916e-01
1.305921857300572364e-01
1.040570012730507310e-01
1.069180105465727532e-01
2.076553048972204607e+00
2.272463048852786938e-01
1.065943549370675508e-01
6.043691242515967232e-01
1.401009381389413944e-01
1.874974603226605974e-01
9.487393393789033125e-01
2.159631656332227367e-01
1.940235589972554853e-01
1.364247244659352043e-01
1.677989479120646499e-01
2.087720202682166182e-01
1.205760300506791283e-01
5.709064522334420522e-01
1.897433635282471664e-01
1.767336537100803184e-01
2.165386228627031451e-01
1.420504163120968333e-01
2.177814975264417141e-01
1.001367905278233439e-01
1.144100078979619212e-01
1.390226098523935916e-01
1.170673122960856766e-01
1.061306433392507631e-01
1.125171940554473338e+00
3.056499677349164279e-01
1.265041174436737914e-01
1.051130654072421067e-01
1.019359217076164503e-01
1.195726945903844984e-01
5.449025669451051934e-01
2.882628797069184401e-01
1.176419660157902308e-01
1.467900411224118129e-01
1.291815165524303088e+00
2.271773479147440877e-01
2.127041296765770362e-01
1.770230688124457274e-01
1.323086882767807448e-01
2.231123469619884503e-01
1.702484142356629759e-01
6.419669473691489436e-01
1.020970651461921286e-01
6.639648277780767494e-01
2.278702420092909853e-01
2.410504686017981291e-01
7.504260389291209643e-01
1.320263136876285992e-01
3.445581757074313578e-01
1.586286300256659343e-01
1.823716051957474382e-01
2.539724688819899323e-01
1.455427430474383610e-01
2.324695428831560773e-01
4.034046018597681194e-01
1.766487772404517209e-01
1.171423230156762724e-01
1.120969020203568256e-01
1.125256270098286687e-01
1.925554395584590239e-01
1.001954097204780098e-01
1.527693730414592110e-01
1.001521980287276847e-01
1.856902360434963817e-01
1.993410011224639733e-01
4.742457561951687328e-01
2.990218364431189713e-01
1.219303248882359914e-01
7.143694423333371013e-01
1.352820412957766172e-01
1.014407917062306597e-01
1.404365970140435127e-01
1.264029528913156175e-01
1.862492331642313925e-01
1.232853055600234282e-01
1.292212389431516006e-01
2.259372426515726229e+00
1.122784723331406997e-01
1.745068672677641819e-01
1.007662194563274244e-01
7.113082252795653870e-01
1.280754699146710029e-01
1.336149897836599043e-01
3.243465567677258354e-01
2.256526471696961578e-01
1.207892132767927340e-01
1.067909488883240637e-01
2.161081986173727099e-01
1.251250174684310490e-01
1.356391111615630196e-01
1.277871974207179517e-01
2.062361311677695930e-01
1.018757288438716657e-01
2.275566422205998751e-01
6.602611067746200213e-01
2.667041703705000377e-01
1.444582303293402148e-01
1.421427694785809825e-01
2.330728458466514719e-01
1.152132678767337215e-01
5.954856681857236822e-01
1.337027701198534313e-01
9.467983372258989005e-01
1.497800449215585250e-01
1.555762723623890509e-01
4.274913921397383021e-01
1.073323034918451518e-01
2.253831341392406318e-01
2.122440802339491117e-01
5.284804064964435888e+00
2.091339134533610533e+00
1.121792041958493968e-01
1.191203702187376257e+00
1.438868471501896229e-01
1.424021046080884145e-01
2.204122682868113192e-01
1.725663239662497406e-01
1.356437116438309054e-01
5.872994671634951258e-01
1.452207210453506370e-01
1.977958314732999601e-01
1.267750074175736930e-01
2.964334366952315891e-01
1.095381206612405373e-01
2.122766755499321256e-01
2.467854207510071507e-01
1.118716059004764701e-01
1.265831140708406910e-01
1.024488783925866509e-01
1.150791769886909260e-01
5.866280725771652049e-01
5.552806996395224237e-01
1.232736853028814777e-01
2.514846954774400678e-01
1.838402943067811712e-01
1.020482563491101891e-01
1.386857224807037658e-01
1.015449530521876087e-01
1.706237393973504268e-01
3.969327010399004152e-01
2.246243089495625345e-01
6.988179354260692921e-01
1.309464380428231323e-01
9.607670239969891668e+00
1.041606749144763588e+00
1.079260336808529896e-01
1.870587190635639718e-01
1.550196714828984135e-01
1.716139538439595269e-01
1.196883290232205604e-01
3.166611680012056951e-01
1.410312456473526710e-01
1.185037998518960300e+00
4.944592393619946513e-01
1.419739563968898943e-01
1.928359914761762495e-01
1.098951750090358531e-01
3.626326481534520862e-01
3.442501963459538850e-01
1.025487547254888832e-01
2.042614025911888287e-01
2.470739078958656687e-01
2.662427352523972335e+00
1.131414147930928094e+00
2.573447509942181077e-01
2.296037967963442950e-01
2.079374985304541790e-01
5.397593648042485759e-01
1.507500799491349186e-01
1.519274696071531705e-01
1.117759150236724841e-01
2.986782203329220176e-01
1.034546319108359813e-01
1.584040889328063029e-01
1.235379808831075926e-01
2.064857201436475498e-01
1.874060468680836811e-01
3.313466605090011341e-01
1.483380911003255587e-01
1.246947903649839040e-01
1.224603107552520581e-01
3.064766769290427906e-01
4.091768849194291069e-01
1.234767688384165868e-01
6.574980492978104163e-01
1.543933663180772353e-01
1.057025470722778304e-01
