1.381950177650545508e-01
1.307647150607440523e-01
2.618182691191731637e-01
6.417669847537602612e-01
1.333716208960392391e-01
1.127545943999941208e-01
1.136787777377106234e-01
1.185885546156408010e-01
1.632552568338593302e-01
1.543670176030325636e-01
1.734514495827158553e-01
1.439685724893788321e-01
2.477000475363013432e-01
1.488544121060332570e-01
5.443122796924886764e+00
1.361144624449191487e-01
1.105950346037294224e-01
1.396793418860196867e-01
7.400919876842269041e-01
3.039504025579053970e-01
1.648940995022645517e-01
1.408917608442840363e-01
7.662391314013370369e-01
1.324672319184143632e-01
1.060506550367748962e-01
1.115189081155647383e-01
1.045462562473843254e-01
2.885940840697728826e-01
1.743548714961014046e-01
3.112677212823133366e-01
5.001266974142338784e-01
1.043927617754055182e-01
1.077459443418446461e-01
2.372605268350663765e-01
1.327964691869096547e-01
1.579260985855027721e-01
1.024067375407035768e-01
2.688246757902452155e-01
2.153342374784498192e-01
1.799051883381914130e-01
2.289878867001167162e-01
1.222764402565672537e-01
2.998323449255428930e-01
2.099205279223655962e-01
1.744578610484767978e-01
5.209943023678749174e-01
1.156052950556237663e-01
2.090788158947024300e+00
1.932492649086678393e-01
2.364476373931674036e-01
2.507179233495913095e-01
3.376346907854698154e-01
1.412688232978374925e-01
4.352734759628855143e-01
1.381337546574008535e-01
1.842591235960032992e-01
1.729202525960104042e-01
1.068250222578324415e-01
1.690308048559976406e-01
1.655537548724771990e-01
1.479668362103186419e-01
2.085219997256184676e-01
1.283280246567931049e-01
1.072831094623885317e-01
1.407481296896399559e-01
1.395904956661037921e-01
2.249535176749159149e+00
1.020852432274400590e-01
1.280897541551685725e-01
2.105021527669107551e-01
1.315092176796808787e-01
1.187824369157510773e-01
1.057993450183829093e-01
1.211898216335678263e-01
1.951582380271438266e-01
6.775017398196158114e-01
1.031518739434213461e-01
1.357073406115405501e-01
1.352431153568418309e-01
4.048020643592587509e-01
1.938641652273281890e-01
1.085594097348617226e-01
1.045137504682260438e-01
4.096887410735813306e-01
3.531957088519675492e-01
1.019409157025683160e-01
1.174404019645906572e-01
2.068683961485343059e-01
1.024256413390850079e-01
3.125626026759692477e-01
9.679592734846544921e-01
1.428134761566852984e-01
2.017439594858166374e-01
1.266708142473018106e-01
1.336794722553995007e-01
1.492385861200991315e-01
2.814969069661111267e-01
1.519592862226761543e-01
2.396482959248977807e-01
1.038504125000304090e-01
1.066443129616352625e-01
1.050553043152042676e-01
1.279244941354559517e-01
1.267348851603753157e-01
2.098692211296221410e-01
1.219213796320436222e-01
3.221164054332801840e-01
1.485659019966401595e-01
1.168230396894683332e-01
7.360797190680233859e-01
1.450859742115721829e-01
1.205800165158256859e-01
1.154084067643655065e-01
6.036965952219830456e-01
1.897630770216763574e-01
1.025467350970645231e-01
1.402773469737267353e-01
1.878276396100216072e-01
2.727107012936068609e-01
4.934315992818695817e-01
1.209821952053519722e-01
1.893184296834593550e-01
1.222058691675472208e-01
1.708402697638614631e-01
1.230081154455498482e-01
1.014089992624143677e-01
3.091067846027759636e-01
1.343991773790404187e-01
3.614358662428687197e-01
2.242729486437939068e-01
3.187889716142626728e-01
1.019276896902954754e-01
2.265540469773714427e-01
1.188323126338162394e+00
1.642717079629303634e-01
1.437890688470013500e-01
1.134999037718340820e-01
2.159294650319808773e-01
2.574813828074820621e-01
1.368975129729236018e-01
2.693772380834628666e-01
1.263027926028251480e-01
9.828631838485830663e-01
1.151387484696228675e-01
1.342062041676500561e-01
2.942307096600171312e-01
1.180454709026472621e-01
1.088156573358931428e-01
2.256028462317067607e-01
2.069954851283992425e-01
1.152833717572462613e-01
3.777980171610559879e-01
1.477937942370670110e-01
5.094976536894767483e-01
1.032584609104521545e-01
1.672983302943275574e-01
2.797318843215884643e-01
1.023075621990706674e-01
1.566820608333758247e-01
1.405918755303328660e-01
1.571237210976313969e-01
1.442456160655995467e-01
1.242166249927234012e-01
1.745652562274395692e-01
1.426192375319672578e-01
1.123665660000210620e+00
1.128517506566460993e-01
1.860533621811306104e-01
2.728125839789659057e-01
1.041045542223882070e-01
1.727751526431475781e-01
1.048308747338652647e-01
1.004794963060297308e-01
1.096028801159138893e-01
1.400298365069813644e-01
1.493741009221773441e-01
1.210405157251271818e-01
3.887827953767206135e-01
1.007827126357540709e-01
1.235930530145649825e-01
1.617543124857117043e-01
1.941587972035914333e+01
1.685182768237616091e-01
3.508335322018553137e-01
1.629051447990042423e+00
5.020275350828335981e-01
1.243379424997341637e-01
2.452547821212129886e-01
1.324603391083722936e-01
1.226468168975550638e-01
2.210777324109370223e+00
1.599886623523928852e+00
7.939176589621568247e-01
2.654741213261346822e-01
1.040422877228305565e-01
1.850589849942001763e-01
1.857127452004933010e-01
2.519206711897218343e-01
1.871741647322699709e-01
1.306362867839911124e-01
1.148656028067831097e-01
1.674246883079721915e-01
2.752026723925744545e-01
3.223727028096263769e-01
1.421634256215858205e-01
1.507251635181665883e-01
1.450038677362671946e-01
1.579825122447380825e-01
3.253655522132634648e-01
1.073649515989005820e+00
1.428418694072447204e-01
1.108619065118497948e-01
1.026975705528222482e-01
1.016909657642272036e-01
1.023346659690873850e-01
1.125768874585788115e+00
5.230017648893912074e-01
2.978177328112418532e-01
1.662846926097042433e-01
5.493710422887458922e-01
3.173785077042853842e-01
2.314312867031225740e-01
7.170504250847710148e-01
2.515672243885846981e-01
2.490986226584527563e-01
6.846659854455542371e-01
1.686655461042898541e-01
5.041845293160963637e-01
1.741781542501018021e-01
1.497814420748637965e-01
1.222041864799822686e-01
1.305624906726884360e-01
5.372738684768866291e-01
1.133427503303960776e-01
1.204566199285529715e-01
5.034712601928118536e-01
3.327261744469267590e-01
1.150609055087731120e-01
1.383782996848005042e-01
1.093395900848753988e-01
2.759831943414194355e-01
2.977000918950408193e-01
2.750960029655095673e-01
1.332450092013551524e-01
1.242117891029255045e-01
1.597150634604269648e-01
1.443000643384749482e-01
1.049392419494403622e-01
1.354522607918794141e-01
1.362374329496469916e-01
2.297221153989226217e-01
2.119399612111850240e-01
2.016305279419746965e-01
1.133548441304460530e-01
1.012397276850660888e-01
1.316239710236824512e-01
5.667270027756167394e+00
1.931361080500852978e-01
2.185544457530778917e-01
7.107637996029295691e-01
1.774698506098500994e-01
6.352251551691645570e-01
1.341919762843027664e-01
1.000596587686305300e-01
1.542797662771374367e-01
3.120695943779656090e-01
1.165535650830827469e-01
2.458783244683308833e-01
1.944483617623745386e-01
1.585299563709610116e-01
4.144708593692838505e-01
1.274965803245660556e+00
1.015470976275078541e-01
2.102042743259761870e-01
1.082106205084318457e-01
1.027798754140919341e-01
2.409725776912652051e-01
1.297474757296926962e-01
1.230641694009690923e-01
1.151337520078929144e-01
3.883626514518451200e-01
1.389298700480905147e-01
3.529047793004154165e-01
2.670902656956461452e-01
2.112851760986340366e-01
1.672033372959683961e-01
1.121905586793992271e-01
1.883609340193743431e-01
2.666055902385462972e-01
1.222854073985571860e-01
1.197893617866689492e-01
7.231879723634371260e+00
2.826008076252183865e-01
3.084946976618920811e-01
1.494335495005950920e-01
2.181190982146922475e-01
3.370232954432020867e-01
3.788409024931638780e-01
1.388828759200695373e-01
1.663795143776312935e-01
4.298991188019437582e-01
1.299959512647605731e-01
1.991403957944977987e-01
2.989681674735799599e-01
3.038620265337513837e-01
1.249727237328710716e+00
1.063881056870146502e-01
2.189225339852604313e-01
1.287374917859644141e-01
1.062151911327468973e-01
2.333802709516020202e-01
2.808032779102419552e-01
1.474111216864637530e-01
7.606225302439313385e-01
4.681396825450140908e-01
1.186268661814052633e-01
2.473018666539749388e-01
1.452721179969309884e-01
