2.702897914434621573e-01
2.807572257117713632e-01
2.870071593302793156e-01
3.780811069629734233e-01
1.003517639378338072e-01
1.149011684596411426e-01
1.994778339750709895e-01
1.934942398896959681e-01
2.457436510924120854e-01
5.098285834268442285e-01
6.142546657499722285e-01
2.257440247873072348e-01
1.805251773148235372e-01
2.064888669527942811e-01
1.391842709344887352e-01
2.653186101480105030e-01
1.843576447593688605e-01
1.563120240517361925e-01
1.223270286926099876e-01
1.025988291595983926e-01
1.104897384347770795e-01
1.174622846806899212e-01
2.103824134497160603e-01
3.258133197633640066e+00
1.290235004847959943e-01
2.891584976634510862e-01
3.455973343801982955e-01
2.152321293561937632e-01
3.910472067606846625e-01
1.538274069538314026e-01
1.134896909949225652e-01
2.822404586046569075e-01
1.654923236385198726e-01
1.237762164308724988e-01
1.913589309587347687e-01
1.140865746062363489e-01
4.262872373712425222e-01
1.098258861173386225e-01
1.222102225126758673e-01
1.563399589451078819e-01
1.330043203712068800e-01
1.702297473775426506e-01
1.100441122344428396e-01
1.599890538628498948e-01
1.364488199887224640e-01
1.010578294376613812e-01
2.286783513768214648e-01
1.079332705123876857e-01
1.075231469951158370e-01
1.534245174291809510e-01
4.663726951976763235e-01
2.498777996783135280e-01
6.590948472279209991e-01
5.182863271482012202e+00
1.222674174563211369e-01
3.273947205378434644e-01
1.830536163309360032e-01
1.583037610931047334e-01
1.408084584171260256e-01
1.346969278221300248e-01
1.757332418925545703e-01
3.812985339390285167e-01
1.590916488583083710e-01
1.805482829416088508e+00
1.200342948941116178e-01
2.994895112627006251e-01
1.402213923906351911e-01
1.210980473198727120e-01
1.230105452099719554e-01
1.771558436886491172e-01
1.237223134620125120e-01
1.413702786005259504e-01
1.003108270745925873e-01
1.021769717769448332e-01
1.055167160076552479e-01
1.135231188340953268e-01
1.374450943447662332e-01
2.366192566469279779e+00
1.206347209227691952e-01
1.060253450102812967e-01
1.703535884836326064e-01
1.117673957049221817e-01
1.375087945127384248e-01
1.168390217246640106e-01
1.592993612369923428e-01
1.131325159480652265e-01
1.700170274331243847e-01
1.021370974494850287e-01
1.348120114911029732e-01
1.133321026728391356e-01
3.215528910925184447e-01
1.854681421545499032e-01
1.126876107682770051e-01
1.819302869920178811e-01
2.262862231763502763e-01
1.319131266438010874e-01
1.018575695849038287e-01
8.950348153706033649e-01
2.664240275001003022e-01
5.862368878014535545e-01
1.204137448005481864e-01
2.560985103451963729e-01
2.375525827110146759e-01
1.021920540236646580e-01
1.196448867433908686e-01
1.483498726603533491e-01
1.053056724298453289e-01
2.208385784698140564e-01
1.241066920344428698e-01
1.045789220075705184e-01
1.065106274103628653e-01
1.381569490712686032e-01
5.741219307214691092e-01
1.531973781034753068e-01
1.263986000248078223e-01
1.757939643919338157e-01
1.305583815586784624e+01
2.812532417979453081e-01
6.727656818282218287e-01
2.991570561032609876e-01
8.713913044051821988e-01
1.879476100563497454e-01
1.841483201258840019e-01
2.094848162337043795e-01
1.285936064597813233e-01
2.226639115380210920e-01
3.156387476069540954e-01
2.087624663248716372e-01
1.095146973556902215e-01
7.718008730353889124e-01
1.365450557289026867e-01
2.833146667088586312e-01
1.337713580290770532e-01
1.320486730804922015e-01
1.501731005556766474e-01
1.505444732074832370e-01
1.006964035411004321e-01
1.324043193175886479e+00
1.221025178877783307e-01
4.808463808363933056e-01
2.294947938464470816e-01
1.047421171956008507e-01
1.341606206489513453e-01
1.479881169627449977e-01
1.129782024499346837e+00
1.092595915607056656e-01
1.368527223654011582e+00
3.563557938188861574e-01
2.309059048122518165e-01
1.713643362433412698e-01
1.192792995439755227e-01
1.030519451759085436e-01
2.016157942960507821e-01
1.527337697134530936e-01
2.907177310118559954e-01
6.929205506455624608e-01
2.284885034814492233e-01
1.111425714349077581e-01
1.497256938023169281e-01
2.577258776921496630e-01
1.974107212229267438e-01
1.062855150483289352e-01
1.936311032885714434e-01
1.031906879287449730e+00
1.769676654542153560e-01
3.453220859264409803e-01
1.526398069313441852e-01
1.752864377048010569e+00
6.207603080415797780e-01
9.175517327505691156e-01
1.951908233819660055e+00
4.386929469336945941e-01
1.460123743171389543e-01
1.030436413855401190e-01
2.472827392488882448e-01
2.984819878866377119e-01
1.032624859380366217e-01
1.158234294929166713e-01
1.024488161432621225e-01
1.233739319910802240e-01
1.023544841793500559e+01
1.495639648602354599e-01
6.556803197639011760e-01
2.498924974664739895e-01
3.745016014376116309e-01
2.801401351471843881e-01
2.143350968864735639e-01
2.943342666476406744e-01
1.126447628108259019e-01
1.188533320183979419e-01
1.920867182130222561e-01
1.614838194282248729e-01
1.012210991082842099e-01
4.235467472779644860e-01
3.561407555470224029e-01
1.440651345951877160e-01
4.103719056240642260e-01
1.370570455441136870e-01
1.032788333065944725e-01
1.034150976309678782e+01
2.856190748136459567e-01
1.517081552925207411e-01
2.802389276868075263e-01
1.953747002539058253e-01
1.748119463111360850e-01
1.338126968058381272e-01
1.234440086212342247e-01
1.045096304017295030e-01
1.240562495112455532e-01
1.601559670472969543e-01
1.209990247182039513e-01
1.546610744228310019e-01
1.445219990380794961e-01
2.678129868090894372e-01
1.276341278918610711e-01
1.143921897789981768e-01
1.239705863722351531e-01
2.096071267502260249e-01
1.786324605685204736e-01
5.002288967997290392e-01
1.124222622969350410e-01
1.325750726607408392e-01
1.808177450264923936e-01
1.129756033329240988e-01
1.036522084066013316e-01
1.179003756727301511e-01
2.149464874019106631e-01
1.965328609143031924e-01
1.720369444706960627e-01
2.109639869855072236e-01
1.440384613013823423e-01
3.092995423988175174e-01
6.832256900207189787e-01
1.884193178418160741e+01
3.620454152825908212e-01
1.562265579782807501e-01
1.822559358574131760e-01
1.985406761266256537e-01
6.490847590253375765e-01
2.178612603540847903e-01
1.020118690900734260e-01
6.646243587388486196e-01
5.468887564090167963e-01
1.064158684243041303e-01
1.742391910521613463e-01
1.246161287272504609e-01
1.439205331360176865e-01
1.084057520058286039e+00
2.864781794839114659e-01
3.350610525999603850e-01
1.386956356959379300e-01
1.720763141443710509e-01
1.192129222648592723e-01
1.036571021037170220e-01
4.020835004508188648e-01
1.559536600660277050e-01
1.148085023575382835e-01
1.755704663155923662e-01
6.487531807777614512e-01
1.910845762843248752e-01
2.023353409812128634e-01
1.037428844332972888e+00
6.344766432577597648e-01
3.788778640194157554e-01
1.199386664325087087e-01
1.646413246957040000e-01
1.709227772757433428e-01
1.169619727550826882e-01
2.372507066905964190e-01
1.341013459066560942e-01
1.017872951732849418e-01
2.550002683675133830e-01
1.576343134088305509e-01
2.780591505473574143e-01
1.796414596456833435e-01
2.288626582271147125e-01
1.056646419087779176e-01
9.931259077702305760e-01
1.226947956119052718e-01
2.533962487296538835e-01
4.702016190908189230e-01
1.109229353336678714e-01
1.128160097974545695e-01
5.071575021205108058e+00
2.020810368376398380e-01
1.208988260669363046e-01
2.069429176772904500e-01
1.017480073147232905e-01
1.697608040478236768e-01
4.628335235618711296e-01
3.599274033464547329e-01
1.446234169321977403e-01
2.102225486448241198e-01
1.579562792474267507e-01
1.955622550102298629e-01
1.829569651044615219e-01
2.085281857493417046e-01
1.081864959670518350e-01
2.932754822878544387e-01
2.456374001695981468e-01
1.078353570077220658e-01
1.116907341520351066e-01
1.741864680745885963e-01
1.018276719345167225e-01
1.436424216433049295e-01
2.311839567732133782e-01
3.337744869608255671e-01
1.055080720091526730e-01
8.996425853895275715e-01
1.181133893603699692e-01
1.056617351521223214e-01
1.076335692036249370e+01
1.281539863019678649e-01
2.105240113557415027e-01
1.555819096780993172e-01
1.145540198166924289e-01
1.158922766220459311e-01
2.706641729172759026e-01
1.581357436740466194e-01
1.312459812242086910e-01
2.786823409460432166e-01
1.402311737513591561e-01
1.128098929358720970e-01
1.952631518734853078e-01
1.249935271340694154e+00
1.014382480552787069e-01
1.674519223712377380e-01
1.893568595332574267e-01
1.014423900246322480e-01
2.489195526924709301e-01
4.798189170550984928e-01
1.635685841894563008e-01
3.000416828590352081e-01
1.421186421601229599e-01
1.524051342387457153e-01
1.285955078113290573e-01
1.783177344516470864e-01
4.787358700594627203e-01
3.144567164588971675e-01
7.342045343479999264e-01
4.199955439645481348e-01
