1.866056097203166175e-01
1.065918905457003824e-01
1.517867514561379583e-01
1.739437263443014692e-01
1.019214979087294942e-01
1.035156455496628880e-01
1.401983897358032860e-01
3.960809538151298170e+01
1.310599332792701244e-01
2.019366034755989137e-01
4.651561565995095404e-01
1.407759057805603453e-01
2.647311702656674481e-01
4.469007997911165209e-01
1.512216221635589442e-01
3.263110145233878434e-01
1.730650337962250651e-01
1.625552105525942814e-01
2.737782829034808851e-01
6.566141070909117250e-01
3.123393979775147544e-01
3.507126919232609330e-01
1.948684695753009066e-01
2.094008050400430754e-01
1.810575621814223268e+00
1.198756515271346412e-01
1.794368866814198826e-01
1.083852772699376854e-01
2.877204122146558851e-01
4.730568809267385877e-01
1.332973510146750751e-01
1.581623866530578459e-01
1.376025468866609869e-01
7.625299117752968314e-01
2.339483048814715027e-01
1.642334263400588024e-01
1.960378441370490832e-01
3.889206098865013450e-01
1.248535149682765272e-01
1.314731169237355612e-01
1.080852442343296221e-01
1.080374606695105877e-01
2.123484107688644595e-01
2.343489624778659908e-01
2.396375246015908234e-01
1.257301287714196469e-01
2.236736085372858784e-01
1.384085672398499556e-01
7.796230618608133156e-01
1.025756809210926490e-01
2.702191730470790421e-01
3.990459596625763883e-01
1.601400599554259341e-01
1.445957010909937057e-01
1.161133245189958085e-01
1.030847335288740951e-01
1.979816799258755089e-01
2.732510533819038634e-01
1.658362900946927787e-01
1.035916122998170041e-01
1.730660622066504117e-01
1.944593693415081148e+00
2.034553346798249618e-01
1.768599985401830832e-01
1.645841303168091574e-01
1.201187391656444170e-01
1.920688228180524870e-01
1.223104603004491198e-01
1.051963787528303468e-01
2.815345993640834821e-01
1.223180586536294912e-01
2.970639245215946356e-01
1.101872023437910908e-01
1.265562772006243730e-01
1.058973930486928894e-01
3.349168612251693933e-01
1.301897366475183726e-01
1.386696092084840071e-01
1.043026749944372944e-01
1.173732111213839913e-01
2.253976356983879992e-01
3.467530930124271826e-01
1.063544491853045670e-01
1.314173171645867944e-01
1.216105356498350942e-01
1.078332501166746060e-01
1.172268788546110552e-01
3.361453519071144758e-01
3.046057389979880958e-01
4.136339805143217641e-01
1.383153974063745240e-01
7.502946917794914850e-01
1.948473195406431602e-01
1.951586494419991491e-01
9.604914816984386761e-01
1.362471703271523060e-01
1.045626038131564350e-01
1.512858208994194431e-01
1.643898220271910460e-01
1.322155185756573870e-01
2.439954084513166477e-01
3.621522845002949076e-01
2.661405155033919612e-01
4.253473426665995705e-01
2.962183008297119002e-01
4.781171394345326009e-01
4.431172471896167031e-01
9.416979659532987990e-01
1.970969505751888062e-01
1.061240409925151562e-01
3.608481534781684541e-01
1.463065863334147565e-01
1.138529467684326751e-01
2.378647493094516729e-01
1.008366960318606981e-01
1.398221139163534632e-01
1.383854347024055242e-01
1.679831678878450363e-01
1.793693760541614779e-01
2.056864121753510521e-01
1.437401966672270659e-01
3.233602797726202294e+00
1.031185142516151121e-01
2.858149775517265789e-01
1.678454792192822786e-01
2.730489192416809541e-01
1.076638463956064301e-01
3.119377319510351354e-01
4.208672714482754040e-01
2.590328978116595016e-01
1.152915917820083458e-01
1.134340561702882610e-01
9.854599697052283114e-01
1.652534780259795610e-01
1.012348386786705856e-01
1.302700144462895782e-01
1.046691834382051794e-01
4.691473435034214212e+00
1.366661525145856482e+00
2.636930969616592124e-01
1.154938715913025188e-01
1.132457450130344712e-01
1.152644445163181069e-01
1.506525414892214698e-01
1.678828989646142522e-01
2.262341849797390170e-01
2.377141614780312606e-01
8.893437575422853403e-01
1.940836188875663393e-01
2.373465219602148568e-01
2.071405694062687375e-01
2.742725224217105739e-01
3.392256020061280575e-01
2.664834370263031160e-01
1.198111501057202433e-01
1.365976119726865223e-01
4.224256387370137755e-01
1.349328056627763228e+00
3.417974103155696497e-01
1.876099571120618814e-01
1.436711147899561725e-01
1.556868720321565314e-01
1.370405579062632939e-01
1.129592345626627276e-01
1.558526791092140484e-01
1.183839691599261751e-01
2.276844861369892448e-01
1.286537610187372394e-01
1.151336160687131960e-01
1.170118987032090774e-01
3.907588188759417713e-01
1.010970434336646018e-01
1.122456087651377832e-01
2.100039658148421529e-01
3.126732442258984834e-01
5.649862924226861649e-01
2.593418610807664004e-01
1.341348814873092044e-01
1.104081125028949506e-01
4.341787791581352973e-01
1.175471937976677872e-01
1.085144235967044901e-01
1.775554936885273272e-01
4.512764917067955683e-01
7.650485573866006028e-01
4.635027242067915054e-01
1.161190630504588539e-01
1.830796677320661037e-01
5.214502516697073764e-01
2.454715224792388684e-01
1.267818052257943806e-01
2.639058805004028119e-01
1.018155920802030351e-01
2.383986798365533011e-01
1.979024159918715275e-01
2.951574580021377181e-01
1.566542469042733199e-01
2.522347920383614661e-01
2.795429583026251552e-01
3.277982305886628089e-01
3.302521149016424129e-01
2.281412654102154269e-01
2.020543479545581500e-01
9.884739692115520615e-01
1.397539798112806819e-01
1.418771963682687320e-01
1.048710294801740439e-01
1.586799522056453471e-01
1.624475366637719576e-01
2.689987190269049755e-01
2.408142429000142970e-01
2.443578200981121606e-01
2.561770229832138202e-01
1.576944815114228460e-01
1.308181371712855146e-01
8.958410620542684555e+00
1.136411536839021380e-01
2.391956221579517594e-01
1.209870693767430005e-01
1.361658598164664502e+00
1.509703263946895746e-01
2.773535368949707203e-01
2.377235238181721666e+00
2.856082290508547561e-01
1.069163836291145558e-01
1.173511194092910215e-01
1.195481973769595974e-01
4.041672375730251954e-01
1.620523425908397819e-01
3.454662514573998977e-01
