2.640839801416465793e-01
1.039794002515423144e-01
1.495218801021118704e-01
1.134348784886581030e-01
1.730319095950172692e-01
1.149790817312005553e-01
1.041627290406195172e-01
3.712414363848777210e-01
2.708419777944065521e-01
1.172044339789613254e-01
1.802197944055539125e-01
1.266423975750250730e-01
2.185515847951436941e-01
1.533017986353583662e-01
1.306024008139300141e-01
3.075946074518654538e-01
1.359002943081475123e-01
4.042942675086569349e-01
3.942821637334718021e-01
1.946085839942630624e-01
3.369620440357618540e-01
2.536877985874837482e-01
7.826782311382772805e-01
1.452592551484407635e-01
1.431796191788243522e-01
2.242441850756738408e-01
2.279959872849195157e-01
1.258803413534212989e-01
1.072658644839872971e-01
3.299215211894681588e-01
6.113037297538219672e-01
1.041463573714151991e-01
1.731433212001778355e-01
3.951159430950702545e-01
1.118993894246389093e-01
1.671935364446775762e-01
2.310105103493226286e-01
1.283875632749488105e+01
1.049503455585502065e-01
1.043279509084173856e-01
1.094450404000433807e-01
1.900163333939467181e-01
2.456405724197641693e-01
1.373100841752638857e-01
2.677989175773469177e-01
1.272969904247027439e-01
2.316251892860768935e-01
1.373109850252335062e-01
1.123649546332031735e-01
2.209313393864305031e-01
1.817836233681147384e-01
1.176192038871251289e-01
1.716847213296937846e-01
1.166582441419034555e-01
1.534884817439725602e-01
1.057948996581508649e-01
3.860779074623768015e-01
2.448300261466447025e-01
1.895307696738747216e-01
3.447685638738834935e-01
2.096720527944950507e-01
4.924761103158529219e-01
1.058809071520181999e-01
1.595724880027044046e-01
1.661635114787722856e-01
1.406370976523612093e-01
1.109875607757334487e-01
1.203436472134690183e-01
2.940691325839673853e-01
3.204656946468990575e-01
1.655445636606411586e-01
1.344408641561311013e-01
1.402735271268977235e-01
3.461127174500273074e-01
1.075561574313615987e-01
1.583390453798204922e-01
1.294339179956928432e-01
1.165398902803791298e-01
1.484733370460481205e-01
1.276980016503268534e-01
1.065639331560913478e-01
3.052702474572914770e-01
1.647548274604123675e-01
1.431026386608147960e-01
4.500555934274224068e-01
2.375596775366666247e+00
1.140499452188162011e-01
3.341142893900433397e-01
2.024280363886903911e-01
1.023300906253030301e-01
1.407405594036507335e+00
1.801397848393789525e-01
2.488656149955684738e-01
1.110392627518769493e-01
1.206507525249295720e-01
1.465316368351243514e-01
5.965731604722276371e-01
3.054204038314675129e-01
3.285293890031315556e-01
1.053037542085597522e-01
5.027219510157420190e-01
1.051912117940548841e-01
1.343071254822256477e-01
1.042778745252181061e+00
1.843011562228233924e-01
1.126395174606249078e-01
2.340729156269434064e-01
1.522267716459595466e-01
2.469893298235084078e-01
1.460201410705994907e-01
1.147357857215977606e-01
1.002099646883548162e-01
4.066122867731962187e-01
3.549644556889298697e-01
1.491976445347515945e-01
1.393910073105209813e-01
1.527799922358794027e-01
1.243019001340237573e-01
1.061200936446079074e-01
1.073907727156088038e-01
1.142167695447846854e-01
1.002599512599531978e-01
1.861076695629088895e-01
2.378986648068668330e-01
2.087707077226464425e-01
7.487753418299298858e-01
3.130946757938782299e-01
1.755178633564294099e-01
1.548598010023295446e-01
1.572121763818305207e-01
1.903673490509611987e-01
1.270138060744972763e-01
1.078419508852431347e-01
1.000276352872196961e-01
1.224558306241446543e-01
3.679367998046764177e-01
5.998661221556121914e-01
1.941543495381489182e-01
1.026339361666920857e-01
1.064030791892764283e+00
1.657143329777063245e-01
1.117207981813860274e-01
1.066139282131043919e-01
1.102601244126320962e-01
1.478194348730421381e-01
1.552488628563853945e-01
1.720686753264605295e-01
2.240846556104879872e-01
1.583862385961993802e-01
2.130249201557382899e-01
1.138790725081398753e-01
4.200464475728929448e-01
2.598904616938339518e-01
1.195473451712152219e-01
4.637018136157188275e-01
4.339314470538509494e-01
1.612668938644781502e-01
1.087558485910919137e-01
1.654851503374015487e-01
1.726114417846545401e-01
1.832113895794120206e-01
1.159101562080596531e-01
1.100074567734177916e-01
1.223878623352372269e-01
1.326241713465006744e-01
2.132631863365500591e-01
3.738641986797137107e-01
1.749532068294150644e-01
1.449696201456531774e-01
3.882882323651019041e-01
2.095273492694661732e-01
4.447987426151508217e+00
1.834917780994994863e-01
6.853310515355659049e+00
2.364765124647408845e-01
1.098628630789448418e-01
1.156377337572391251e-01
9.037048543915332743e+00
2.132323225838561320e-01
1.241835228017610926e-01
2.923670059483188255e-01
1.611339056319311958e-01
3.136908384119398430e-01
1.359431968149950043e-01
1.090367547139350635e-01
1.081589536536483181e-01
1.209003753890453975e-01
1.123251734117853007e-01
6.252418454885272370e-01
2.415180196361893517e-01
2.243144477463280551e-01
1.119881183900807153e-01
5.208312485610473441e-01
3.219306541422721213e-01
4.641859346328964797e-01
1.155728944923086338e-01
2.995311292882966714e-01
1.156005034679739585e-01
1.927455938413744629e-01
2.137563631326917235e-01
1.444408350352788806e-01
1.618229523980624363e-01
1.404051375201890994e-01
1.084729515049042831e-01
7.636822297734594533e-01
1.998328414766354366e-01
1.217967102525340795e-01
1.537315752867310370e-01
1.937266855486872164e-01
2.330753457179554899e-01
1.275473790285016618e-01
1.442801616608247184e-01
1.334967705585348996e-01
1.896881988321569568e-01
1.673948837828989067e-01
2.169614211225143752e+00
1.948835551679804767e-01
1.667453558460074148e-01
1.399824039640372164e-01
1.286057897702088115e-01
1.550152432869488783e-01
8.029599754028888814e-01
1.628171968327597197e-01
1.535173115970222824e-01
1.406208596760171736e-01
1.074361469721293594e-01
2.521993342012613382e-01
1.745195751308757925e-01
2.048718613257516086e-01
1.231326205670708468e-01
1.921542263702852582e-01
1.591981573477871947e-01
1.558157139141683745e-01
5.712184590148729590e+00
1.710576280524757908e-01
2.154622979427256446e-01
2.661177145067282757e-01
4.474981045198073715e-01
4.626573127467617508e-01
2.680599164842846771e-01
1.196469030357415059e-01
1.535576401818977144e-01
1.058060271188825674e-01
1.626274644329585850e-01
1.401657834585355311e-01
3.287829101621586592e-01
1.241709267303636177e-01
1.078609399432868543e-01
1.436242090427392593e-01
1.022352808532113050e-01
2.912599947527219069e-01
5.837949098125219116e-01
1.026299563947308036e+00
4.099546023330208344e-01
1.901600144375273360e-01
4.658949300789319570e-01
1.607268677263536394e-01
3.475441257275804774e-01
1.523914528109444888e-01
1.410488600967965411e-01
2.611709659436031727e-01
2.858928694660832770e-01
1.541606349847567392e-01
1.183682235631906415e-01
2.928790411935877080e-01
1.219066566394514661e-01
4.009166292222215988e-01
1.124148590974377165e-01
1.466468918298139135e-01
7.733445708799993046e-01
1.310994768420130352e-01
3.406623132040919044e-01
3.350708889583453587e-01
1.914710891664389569e-01
1.784122396260107712e-01
1.815440145777957870e-01
1.530292712283527756e-01
2.779905763929317319e-01
2.792352236813739341e-01
1.018714151590014300e-01
1.307461612563637632e-01
1.871391061927535071e-01
1.205938388783961424e-01
1.082895936190488712e-01
1.505597209245999046e-01
1.411268419571072019e-01
4.220007226686437463e-01
5.888221034561028633e-01
1.064491361617146969e-01
1.359977434669041862e-01
2.209291065921276942e-01
1.668937115874319366e-01
1.411228967730534245e-01
1.184437348904110454e-01
6.134002199407961875e-01
2.069950299531884697e-01
1.002262526436035472e-01
1.993659235916432348e-01
2.122427640609549637e-01
1.237930655618967868e-01
1.034751274455843889e-01
1.993780705396956954e-01
1.019290531090384921e-01
1.049840164567575479e-01
7.711133727482729627e-01
1.598117430946311757e+00
1.391533977368483166e-01
1.048889783910323809e-01
2.370444770742582696e-01
1.073446804818772721e-01
1.170441799398581617e-01
1.348596367213420189e-01
1.854336598493600552e-01
1.124083073286522017e-01
1.203357851979699467e-01
3.458551003956127357e-01
4.601235348525795743e+00
1.287449764002474573e-01
2.260214429025869110e-01
1.301379735340462973e-01
2.313116850357330723e-01
1.075458845572617728e-01
1.185234041374583880e+00
1.747793148881292280e-01
1.621096699335979052e-01
1.114942153315457846e-01
2.297748416505510927e-01
2.903331379363595643e-01
1.271983252229797745e-01
1.830236590158291488e-01
1.153174847533879471e-01
1.604774144108291889e-01
2.068397317345925801e-01
1.255169825078818746e-01
1.979689521575509481e-01
1.156510969168084019e-01
3.431585168263015517e-01
2.877483417969988744e-01
1.008860702069511728e-01
1.248658678249410514e-01
1.754519601119803041e-01
1.194766501709642048e-01
7.284188066545862483e-01
2.640925585989123969e-01
3.018931424808921626e-01
1.784777250597676668e-01
3.763089700679786986e-01
1.672887030686059651e-01
1.223150755792230815e-01
1.181298586515474175e-01
2.819774699226393344e-01
1.409255203494460262e-01
