3.233985024136110109e-01
2.232076884709758291e-01
9.623550490187174900e-01
1.034574420844941722e-01
1.268762003081984335e-01
1.227782384047527292e-01
1.455831128160192112e-01
2.744206502719941931e-01
1.669305580117574905e-01
1.450148127193674752e-01
1.147534690236331756e-01
1.069943421219538560e-01
1.387505707729982107e-01
6.996846572423026656e-01
1.830380802159594822e+01
1.071595871945085349e-01
1.138680739008340048e-01
1.466231924389045371e+00
1.172315457641163183e-01
1.970713425974660871e-01
1.414432786340382442e-01
1.628588033662969614e-01
3.352571303827773797e-01
1.467903663814100201e-01
1.045335123086391926e-01
1.743975469706603221e+00
1.151506656852958194e-01
1.841674073792153088e+00
1.089106307788841738e-01
2.092873752606578819e-01
1.322418755647938038e-01
1.009413595578507916e+01
1.072184334685758467e-01
1.096247253082523188e-01
1.186128778997297267e-01
1.134476692523293945e-01
1.364573245183880179e-01
2.405851411515017024e-01
1.433335978935528499e-01
4.418909121490990910e-01
1.092759703252644404e-01
3.157083264240687637e-01
6.743152188960825910e-01
2.665396654111558683e-01
1.254913676528770783e-01
2.595898937968425524e-01
1.007619853721012926e-01
1.101849039032391647e-01
2.090054559402211576e-01
1.158864533730490226e-01
1.968558080725180404e-01
4.691759637243883008e-01
1.584269475796932225e-01
1.058998587828572646e-01
1.206587783175717687e-01
1.216554055015371116e-01
1.135514068310786717e-01
3.628733155825682455e-01
1.879591565135062536e-01
1.044282526830416225e-01
1.210016387827951567e-01
9.677879245041977052e-01
1.512031571875890879e-01
2.872218054259368381e-01
4.188202088127735978e-01
1.324444843218916534e-01
1.414474401729429454e-01
1.723996850528161096e+00
3.246355776196342413e-01
1.843530116003025687e-01
1.259913831940340789e-01
1.400039502028392613e-01
5.006903698754253673e-01
1.632101196423737521e-01
1.087514649554093549e-01
6.072587894442286194e-01
1.641038045839710025e+00
1.105262718664091204e-01
1.693999126351134477e-01
4.268892061315474606e-01
1.124414384600511130e-01
1.528393797745129234e-01
1.018425052532386660e-01
1.248483256778287337e-01
1.696706502772987457e-01
1.157657900854386634e-01
1.263633806810474658e-01
1.404255315995364406e-01
1.055918191847979859e-01
1.468838607656824946e+00
3.112240611887382435e-01
2.562170073915396085e+00
6.933292797504737592e-01
1.189287717020354185e-01
2.396982220330573510e-01
1.084544194227393954e-01
3.610610163936942008e-01
1.034811750546552195e-01
3.574958516016724097e-01
8.426887573849919377e-01
2.487272506807102213e-01
1.606739432142140211e-01
1.610562744836087357e-01
1.051287218405924373e-01
1.248203405794298809e-01
1.541160477265810513e-01
1.181436143162961638e-01
7.008623710466943546e-01
1.618874632677065883e-01
3.420590849081043827e-01
1.290034867579361588e-01
1.329810748883283045e-01
1.478877189331937181e-01
4.971619588365335796e-01
2.048971717015786176e-01
1.108666651860576863e-01
5.348382485197518132e-01
1.337113327785393324e-01
8.194134714163265887e-01
6.885254894031281880e-01
1.685094402647428213e-01
1.533950854163094180e-01
5.036693086858544666e-01
1.137321640081979945e-01
2.132667178990992063e-01
3.816333093310348978e-01
2.590782923816140615e-01
1.691751865740581395e-01
1.744065491387815636e-01
3.580845498004269212e-01
1.235228425554493192e-01
1.052375184095086791e-01
1.012935626083827922e-01
1.558544187795649349e-01
1.568784899303546088e-01
1.506655399077154178e-01
3.005615416196447676e-01
2.588821319430597012e-01
1.787835446921169913e-01
1.738694730387032872e-01
1.074639983923097591e-01
1.496224950691930067e-01
2.108914455260828269e-01
1.081218036865935900e-01
1.183954244654237958e-01
1.128714584953922184e+00
2.020327605476698318e-01
2.132358922664306933e-01
1.008154570552733942e-01
1.058537237784991092e-01
1.140193773894566942e-01
1.946069100099737381e-01
1.378506868640477778e-01
1.890824108764012912e-01
1.091606535980470388e-01
1.356052007615537125e+00
4.349461751087418948e-01
1.821819280075887837e-01
1.039969848976157185e-01
1.614039403745838874e-01
1.815913577610015761e-01
1.191335754849878054e-01
1.419010302316690841e-01
1.735708851780818351e-01
1.004528380945464844e-01
1.024116734402435447e-01
2.538541868400890911e-01
2.003473545625463759e-01
1.560493943925355398e-01
1.615506881565666186e-01
2.070582906882344754e-01
4.387168649490055805e-01
1.588756438767437440e-01
1.086080679259670972e-01
1.522240134015797330e-01
1.204310978246726088e-01
2.441248809496932015e-01
1.173654386269979422e-01
3.421011592990674255e-01
1.014295645749244135e-01
1.127051623408172470e-01
2.960760190401292569e-01
1.942578694041078302e-01
1.033875982562259266e-01
2.723071863640372792e-01
1.181896938063097535e-01
1.516659475557242398e-01
1.024677370207184524e+00
2.755668909653408161e-01
1.304812932449684326e-01
1.739515764979912282e-01
1.038690207488286721e-01
2.146183432169204708e-01
1.542705186838456699e-01
1.035103393994933896e-01
3.401517061847833534e-01
1.746299235171844266e-01
8.293272544529101120e-01
1.949785134465971403e-01
1.611239663936094024e-01
1.109802509768195722e-01
3.821299407175662299e-01
1.763862557803813624e-01
1.179475028405202047e-01
1.191291470157094107e-01
1.026610242739058737e-01
3.239564341716214546e-01
1.015000801480519521e-01
6.067853443044382011e-01
2.606273426220703238e-01
4.282352859494429898e-01
3.085115829780186170e-01
2.929036432272639212e-01
1.116793262710682327e-01
1.512458350991262579e-01
2.201527204210215194e-01
2.057603466209193821e-01
1.351202193900550574e-01
1.611172677304424927e-01
1.895079304856707447e-01
1.192258474404220003e-01
1.109721827569650626e-01
1.455427944868847301e-01
1.243610689489971222e-01
1.866042343772050804e-01
6.215657985887101944e-01
1.071706517942476733e-01
1.120730966008791907e-01
1.081500864441169302e-01
1.353808140437759711e-01
1.130995969014724906e-01
1.179930168124112000e-01
2.672982113211927468e-01
1.422642872932637914e-01
1.222862266740977061e-01
1.130875390999828145e-01
5.474911502510234618e-01
1.922495764976799859e-01
4.704374957547733382e-01
2.473281286013883085e-01
1.249990913061578557e-01
1.265986411761374775e-01
1.358397946875326667e+00
1.109906556205498829e-01
2.283912121352572600e-01
1.024591348505561605e-01
1.636780539118488642e-01
1.103419028451918804e-01
1.013891338167761946e-01
1.575166586757373866e-01
5.625757775707351804e-01
2.706333794799814507e-01
1.235948508982343541e-01
9.138179638941560379e-01
2.867289106827710654e-01
1.925653031167342821e-01
1.255110279728545997e-01
1.543957513946745130e-01
1.861625668274523304e-01
1.239474299601689283e-01
3.844646225509065762e-01
4.594550845553477103e+01
1.111059470899143087e-01
1.120820782104271773e-01
1.173509508367160947e-01
1.504724367167824539e-01
1.182347255439950562e-01
7.648553313224392136e-01
1.010514027000935650e-01
1.433777718405740420e-01
2.031242954974492587e-01
3.199442032001527103e-01
1.481630386746969896e-01
1.032011086323058047e-01
2.436034607844201894e-01
2.680696911287178796e+00
1.534975204600550203e-01
4.443421952843596978e-01
1.300137047987910133e-01
4.909115288217581474e-01
9.697572393331905793e-01
1.222308053071214373e-01
1.022006918760775956e-01
1.023673752095064782e-01
1.036717996860301999e-01
1.723917301080533093e+00
1.567719881688900141e-01
1.863688251504439786e-01
1.026450378264346930e-01
1.410859132306425401e-01
1.115217486606155384e-01
2.116616421767457679e-01
1.250140017338642051e-01
1.573166977561586688e-01
1.046374609265828676e-01
1.222187158928320083e-01
2.969505631938835322e+00
1.262606921350281908e-01
2.149079223205651867e-01
1.626104103541190726e+00
