1.313774415786680694e-01
3.312534703261011404e-01
1.389694321339315086e-01
1.968513762223927099e-01
4.706872050698064358e-01
1.171321636228033758e-01
2.170539420631316385e-01
2.051249992181147785e+00
1.735498119570380027e-01
4.540667666048631701e-01
1.923958376780509905e-01
1.972513265883061029e-01
1.111985006417166022e-01
1.490428553636747588e-01
1.037683715498361886e-01
7.693203443147295095e-01
1.669015078941475938e-01
1.768145590688052771e-01
1.627593306758456093e-01
1.216154230177349582e+00
5.251821115221936287e-01
2.049606528335828903e-01
2.053902612092856073e-01
2.370651778000189280e-01
2.055339894833479453e-01
1.215874704822153679e-01
2.028448088028319551e-01
1.910318488253746061e+00
4.068893308621742699e-01
1.240646151682539555e+00
3.454309639434926527e-01
1.294477222982428177e+00
1.162819899469030027e-01
1.557863847265145985e-01
1.063420231833207830e-01
1.732504901711635403e+00
1.932070816182552830e-01
1.114803714954762937e-01
1.601548031709850717e-01
2.224721784348577536e-01
8.922849726856615371e-01
1.632670848503583461e-01
1.053859027171704793e-01
4.195092039032434217e-01
1.132641017522429960e-01
2.111843779187114745e-01
1.329271610297569906e-01
1.072216691343839678e-01
1.738662388108314638e-01
1.362597820730478526e+00
1.160242829480532117e-01
1.562992564922540961e-01
1.518801310729313847e-01
1.053028779169178919e-01
1.108417770641379196e-01
3.414072476023001790e-01
1.118502956592682118e-01
1.305626625470719115e-01
2.217196258145420207e-01
1.592014408634665479e-01
1.380391618955211230e-01
1.602549537032045834e-01
2.428309415214470468e-01
1.809786317717200221e-01
1.457180087180666717e-01
3.522294149241846362e-01
4.799997076076447655e-01
1.189147509097269878e-01
1.261643994800269730e-01
4.890883951766975546e-01
1.927652078913399958e-01
1.375697563868719386e-01
1.071581029137000929e-01
1.915895160084924997e-01
1.218659281847569720e-01
4.613115344539537865e-01
1.162281137279567444e-01
1.018725368326754144e-01
1.762509756446155318e-01
2.119320964102255067e-01
2.441763232652146565e-01
1.064851790672408927e-01
1.149381966765659346e-01
4.880478549895825302e-01
1.155291649357726436e-01
1.382605972870712963e-01
2.194330045323172329e-01
2.117082962666666790e-01
1.180665666006322501e-01
1.853076941325283722e-01
1.042078758794205140e-01
3.516347893869609109e-01
1.163757102405997695e-01
1.715545195548130453e-01
7.161776718601197134e-01
1.774802036430155883e-01
1.578019086846351726e-01
2.283057870957466706e-01
2.487773953214211520e-01
3.278352919203602056e-01
2.849229847678386718e-01
3.613428491137946064e-01
1.011925444519276018e-01
5.444792414575483352e-01
2.290608739467503430e-01
1.290315895095885401e-01
2.570968354250778298e-01
4.976880022046052510e+00
1.022672576102599956e-01
1.265792751136498306e-01
1.863593107115785741e-01
1.922545067658125995e-01
1.828500116921591978e-01
1.384166693330588227e-01
2.692113330787873071e-01
1.157861255800786693e-01
1.113056489683011963e-01
1.955041271498587085e-01
1.392979648977361318e-01
7.061247203426634922e-01
3.939262829375746455e-01
7.580275972742890334e-01
2.334195214580027378e-01
4.028300843061509706e-01
1.129195597365845738e-01
1.750696014208417417e-01
1.350886491080400265e-01
1.843736824336078828e-01
4.649275127529606699e+00
1.081439515624350173e-01
1.025600040260614548e-01
1.407594062954390102e-01
1.070470971636034579e-01
1.942438236925537187e-01
1.349651442400406631e-01
4.729908777046969437e-01
1.986301036761233263e-01
1.518368770139584933e+00
2.571698071378364925e-01
1.810367951566552447e-01
1.199213369198970647e-01
4.331643959244805275e-01
1.350806113981175283e-01
3.072958563071258031e-01
1.257071480596652358e-01
2.989617480400425520e-01
2.088048754392681783e-01
1.978222816396718597e-01
1.690421254142796814e-01
2.153193230752664111e-01
1.063489170085768348e-01
1.189067095567017535e-01
1.090486953058298208e-01
1.196451147446624952e-01
1.624071828529312367e-01
2.300311741122506304e-01
1.103068597626976621e-01
1.652198225907332008e-01
3.304542550305427095e-01
2.397613496673365319e-01
1.653269741518385849e-01
1.280020984791206962e-01
1.735314317103547888e-01
3.763150386260214475e-01
4.940542570667221245e-01
1.894915209541547241e-01
5.388444359145326823e-01
1.284064930394478721e-01
1.655673223083458379e-01
1.569380812754724575e-01
3.737647084267192166e-01
1.978845945884127877e-01
1.973672123429696668e-01
1.096028767497528866e-01
5.663276430895913816e-01
1.333500229117654257e-01
2.059320885145470292e-01
1.522190365399713752e-01
1.020150688040272202e-01
1.605128973458120056e-01
1.180879283612196462e-01
1.947055860762649526e-01
1.594039207249312862e-01
1.227227155622723220e-01
2.049284700059036401e-01
1.167908002087698072e-01
1.490739468630388476e-01
2.048596119527100190e-01
2.461904824591681917e-01
1.918472015909942208e-01
2.345050597583029917e-01
1.418663201193456069e-01
1.566862729435876400e-01
3.337435187079731413e-01
1.235144358655480001e-01
1.075937747397841399e-01
1.711808297250509980e-01
1.612013858607769801e-01
4.918968560832782666e-01
1.442729360547921613e-01
4.332407066126943151e-01
1.914807351173604677e-01
5.800760540697025291e-01
1.377901420454895332e-01
1.056886355514002063e-01
1.014884568497372019e-01
1.656452559486790710e-01
1.138020261029873414e-01
1.647348982748930990e-01
1.234666844195666385e-01
1.316790529935220611e-01
2.243896529740881940e-01
1.395658363230344590e-01
2.325569883373258817e-01
1.163443966764621806e-01
1.152454990571447624e-01
1.809359295356821329e-01
4.699730037043851616e-01
1.909075195253181478e-01
3.111326773084375774e-01
1.382555407670929271e-01
2.001419819793442412e-01
1.292356988846399268e-01
1.291536881440173978e-01
1.387230764347963108e-01
5.534150933723597232e-01
3.067573635267704102e-01
4.039056044403895318e-01
2.235843969963390576e-01
1.177509182424114065e-01
2.644219306029798600e-01
2.129570215674210787e-01
1.958553656678034549e-01
1.141649820373002444e-01
2.183398332841930967e-01
1.045121509476218818e-01
1.423880627554313938e-01
1.197381731696863655e-01
1.025468596660635834e-01
3.794349592991412834e-01
2.913472254995193578e-01
2.047818830547973867e-01
1.260319347287226222e-01
4.202010024518408327e-01
1.464485201609131704e-01
1.881464633546617027e-01
5.397229427527036050e-01
1.376901095335466563e-01
1.077678260670215382e-01
1.141491056232038642e-01
2.453229240563445102e-01
1.991715793334701556e-01
2.890008057303487532e-01
3.666945797535836604e-01
1.960780181752301843e-01
5.483765091054356722e-01
1.140929945338674395e-01
1.042348628292366630e-01
1.384517312176462289e-01
1.777971610275487224e-01
1.798395621627982555e-01
2.203780142641202922e-01
1.768050404985256063e-01
1.859872309862733164e-01
1.202452536530809191e-01
1.105693772534329516e-01
1.515596698216861993e-01
1.615107957787279835e-01
2.031947940744029957e-01
1.311064930653655647e-01
1.087908119769332577e-01
1.530418636966442703e-01
1.200594438774686551e-01
1.499569294542247577e-01
1.089835511070973983e-01
1.105711964084115789e-01
1.729381618458627479e-01
6.702411835052761724e-01
3.843012043566380598e-01
2.749765607565741177e-01
1.079572913963434966e-01
1.273701225859196762e-01
1.664330471428880631e-01
1.104512224216054189e-01
2.089294761459006722e+00
1.284878007200419281e-01
3.160961803204777598e-01
2.582145596311906099e-01
1.125824326410715948e-01
1.380864196975867819e-01
2.543382443318232267e-01
1.563030644087428089e-01
3.502065196095377253e+00
1.657314186973367631e-01
2.440089730482682961e-01
1.112239756874074115e-01
3.867841406480347910e-01
4.107477588325306184e-01
3.107238448869404923e-01
1.289707594948529823e-01
1.304661242791926856e-01
1.549097152483767115e-01
1.021535485680980515e-01
2.407408243314813900e-01
1.433997928821505730e-01
2.356939545335715869e-01
1.639594085465159723e-01
1.645581363081115023e-01
1.566065133854841473e-01
1.202554364365582967e-01
1.299305452319804155e-01
4.855129093621028402e-01
3.554509818915360664e-01
2.478986672606592612e-01
1.016552590763207253e-01
2.094655001740983458e-01
1.354629847447550217e+00
3.913931018628677094e+00
2.733023017698700818e-01
1.949165137950595872e-01
1.793832896717130476e-01
1.344493507148671607e-01
1.274192320553176883e-01
3.129087823168931748e-01
1.009943799325091068e-01
1.029931628151728590e-01
1.308601916147366373e-01
1.793772224345678012e-01
1.582798129816321009e-01
1.634488957411103227e-01
9.611767025614965654e-01
2.531469014054567590e-01
2.600753580921823516e-01
2.410032583010411900e-01
1.468399924765338982e-01
1.248809233195140450e-01
4.920045520222382507e-01
1.066476097056454908e-01
4.011354395349963631e-01
1.237050999180643873e-01
2.726835199048314728e-01
1.361584547799444267e-01
4.558257693267668831e-01
1.729726895376743900e-01
2.050158486305225125e+00
1.185942161873946993e-01
4.397494228179383846e-01
1.844148462657679843e-01
1.060070473071462321e-01
2.588913783792956558e-01
3.489487867115497188e-01
2.109292121976215073e-01
3.763892392769279116e-01
1.051242450495379760e-01
1.080565997547973389e-01
7.672663175422198556e-01
2.733482751353236928e+00
1.046368109756197901e-01
1.224222802582409370e-01
4.322460057776175701e-01
1.084274904917964522e-01
1.031018128823848745e-01
1.195233218878748310e-01
1.338733544393671648e+00
1.256970188119511112e-01
4.741227094926406815e-01
1.263900510581393855e-01
2.256151347403511087e-01
8.972473168015669964e-01
1.272865860854587028e-01
1.584230325269032069e-01
1.385532078586809435e-01
3.926376153310764394e-01
8.108304377007394814e-01
3.026420589485361301e-01
2.252914277315105351e-01
4.860120785282423528e-01
3.328124324096628506e-01
2.187260550875629039e-01
1.626926655510426145e-01
3.689362026597242106e-01
1.149392576956407147e-01
2.293703160041332123e-01
2.712381929373754441e-01
1.080046664188785699e-01
2.483063348067393317e-01
1.005831101704783709e-01
1.749768195985861308e-01
1.570222705588908696e-01
4.686972851555765707e-01
1.183473906426392164e-01
2.687991157614687543e-01
2.279274876858918830e-01
2.263585706843239675e-01
2.651475875000163795e-01
1.258472224175806176e-01
1.008697354554977804e-01
4.675257806618533518e-01
1.971235260068559259e-01
1.035464264573104781e-01
2.344686847722524892e+00
1.284487301419840743e-01
4.105441577329188019e-01
4.107287720183831481e-01
2.253331732526326625e-01
1.481672739004517569e-01
2.691334545366614317e-01
3.359202173851567608e-01
1.361400824818700395e-01
2.141692713819718097e-01
1.278779362323163582e+00
1.089843248944356857e-01
1.061007288587959146e-01
1.075038007816173230e-01
2.987182022954557037e-01
1.380955471503586274e-01
1.141228406920158644e-01
1.062732606337621344e-01
3.536882807072996848e-01
1.049468487276357664e-01
1.576137579353759366e-01
4.634488872376296698e-01
1.281917032363564801e-01
3.843174662447647050e-01
1.389715642451096744e-01
1.099018809760156784e-01
1.163364437837027809e-01
1.314124898209685088e-01
1.241260541904888604e-01
1.216385264977556668e-01
1.022591141045692820e-01
4.753737159196622653e-01
1.732330891784889804e-01
1.304269755638659545e-01
1.088452558648905638e-01
4.096485833066547677e-01
3.142590131919678065e-01
1.101229828204271510e-01
1.267631142483425788e-01
1.048603372651223387e-01
1.734882996338269479e-01
1.115554709262666366e-01
2.873282035532292444e-01
1.295031056834599903e-01
1.221472197351305272e-01
1.899380916220863857e-01
1.420905081668458747e-01
1.411167591972959934e-01
1.339971643899439346e+00
7.072806170667991221e-01
2.148560295296597367e-01
1.242703978818571475e-01
1.667848844422978594e-01
1.125831974803622737e-01
1.021567605419065466e-01
1.191771325352532912e-01
1.419088364987549922e-01
1.856187072135905280e-01
1.494396676959766079e-01
1.671660577319753760e-01
3.997735840572403943e-01
1.050278480597936909e-01
3.561612721814187976e-01
1.033774627487616948e-01
3.338125639952874146e-01
1.260670675432126742e-01
2.301037963794548835e-01
2.882327039119402801e-01
2.334547032733193250e-01
2.189852580288483286e-01
9.119369046928152978e-01
1.085362251182450555e+00
7.625676758312613934e-01
1.226700985009242517e-01
1.277841984686605148e-01
1.753413743980157813e-01
4.904472253452829000e-01
2.496058950030438095e-01
1.340748492396505731e-01
1.094786513610812168e-01
2.358983574386333437e+00
1.278980475768504432e-01
5.864277529467087913e-01
7.623789010366760488e-01
1.933815003940503985e+00
1.352439234330607976e-01
1.623578707074876670e-01
2.550718793431172582e-01
1.069720959343545830e-01
2.427168862848548825e-01
9.970117187773581691e-01
1.027669539660463482e-01
4.152279476231650612e-01
1.489295687910137667e-01
1.739911857341983892e-01
2.727371365910176704e-01
1.017133740791696939e-01
5.214657204191382789e+00
2.034378806823516350e-01
1.852557460447920024e-01
1.872324210117032872e-01
1.366231666552907287e-01
1.820722435362152891e-01
2.879073344691562286e-01
1.984528751291617099e-01
1.039699032053627015e+00
1.057485990557117533e-01
1.489152556970200769e-01
1.039855177960441052e-01
2.619916312230651245e-01
1.447221956924962805e-01
1.463034674459493978e+00
5.181654634818895211e-01
1.052290517138226439e-01
1.709422192461947931e-01
1.758813947768483044e-01
1.036788568802545774e-01
1.602378731152522551e-01
1.926891617088642705e-01
3.756820877129523062e-01
1.603097328028716406e-01
1.028715833754721420e-01
1.735805835725775514e+00
1.076587028838782434e-01
2.519495042705034993e-01
1.427058895322581844e-01
1.239895628346686929e-01
5.598246385898318911e-01
1.003396869539078806e-01
1.170291124651782061e-01
2.481420922392982842e-01
1.046722861923187198e+00
1.270232510160467232e-01
1.364290541631823783e-01
2.393804234339817760e-01
1.782882406324860225e-01
2.196082209094788462e-01
8.982893460883696335e-01
1.807835807762158964e-01
1.160363264552516649e-01
6.243578576043788964e-01
1.701395206902205082e-01
1.549657095775984206e-01
7.425223324836269789e-01
1.013435248071507533e-01
3.473543427217797852e-01
1.733294580228539328e-01
8.615843875167503718e-01
2.035426707846126892e-01
1.614332880579765761e-01
3.689534824284233516e-01
2.439849834933327244e-01
1.112187001455053337e-01
1.506583056863524117e-01
1.463707520047118904e-01
1.162892934306001269e-01
1.523609620098657080e-01
1.185937465426465665e-01
1.065448176769330929e-01
1.213895701964459728e-01
3.081110715288058466e-01
1.239467469674076922e-01
2.407061934178203466e-01
2.689423802341563974e-01
2.154322119522716905e-01
1.295697972653613306e-01
3.574749554687390862e-01
3.627986626468974740e-01
2.462042109276130208e-01
2.114598841012771124e-01
1.297864728628162490e-01
1.706015448989141592e-01
1.444796582221733461e-01
6.043998829654708693e-01
7.627436333526631529e-01
1.246425321844554790e-01
1.471633586617080991e-01
1.008403328579923069e-01
1.098464003357837726e-01
1.730824802810574659e-01
1.952972408482819555e-01
2.001066975956061089e+00
1.778577556812735994e-01
1.343661070420566206e-01
5.004945335029989950e-01
1.407998563768238509e-01
1.289714907518590969e-01
9.024416142764652982e-01
4.048962178405950407e-01
1.320295741472776174e-01
1.129206999174654780e-01
2.854637272297281814e-01
1.105617938073769485e-01
1.773299037965783420e-01
2.977953459362734923e-01
2.725512523295005596e-01
3.713989016513148389e-01
2.543214430664743619e-01
1.961761901621995596e-01
1.862364299789416311e-01
1.134488858398826627e-01
1.464084492284993544e-01
2.633990126899844464e-01
1.790375844060538013e-01
1.044356817911927665e-01
1.371205314158588928e-01
1.283489319599298850e-01
1.862181872248736880e+01
1.011027683252367776e-01
1.095903559887413670e-01
2.560887567476873627e+00
1.353220305562719272e-01
1.044733767683854869e-01
4.388537167643947190e-01
1.092418254393924260e-01
1.066129566838966980e-01
1.385880928507109144e-01
2.287825500869738460e-01
4.327244054878995883e-01
1.662656298770984309e+00
1.019653281859478622e-01
2.713767516126889823e-01
1.389503906945998568e-01
3.869147067634581272e-01
4.980235720194113869e-01
4.053220427007147020e-01
2.362243098807631503e-01
1.417284575705846927e-01
1.183256195227736091e-01
1.570430097609044062e-01
1.711220290096233387e-01
2.035324812541154937e-01
1.025942787638010750e-01
1.136716767266646999e-01
1.825207819435268608e-01
2.884242731170100216e-01
1.218050943799395824e-01
1.666402957360111070e-01
2.460285249166760946e-01
1.834654456530755706e-01
1.031979768226237298e-01
1.011181156565115646e+00
3.413722066155467361e-01
1.123501952838962120e-01
2.867228993375857016e+00
1.377958414963236233e-01
1.625590547358749527e-01
1.426917781459333678e-01
2.509644063362154731e-01
1.663022072340488711e-01
1.881489204411670446e-01
1.158304681045940754e-01
1.066837683844763796e-01
2.380041587665832903e-01
1.317196202235020319e-01
1.352649957977228590e-01
2.280672203029558531e+00
1.956512597947601684e-01
1.169572783817076217e-01
3.162426971914739093e-01
1.046043310768270396e-01
1.514768416889459290e-01
1.168792095783509483e-01
1.313675893178553045e-01
1.625154445307384343e-01
2.333720494592605721e-01
1.128257535329673378e-01
1.519530517954986726e-01
6.710864315520259638e-01
1.125362955233695922e-01
1.566480473901774306e-01
3.842011845769764955e-01
1.496785586932351808e-01
1.674213770797318146e-01
1.734995566802906009e-01
2.222310212044053268e-01
3.415971168759812104e-01
1.078156022565844446e-01
1.247110811321274770e-01
4.531497636541223506e-01
1.295677946299304273e-01
1.946286885321120153e-01
5.756357104397026303e-01
6.594181979364567292e-01
1.524254161941341335e-01
1.090415856008135204e-01
1.087583869746190646e-01
7.193264525263229903e-01
1.371816657202338807e-01
2.556336710310787019e-01
2.772418689968871308e-01
1.159321324951836651e-01
1.915967114016011719e-01
1.134147435556850936e-01
3.536226085928789176e-01
2.662059214715162825e-01
2.317321924712203163e-01
1.746268268496893039e-01
1.338202687250854284e-01
1.291867224932315705e-01
1.309300852225563083e-01
7.445110532323233166e+00
1.520700956131497694e-01
1.794234929737612838e-01
1.411193228083093831e-01
2.291490091733598689e-01
4.797261963515988548e-01
1.474557690855701486e-01
6.367246508645295622e-01
1.108312079304090425e-01
1.632776531907070838e-01
2.402683439725030734e-01
1.254970919960272935e-01
4.889084288772744258e-01
1.252520622833463715e-01
2.546125827876829728e+00
9.355983855847661568e-01
1.083529878537508317e-01
1.244441053549822374e-01
1.212404436826256121e-01
1.269275112042634046e-01
1.833011137919684785e-01
2.354910184661922201e-01
2.483480147449207420e-01
1.112612392685942420e-01
1.153718138335066562e-01
1.122040666566842121e-01
1.652587583785560255e-01
1.384592292355870946e-01
1.723961190817697164e-01
1.151816478760891577e-01
1.591024480153899745e-01
1.655998297072073244e-01
8.058333628415721428e-01
1.387478781285597651e-01
1.806092913782210152e-01
2.576204973023267231e-01
1.137954279415355208e-01
2.986047215612743777e-01
1.448437737441988227e-01
1.237535282207020970e-01
4.014689269721886666e-01
2.422978257425512649e-01
1.649602813752571173e-01
3.816948480372949759e-01
3.391568137963261176e-01
1.922004412856271605e-01
8.228719288758381545e-01
1.378050407540581668e-01
1.615796814862322794e-01
3.776632283072534069e-01
1.394441137331029756e-01
2.469704638805644503e+00
2.035781767391049157e-01
3.206941340477706959e-01
9.816995555209606650e-01
2.008728762614546692e-01
3.487357927741614461e-01
1.121571274768957960e-01
1.633071645259008831e-01
2.084195752898980736e-01
6.846116329120817134e-01
1.007039806611143978e-01
1.078891940586477638e+00
1.067599486911046114e-01
2.575874728229993749e-01
1.156327021269292765e-01
9.344270353668797657e-01
1.234757983739726006e-01
7.039990381520264684e-01
4.097740935023563846e-01
1.054876852797470843e-01
2.693191374786147452e-01
6.596115474433670300e-01
1.224852334716739488e+00
1.059366004891176688e-01
1.275372981259878524e-01
2.119886432680280208e-01
1.070164053350952105e-01
2.720916191114181260e+00
4.145056667438047349e-01
1.362171303370642572e-01
1.052532689407072591e-01
1.754902891456499026e-01
1.321373378510587171e-01
1.797849910430817877e+00
2.642855057824444742e-01
1.206583040848103194e-01
1.926523627137910755e-01
2.010711951719843238e-01
1.104556025187272417e-01
2.321202844405119148e-01
1.190833639262540156e-01
1.405817532713919127e-01
1.518997872983060271e-01
1.051401625014983382e-01
3.771745044178074213e-01
1.306212684123475298e-01
1.619291516437391665e-01
3.083777161885463691e-01
1.679135800347333340e-01
7.252893687869226280e-01
2.777980195194166280e-01
2.230479074654644345e-01
1.670648036411094273e-01
1.388709534900978149e-01
1.541362006489933600e-01
1.494215569031125401e-01
1.219098906345009586e-01
2.725579136885986631e-01
2.017958676180173494e-01
1.385480452395896900e-01
2.566943099441197917e-01
2.373151863704811015e-01
5.934038211346953640e-01
3.725416699316704827e-01
1.050960167836422071e-01
1.036047906635817334e-01
3.241393125859297619e-01
1.153116394718693427e-01
1.451944628727920017e-01
2.061423551788684083e+00
1.208357138336753622e-01
2.351453928267672466e-01
2.269238247909512729e-01
1.000003180212649251e-01
5.146656035288875719e-01
4.455588769873179977e-01
1.177092235074324728e-01
4.196744865774733602e-01
4.928755945341403155e-01
1.312976495387488673e-01
5.374350399824868729e-01
1.393547898968089394e-01
3.851652626807565150e-01
2.022693927930894198e-01
1.330593996254667288e-01
1.689694832066783170e-01
2.911482483494576834e-01
2.525678975684514382e-01
1.568022368327035010e-01
2.987895351849662040e-01
4.870339210043439948e+00
2.854165720971149622e-01
1.342449382053131635e-01
1.038166903271835750e-01
1.143439734055969326e-01
5.024183465923769409e-01
6.654359434820025232e-01
1.051729030735392006e-01
1.524636241578898321e-01
1.086797718885497005e-01
1.626593120525160752e-01
2.754826449837862956e+00
1.157652096561592042e-01
2.747162256175235129e-01
2.796544402601884305e-01
2.670666030299843619e-01
1.525552091185420900e-01
1.095944708505319776e-01
3.670945164834315544e-01
6.161670298637634824e-01
1.155415031958740291e-01
1.136972614823979211e-01
3.771431827228265976e-01
1.282361675107460963e-01
1.424338657597525870e-01
6.602956032082210047e-01
4.340856799764479246e-01
1.415048021883980045e-01
3.667180131234906160e-01
2.008110321520871211e-01
1.289510161066032279e-01
6.304746880658184116e-01
2.150215452170112784e-01
1.616639743677820151e-01
1.886093836434904469e-01
1.007183005239983831e-01
1.867301504164664838e-01
1.667581767183036467e-01
2.153199126347470349e-01
1.014624270802567257e-01
1.177098363294527411e-01
1.527535112118265093e-01
3.800716920220648665e-01
1.069849298887870365e-01
1.124413556214686888e-01
1.943210189293829993e-01
1.499855023754108063e-01
1.952034950320237772e-01
3.543826537687220779e-01
3.231335177258199409e-01
2.171626912686900612e-01
1.791643306472093522e-01
1.164699644112005550e-01
1.829499471853817394e-01
1.292716254057101333e-01
2.434126433367695685e-01
3.251779555908561603e-01
4.156977427045209783e-01
3.237162615932434040e-01
1.160634245080074400e-01
8.146340666078598858e+00
2.475381146635209362e-01
1.209360852549123816e-01
1.478054727036907934e-01
1.696524466421601707e-01
3.504162851390473787e-01
1.534965299718077103e-01
2.597302796837380745e-01
3.212604291349800967e-01
2.014247375819726293e-01
1.593574050641062279e-01
2.318388148944986737e-01
5.545677654079304020e-01
1.730855750074554722e-01
1.056181562271314989e-01
2.492208748085324166e-01
1.021485687683562349e-01
1.100056962226015345e-01
2.064688339956902985e-01
3.205542476321539547e-01
1.032311292567655719e-01
6.075192915673754968e-01
1.368366577142599461e+00
5.622578922582890382e-01
2.083205789994017898e-01
1.461402968376885880e-01
1.521411429151968142e-01
3.623761723376899280e-01
1.516121617456727133e-01
1.114891820938373884e-01
1.018824926646678258e-01
1.684172457191093764e-01
1.076553404536416542e-01
2.612457390634666532e-01
1.306491163898857888e+00
3.063262022900607451e-01
1.957233671148718435e-01
1.374441671670019183e-01
1.228003090029780586e-01
3.052394837572979802e-01
1.087940018887960242e-01
8.498542794654477817e-01
1.208058370225417733e-01
1.394949249220798493e-01
1.013199655242267072e+00
1.385545523299369641e-01
3.334894260369348773e-01
1.391467603654570617e-01
1.732755242852600519e-01
6.693191557363524780e-01
2.206372990846627580e-01
1.808309525964531261e-01
2.818452738681451741e-01
4.431664860708248721e-01
1.595277688084309198e-01
1.008238361556668405e-01
1.607719871194618344e-01
2.007059273605319216e+00
3.628229805396205876e-01
1.084271277873413153e-01
3.361468206205292519e-01
2.077744343699670093e-01
1.103489156647270431e-01
1.705649826861404650e+00
1.710967504070164125e-01
1.023245772961945826e-01
2.084754062948760645e+00
4.543043830745668865e-01
2.726658867570208589e-01
1.066728440669696687e-01
1.679711964589885309e-01
2.432528735842534595e-01
3.557618197489911260e-01
1.900010778084791352e-01
1.264595415948611690e-01
9.211699889759185078e-01
4.065901125184203657e+00
2.303514739039762560e+00
4.292697965844259334e-01
1.686999450994658700e-01
2.218458591660046886e-01
1.273098670222074513e-01
1.886168749373523801e-01
1.079449493563501977e-01
1.012393741863261420e-01
6.659845213593809099e-01
1.023248464605638341e-01
2.842108889773637403e-01
1.630958521512243520e-01
8.760552812845766590e-01
1.131982219847730287e-01
1.169837275718988989e-01
1.342279567163033593e-01
1.300867650256310737e-01
1.522482242966873012e-01
4.831052247811395972e-01
1.305927191387864506e-01
3.061293444300259292e-01
7.478483448059849437e-01
1.978270321065349335e-01
2.275878070515018337e-01
1.492170594628369207e-01
7.077168498624585302e-01
1.882954532771960177e-01
3.962463467586824772e-01
1.254023012218330180e-01
1.375003111051856797e-01
1.026787135983811883e+00
1.286771093811727162e-01
1.922934756180535720e-01
1.674241570876455198e-01
1.243400865449817011e-01
1.137569034618402669e-01
1.052953673541305035e-01
1.093451478782667685e-01
3.967272970404851495e-01
1.292109529141495239e-01
3.096751074576787333e-01
5.095221360193736837e-01
3.045983653140886815e-01
1.202572354667341553e-01
1.203299959069078773e-01
1.356342718072269526e-01
1.861671115164721946e-01
1.692397252780166172e-01
2.211526808409814415e-01
1.062695922663525611e-01
2.253604582430496217e-01
2.078572171151535641e-01
1.232888642175590022e+00
3.050749141141596343e+00
1.499054198429737028e-01
1.070839693513336022e-01
1.617032740105504018e-01
1.733683101351699840e-01
1.710326691198346127e-01
1.157556702774361623e-01
1.921241455519554497e-01
1.212866477395573295e-01
7.032966614961737584e-01
5.855427268569131094e-01
3.095387619177542016e-01
3.186988625443631928e-01
1.691015341144141981e-01
1.019209088728334073e-01
2.694004943169065469e-01
1.483851027218378860e-01
1.634519136155659913e-01
1.117278905733560257e-01
1.868426320406773034e-01
1.660649080160072621e-01
1.682530267342047248e-01
1.004716490895742748e-01
1.080120876418164122e-01
2.212094435674961668e-01
6.360309889377291359e-01
1.843458999537719301e-01
1.066506647070685487e-01
1.093862229314352119e-01
1.749283653504557223e-01
1.812961581003050548e-01
1.915067276063299184e-01
4.324510794829296012e-01
2.786228197177129662e-01
1.113916229240287659e-01
5.456653651402981753e-01
1.216014142946000853e-01
2.240338810431505012e-01
3.453024276076497867e-01
1.206709956720628391e-01
1.017098801537946962e+00
1.335345044882001453e-01
1.157311521301014196e-01
1.215282329001684813e-01
1.348554020447908508e-01
5.361070536668014475e-01
7.830298796975637687e-01
1.364856777191380544e-01
1.063793305865314703e-01
1.428265897669457607e-01
1.609245004039870364e-01
9.220038443992621957e-01
1.147492556961155624e-01
2.765114004778290169e-01
1.151605148379197668e-01
1.244146496688128406e-01
1.159215424591441973e-01
1.179721649263559824e+00
4.126632783326221743e-01
1.569324756067684568e-01
1.016697876176153592e-01
1.526012944035484153e-01
1.876741521813660440e-01
3.378179987684785668e-01
1.811050910930672719e-01
2.059791607002318392e-01
1.434319189324677335e-01
3.841097736486780434e-01
3.813145312539600318e-01
2.570022058760772499e-01
1.884583433173960265e-01
1.689607627429551284e-01
7.595254805502489326e+00
1.320092677421834393e-01
1.288471703651938582e-01
1.536567732271799380e-01
1.986058912349396577e-01
1.139313888274050418e-01
1.288035568135055819e-01
2.510568253850775089e-01
4.172368273480834278e-01
1.257083946835206578e-01
1.275013494097352873e-01
1.677698798956078763e-01
2.237107141608697614e+00
2.108616115546534386e-01
1.007857446144099917e-01
2.480163158748490693e-01
1.448448826990815508e-01
1.827261815737692696e-01
2.138592399327818028e-01
1.333394689733182481e-01
1.124778547246833293e-01
1.162720947134721072e-01
1.427478797227889340e-01
2.406820013873696151e-01
1.512480008096774020e-01
8.623427886153278710e-01
1.138928579801011809e-01
1.274693338023793199e-01
1.755013323133057135e+00
1.267108665373177512e-01
1.485742671288634298e-01
1.094844518678227963e-01
1.330498396991448284e-01
1.937813338675402619e-01
1.381561851044444678e-01
2.751119266057424073e-01
1.073294506459150921e-01
1.821965174265783860e-01
3.864065628068619196e-01
1.059792200079797547e-01
2.074391226239667985e-01
1.093379938256948541e-01
9.127535929504934087e-01
2.661320143179203068e+00
4.825145872447795248e-01
1.066146048256049750e-01
1.552871685213943198e-01
1.484063541018898480e-01
2.476733244459303318e+00
1.099852603534814677e-01
1.807297721717067429e-01
4.669625672052435950e-01
1.022707380769602159e-01
4.239000056830456997e-01
1.091474121159878852e-01
8.492678850493311504e-01
2.842454329240262645e-01
3.141829749102555414e-01
1.022949424291873105e-01
1.623916273320008541e-01
1.068892739483683907e-01
1.062920635283957083e-01
1.973633595876267410e-01
1.097997316758562020e-01
7.442584972737787963e-01
1.388691481328578614e-01
1.188300856529688476e-01
1.174368866327959032e-01
2.145008051865000542e+00
1.296446182213814580e-01
2.903121027417839839e-01
1.890563903474223872e-01
1.669848458924318158e-01
1.063151427729685516e-01
1.180977320900914312e-01
1.453689396221140018e-01
1.427972878948155777e-01
3.481270508235216887e-01
1.223527391513193407e+01
4.049893468634452320e-01
1.512001384142798721e-01
2.090009790807196566e-01
1.017096331767108758e-01
3.938719201788074553e-01
2.047377067791321670e-01
1.309038773336970163e+00
1.142840691243580259e-01
1.192262763806360426e-01
1.415880241876873169e-01
3.783239823304947458e-01
2.103738895814661614e-01
1.074980507998603285e-01
2.562287140334341129e-01
1.376748978677022339e-01
2.053065275086631558e-01
1.478709329548026086e-01
2.879965138151768245e-01
1.385359623677786534e-01
2.284202389863899674e-01
1.772725296343234391e-01
1.007103076864669378e-01
5.839502047458513534e-01
1.069699474660441019e-01
1.098684349373128671e-01
2.567030945683013154e-01
5.019110457582541818e-01
4.470618393810416591e-01
1.456623587123735131e-01
1.117547724028231104e-01
2.017298174934254451e-01
1.366719490510802104e-01
1.170063420744064109e-01
1.103337026126466891e-01
2.020947809636131520e+00
1.048019306030900238e-01
1.924450772645019681e-01
1.051022008411686415e-01
1.766636486582768839e-01
2.226780630422917351e-01
3.778175889006040178e-01
1.040368981929928049e-01
1.997568701047057471e-01
2.364620027940277647e-01
1.066316014665426026e-01
3.412773787502527689e-01
2.168670245335961866e-01
1.660471775399136041e-01
2.641821576604205801e-01
1.886751950389996824e-01
1.343729016583025682e-01
1.065967789601695304e-01
1.137883152747498072e-01
8.886992258065333772e-01
1.767600822768659319e-01
1.068715437112946143e+00
4.203542782743720507e-01
1.019690173921315862e-01
1.580363375719208152e-01
4.529228543694359677e-01
1.212842070981140496e-01
1.044007548112055456e-01
4.365523483252855552e-01
2.233259139602146170e-01
1.757567056387130677e-01
5.962659682771244141e-01
1.103168820649670367e-01
2.648169102164358302e-01
2.365623412415875093e-01
2.037174107583915594e-01
3.190058927348931039e-01
6.429235979204625551e+01
1.513762294107723338e-01
