1.594908468969240267e-01
3.525491875983042811e-01
1.063005472827987241e-01
1.187644730288963946e-01
1.303411433376106821e-01
1.043101804436335212e-01
1.130209518805741081e-01
4.243573425635920326e-01
1.891334545682011870e-01
1.164872326593982210e+00
1.543774264873403190e-01
6.051183145650453898e-01
1.033812213993070828e-01
5.817775621594443436e+01
1.078735361111856916e-01
1.099693169226868550e-01
1.838701866913780292e-01
1.177236413623918704e-01
2.114077628186684654e-01
1.716301739498453660e-01
7.022599555384263503e-01
1.378774198776399895e-01
1.603454342314246661e-01
1.030021494051892583e+00
7.313243064168672980e-01
1.143509337423742472e-01
1.125163438937474975e-01
3.610921315892984818e-01
1.046102997458118189e-01
1.052875267316411567e-01
1.449607592419745739e-01
2.864734306506347417e-01
1.177126783930966120e-01
2.555181709067952944e-01
2.960042166427780397e-01
1.578226258461233877e-01
2.298866637789665490e-01
1.413218622545546477e-01
3.394558059400456962e+00
4.845211816018788475e-01
1.471766972338308388e-01
1.092140576956386194e-01
2.278183140038398669e-01
1.016072668701634429e-01
1.471059244246451791e-01
1.482542140185759139e-01
1.377409032759445151e-01
3.163565818733701462e+00
1.093759239256262145e-01
2.985783074983035523e-01
2.331926278470614344e-01
1.328115481540052822e-01
2.900575109287251152e-01
2.248151068491508198e-01
1.176191000505186351e-01
1.357643370461216470e-01
1.396701787229126246e-01
1.360738018102704561e-01
1.217262201348192213e-01
1.381957213840832588e-01
1.605119586534868859e-01
1.459776961564697162e-01
1.472674734789744533e-01
1.128057572564199057e-01
1.001760272705841531e-01
1.148340858486558286e-01
2.121528006009468226e-01
2.576576265466838933e-01
1.278186936721307787e-01
2.914235690875289220e-01
1.127883725414575294e-01
2.145059554332183205e-01
1.090152780378647601e-01
1.318903299609055502e-01
1.768578900642897300e-01
1.236468010037509169e-01
1.003126238650517560e-01
3.313263513501782387e-01
3.225490165637863171e-01
2.004507938763870900e+00
1.469225719482928072e-01
1.556792986002441814e-01
1.294101136739041202e-01
2.034478433819911225e-01
1.054709045007072854e-01
1.180641371660794275e-01
1.146416815572887798e-01
3.785712417503080407e-01
1.150033808766292714e-01
2.315318704076749501e-01
3.910720377516812563e-01
1.448116780731973918e-01
1.434853748176622978e-01
1.206452914323340453e-01
6.234210780144440189e-01
1.101040084734321578e+00
2.060236968203813801e-01
1.361506270015489239e-01
1.158416558843602395e-01
2.234301376865298894e-01
1.033521373886279876e-01
4.461526907238724249e-01
1.260674589670322809e-01
1.330673883075511876e-01
1.279077896328119912e-01
1.636145300814699222e-01
3.553232048018171718e-01
1.140057478468258223e-01
1.376767881368325674e-01
2.208217088734318601e-01
1.382016225692353495e-01
1.223235419874144192e+00
1.039988367240098355e-01
4.365455218920140101e-01
1.773774164832886135e-01
1.411897437506437203e-01
1.097011025717737898e-01
1.067424348737934930e-01
1.442585779412118296e-01
1.222222194705540277e+00
1.221842476821543566e-01
2.330134698318095110e-01
4.838434389143193015e-01
1.649049389531904442e-01
1.076949567674572728e-01
1.064512040764634543e-01
5.495826366304690236e-01
1.431921614333067638e-01
7.137638021976366876e-01
1.263377584990029445e-01
1.416099973048485505e-01
5.029494104564701251e-01
4.298669678784712289e-01
1.073520697284065240e-01
6.822700817612933344e-01
1.033711124470014231e-01
1.464934100512681470e+00
2.351385293124163278e-01
1.186778307022517548e-01
1.587632715825679219e-01
1.263885936097055296e-01
1.482573441942940384e-01
1.666546200381866794e-01
1.049175839540064381e-01
1.194466838375681378e-01
2.399924790812121067e+00
2.012774215239424014e-01
1.359334246915376576e-01
3.413016120796948383e-01
1.814803842161472280e+00
4.121542049401497043e-01
1.588738360764477831e-01
1.782587978484655999e-01
1.169646733710415498e-01
2.018625139265886048e-01
1.013760039707409799e-01
3.093437299394667384e-01
2.162193323264444411e-01
1.323442114626811050e-01
1.155307226258928122e-01
1.204477588202071542e-01
1.720362155930466319e-01
2.420401203034057702e-01
2.961795315037002996e-01
1.028274945864805084e-01
3.847132519229504721e-01
1.124799457836110350e-01
3.112675514566529689e-01
1.893698389508584323e-01
4.083877118028589326e-01
1.111774000385848948e-01
2.509334148880900006e+00
2.516491951333683086e-01
1.463491411524651120e-01
1.030363630755254389e-01
2.987251384003269949e-01
3.701069628606181161e-01
2.278558511248717222e-01
2.458314717932620352e-01
1.548654282219822653e-01
1.247557380477419681e-01
1.127591783330636616e-01
1.210547460643875417e-01
