1.384316380274783764e-01
5.902951117282110305e-01
1.058211627265775168e-01
5.986246435609525740e-01
1.520459206676416652e-01
5.351146663842891726e-01
1.440757358942556798e-01
1.335322422345902593e-01
1.624794172573309492e-01
1.406816032180286946e-01
1.842633656110164164e-01
1.277021819612470244e-01
1.146136900339118914e-01
3.149539745236863419e-01
2.827494461258528990e-01
2.471823052530899845e-01
2.537054940089237820e-01
1.065222440104767632e+00
1.003682941465407624e-01
3.848073849763723464e-01
1.224988446910812850e-01
1.569956360936497486e-01
2.312974572368413639e-01
8.202370213574554647e-01
3.454468495532007077e-01
3.188554148594765492e-01
1.793038879402820696e-01
1.226703835611350768e-01
1.467839175302051435e+00
1.072577991611510795e-01
1.103963939964106855e-01
1.908152741895436932e-01
1.051588904167589239e-01
1.112478936396666812e-01
1.876633111365034745e-01
4.027868248938147322e-01
1.045688941575897701e-01
2.026439005925117220e-01
2.585824606947344506e-01
4.244928221793728418e-01
1.747039295407322168e-01
2.224887175458505340e-01
1.757665031847369663e-01
1.519053273142066951e-01
4.450281985998232326e-01
1.039303223656046216e-01
7.966462479086607873e-01
3.285446483120164074e-01
1.097237110483663403e-01
5.398701033029167373e-01
1.131846434269195428e-01
1.310450910480803477e-01
6.647467282764880636e-01
1.246199475228473297e-01
2.961538948162016904e-01
2.861278449769696919e-01
1.170110812838296988e-01
2.259049666273513779e-01
1.273763327232683984e-01
5.553994335809503413e-01
1.131002812751842335e+00
1.301435169224289146e+00
1.087723818595763003e-01
9.181925001343822501e-01
1.213791329399946523e-01
1.129469678619092338e-01
1.591438356985311053e-01
1.352820922791469149e+00
4.415805872221330586e-01
1.678592348754943953e-01
2.798112729290163081e-01
1.816767224807877834e-01
1.938337472435813780e-01
1.209578244718275686e-01
1.831769229437413271e-01
1.696608821924945609e-01
5.541781368234317551e-01
1.145408367193461452e-01
4.556172121323371904e-01
2.744657455542254820e-01
1.751939115904380673e-01
2.539917960958839038e-01
1.187827481437920829e+00
2.765085860420102293e-01
1.215060462244253597e-01
3.429030878277146699e-01
1.202146164496182279e-01
1.016194109831709130e-01
1.088492116880160898e-01
2.180100147181909254e-01
1.371628387798289328e-01
1.336670490095477615e-01
4.387158672300269235e-01
1.736966487946208226e-01
1.401502635131453012e-01
2.075140690749634198e-01
1.995541099125875406e-01
2.856102089440699099e-01
1.253992111949787658e-01
1.826037203529378150e-01
1.682358115455441228e-01
2.137036049060558052e-01
1.066501256953866633e-01
1.276562986479118644e-01
2.056307572404614814e-01
2.679270713183781183e-01
1.947353784115746500e-01
1.096762025305388077e-01
2.257546193154406911e-01
5.511874847860188664e-01
1.174819895234315709e-01
1.567167329153482114e-01
2.172268648361887211e-01
1.017498413038353533e-01
1.263200522248515978e-01
1.640791781953235273e-01
1.151669492233100417e-01
1.033105337209304919e-01
1.185964892225446071e-01
3.357518419398655696e-01
1.131613614596345407e-01
1.150078584790236169e-01
1.646329159136649123e-01
1.110836143222338895e-01
2.005922479151411031e-01
1.830609127167597272e-01
5.563541585462865591e-01
5.796414493250011679e-01
1.226893312554438592e-01
1.317699982770547396e-01
5.002207537006652105e-01
2.159058391424061585e-01
1.575059424499362093e-01
1.315970793229016556e-01
2.024878459686061949e-01
1.851108929878406695e-01
7.833643116017516839e-01
2.099435422375147131e-01
1.256492782878957937e-01
1.598261709339291736e-01
2.092399568914262709e-01
2.025088151074860843e-01
1.056702464080834236e-01
1.916392413365608782e-01
1.048810878245302336e-01
4.041597543874480003e-01
1.329187597091358586e-01
1.771634649280092511e+00
3.285482185362063601e-01
1.504678589226973173e-01
2.844961242170975790e-01
1.010434990237790570e-01
2.371029535710582337e-01
2.844529686182412642e-01
1.024279696846973897e-01
1.544060631389753135e-01
1.268454038438517617e-01
1.028038743111763520e-01
1.551926498455283576e-01
1.418655901494867699e-01
1.955989659984551654e-01
3.137007387941079251e-01
3.361197017064045500e+00
1.711170099434765057e-01
4.341939646234128647e-01
1.031460337293318985e-01
1.745329740495304982e-01
3.240963388322119498e-01
3.689790670430538100e+00
4.976687160235251373e-01
1.361000733913553251e-01
2.669202346841836881e-01
4.788898441740931933e-01
4.512321170407412874e-01
1.320446790462564968e-01
1.101686792520706198e-01
1.023217393580856394e-01
1.249316055685613797e-01
1.082593171707130070e-01
2.586281941701233378e-01
4.823582056618822556e-01
2.517704946214044948e-01
6.142149382156375736e+00
3.236430797566866580e-01
1.100619306911122391e-01
1.595605188707780453e-01
1.499200502408649383e-01
2.085563115431652015e-01
1.012391373137692341e+00
2.387079150487818602e-01
1.030765993658535606e-01
1.364656101248448383e+00
3.011687905627613016e-01
1.353852808650593265e-01
1.346379522306467014e-01
1.565485843556247703e-01
1.997671051683609089e-01
1.324432387236982034e-01
1.123034360631723766e-01
1.049852032774823141e-01
1.008408698201900822e-01
1.681341793164375653e-01
1.119062564783610408e-01
4.606252961597980544e+01
1.082333859483170235e-01
1.075635308113725847e-01
1.079355925508943131e-01
1.581775987834771191e-01
1.457911149060095723e-01
1.967340868458521130e-01
1.519935190156377902e-01
2.686228287633251610e-01
1.151311141060215731e-01
1.029208306644262133e-01
1.309736577619475539e-01
4.818135037632781392e-01
1.191824394769046558e-01
1.284930659211722392e-01
1.243197121058979698e-01
6.713859630288383507e-01
2.324732026977932353e+00
1.252235349221195448e-01
1.944379764038103309e-01
1.534926108348425022e-01
1.024617915049894495e-01
1.332766817092007339e-01
1.994231347160932144e-01
1.212428170847652975e+00
2.119030233561444987e-01
1.485903117180646105e-01
2.042466732641858851e-01
1.644118385395327564e-01
3.017712452177150340e+01
1.361585004707865365e-01
1.458154425133084131e-01
1.033935700378946082e-01
1.318259509216436753e-01
2.010566707274517029e-01
