4.426649382888482309e-01
1.443470179928273978e-01
5.520916494205507785e-01
1.365137646604849708e+00
3.072359237380398733e-01
1.113930102590078991e-01
1.622194824310800865e-01
2.268936810029762163e-01
1.403535356752523555e-01
1.668894048781854322e-01
1.020917390615510012e-01
2.321761493630363660e+00
1.000960264502882419e-01
1.004764178354453641e-01
2.268476171109317097e-01
4.859609763187545894e+00
1.036730902999292436e-01
2.658833674328321406e-01
1.082160275613397310e-01
1.638748122888571968e-01
2.041644498785749051e-01
7.721852862175047072e-01
1.572413240353663921e-01
2.925433026017282834e-01
1.892166350039065081e-01
3.267398114454585500e-01
1.196479489101336252e-01
1.011690628291311012e-01
1.373889808130174472e+00
1.589667535311911628e-01
1.465445208325499571e-01
1.498214404038079317e-01
4.626101398311769919e-01
1.118438808646775029e-01
3.559081334981262223e-01
2.223473120793230395e-01
1.496534926567604229e-01
1.846182492142242615e-01
5.455218142780091650e-01
1.395132916080187024e-01
3.572184296146017068e-01
1.630521991531809767e-01
1.368510761056848102e-01
2.271122560899309362e-01
4.462310436511265355e-01
1.550133545029485638e-01
1.147835777504055549e-01
2.954086545818123688e-01
1.106536790065905107e-01
1.169974498360890486e-01
2.155438890067644386e-01
1.366891102944846892e-01
1.683841249935920104e-01
5.990193155179757145e-01
2.560264125241742961e-01
3.181091598766884743e-01
1.216732368562336020e-01
1.300831244962020461e-01
1.281093494615905271e-01
1.146484656556844561e-01
1.780124371282092166e-01
1.401519811571542984e-01
1.175409099438197158e-01
2.075843794046552948e-01
1.904019194056085218e-01
7.427348497250638104e+01
1.357446417887606671e-01
1.457135246272426021e-01
1.259292934299167666e+00
1.572724700996344094e-01
1.312173044888165219e-01
1.720790327738618009e-01
1.363002185720821602e-01
1.241494034172197225e-01
1.046726094572495991e-01
1.030007777166650068e-01
6.348622253880180644e-01
1.328224929355312778e-01
3.429943705259296260e-01
2.602581421645324133e-01
1.265718172343510139e-01
1.231787370880192134e-01
1.453312922074404545e-01
3.193344021128248778e-01
3.677043507049145288e-01
1.209743353969076618e-01
3.644497785111029398e-01
1.296581815132833160e-01
2.129912839724095730e-01
1.345568350145810166e-01
1.298139087376179168e-01
1.051483665772911663e-01
2.029159641838379491e-01
1.418243794725281559e-01
7.168148186071194417e+00
1.301682090853981233e+00
1.422867548186893538e-01
1.030811914601711399e-01
1.067312426225735522e-01
1.038937306119450676e-01
1.128267495103031370e-01
2.218570574725720057e-01
1.271579045457548185e-01
2.864850727482486925e-01
5.935551553595591612e-01
7.610223996093941068e-01
1.124145982609732058e-01
4.306343589023695628e-01
1.091094558531058856e-01
1.524079425179877545e-01
2.155538179587785930e-01
2.004536251684595483e-01
1.457033461065760094e-01
1.070548059914331190e-01
4.104067891977126736e-01
1.437458136377037510e-01
2.167226287814732477e-01
3.244371468503473022e-01
1.386642339130839952e-01
1.003624149241282293e-01
1.487501589082434739e-01
1.053398181866780914e-01
1.031891516341741089e-01
1.755852159635548082e-01
3.024809578658868570e-01
3.160345734623092318e-01
1.484433253175019007e-01
2.445090067881743046e-01
1.517119068105828861e-01
3.879194547796254167e-01
3.527061484245629375e-01
1.044624918888680531e-01
1.124484176273304326e-01
8.431955833815005796e-01
1.000514845260938729e-01
1.548832017216368040e-01
4.811935010578376470e-01
2.250764144028887248e-01
1.501649989949694897e-01
2.280997383320672034e-01
1.617498224034235044e-01
1.228757037031759092e-01
1.099234726965492848e-01
1.888465042661954529e-01
6.553442194844940616e-01
1.623987867947787322e-01
3.797677885864780833e-01
1.839447368889826073e-01
2.791111440736009364e-01
1.478211558488967126e-01
1.687837162596818930e+00
1.384934896049816178e-01
1.950338054410516719e-01
1.111960141946778252e-01
2.342266292486887280e-01
1.630057395092259220e-01
1.361606011621097345e-01
1.767683258372499122e-01
1.338735490564121888e-01
1.096748149186436705e-01
1.040270916468144374e-01
1.310538600925923725e-01
1.064494986848196212e-01
2.607602918868090480e-01
1.162701285057012313e-01
1.226309203453301716e-01
4.257198382065288667e-01
3.653611348162574268e-01
3.717825202020510478e-01
1.029351517598142973e-01
1.107268301102993374e-01
1.034334486434898670e+00
3.869937324174113624e-01
1.723741656223854446e-01
1.392992524036014701e-01
1.032139014560567447e-01
1.640208582272814075e-01
1.495362191071321900e-01
1.655097040674902154e-01
1.139382546945226782e-01
1.099349600259239834e-01
1.046530316919043885e-01
1.097860488414633129e-01
1.031667878873145372e-01
2.098818161029234186e-01
1.544297647797445161e-01
1.143046645237979497e-01
1.292545057057240820e-01
1.363903571865159869e-01
1.746044761504734200e-01
1.035477100389686211e-01
4.606011527234525338e-01
1.559998018312831747e-01
1.348822913489011732e-01
1.477732492912778584e-01
1.625153469444617360e-01
1.656567938812472385e-01
1.827446028561535707e-01
2.426398936732599987e-01
1.096133187515605373e-01
1.643206063877225009e-01
2.596699679462895483e-01
1.089424994631327248e-01
1.397854831195511627e-01
4.890151720337654329e-01
1.356406139971652880e-01
2.659600253753825472e-01
1.810189616941755009e-01
1.346409606683932336e-01
1.043210460854139821e-01
6.354950199666788979e-01
5.797983144887743912e+00
1.163518102348447131e-01
1.898926791216629384e-01
2.540034900484450242e-01
1.666516511414243840e-01
1.416607179349373413e-01
1.607778119280736662e-01
1.302340803651424184e-01
1.269402818419401446e-01
1.593795498458505655e-01
9.632402206122732125e-01
4.162047902858124759e-01
1.683910284490043596e-01
1.113362855024794484e+00
1.511665762830190607e+00
1.227544121159173801e-01
2.923116984049717315e-01
3.657934868603198164e-01
1.847520876040484594e-01
1.048836537396277135e+00
1.155978591246435844e-01
1.495533528990833916e-01
3.488208456991997441e-01
1.959307174661468198e-01
5.244233658582249102e-01
1.956767112944630127e-01
1.278776268136201655e-01
1.324617444395349564e-01
1.809744703780220010e-01
2.352097678731910058e-01
1.261244274771123886e-01
1.046003586006381547e-01
1.794846942815125912e-01
1.358865601265331902e-01
1.190063852606749600e-01
1.053968003247993668e-01
6.812668475602494667e+00
1.209044760009673203e-01
3.395151685725774082e-01
1.965653922258153996e-01
5.049953713828628787e-01
1.199533497667596010e-01
7.826154322947923569e-01
1.042992751335528878e-01
1.197838977942891764e-01
1.107864091257452777e-01
1.411149135513149744e-01
1.307303649770876208e-01
1.638248148560292328e-01
1.662885994763032838e-01
2.469087896761957834e-01
1.339665704101520860e-01
1.513866702681533338e-01
1.446700792287155257e-01
1.143395568150971653e-01
1.161094431762727947e-01
2.229038094910791024e-01
1.156143130275382042e-01
1.931618446061055538e-01
1.545745534061940818e-01
2.453241569101899666e-01
1.332419857111382111e-01
9.664056673010172904e-01
1.096786172541274751e-01
1.158759020812510365e-01
8.367421263148463462e-01
6.172868447484531895e-01
1.072219286498556773e-01
2.429210606866364364e-01
2.983554497024479835e-01
1.335851806830220256e-01
1.227604033333327127e-01
1.634196612010616334e-01
1.506982552301033840e-01
9.742409295912648481e-01
1.297347264107022446e-01
2.750426426360879084e-01
4.489612716869359588e+00
1.042934771779904790e-01
1.906325386364410734e+00
5.806931723643401488e-01
1.341063643540780226e-01
3.458950165333092852e-01
1.834154346232500510e-01
1.419577253384717019e-01
1.390704081308998530e-01
1.186359503508893631e-01
2.786228023872416304e-01
5.656210758204885947e-01
1.143891129941969204e-01
1.604364421128418039e-01
3.204535396127453639e-01
1.786671277863185192e-01
5.377196930494527738e-01
2.544959862725515998e-01
1.197049940517734279e-01
1.316648172891489721e-01
1.104466594705494353e-01
2.181120570162872474e-01
2.532321132886396486e-01
1.771519676232316820e-01
2.651596072753724664e-01
1.137930245844725879e-01
5.705805752794618213e-01
1.455173407294776400e-01
1.039323248194118920e-01
2.349237209212432509e-01
5.383582750112453352e-01
1.918915083197839933e-01
1.040789312001612066e-01
3.466969235071127864e-01
2.870833062753923026e-01
2.242477470572707965e-01
1.137458596463029048e-01
1.337599657044457602e-01
1.283856930848858990e-01
1.655841400682757925e-01
1.524290967469733027e-01
2.250955498663328447e-01
1.231154072224656809e-01
1.215486768345275803e-01
2.558122470257223058e-01
1.075891098728595785e-01
3.198271288954461777e-01
1.576039105773250903e-01
6.396692326546439267e-01
1.006929295106532979e-01
1.323006718492682754e-01
4.743773732896959250e-01
4.395501850798284038e-01
2.090357773455574775e-01
1.043461192545856592e-01
1.697087321589037245e-01
1.229106857126768954e-01
1.219095700545583666e-01
3.391259061518581142e-01
3.276666682919630591e-01
1.151649460664455060e-01
1.371959864378183291e-01
1.082435226054525856e-01
1.416617706876211746e-01
1.711861931988727659e-01
3.886092143693101741e-01
1.049956786396921277e-01
2.963014528519140600e-01
1.674143771251626889e-01
1.602641314038325548e-01
1.110784255989560876e-01
3.487276698980825707e-01
3.719651405716457582e-01
1.173507926974377141e-01
2.013013519647942218e+01
1.026163251524686570e-01
1.593604614110777640e-01
2.311124717182438393e-01
7.076408617835725501e-01
2.049512624349256462e-01
1.278200579032431616e-01
5.132859186870665225e-01
1.565616102563754664e-01
1.187212900571570917e-01
1.320338580358728364e-01
5.068744622846262926e-01
2.290946912799636248e-01
1.524335224823528123e-01
7.037245212830862684e-01
1.182920124297262565e-01
1.155931979692881861e-01
1.262864053804832465e-01
1.387889079199034759e-01
5.454373936645006138e-01
1.626018109366560715e-01
4.823229638890413340e-01
1.573596436353552064e-01
1.075590138573661592e-01
1.274045531841997148e-01
1.586527458775081889e-01
1.926504180682370171e-01
1.469368390415521364e-01
1.697598562997809646e-01
1.179771822047516183e-01
1.026340438036389691e-01
1.882294208038940986e-01
1.114944867248614663e-01
3.228827089790966554e-01
1.502834370547104503e-01
2.087827598087543812e-01
1.105287970982937074e+00
1.323018893074015823e-01
1.492500224503515993e-01
1.351535469986692439e-01
2.059434235624155451e-01
1.921268418509374243e-01
1.107914750124692205e-01
1.050408406010791551e-01
1.054241496482484081e-01
3.965603421701598963e-01
1.885892310021031471e-01
1.491907003050064739e-01
1.239051133793476062e-01
1.070629340317478112e-01
1.334840167427199242e-01
1.327422571830042530e-01
3.265420777171499367e-01
2.356946691974892705e-01
1.421554229675097425e-01
1.535470029050717278e-01
1.054636555780653212e-01
1.837191711178726983e-01
1.533806311917406129e-01
1.315768156811693568e-01
1.812133884889523261e-01
1.543823129119539228e-01
1.235568191923049897e+00
6.605434321618575133e-01
8.221152564239031513e-01
1.127226228976199035e-01
1.572936069785537405e-01
2.629589265876735027e-01
1.466604160545204871e-01
1.336732080755966279e-01
1.746802715763007829e-01
1.755256919299293950e-01
2.850750698311542708e-01
3.265412585691095382e-01
1.199064462359773764e-01
1.698253428223162054e-01
2.350485971016671449e-01
5.411431052989080781e-01
2.153091306925035697e-01
1.899150360861114328e-01
2.020937380577879638e-01
1.032916653808493845e-01
6.872477669603728190e-01
1.817005733537375711e-01
1.212152153309298264e-01
4.759284104069966270e-01
1.441803725595742214e-01
2.637217597663425450e-01
1.253651264427968481e-01
5.352906866217387316e-01
1.724272151163130096e-01
1.663634361347754997e-01
2.509087533491031752e-01
1.158927603617529167e-01
1.406505092035831017e-01
1.253973134283708213e-01
3.569176623953098093e-01
1.818661648742236348e-01
1.533689989794675967e-01
1.000928427665165599e-01
3.520773323216059847e-01
2.107546787067838823e-01
2.682700962203820039e-01
1.003028997151995005e+00
1.205370175176911501e-01
1.059782220701918076e+00
1.863061889198995846e-01
1.337684816302052160e-01
4.427895064373393308e-01
1.147887965533857524e-01
2.111441436759945722e-01
2.597807291392756901e-01
7.151124009133726922e-01
3.368154476538225972e-01
3.081527353872501873e-01
2.787014889861259004e-01
2.241416138740838226e-01
1.767166479818597924e-01
6.071986811048766253e-01
1.440494186220277750e-01
4.437188370764245104e-01
1.246956334980232617e-01
1.807542018242885851e-01
1.210102154525375256e-01
1.507239302873199516e-01
1.049207680913492036e-01
1.151408030102442082e-01
5.862454648144279634e-01
1.049590445912773895e-01
1.004196488388807706e-01
3.056785284615572973e-01
1.978080982773951779e-01
5.075933066606749255e-01
1.024934941050845705e-01
3.541884580437320573e-01
1.332713877092607246e-01
1.376683077578199632e-01
1.855743858057912477e-01
5.075840403265740042e-01
3.112130883586788688e+00
1.028036034547583216e-01
1.287674556039057616e-01
1.937438877122169278e-01
3.701772756083814286e-01
1.176358789751844047e-01
1.136667203395294312e-01
3.445569279831569576e-01
2.077532087649248960e-01
2.299745488429659757e-01
2.107338016156516947e-01
1.671659650392481877e-01
4.432899877430622748e-01
1.314420013700865197e-01
1.488734233350638425e-01
1.047876759371340061e-01
1.266297160225067220e-01
1.465458288792794161e-01
2.492133361139166059e-01
3.704869055267869249e-01
1.964254999152755532e-01
1.893979440602573394e-01
1.108622924003128674e-01
4.296600229205311816e-01
1.312117273537264373e-01
6.448692537101075040e-01
1.368097332302503355e-01
1.590612461747884510e-01
8.260786488655462723e-01
1.044735859275888745e-01
1.056536749299132466e-01
1.123297785641113322e-01
1.278270575493598293e-01
1.616751935686005504e-01
1.015511729350326436e-01
1.969323538593923673e-01
2.591099417061945021e-01
2.354856764033818328e-01
3.505377933681511626e-01
4.280777067222867327e-01
1.215887070690362393e-01
1.409336847161291595e-01
1.231009768452565600e-01
1.227003097030804346e-01
1.004962728384378723e-01
4.642140211228673596e-01
1.640959815428292834e-01
1.029362632973158886e+00
3.190535266520531099e-01
1.669910051612547852e-01
3.555326705393476727e-01
3.146786026114054002e-01
1.023680710777003650e-01
1.100696690575684172e-01
3.683506902763703517e-01
1.093454602422079036e+00
7.176699433501722014e-01
1.104751181366567803e-01
1.488680936822326106e-01
3.428025229509703564e-01
2.218090031309467580e-01
2.025571438533305124e-01
1.189878208846371965e+00
1.126262821188871305e-01
2.626694717959729974e-01
2.334677739392406748e-01
1.614225983957475741e-01
2.244846835581615707e+01
1.171214508040417379e-01
1.086997180236895233e-01
1.017491764221761796e-01
2.663000430752273107e-01
1.002743123383038615e-01
1.023047667334579525e-01
4.840148871856539414e-01
1.786892141032213055e-01
2.351106304757474563e-01
1.360836042439408089e-01
2.598144269683255181e-01
1.628432364163883983e-01
4.866838975775664711e-01
1.557352326062090564e-01
1.398169873236406457e-01
1.109109422843814197e-01
1.189538353156964767e-01
1.091799466415368375e-01
1.257638759049842514e-01
1.420708774557464804e-01
2.158278545450738606e-01
1.582906651651965202e-01
1.629084895440846559e-01
1.011831181135695729e-01
1.715825686653996707e-01
1.304353940292210523e-01
1.252568043352824678e-01
3.131626409855982063e-01
2.332411069328782505e-01
3.297329287464654257e-01
1.543245358527771671e-01
1.350027927223822477e-01
2.123721143428182856e+00
2.015832371636586129e-01
1.233504099797266690e-01
1.670114997668734613e-01
2.006673341328222004e-01
2.768390701413681598e-01
5.385513905180225880e-01
1.702599710982323211e-01
1.323334758204737505e-01
1.137662447349820499e-01
4.451862982747631925e-01
1.246360923995281783e-01
2.352876050528188989e-01
2.900102565104284991e-01
1.057064026966289427e+00
3.631494824859737847e-01
2.042267145769673109e-01
5.651704815582755970e+01
2.037535707883054714e-01
2.901692065816560140e-01
1.234620598401050817e-01
1.612749888664921916e-01
1.494244536937635315e-01
1.464531304334073247e-01
1.136714564892854357e-01
1.213886129779811196e-01
1.577871698342384610e-01
1.264230520746983388e-01
1.011631177183045099e-01
1.098756148688546097e-01
1.306829043693161496e-01
1.076427705930046025e-01
3.599052654725192202e-01
2.350008226250271948e-01
1.105022197254068167e-01
1.705830872264424425e-01
1.196885988263441114e-01
