2.017729827160966161e-01
2.103831777237725742e+00
1.816275849616224014e-01
3.558628375676100575e-01
1.141895361497752559e-01
4.885024816119439284e-01
1.976548134059430140e-01
1.091392256104770087e-01
2.172351495870449567e-01
1.369232313140733848e-01
1.211257727750905122e-01
4.891073493175248643e-01
1.140744531134605250e-01
2.233516350024141173e-01
1.057062891620596523e-01
1.044251162830180518e-01
3.239461456122244565e-01
1.025799618496580634e-01
1.569629761082428632e-01
5.007326677519202685e-01
1.413692052840063995e-01
3.488903059448162924e-01
1.769847793912258660e-01
1.615863972171712737e-01
1.286263466353110008e-01
1.128638020720863361e-01
3.168009185318822474e-01
1.088357684539717207e-01
5.747589449929495942e+00
3.815451777777816300e-01
1.716935460338029629e-01
2.209410910647472415e-01
1.030527831088571267e-01
4.581487400409686161e-01
1.230354495717886770e-01
1.756195133228352356e-01
1.439948245514394154e-01
2.821751435586652978e-01
1.156077075277378435e-01
1.022792493149792814e-01
1.116275177381954170e-01
1.108023102349795092e-01
1.153023696199170500e-01
2.022159225160052864e-01
4.516634018551637375e-01
1.454612121440121697e-01
1.140529535793528559e-01
1.950083509256147485e-01
1.509023839441168691e-01
2.331211277646795532e-01
2.530022057188431317e-01
1.332574580849411605e-01
1.290031189737182726e-01
1.161275899136168521e-01
2.065089657098544418e-01
1.081967542869201049e-01
1.079367312676971224e-01
1.237155951859588293e-01
2.251792091772396587e-01
1.211859027365011915e-01
1.228582216231454138e-01
1.479802625172632891e-01
2.037140484722708145e-01
3.878275167573617122e-01
4.202931286197668648e-01
1.813400584410811145e-01
2.761869417508265867e-01
1.334807654040044977e-01
2.346843891006653304e-01
5.881407752121082799e-01
1.478647427280300464e-01
9.062559242642755919e-01
2.152829262090864004e-01
3.633112109729894623e-01
1.833298917313548881e-01
1.411023521649400481e-01
2.301228188989679624e-01
1.422923239188029487e-01
1.974984510875350541e-01
1.233994432381723405e-01
1.187016394274936770e-01
1.839821301646937801e-01
7.873612108717993330e-01
1.178280489453557012e-01
1.654030773125836074e-01
1.256068064891818492e-01
3.698056665123388709e-01
2.926730473415730116e-01
4.511928295193648353e+00
1.664746754592153488e-01
1.589713355634317260e+00
7.044549151561252387e-01
1.024755038937289475e-01
1.287483340447372449e+00
1.979552409180765915e-01
2.684751010342382727e-01
1.136410744982823684e-01
1.353268545437655845e-01
1.341455925982355246e-01
1.083320790206864503e-01
5.855744827048414702e-01
2.126995636421124825e-01
1.273986850742468702e-01
4.133442869355432037e-01
1.313305759254703442e-01
1.170540476540907343e-01
2.651400983973103642e+00
3.303383758811272664e+00
5.304702106755033730e-01
1.972766468569194798e-01
3.946023854468587722e-01
2.211788443170452367e-01
1.037650822633744280e-01
2.212940610138480757e-01
2.167678670233439964e-01
2.413102792523748263e+00
1.075557579722829643e-01
1.164038339309872577e-01
2.772472507943926079e-01
1.113829114416441668e-01
2.136168673204941193e-01
2.169117591332850314e-01
2.102218371819484788e-01
1.135551392663876058e-01
1.295694640338268255e-01
1.226726660306374783e-01
1.265239822487044530e-01
1.205757495792652567e-01
1.096197135329689543e-01
1.261489218129020484e-01
1.067829737268360529e-01
2.124423558280002511e-01
1.454631616486720957e-01
1.117713816179866759e+00
2.472831851096547739e-01
1.206741217472467320e-01
4.320840821805963516e-01
2.372468993470765453e-01
5.130919164696819967e-01
1.051697421916951147e-01
2.074989796444660639e-01
1.442491944672503190e-01
5.463668611829459731e-01
4.446711955405426853e-01
1.474591721492312935e-01
2.158239045227614561e-01
1.115916752486315888e-01
2.166926536750143351e-01
1.456529430672333647e-01
1.024325671326975495e-01
1.593857364878231708e-01
2.113147369123927755e-01
1.124845950420322177e-01
1.011039552752653753e-01
2.057332166811818297e-01
2.816268575836181065e-01
1.095011008032823752e-01
1.366792655571547721e+00
1.393295334644152894e-01
1.016116827393257482e-01
5.214151569352694082e-01
1.080935740083307783e-01
1.454168480587903489e-01
3.486962456498813312e-01
2.301845653569148942e-01
1.931583728581340864e-01
3.270516709453217263e-01
1.241141868031218620e-01
1.415796024087910554e-01
1.312818404219384949e-01
1.133854550711909104e-01
1.350712656131075606e-01
6.243040237610961718e-01
1.673849868383494588e-01
1.698791165156724459e-01
4.632838535682607395e-01
1.991731144603848813e-01
1.028068214358597854e-01
1.041289706303601820e-01
1.116810587201046145e-01
1.316565015947058492e-01
1.387877605063554676e-01
1.208153483515949783e-01
1.324585961055219918e-01
1.132036569139902027e-01
8.684234523639988712e-01
1.672934882410172519e-01
3.212280214126392863e-01
1.782850157274077085e-01
1.346591582406771737e-01
2.128868811670718841e-01
1.834486585133201508e-01
1.591450059376736947e-01
1.066662368357383928e-01
8.446590826042950084e-01
4.973728336217833612e-01
1.633016920834689800e-01
2.037306844999548228e-01
4.170773080473131889e-01
2.029483897048647845e-01
1.846209050428713194e-01
1.249876834831140510e-01
1.107969740169276601e-01
2.456900715021261561e-01
3.751398247910914807e-01
1.788197034369076177e-01
1.802608845106901558e+00
3.469666955546968978e+01
1.964180936618475926e-01
1.864587380215768087e-01
1.648554618144683293e+00
1.226757471998438653e-01
1.022184951354292298e-01
2.689464744159370202e+00
2.779261125317801784e-01
1.144097287236595095e-01
4.460564270229904205e-01
2.147500768377046121e-01
2.691951727596819666e-01
1.059591718783436803e-01
2.562376209786362269e-01
9.414537095948336543e-01
1.459001549270062259e-01
2.661825988439779356e-01
1.373566671444535758e-01
3.880994376603219109e+00
1.496726254570313053e-01
2.088427791548047363e+00
1.996373136424783867e+00
2.624548914268156063e-01
1.316852107733076926e-01
8.563628526024720244e-01
1.420246247070413581e-01
1.118455380538710825e-01
5.025828229354261101e-01
3.093377369235053576e-01
2.654845993116873859e-01
1.427504682154362159e-01
1.341409816277952805e-01
1.269641377639331603e+00
1.797654186825385914e-01
7.629213945261986707e-01
1.411957224366631458e-01
1.030616974704440109e-01
4.193767156293245479e-01
1.213780017279775109e-01
1.708198185561540516e-01
2.133221766402320640e-01
