2.085446798839619142e-01
1.154936527849753924e-01
6.811350983000140635e-01
2.092583012742740944e+00
1.420275223830323730e-01
1.210818890195422548e-01
1.430556014471446202e+00
5.175247375564284713e-01
3.387064465088809873e-01
1.046634486618045834e+01
1.989952386417128682e-01
1.049118220253833639e-01
2.310941065095211688e-01
1.187305652631180514e-01
5.153548495058325329e+01
5.112197071985304042e+00
9.626965366456528006e-01
1.175627150931975867e-01
1.037556963170714053e-01
1.223136990210712816e-01
4.946342571899608465e-01
8.220989739359432225e-01
2.615222271981820223e-01
1.761496197753197324e-01
1.975306269153288274e-01
1.051370274046866116e-01
2.255127746003707245e-01
1.061201141743126491e-01
1.237311256053571784e-01
1.276352314197606308e-01
1.116085352384371676e-01
3.968906555955895588e-01
2.046668499495890026e-01
1.154333359979758944e-01
1.558579425875716851e-01
2.496621184162497453e-01
2.208741050379058601e-01
1.923504990661391023e-01
3.107467123092225170e-01
5.211416967179034465e-01
2.771986654717206178e-01
2.544143365352266595e-01
1.258637000753410340e-01
3.852621876874713358e-01
1.251152875612023263e-01
1.104731467450001531e-01
1.389887286661264376e-01
1.188757539437035327e-01
1.499897411881425391e-01
1.760622542506334043e-01
4.228182162913432518e-01
1.008647505823735968e-01
1.883170255151404016e-01
1.750392164485517210e-01
6.614710418336486875e-01
1.151831680280053088e-01
1.297134995739401830e-01
1.054418305861391236e-01
1.129571293813748795e-01
1.009123745248462073e-01
1.496983439610655997e-01
1.715952638589426371e-01
4.574303933935088273e-01
9.689831185258146462e-01
4.661003615663181221e-01
1.332109265353860761e-01
5.492118083659878192e-01
1.408677842089485766e-01
1.920265429967977777e-01
1.806655059293697518e-01
1.463981831439540859e-01
1.135732281901932067e-01
1.104446865085861873e-01
3.078660704696311035e-01
1.344266570978231989e-01
2.602669863453893062e-01
2.953645312053158056e-01
1.389107438919008064e-01
2.833380301630922804e-01
1.369096867845294163e+00
1.666165111038127866e-01
6.028109364259974789e+00
1.096785455339379517e-01
2.283283956224465006e-01
1.097159278056703269e-01
1.487649305592443072e-01
1.211569656529871142e-01
1.398688357991625109e-01
1.023366701370087839e-01
1.928557191518714964e-01
1.661658220811303432e-01
2.270091903065429850e-01
1.146123230596499953e-01
5.141631491180008728e-01
1.093168644372086162e-01
1.443370607365037361e-01
1.817493238385976539e-01
4.122034660484565016e+00
2.365929971890552985e-01
1.587484742816181460e-01
7.898331974218014695e-01
1.257839687192938982e-01
1.405512113943263308e-01
2.699498777876834232e-01
1.654538324787990511e-01
1.721925048695389648e-01
1.011060119931919410e-01
2.758187461711145705e+00
2.721138605326045012e-01
1.115203656233518248e-01
1.778164981428710101e-01
2.011010514698223783e-01
1.382480256679809449e-01
1.304389773104228656e-01
2.195660405584669128e+00
1.384502965724321022e-01
2.030804603578814094e-01
1.255853908589021906e-01
1.274059868829965636e-01
1.988475456956468879e-01
2.094890989651195246e-01
