1.664458582989724322e-01
2.441250908514633611e-01
1.867155991259544789e-01
2.447728269925897315e-01
1.788686232095645923e-01
2.026279370858789786e-01
2.164575970994362109e-01
1.457215000458456922e-01
1.856879389301089311e-01
2.883396938257890008e-01
2.343219599338199621e-01
1.900353022115945922e-01
1.006985242954619997e-01
2.313312706673239794e-01
1.554822631753029205e-01
1.069518428459741710e-01
6.752792575532162722e-01
1.221448872373541716e-01
1.372360737159058486e-01
4.947375369587065919e-01
1.237329969960226095e-01
1.412970767407621397e-01
1.662201924651180440e-01
1.222484253258468573e-01
1.621653178366996850e-01
3.375093324783686177e-01
1.406191610963849759e-01
1.056060621320684678e-01
5.053789671543066353e-01
1.722081958037951499e-01
1.294362432957386344e-01
2.948572038373450943e-01
1.166183214758172854e-01
3.495760000458802974e-01
1.474994905635910736e-01
2.087388922100068545e-01
5.584715273190922202e-01
1.015404567843387396e+00
1.288089238021819793e-01
3.137735634988672029e-01
1.561148819668835563e-01
4.921357515847487041e-01
1.329273693803354028e+00
4.127788509413048423e-01
2.020223142014034856e-01
1.197192019288925019e-01
6.407441531781215005e-01
1.856862261752596499e-01
1.671915886837425091e-01
5.590231858569101320e-01
1.202438449173147961e-01
4.819450048965043809e-01
1.875008773686289154e-01
1.295795121459062671e-01
1.560061440097928465e-01
1.118690737736864338e-01
2.054692893476225690e-01
2.025770724881722773e-01
2.779480391828574315e-01
2.775316460089444215e-01
8.917488632152722472e-01
9.049273884054400696e-01
1.037548554393926542e-01
7.317223385924506163e-01
2.060134117719117919e-01
1.547918238046250561e-01
1.065251693825511464e-01
1.416468582371650242e-01
1.594529535976935142e-01
2.825116007231824322e-01
2.369107629155461359e-01
1.889310127377997472e-01
1.850618866681594532e-01
2.495868581759879135e-01
1.482128035488058382e-01
4.083830449291766529e-01
1.111177935716500254e-01
1.060214709164660346e-01
1.770852198661541643e-01
1.189381579413911344e-01
1.717820652366953138e-01
2.110485392421827255e-01
1.186702525309665940e-01
3.587866320340692972e-01
1.087884455037693709e-01
8.582879787123846027e-01
2.204344294055770037e-01
1.717100327454114117e-01
2.142689337134127125e-01
1.965741072619110463e-01
1.154174156053143357e-01
1.188604572869367548e-01
3.155604788579255415e-01
1.302893822821683534e-01
2.995462881578569436e-01
2.721084607027966507e-01
2.829737505645552043e-01
1.002515692077124154e-01
3.933422735243567447e-01
2.825894886699430453e-01
1.380109032825066473e-01
1.086224680072962745e-01
1.633328750417789854e-01
1.973614709609708695e-01
1.214152236079941299e-01
1.442612573567838286e-01
1.629558174355169031e-01
5.647929205162472988e-01
1.288848262373750164e-01
2.375011255803585186e-01
1.787533087674105514e-01
1.336795138056668386e-01
2.156642856939954278e-01
1.422115574011852679e-01
5.402153973345517057e-01
1.463486483366294999e-01
1.309891195300296740e-01
1.118798443464198294e-01
1.419222455822336248e-01
3.678149393241207932e-01
1.812264610636150353e-01
1.115163662580208159e+00
1.484605435985061339e-01
1.400716052671297396e+00
6.016440114067004297e-01
1.798756979496959618e-01
3.200745235677469047e-01
1.243104202925700230e+00
1.376349866658344301e-01
1.387952167270040393e-01
4.598493774975855874e-01
7.142526576118269910e-01
1.128076537343218749e-01
1.236136357996236862e-01
1.067613628123437880e-01
6.472386812282261426e-01
1.325539963895735196e-01
3.981495568835410381e+01
1.456614447263382406e-01
2.094311932565590950e-01
5.786689241845689446e-01
1.038474888722218381e-01
1.238957903900700652e-01
1.337638333785142186e-01
2.002811243909202732e-01
3.008627198471875430e-01
1.913324616615454665e-01
1.482672157905206844e-01
1.903077810238520684e-01
1.251359071214196428e-01
1.430323028384438977e-01
2.505541189104975586e-01
1.164660895893497722e-01
1.260971420035509327e-01
2.568543020794615273e-01
1.251291918825017668e-01
2.200318963258215410e-01
1.136395363188936192e-01
2.855802298706723863e-01
1.222483304318796454e-01
1.879846088221288902e-01
5.538444630809485902e-01
3.696863403840609519e-01
1.055942719995327378e-01
1.521849356332777847e-01
1.346220430132073764e-01
1.573886172832019981e-01
1.524485980657080131e-01
1.767718223323239135e-01
2.216726686532530799e-01
1.755502027083969407e-01
1.010386083166403409e-01
1.014698331146002830e-01
2.288779925596940990e-01
1.232215977850441152e-01
4.899624269395819187e-01
1.180691358650550610e-01
7.363208514332747479e-01
1.373867563997367147e-01
3.228443819798901271e-01
1.620473681193957405e-01
2.266094632098573369e-01
1.299160285449529606e-01
1.326972214204665268e-01
1.374808197223949813e-01
1.102782408286964166e-01
1.754940531644869073e-01
1.494323657937375871e-01
1.175306249279704646e-01
1.061697036552387008e-01
2.830319988266722375e-01
1.288606308210087648e-01
2.067217151296686373e-01
1.063269364987813603e-01
1.026051599782281110e-01
1.868275600672736347e-01
1.231422780527274830e+00
2.383670335650940886e-01
5.627736609743910767e-01
2.552208368915381831e-01
1.646691978164943615e-01
1.708733170432992221e-01
8.690632684732811919e-01
1.012225759477993620e-01
2.491050545306953967e-01
1.513953270502354398e+00
2.224706472812007785e-01
1.034322543595268401e-01
1.332996484875680343e-01
2.012584071583417844e-01
1.094567689190842491e-01
1.166511454830498479e-01
3.979543834734282637e-01
1.064799573221960893e-01
4.151324527121059704e-01
1.182278729237414006e-01
1.779395595329499868e-01
1.371245730145206343e-01
1.606347756349120193e-01
3.343324406523491277e-01
2.848193478294921421e-01
1.512243244394833042e-01
1.962898346856190579e-01
1.761456562251353941e-01
1.112614012871932512e-01
1.433447561506908108e-01
1.780868806148378503e-01
1.020069568526544845e-01
2.024831627479753982e-01
1.366968951804011512e-01
1.239262275752737036e-01
1.162810614714798602e-01
1.285328954662266210e-01
2.059369994348319022e-01
1.375586938506173085e-01
1.260610748304385742e-01
1.417278042632732493e-01
2.433130719782216067e-01
1.660143834095732795e-01
2.228811307618822068e-01
1.508726878460356913e-01
1.742276637573545728e-01
1.477107850619250040e-01
1.394200208237539040e-01
1.248904889386821121e-01
