1.384642397299739036e-01
1.781849568851680277e-01
1.399383378251224108e-01
1.422314796816395999e-01
1.812545019320041195e+00
1.554211572130087538e-01
2.210240572799517800e-01
4.193266011095491130e-01
1.140068300137516977e-01
1.104816461129943389e-01
1.329041273338768814e-01
1.407434416163131641e-01
1.316717896691687317e-01
1.316213862706533122e-01
1.688287036955940790e-01
3.796442830879805941e-01
1.239734061388546582e-01
3.389297377506597098e-01
1.177499498410838480e-01
7.272722333969307007e-01
1.296051900105194554e-01
1.154439106679094329e-01
6.148115580036929151e-01
1.822607390544544459e-01
2.413118576041478891e-01
1.886437892240541425e-01
1.083427821647254402e-01
1.872413296039673880e-01
1.471708745188513301e-01
1.039686316731510546e-01
1.315163502261161299e-01
2.971851262467666288e-01
2.884866263075485660e-01
1.352852494127384286e+00
6.015217276274361646e-01
1.139255863440431504e-01
2.996921707965711223e-01
1.939233875951467123e-01
1.384784679853360245e+01
1.224873697858017141e-01
1.903339525314418079e-01
1.645122957182468815e-01
1.268998852313935888e-01
1.649190378060298445e-01
3.721406886773461764e-01
2.227309409151504715e-01
2.378835424374866059e-01
1.249627650129668394e-01
1.141835323258624246e-01
3.088274610728076741e-01
5.204318904076366437e+00
2.079344632486938294e-01
1.787551717362554082e-01
1.523718521878227872e-01
4.076616879069689947e-01
1.931863322410269923e-01
3.205990872707546457e-01
1.269596644340506841e-01
1.885750044707582285e-01
1.125980777769314267e-01
2.189351822369826894e-01
1.662583183694556210e-01
1.462462601409026119e-01
1.196753981507598791e-01
2.512811843375380993e-01
1.886941901767391627e-01
1.844383088201328458e-01
1.061636157706139089e-01
1.139020052387894055e-01
4.396838658762257879e+00
1.264742679242801260e-01
2.508292265912434038e-01
8.874632044074867165e-01
6.797246165355597114e-01
1.845492188317248705e-01
3.348381402299100973e-01
1.234553422638963172e-01
1.616905640677783751e-01
1.271893114595837593e-01
4.075458262481392868e-01
1.284968972064949033e-01
2.494912924130047172e-01
1.449243624247654461e-01
1.018379534124304486e+00
1.037118970284743730e-01
1.335359239169698897e-01
1.495391659907889248e-01
1.140141495498614432e-01
1.336681325724784763e-01
1.946657572228040756e-01
1.002590793994754259e-01
1.327424666451075541e-01
1.137596561857557448e-01
2.965651225915963418e-01
1.741230379439139553e-01
1.530665769488099848e-01
3.092500119121779356e-01
1.493673516752611619e-01
1.521143576747479242e+00
1.049091245603363670e-01
2.373543700515887422e-01
2.725898225325382174e-01
1.059561589858157848e-01
1.899755216921590328e-01
2.003509224291050161e-01
1.817943324383233805e-01
1.081061565889187837e-01
2.328337038958379623e-01
2.169871727508218828e-01
1.754268636314853524e-01
3.029603850377791119e-01
1.320530457181292305e-01
4.209451602992977381e-01
6.783629065982723638e-01
3.495510716135087348e-01
1.136754732512768595e-01
1.730344878076973403e-01
2.195170309008173115e-01
1.107169457806137375e-01
1.779381088497482277e-01
3.112156307294827728e-01
1.198184983430269218e-01
1.675214924978740971e-01
6.532065782832440215e-01
1.207355738073637302e-01
1.519907739857298268e-01
2.458511029476357079e-01
1.594752613071722003e+00
2.381072145391557593e-01
1.021378118921651978e-01
1.071792294680406210e-01
1.128482840557972211e-01
1.085838890380794175e-01
1.731758772643570976e-01
1.073773684570485526e-01
1.209004972260493277e-01
1.336302583993551618e-01
2.299029848611306714e-01
1.882832520262299747e-01
3.509206238880129836e-01
1.386917881123644614e-01
1.092597969304300032e-01
5.225993939393117627e-01
1.116080687911853303e-01
1.039412838359459468e-01
2.081103458394413797e-01
3.085465310272568762e-01
1.344693191739398941e-01
1.400741541181456662e-01
3.823895307148477141e-01
1.248384451945242085e-01
1.704952938323512912e-01
2.066713074839185149e-01
1.610237249987078734e-01
3.041530047343584120e-01
1.080373765482266352e-01
1.248881181741379465e-01
1.162021040758848267e-01
1.076092544908627824e-01
1.066566423511630668e-01
3.231001434616753154e-01
4.257401620318634894e-01
1.202282747890719011e-01
4.413177548645786707e+00
1.635606478233196937e-01
2.514197358808953897e-01
1.008516857775084152e-01
1.230633241868069327e-01
1.777035362894904269e-01
1.155035159723000193e-01
5.664760891265613330e-01
1.628451225134505131e-01
1.013746796071494649e-01
2.197220976564788764e-01
5.358489907382364414e-01
1.169701636118795629e-01
2.935530477913358971e-01
1.123031993532248862e-01
1.860281661386513075e-01
1.026596858507934640e-01
1.860032625585757715e-01
1.126865821962259873e-01
3.682416110508209273e-01
1.234111670775469433e-01
1.210148896554533587e-01
1.199951721186609394e-01
1.055873028408680220e-01
1.186215119575921850e-01
1.487455923733420338e-01
1.612433031516038451e-01
1.393328028225185033e-01
1.101928486135237417e-01
1.231947595322829409e-01
1.240998758937398305e-01
1.581500473631233250e-01
2.190838767363636197e-01
2.529926541679346497e-01
1.040534048264639549e-01
6.959622427734221128e-01
1.849437987664064087e+00
1.065722489726607797e-01
1.431033230449815785e-01
1.449663314695513738e-01
1.601649608934746782e-01
6.351171649984044265e-01
1.591430380399382616e-01
1.766979942513148549e-01
1.080491273584543443e-01
3.003580609686329339e-01
1.141065193474272849e-01
1.160425111075882171e-01
4.897722225839375998e-01
2.384091762023135552e-01
1.819733844759630348e-01
3.084638396296952578e-01
1.183006872842989332e-01
2.339740666943591063e-01
1.950308516610459453e-01
1.027258102911079024e-01
1.812513335229694322e-01
1.671322382088533953e-01
1.599274845253618738e-01
1.058879829198185601e-01
7.719433158177778642e-01
1.560123833423963102e-01
2.127578750828401921e-01
2.325037362618183945e+00
2.395462896247541329e-01
1.222300484788046149e-01
1.411190944872451059e-01
1.461351513721923234e-01
2.826368508614350850e-01
2.837409670012551177e-01
1.826288378019329528e-01
1.800651470622204320e-01
8.679368165577223238e+00
8.912932386572468557e-01
1.822435807069144875e-01
1.870806170884851960e-01
1.739002392071233860e-01
1.241368708010713862e-01
3.293958534210552069e-01
6.977360650406325693e-01
2.581773513132754605e-01
1.005204540536127844e+00
2.817212974690772587e-01
1.638594204541042043e-01
1.166561454659521130e-01
3.411593499085151526e-01
1.530758407165845325e-01
1.552335266744504061e+00
5.910278875525690756e-01
1.005247218318752189e-01
1.043825182020895748e-01
1.622803509519257503e-01
3.067771043858653623e-01
1.073225770958165654e-01
1.443754846005794179e-01
1.300412320690711998e-01
1.650006103757581111e-01
1.086584536469846346e-01
1.084999747089400446e-01
6.602313498559163607e-01
1.615865606220053541e-01
1.453983648992660804e-01
6.576474068596237510e-01
2.966851993874126125e-01
4.740453058498493855e-01
2.130232811021044170e-01
2.209669758329639022e-01
1.048744138713882501e+00
2.688839927699409604e-01
1.429116276706362543e-01
1.059051410310190011e-01
1.515102893141253848e-01
1.204647811140042990e-01
1.677297692933172046e-01
1.123684835777074009e-01
2.076449577314950778e-01
1.131800394014161326e-01
1.003628420026026480e-01
1.076784664105245604e+01
1.859287006214125348e-01
1.743357265573734216e-01
1.511205270600584627e-01
7.937357142362001516e-01
1.885039103558396878e-01
2.197288986953151169e-01
4.943450368371494763e-01
1.278079496402601545e-01
1.170608249557418268e-01
4.378561722547392177e-01
1.046205315698301441e-01
1.089023243096137600e-01
2.793331081355128198e-01
1.376953151137811637e-01
1.313455977484315473e-01
2.006377841498150350e-01
1.601994544448284430e-01
4.446765846549631807e-01
6.572760422124160895e-01
1.430074601906468068e-01
5.302196614072238745e-01
1.026980669500313081e-01
4.295136327207998983e-01
1.119686334308223341e-01
1.563102684155137367e-01
1.099115067139647267e-01
4.210857861832152382e-01
2.159260577968753203e-01
2.349483112171052712e-01
4.734380397215768865e-01
1.146450758520776159e-01
1.269626756000208911e-01
2.484366735942902804e-01
1.149905004631295302e-01
1.038318492791100028e-01
1.062387154915573895e-01
1.164219766741879103e-01
1.073226376511068614e-01
3.119738885784580362e-01
1.026795513275470112e-01
1.036671312870582479e-01
1.505327731752767184e-01
1.664292284057693472e-01
1.298961160809014304e-01
1.569817899190908694e-01
