4.051571738681254975e-01
2.027785223758104827e-01
1.121389365495476381e-01
1.446259099950748250e-01
1.011330293789160506e-01
2.068154303401064986e+00
2.316200866906383826e-01
2.147662842131704830e-01
1.280797843128945457e-01
1.105985414343321066e-01
2.196573179469225590e-01
1.011323820223816866e-01
1.206020700884623126e-01
1.052397834763433571e-01
1.071736551028491802e-01
1.376318350317536632e-01
1.687718049711696422e-01
2.472282812651497574e-01
1.550092300481696606e-01
1.381647749250537904e+00
3.388747499930611640e-01
6.050232825148651461e-01
2.122593653960338500e-01
1.601265140521592190e-01
2.426451924919085812e+01
1.565500303573534036e-01
6.109180826311075840e-01
1.057688161775901525e-01
2.412694117916187320e-01
1.156621460470451251e-01
2.901257968962593359e-01
1.004233910423548148e-01
1.227987454654422550e-01
1.456308779826963051e-01
2.345684395744687123e-01
1.575036821980264623e-01
1.596395658233381587e-01
2.216814747843985911e-01
1.341265808965130535e-01
1.162713901843951958e-01
1.272888839760412394e-01
2.977154457491985595e-01
1.035770889858122906e-01
1.461890326152324171e-01
1.078377324070597387e-01
1.840606894843112018e-01
2.816834219215170965e+00
1.191416120888428021e-01
1.436477771515551893e-01
2.830751387443679046e-01
1.852482732105922014e-01
1.025432423982980679e-01
2.734311918105428063e+00
2.907586656139626302e-01
5.635709050600947734e-01
2.749074238600941911e+00
1.331648103270171857e-01
2.360123793330432262e-01
1.547995022825042755e-01
1.723075287670287059e-01
2.419174246355208224e-01
1.248070547098925342e-01
1.379551716090929026e-01
1.437890628295391549e-01
1.262227687002748233e-01
1.855252994601119532e-01
1.079360492677653022e-01
2.718108118134351936e-01
1.284992790333006896e-01
1.670664238690851566e-01
2.063526278296056171e-01
1.216182887700524573e-01
2.997811884103858127e+00
1.389059580659057769e-01
2.690519641412977836e-01
2.169995670531214005e-01
1.021753888606416610e-01
2.075004190970053397e-01
1.959230779275516476e-01
2.479035405131074787e-01
1.061349660951314972e-01
3.025583500925648206e-01
2.687785627032401314e-01
1.133280999341465672e-01
4.232697527642146906e-01
1.004238070112841580e-01
1.086647472511142604e-01
1.242272426033251276e-01
3.363931539925937853e-01
6.783319218857272181e-01
1.817708514085853988e-01
1.094717277340815226e-01
1.259794402354380005e-01
1.652227738802634072e-01
1.171179320835313009e-01
1.007937038113126405e-01
5.735212530824957966e-01
1.179902871615202548e-01
2.087503120389126721e-01
1.836433092711622361e-01
2.250988264388660287e-01
1.541245269711082333e-01
1.329550011965953127e-01
1.254442097143278478e-01
1.186861733255491630e-01
1.380057257243734181e-01
3.680703821415722832e-01
1.119356209665237634e-01
3.512695357196977675e-01
2.030560476883688514e-01
1.330581404288334324e-01
1.041460280239454861e-01
1.103451084887065864e-01
1.074895029130562008e-01
1.570814914187736999e-01
1.158852501555562020e-01
1.185945297356360562e-01
1.713206967317704998e-01
1.597623472563593772e-01
7.213223567485250731e-01
1.407946207768165925e-01
2.035270374420047323e-01
2.812387124493926360e-01
1.058854908118809779e-01
2.682240411882510500e+00
2.041498998481511562e-01
2.856146438480098859e-01
1.065592621368173926e-01
2.136260536739888194e-01
1.192363410606447627e-01
1.560046881539292052e-01
1.495797104319007698e-01
1.058241892542292062e-01
1.372832649237624991e-01
1.247380602718272113e-01
2.520679156576952074e-01
1.931878644760703923e-01
1.534168631634114099e-01
1.288094589405081869e-01
1.865245522414068768e-01
1.843754161597657981e-01
1.206998103485594637e-01
2.216776512801770238e-01
1.362098900477199670e-01
1.959679077596054586e-01
2.270697159329027048e-01
2.515581911007386817e-01
1.691432839315934744e-01
1.000835220462687192e-01
1.206344003917411006e-01
1.101348942361274785e+00
1.146789864469882486e-01
1.358204805075504396e-01
1.350623931845129355e-01
1.172815065911817500e-01
2.787168294650622657e-01
2.513465267981850881e-01
5.462823132588274788e-01
1.563225785958990421e-01
1.089057441659831427e-01
2.282318734486595280e-01
5.673804836374708449e-01
2.168184196374043082e-01
2.490949961961875236e-01
1.617841899300731523e-01
5.593644861451489980e-01
1.430832543598990203e-01
1.611054757962901984e-01
3.506457019027351407e-01
1.051674370024813926e-01
1.261075318059380612e-01
2.540916287577007493e-01
1.086208075083183316e-01
1.034754555422556233e-01
2.656247159666410562e-01
1.320032772475151495e-01
1.596141281445699889e-01
7.077969524243892252e-01
1.783685248588544325e-01
1.023084659192304430e-01
1.248832312705774189e-01
1.169409209162087376e-01
3.532755546418257508e-01
1.090187462544287778e+00
5.262973150289275148e-01
1.126900181919334304e-01
1.474781362045799737e-01
1.431111430097660453e-01
2.320720463697056868e-01
1.464926684151029446e-01
2.052131082973067400e-01
1.233962756321566323e-01
1.175222850293534543e-01
1.213974192825825749e-01
2.102180582558168254e-01
1.420664112931904199e-01
1.215707558047235404e-01
1.125722949543011969e-01
2.771195164644267850e-01
4.128168278306913463e-01
1.009321025555534046e-01
1.393386235869211731e-01
1.629835930563745539e-01
2.145272772255057969e-01
1.175503746920305154e-01
9.876322146645052369e-01
1.255500144378599858e-01
1.073072415673869684e-01
2.290372153196535143e-01
2.357623431881083198e-01
2.219385647826055963e-01
1.019951463603879227e-01
1.813758580946734367e-01
3.474468326814999508e-01
1.020296750114880191e-01
1.750319534625013607e-01
2.000267235259477472e-01
1.116393661058028980e-01
1.710803988001731168e-01
2.190168856942425468e-01
3.169362703009419580e-01
4.571134963497818227e-01
2.282195680184470887e-01
1.238860786029658129e-01
2.168265635495768007e-01
1.282479422461346719e-01
1.102584013972931348e-01
1.042698422543324732e-01
8.729370482915230767e-01
3.226646806483806640e-01
1.117408025709662467e-01
1.220325140898156635e-01
2.133382030216927072e-01
1.315779970763180928e-01
1.278398933010487515e-01
1.393508423272862562e-01
1.700767001886058782e-01
1.507063418422367185e-01
1.980874784350157847e-01
2.713947406781058169e-01
1.763535916941017800e-01
1.029097664233324105e-01
3.282112679409261435e-01
1.044275523580252413e-01
3.390282667998589794e-01
1.585617413538717435e-01
1.174091774448314390e-01
1.455005296605528520e-01
1.928580013542308957e-01
1.186603474897895139e-01
1.212412052073802704e-01
1.194672207159362731e+00
1.514439066471181539e-01
5.074478641780013621e-01
3.101945889008995705e-01
1.334091809656809680e-01
1.789985488114375634e-01
1.017948190421084642e-01
1.105754091751579793e+00
5.212988985401831865e-01
1.145969721702534194e+00
2.217895842691901542e-01
4.801551719562760501e-01
2.171857095507440938e-01
2.983706415192776684e-01
9.223486917284460240e-01
1.523807142540000159e-01
1.121493602860812733e-01
2.722684699600526059e-01
1.696063812395332548e-01
5.316841278735713328e-01
1.501063099556745328e-01
1.008056058420706419e-01
1.222486947818273856e-01
1.033119579938092669e-01
7.582484129772890658e-01
1.098499179684158805e-01
1.255212641089224757e-01
1.696130776585711986e-01
1.735169397397528512e-01
1.207150119459222681e-01
2.819178067022016787e-01
2.791690629377137078e-01
2.093088926175706299e-01
1.650607707637514465e-01
1.183965888681356299e-01
1.126373361313936228e-01
1.020581723458283546e-01
2.162508399230316791e-01
3.634308170744941502e-01
3.333028190237481425e-01
1.658391111343819058e-01
2.785607967205733781e-01
3.460327648075506857e-01
7.045660211237906312e-01
1.034007695445402775e-01
2.674266434242297263e-01
2.162467984620367600e-01
1.642599317878685738e-01
6.889558944434304166e-01
1.996745788263586674e-01
1.086691029844491507e-01
2.223401264750769768e-01
5.027002128098908562e-01
1.355646984083551665e-01
2.119352542486357405e-01
8.485644809383828813e-01
1.434176109464860571e-01
2.926060777250782952e-01
1.346517444127106056e-01
1.757461560099522757e-01
4.731082144002064505e-01
1.384591039379234334e-01
2.940057021289686490e-01
1.481882541271301867e-01
1.223182024903237131e-01
1.691741703957188869e-01
1.150550613298689795e-01
1.242295076930864384e-01
2.170631679534962000e-01
2.003364783759882251e-01
2.042182532980127974e-01
5.256637029951805040e-01
5.635720311845668906e-01
2.373712436864811037e-01
1.455404368464970344e-01
1.145587010434902936e-01
1.406478427522884211e-01
1.141438368326276320e-01
1.315038481118485370e-01
1.033562977952145190e-01
6.814883046168286285e+01
1.781398010978633428e-01
2.821692693795206930e-01
7.303515119634069741e-01
1.111629825056279081e-01
2.989845026206408574e-01
1.621319127930458404e-01
1.441284106262140374e-01
2.143590659659744269e+00
2.614253488864698993e-01
1.608602667285848054e-01
2.372258985565091072e-01
1.391328070694505814e-01
1.007159906019614165e-01
1.002809427377408941e-01
3.893075167948270576e-01
1.941464658238368779e-01
1.632212220969345984e-01
1.333620384923743796e-01
7.225323788105798561e-01
5.473335392530326304e-01
2.066243786774460411e-01
1.992569673986818168e-01
1.096308774288006771e-01
5.852065626052513903e-01
2.027594062109120687e-01
1.056793849896931620e-01
1.649798912852246391e-01
1.079350537237029339e-01
6.329961419232326136e-01
1.434659283041120337e-01
1.095294896708693816e-01
4.345857779602472215e-01
1.674996201976681753e-01
6.137735011848725053e-01
1.346614924149819037e-01
2.294688179111142312e-01
2.054460074515130352e-01
2.497116298376369226e-01
1.102465376331152935e+00
1.283726984540661253e-01
1.292168200491449204e-01
3.464336813006551608e-01
1.161035214530686255e-01
1.742631357104144352e-01
1.517020396526043147e-01
4.327765294772096261e-01
1.230678870607591346e-01
1.775176390907386992e-01
1.306709605266062058e-01
4.730121602746874543e-01
1.069529382805514822e-01
1.263825186660648414e-01
1.604333296724583247e-01
1.431258652750672933e-01
1.422820035568848340e-01
1.211836052543247971e-01
7.258722433825406384e-01
1.553312901866260864e-01
2.190344720645800436e-01
1.285317601814644217e-01
1.777736069531699881e-01
1.444695359771019927e-01
3.624603939187047708e-01
1.685002422574969350e-01
2.119548830832128639e-01
1.570962885066520265e-01
5.117514296068125246e-01
1.113236432447002600e-01
3.004528277474713960e-01
3.410579059728391926e-01
1.231569559116142965e-01
1.252285630609666078e-01
1.160661687901207301e-01
1.916440376686962266e-01
2.474611333942822178e-01
1.029150738740545468e-01
2.528824971275187572e-01
1.411974080866872094e-01
1.007932141621391137e-01
1.505959139434345229e-01
1.789576631634035297e-01
2.021201838514895821e-01
1.380413742558166401e-01
1.465135761782296042e-01
2.370276610913797377e-01
2.329079815542443033e-01
1.329096790753022395e-01
1.066776425499995073e-01
1.590816871120096510e-01
1.845786823231601315e-01
6.161740101441233186e-01
4.328595665116756752e-01
3.443298388798305409e-01
2.012037699973235338e-01
1.220843386353194504e-01
3.415061874752421400e-01
1.660716892560535340e-01
3.167305425117148965e-01
1.312975175379058335e-01
1.632591832277314470e-01
4.678554977041973761e-01
2.826008693342545453e-01
1.685345648883606051e-01
1.540176064657832744e-01
2.436422477631298023e+01
1.035374747635413872e-01
4.465074571868770104e-01
2.316056021837953338e-01
1.042240143331755048e-01
1.051877781013676599e-01
2.585096196305184946e-01
1.113921451093148551e+00
1.086091158050435657e-01
2.418144312534484808e-01
5.938987593906659423e-01
4.465501076797041557e-01
3.108643933581286545e-01
1.327590461110495779e-01
1.260825927099491206e-01
3.317992642882797161e-01
1.029461958919725001e-01
2.165900011301495065e-01
2.150629116238842453e-01
1.691734976810454205e-01
1.034557979825063978e-01
1.865634648217722180e-01
1.048474948878748148e-01
2.466982753444353360e-01
1.075462675369542875e-01
1.946967792220907212e-01
3.352250790548685910e-01
4.139716068664689441e-01
1.189766678732897404e-01
1.403362859133140128e-01
1.957919737148072492e-01
1.249767805271571330e-01
4.508253262981368192e-01
7.895792462951567448e-01
1.352289520296776071e-01
1.052866242657856666e-01
1.198630966176826018e-01
4.211491689620781576e-01
1.364485983514430734e-01
1.991242918690896979e-01
1.791446290610470005e-01
1.582339048787530511e-01
1.469313090128321064e-01
1.045969718071154547e-01
1.342558450779301749e-01
1.114125392145997734e-01
1.411613803476298445e-01
1.465925305487006058e+00
1.030103944135421223e-01
1.863899116954164936e-01
5.024272865325539739e-01
1.021978745697719876e-01
2.354561997479229785e-01
2.060131190582889793e-01
2.134112291358184754e-01
1.492371321892050073e-01
2.176125942268244406e-01
7.200542813640755657e-01
1.115941116332805350e-01
5.000736328687359622e-01
2.301146347300225270e-01
3.161242329322087041e-01
1.398092786086142958e+00
1.218785452274455117e-01
1.813136950667826319e-01
4.526536136349308959e-01
1.023824699191924065e-01
1.034698741756905627e-01
1.094568913627555623e-01
2.724467123294113668e-01
1.386487600447783020e-01
1.101831113644480831e-01
1.506896615986925703e-01
1.425198024117443063e-01
1.967261135459852373e-01
1.372893842610521109e-01
1.273974270487243377e-01
5.033546836379632072e-01
1.282500853150633779e-01
1.617345140506443457e-01
1.008110870840133871e-01
1.191991952592339754e-01
1.249566445877175608e-01
3.565331817852941954e-01
1.078306322143038343e-01
1.153376197679239490e-01
3.155715226433809528e-01
2.403301021206254162e-01
1.234206684467848841e-01
1.134383555197927412e-01
1.557439822843407762e-01
1.331088198885494178e-01
5.759728266130935692e-01
1.731280717042904094e+00
2.727673694611826849e-01
1.102654798586478330e-01
8.853424041990275439e-01
1.049351105681272656e-01
8.147627900672751444e-01
1.285422176546598960e-01
1.370686570360703793e-01
1.143762462762729082e-01
3.874518387915701356e-01
1.333377971116410654e-01
2.429960626662094336e-01
1.169268394086666885e-01
1.183805267846013837e-01
2.265997909476617778e-01
1.236166383994186796e-01
1.112724843047200540e+00
1.216032443436386168e-01
