1.408474308560675736e-01
1.867731507983142747e-01
9.232314583164926702e-01
1.067976524668610705e-01
5.492618312746316844e-01
3.400631917289447248e-01
3.096282729126595412e-01
1.336996817097697299e-01
5.498703973536550604e-01
5.193724288071833728e-01
1.359852333866882201e-01
1.218320970977938150e-01
1.126551431745142912e-01
1.172076576190566738e-01
1.024671695194646209e-01
1.272093680830953255e-01
2.112085829381088464e-01
6.431071505582290904e-01
3.515494266355587150e-01
1.221975644698193308e-01
2.767185522719305402e-01
1.822635868620985644e-01
1.344633917242048227e-01
2.214698471554951975e-01
4.711266273749242228e-01
3.377078908852211847e-01
2.262359280883529389e-01
1.105806327858375182e-01
3.483633495502478361e-01
1.891951387980258525e-01
1.198339414143897441e-01
1.001486614633257111e-01
1.348000259549707036e-01
7.931507118212121066e-01
2.926009784411849890e-01
4.263055832124261757e-01
2.012250213961955247e-01
2.424172463779470099e-01
2.113130584950984603e-01
1.178830559886379081e-01
1.239776304778639759e-01
1.330956643914065485e-01
5.748542175896281803e-01
1.563970966576428423e-01
4.118108834298766396e+00
2.124364122676656308e-01
1.366035993149296579e-01
2.039347435343288328e-01
2.726078202013450524e-01
5.648482121161174652e-01
2.188634915819683280e-01
2.341850338084801031e-01
1.183320637083895427e-01
1.168141402548407703e-01
1.105383098975982609e-01
1.400377821198466599e-01
1.371546837835211086e-01
1.583459065134536214e-01
1.321445074932837416e-01
1.282063078560390090e-01
4.627901470393471772e-01
1.993778110466576103e-01
9.182977732958035322e-01
3.214809787503668526e-01
2.700379180958834557e-01
1.118268572018868839e-01
2.234460883627240602e+00
1.222682606198320088e-01
1.366554343671634308e-01
1.867135949697245056e-01
3.097519180502057989e-01
1.012053839741467592e-01
1.132854664435214986e-01
1.031595332300994095e-01
1.202004633047684679e-01
2.086617462867569328e-01
1.086712041253693473e-01
1.490103366161523446e-01
1.064170403774912232e-01
1.446781778902075155e+00
1.054857139118970527e-01
1.155991770036864930e-01
1.133329864562168388e-01
1.123602267308530939e-01
4.494645087140833883e-01
2.493127712079781788e-01
3.110090012859139108e-01
6.973457825197830751e-01
1.426292929775120066e-01
1.203619760032223485e-01
4.517322458826866782e-01
1.337808263991334956e-01
2.108514453628734242e-01
1.874548174741475781e-01
2.688422148854222593e-01
9.133847561839497642e-01
7.392433187498643754e-01
2.240349313739184167e-01
1.883480809071189643e-01
2.425702856877191005e-01
1.982394309120814047e+00
1.049820917272368814e-01
1.072206687570983752e-01
1.257427503937338376e-01
1.063941278290177900e-01
7.070938856729543920e-01
2.934985754717275852e-01
1.935941011563058478e-01
9.990410736351521548e-01
1.489591475336643212e-01
1.801944659189198550e-01
3.252549991692449405e-01
1.204654984344481622e-01
1.157775628632253390e-01
8.185010548252793505e-01
4.216689859750069047e-01
3.803449061980320733e-01
2.259238627025006163e-01
9.616938595964494851e-01
1.561474977243108020e-01
1.515139998101604768e-01
2.676231270954603780e-01
3.379698520401495654e-01
3.850310157790976517e-01
1.308262637138196960e-01
1.210752187199964358e-01
2.005745780154054858e-01
1.463852915865039850e-01
2.028526372408152589e-01
1.764905166853665275e-01
1.019553752114639722e-01
4.043166993791841302e-01
1.614385180594547775e-01
1.160575515681254999e-01
1.149656324752679898e-01
3.483704313928624452e-01
1.124868627284530964e-01
2.108638417099065743e-01
1.196798039518928713e-01
4.031500918271071754e+01
1.336478835101687634e-01
2.267749583643074995e-01
1.013886059943726603e-01
1.639941460999876088e-01
9.491376130685863499e-01
2.517890200063930273e-01
1.191111325989369640e-01
2.006750875711212356e-01
1.028150977747505773e-01
1.330495950143961437e-01
1.202626849705998868e-01
1.830895008232649168e-01
2.673741578015698117e-01
1.115166837849051185e-01
1.278082693666187375e-01
1.072439168912477786e-01
1.172094547448540303e-01
1.216525244103427161e-01
1.097398857557441015e-01
1.599775562123750550e-01
2.283711986672969374e-01
1.717657888001805910e-01
1.128176061757844018e-01
4.962552869828587010e-01
2.388489885793764200e-01
2.807334463479866926e-01
1.229985512768438510e-01
3.018340520112026137e-01
8.371522344598999466e-01
1.168133131943093206e-01
1.937939781580596543e-01
1.097453983240639919e-01
2.629394868715241862e-01
1.325179673279000825e-01
1.976287996195740249e-01
1.275493771224744943e-01
1.467580300495768542e-01
1.155319952280388363e-01
2.591127923835306324e-01
1.286827634972419754e-01
1.438980399390229481e-01
3.044620670255513417e-01
1.362931182226178872e-01
1.069165072816917333e-01
1.137718120546055423e-01
6.004959451289743066e-01
1.088902051670807697e-01
1.277343902286491861e+00
1.174946460447278823e-01
1.170081567674347567e-01
2.165424461082839924e-01
1.188795874614872600e-01
5.799810508161182820e-01
3.845161978359491473e-01
3.647330269664816882e-01
3.178999679036766945e-01
1.581195238206315745e-01
1.489953244354333683e-01
1.103089080957447621e+00
1.889437944410569337e+00
1.188375888633680377e-01
1.491151939579911934e-01
1.462494843368393471e-01
1.240311909769902937e-01
2.522152714162563814e-01
1.514422911379742498e-01
7.245677091263817982e-01
1.622384923287432112e-01
3.481074331425026980e+00
1.094513231026381928e-01
1.394958269413898722e-01
1.325364730568329708e-01
1.115920062738312013e-01
1.982184910507439612e-01
1.132747323875741841e-01
2.624079990804878970e-01
3.805932382563247396e-01
1.834583702559802465e-01
3.204671741318410039e-01
1.263320355979329623e-01
1.904442865105288596e-01
2.510244119335476864e-01
3.886347821520132473e-01
