1.626048522001287688e-01
1.552741498462480441e-01
1.791311712986798366e-01
1.163771882472688368e-01
1.694520306811288513e-01
1.808198513817593778e-01
3.616029149104287854e-01
4.545927896938314894e-01
6.075898060917821475e-01
1.493440817118412145e-01
1.342550301009981240e-01
4.331448203099191874e-01
2.468743828994397482e-01
2.897527864646004536e-01
1.480089059053168732e-01
1.725198191514255019e-01
2.141034247414892011e+00
3.385274895246245808e-01
1.550931902562624476e-01
5.424237128590764234e-01
5.472698478670954270e-01
3.411983356240940179e-01
1.375747913830941971e-01
9.708181637197116354e-01
2.185176687203870538e-01
1.475766446796226428e-01
1.368013157711565064e-01
1.000071133424405984e-01
1.100300046400568554e-01
1.001441203252406986e-01
1.000120485654890229e-01
1.661547284286148951e-01
3.159147691414566639e-01
1.274833102946254237e-01
1.054814443161651849e-01
1.301016530083206335e-01
1.455480026849918784e-01
1.067340051754361863e-01
1.480515371375360767e-01
1.059668089416773012e-01
2.192154266960938402e-01
5.226712472297377898e-01
7.537247439368206514e-01
1.687972963986969777e-01
1.095908838500312954e-01
1.259831834302401199e-01
1.470700659452484071e-01
4.429564502210808219e-01
3.048751708559538920e-01
1.452503431132287914e-01
1.211355355656811850e-01
2.719204575516617761e-01
1.558428888948059643e-01
3.565496747914846942e-01
2.960530698292898610e-01
1.181423221542309276e-01
1.820323542885780022e-01
3.974319395391515131e-01
2.295236832772695745e-01
1.311738663059647036e+00
1.420650674084192877e-01
1.602702023230351269e-01
2.865364695091078828e-01
2.594766734583715539e-01
1.046261074808746278e-01
1.389845360326845414e-01
1.139614297558637496e-01
1.694820092731987027e-01
1.065903952001869409e-01
1.341198945835456457e-01
6.899212167200431400e-01
3.142847206942707694e-01
4.105146981546884399e-01
1.472864452687217274e-01
1.008784068528555261e-01
2.223201606329384961e-01
4.204005951722350476e-01
3.331251936582277473e+00
4.672299926346824006e-01
1.005689959139477452e-01
1.299995796821009075e-01
2.144684759080223990e-01
3.090520575614663645e-01
1.703257637325984453e-01
1.323111940791762642e+00
1.433581006962358628e-01
2.287112140091187296e-01
3.849104548047883045e-01
1.455183441596132332e-01
1.610845535609564949e-01
1.859154703543653975e-01
1.005817500520281710e-01
1.399575021926530438e-01
1.217134240017720970e-01
3.050053721672827955e-01
5.884423562507370420e-01
1.382549056628529782e-01
2.016239118047936651e-01
4.064050894800788072e-01
1.032338082057986245e-01
1.035288300941123590e-01
1.056040188800555363e-01
1.811297291965206502e-01
2.025023375713106422e-01
8.821747135698716491e-01
1.601381775804416041e-01
1.400873665657113853e-01
1.259526512038363355e-01
2.940694937675548015e+00
1.594473864303934674e-01
9.200724309218453190e-01
1.774838591326191040e+00
1.389718277338246599e-01
1.139976616629447825e-01
1.244968213946698737e-01
6.723299563062363760e-01
1.018800054280982748e-01
1.947527524125612086e-01
2.636254998922286652e-01
1.808334787310677427e+00
1.397619565328757363e-01
1.166307345787728489e-01
1.255799401297020834e-01
7.376467575724341419e-01
7.422092470026938615e-01
1.577838190529870233e-01
1.139010942514398217e-01
1.615931066898648183e-01
1.324871076615362353e-01
1.065933184505394316e-01
2.720204411861784077e-01
1.381327183879726694e-01
1.468981398277035832e-01
1.448883658855091294e-01
3.884277317059285362e-01
1.701030711300038911e-01
1.014069933644458632e-01
1.166088719164265486e-01
1.799271971772472556e-01
3.362227522716736416e-01
1.240896632125749743e-01
1.642543580777295897e-01
4.729915456611520352e-01
1.406140648106920799e-01
4.391055799632538892e-01
2.290368066038454831e-01
1.498780388643739803e-01
1.561070227691824241e-01
4.066779178048060550e-01
1.763616062390144512e-01
3.073504284654173246e-01
1.005265430679884942e+00
2.112463182486129520e-01
1.014304738034205039e-01
1.723680585298666135e-01
1.397718837726492358e-01
1.267680473626909554e-01
2.212715663911578590e-01
2.186363477565061997e-01
2.080765862766446039e-01
1.011796671062783759e-01
1.410297883604255120e-01
1.335998787187011316e-01
1.274962835734017030e-01
1.102491927983661191e-01
3.266090986118887485e-01
4.260825704100955069e-01
1.232021039280039310e-01
2.733817897613198267e-01
6.246899526349922738e-01
9.190715358338487073e-01
1.448627828179767929e-01
2.028481583286808054e-01
4.728298906195966267e-01
1.978986419985118983e-01
2.316922383413220765e-01
5.690745460326519511e-01
1.359767883504665320e-01
2.015012545472591732e-01
1.164809236449481089e-01
1.729071747842393647e-01
5.893332160285649213e-01
2.375904293092739872e-01
2.302147742842560185e-01
1.524975349284986847e-01
1.089135525978142394e-01
1.026372788884588466e-01
1.988143484906743641e-01
2.370879363504213855e-01
2.505231297783621636e-01
1.552271762324599624e-01
1.326000980293700893e-01
3.112216472022488745e-01
2.373948065548725506e+00
1.188244974438906337e-01
1.463468584396204752e-01
3.448495960404192040e-01
3.173356487926915492e-01
3.675422332699030958e-01
1.012288921644842188e-01
1.057452026515832699e-01
1.506360764491967152e-01
4.424846373868536187e-01
1.347319228780100853e-01
1.027406533712213466e-01
1.195969065449311169e-01
1.859393322229102308e-01
3.145674621587038478e-01
2.054909673601903464e-01
1.536288914553561313e-01
1.343865154287432195e-01
2.066215473444455442e-01
1.239503583871189307e-01
1.467469825995541266e-01
1.776135073306074896e-01
3.707927669073770027e-01
5.242582249557559138e-01
1.006129732137383964e-01
1.250312223888801477e-01
1.323528680878196528e-01
1.412631904184222797e-01
1.924897112162348156e-01
2.125694569424554370e-01
6.399424941233728958e-01
4.728009580972004078e-01
1.346578449060197302e-01
1.085082604320039001e-01
4.632295786569298190e-01
1.228539910123621903e-01
1.815212078293985343e+01
1.409093401559102787e-01
5.953388668014453211e-01
3.457001845278660501e-01
1.597602800357637021e-01
2.739011327554893849e-01
3.085765089751947299e-01
1.244875833884449695e-01
1.999318479339945442e-01
1.772736787738856679e-01
2.097270000967574599e-01
1.094551938485281845e-01
1.005729496210749779e-01
1.314980315198074068e-01
2.958371017333510933e-01
9.677099589178645989e-01
1.711811724327044204e-01
1.738322541019302891e-01
1.110220065223262859e-01
1.318800232573240916e-01
2.966474420216578811e-01
1.154144144514836212e-01
3.101253079533703993e-01
1.307462281506033275e-01
4.837067770049787718e-01
2.281956965007304605e-01
1.350557023436958770e-01
2.436780899556121038e-01
1.660009744391309772e-01
2.184263009039258963e-01
1.541784905628664493e-01
1.282272423212681700e-01
1.279465994307950605e-01
1.309879963143842085e-01
3.018018768167118449e+00
1.038817873209786635e-01
7.886156523730862844e-01
6.097736707201752981e-01
1.056977735032942622e-01
1.175083776453825640e-01
1.196156150328647194e-01
6.632977637950441263e-01
1.200808352772986254e-01
1.196717606092403685e-01
1.514277376504920003e-01
1.297989205799563173e-01
1.433364327526830129e-01
1.379119479149164551e-01
2.271340607091513475e-01
1.444421510963365407e-01
1.723900937499022179e-01
1.563888152090585348e-01
5.397410968254151564e-01
5.758858473710380954e-01
2.869424201853172374e-01
1.303522187566560908e-01
1.731520065120969731e-01
4.374491260626995448e+00
1.131654129084312121e-01
3.759582954659901333e-01
