1.563249289050598900e-01
1.188861049651414592e-01
1.837333124504844928e-01
1.429811884331030070e-01
1.150159699161950738e-01
1.426137119391946706e-01
1.278935068032710787e-01
1.044643463282308726e-01
4.952649877097465847e-01
1.058870218132021979e-01
2.121387878430571472e-01
1.408571456875709893e-01
1.022802806795698460e-01
4.419408025899432824e-01
2.356662409714077866e-01
1.048703499116739046e-01
2.293987017215685931e-01
1.704641758080491509e-01
1.630833272771277653e-01
2.365305257676353079e-01
1.437706836332859617e-01
8.995863360797431429e-01
2.192480629820661719e-01
1.088244792440636738e-01
1.471136235589275143e-01
1.140955736733218623e-01
3.717656328951929323e-01
8.954572746256919125e-01
1.188494453169365861e-01
2.028830250116638867e-01
1.067197379202197843e-01
2.184695926763800533e-01
1.450478188085152498e-01
1.004605117888144189e-01
1.733300842060024327e-01
1.260457877570315410e-01
1.338550508999772626e-01
2.276095531516891812e-01
1.244047669759362346e-01
1.122491558444302789e-01
2.760225560294833347e-01
4.629059862597755259e-01
1.784758673971575116e-01
2.327610276193630701e-01
1.759327273010536929e-01
2.863681993642100965e-01
1.245373440162893808e-01
1.813081212914494644e-01
2.170739144919040520e-01
6.757664473306763675e-01
1.257567104584883244e-01
1.050501448945698607e-01
4.132145552168571823e-01
4.715890491068698842e-01
3.412031312187527865e-01
2.462973613661535444e-01
2.597407085042336972e-01
1.496754240036808070e-01
1.135815000390899415e-01
1.040742480376504742e-01
2.600452940160615789e-01
1.121193057218793226e-01
1.086325768564708333e-01
1.370463936766439239e-01
4.996943174181677216e-01
1.451970919586011710e-01
1.526269388442193231e-01
1.639887039248996703e-01
1.042178135646467524e-01
2.414246824244894452e+00
2.860492709002318001e-01
2.316802821655473688e-01
2.728908820493147203e-01
2.572511011241785384e-01
1.281004749574307100e-01
1.793578387283080999e-01
2.160092295316503597e-01
1.226868794871641272e-01
1.530804023647362455e-01
8.114751702909877018e-01
2.711207266499843227e-01
2.176392371595228803e-01
1.023069555178746093e-01
6.193845717711521370e-01
2.008888342514715541e-01
2.423148123352773797e-01
1.327269919248521002e-01
6.316226877528338113e-01
2.388578101839565759e-01
2.219464452997978177e-01
2.241220077615664052e-01
1.157413437319042143e-01
1.332850578632012173e-01
1.132769865972458878e-01
1.384644335173212115e-01
1.052927848212016210e-01
1.787937969101740798e-01
2.192459435320631700e-01
1.201833900540638517e-01
6.191335350022992845e-01
2.000969091452370563e+01
1.305515299421849684e-01
2.807588744025475980e-01
1.268780044914040450e-01
1.231944590881486196e-01
1.140349344351844763e-01
1.184128334455263193e-01
2.035102304668612028e-01
1.003211990842379636e-01
5.676579763973218506e-01
2.729836852011430781e-01
9.872409368561509968e-01
1.115624029430754699e-01
1.571902175101718979e-01
1.071919034077097044e-01
2.569960195175791107e-01
2.072767026238132582e-01
1.398823019796095191e-01
1.163590949410346909e-01
8.081697134407648253e-01
1.103310167873182562e-01
1.336644239600378592e-01
4.602709211419269142e-01
2.391233705086441563e-01
3.020115084053278109e-01
1.424899538287733580e-01
1.872843078999716637e-01
4.336152705328089607e-01
1.195147886216514632e-01
2.100911630638776784e-01
3.121526465423595242e-01
2.880571602675803256e-01
5.718709586621888441e-01
1.073645732741752012e-01
4.800587389895091817e-01
3.429357934732039093e-01
1.176988551084456741e-01
6.294341780230345851e-01
7.889357614446096401e-01
1.911894044256616798e-01
4.019527597320367818e+01
7.786411979680883944e-01
1.654650206087501907e+00
1.909855245853815386e-01
2.808953925873560742e-01
1.839287507177831960e-01
1.505880287409666063e-01
7.009335644127960840e-01
1.173228295924537701e-01
1.452840154817138796e-01
1.312369941883231028e-01
1.009703967988477419e-01
2.302368922547923358e+00
1.109418575516114142e-01
1.145537310063544090e-01
1.186703482607724958e-01
1.404703463260255081e-01
5.795049656843900276e-01
1.526913769882668470e-01
1.409645300313740190e-01
1.369945175383456837e-01
1.300180062068434228e-01
1.707990089223866415e-01
3.691239724551327317e-01
1.320725639382723804e-01
2.400384129681554235e-01
1.499391245324117050e-01
2.920282899309821767e-01
2.602236728852196923e-01
2.320535522232057279e-01
3.245566873237724081e-01
4.863977623142959894e-01
1.891324353666433977e-01
1.093314183918464022e-01
1.953475885189025485e-01
1.494009565281336493e-01
1.512856768121240147e-01
1.057489256700673147e-01
1.055833029044545013e-01
4.375133083033097003e-01
7.074227399076554512e+00
1.849425655526995282e-01
2.622747855415765161e-01
1.104924913384667806e-01
1.359464314091149151e-01
1.779544335378705489e-01
1.736547036249867837e+00
1.285812382056110426e-01
1.006059230709990954e-01
1.129050534615469337e+00
9.727516037997002707e-01
5.589771648213756050e-01
1.001566445438595160e-01
1.612535394889626494e-01
1.196840975848326716e-01
1.245688512624273242e-01
1.788237123583606147e-01
1.192403345498158629e-01
2.043456956774371003e-01
1.470209564580937101e-01
1.828023030592021703e-01
1.624364349660470941e-01
1.043633083167584408e-01
2.091356235764901261e-01
6.318342438037963804e-01
1.013673996273462274e-01
2.285661185986702648e-01
2.444249185786011580e-01
1.134603218833110660e-01
2.078812490958268366e-01
1.014343750563316410e-01
1.171635992085869327e-01
1.129590083262259625e-01
1.324682273568460467e-01
1.576114540237482098e-01
4.701793942983937824e-01
1.071680074825637485e-01
8.205017323620753533e-01
1.050462243731348777e-01
1.083289220435124794e-01
1.622084455292272798e-01
1.059694515303878926e-01
1.841378593782046769e-01
1.237347610769948397e-01
3.677725850611901492e-01
1.144038221503767688e-01
2.514878519915615951e-01
8.397477076983709265e-01
1.191771891737546940e-01
1.589558279710615030e-01
1.216869704881805847e-01
1.098287498142080099e-01
3.416781196536104459e-01
3.779429817072764153e-01
1.282796348254326146e-01
1.191983957038334624e-01
8.559923940533405995e-01
1.468497647689418761e-01
2.557299152676298704e+00
1.011541271726772995e-01
4.083902149857959185e-01
3.872007986741106689e-01
1.039114779255379956e-01
1.485768431994732297e-01
2.620621877571282510e-01
2.420145985614424178e-01
1.270239834405956780e-01
3.920127321519834562e-01
2.240290231174169033e-01
2.902778839474924322e-01
1.533884722534313017e-01
1.375065676376586166e-01
2.103196504501642361e-01
1.233578063495204269e-01
1.340040153938613920e-01
2.630746344410824777e-01
1.133236139466006487e-01
3.061218424490491086e-01
1.462895571889387680e-01
1.265976225311601366e-01
3.028715817633148011e-01
2.164562129238372656e-01
1.375309080010546914e-01
2.649900701361290967e+00
1.817412644996325710e-01
1.740525359605607780e-01
1.652551173294330988e-01
1.272094694871073739e-01
1.074466026055898027e-01
1.333994080787349323e-01
1.074156794528291770e-01
1.575046270399811377e-01
1.084969450909837319e+00
1.227254607046708856e-01
3.193130178681202747e-01
1.157759831645843590e-01
1.535550922026578391e-01
1.360388436694908165e-01
1.059777304494224498e-01
1.388773928709989280e-01
2.532083116989594096e-01
1.199000408274657342e-01
5.392991736436097971e-01
1.182331963565503713e-01
1.111710408774482239e-01
1.374214986392579829e-01
1.883490619028902469e-01
2.890924902139057062e-01
1.328724486573087393e-01
1.691239768727041681e-01
6.770548648351329968e-01
1.188445314849550238e-01
1.575753994835394078e-01
1.696476063192931261e-01
1.881224796339756034e-01
1.372384179743885990e-01
1.176044140112770670e-01
4.265078600547702603e-01
2.117595909948146449e-01
1.072130175200118746e-01
8.270387126280978052e-01
1.060794161965550320e-01
1.239065078852021051e-01
1.000322046954564836e-01
1.246609023663380056e-01
1.332462999498797152e-01
8.436363196439903289e-01
5.758792321526214897e-01
1.473065036137979344e-01
2.269828452853313583e-01
1.836482277353495285e-01
3.400431929018217780e-01
1.024756700817807120e-01
1.006953353607604601e-01
1.105104072057448983e-01
1.300234998939654441e-01
1.685002685328191585e-01
4.184427453762671334e-01
1.373113004649464952e-01
1.550320482066791794e-01
2.400865584147833798e-01
1.507243073005955392e+00
1.213343237845219136e-01
1.290200710680940166e-01
1.178710578562134903e-01
1.640238797819407734e-01
1.234598760634616071e-01
1.403755567960689177e-01
1.067544666338926113e-01
2.369774910371986731e+00
1.102085067626622783e-01
2.828544436213433766e-01
2.135015097472695023e-01
1.785686552778494862e-01
1.687366453455543536e-01
1.372554527164291105e-01
1.098292838815609074e-01
1.089041278720199180e-01
1.215695907361817457e-01
1.428408892352457105e-01
1.422226481410117982e+00
1.290712631837642455e-01
1.218824530270425782e-01
1.308163625400710073e-01
2.434974029546653762e-01
2.459958361084465528e-01
1.348448531235870440e-01
1.616801076688536565e-01
2.789358692466062939e-01
1.039055198691454796e-01
2.047488841618008149e-01
1.479950399718776011e-01
1.624761380039286551e-01
2.502573081732763494e-01
1.326811038003545551e-01
1.976241388743180671e-01
1.003757136383703480e-01
1.023808889473087486e-01
4.053831381962415548e-01
1.294898178304761671e-01
1.620728905288862376e-01
4.510554688811620472e-01
1.838089248180638791e-01
5.253070840793647722e-01
1.668834167820718861e-01
2.769123366315710544e-01
1.156525711373777021e-01
3.323210823350427057e-01
1.038774684459424363e-01
1.349196483756767151e-01
1.105553556628679907e-01
2.060835883130393287e-01
3.723872550190709951e-01
1.406860778946947277e-01
1.562391428182270947e-01
2.963684277367512609e-01
5.862580197037032814e-01
4.179307924271499219e-01
7.556460522108602307e-01
2.031065164385589261e-01
1.299321790879126304e-01
4.043650542162911421e+00
2.005920599050889930e-01
1.127776507699160685e-01
1.713433580697431291e-01
1.162804643366450175e-01
1.535285800032103187e-01
2.195558282313306298e-01
1.265859089388801928e-01
2.932710677754461481e-01
1.293130897145113034e-01
4.250064332313842619e-01
3.553153280090320942e-01
1.147769585705966239e-01
1.208125580335768223e-01
1.573520306634901278e-01
5.528149604724060806e-01
1.313743471452635037e+00
3.501632815325928516e-01
1.463917687878859009e-01
1.142787645141329078e-01
1.818703484105417545e-01
2.099692552050184124e-01
1.912318967290765337e-01
1.802383312920804448e-01
1.287821654571181806e-01
5.767274414812463279e-01
1.009981551319382026e-01
1.636862161959925510e-01
1.117303974031444852e-01
1.727796337077976696e-01
7.981755766082649917e-01
2.638828420051561596e-01
3.150014799083471484e-01
3.388408704031564134e-01
3.599679514921965695e-01
2.356856657354826634e-01
1.375053727360004419e-01
1.506884938190297119e-01
1.727230953923056811e-01
3.053762321914620936e-01
1.151190968771092921e-01
2.238662432835885063e-01
1.065894235913367877e-01
2.585193342676102568e-01
1.481150408072194613e-01
1.476556924724043707e-01
5.670359284139971479e+00
1.185601212610658539e-01
4.339333924170301060e-01
1.336030354289950151e-01
1.398554748579725060e-01
3.326169878913050604e-01
1.002330134261964906e-01
7.858553518405613225e-01
1.243323638663752506e-01
1.129340312278612757e+00
4.602703172094791961e-01
2.409409331760035688e-01
1.175338124555231900e-01
2.092875675160782711e-01
1.605259435506315724e-01
1.147230437887742371e-01
1.517965689366207460e-01
1.815459878479833422e-01
1.053351766830886160e-01
2.125713315802292280e-01
3.664619701238929217e-01
1.033474486297114581e-01
1.150765776823908793e-01
1.785095034473635212e-01
3.214611476033395476e-01
1.395314644246282154e-01
1.126574383888079567e-01
4.124192689146560231e-01
1.823185652482465779e-01
1.737821124064167222e-01
1.123595550202015486e-01
1.788240101811001126e-01
3.510535728757304685e-01
1.274032338680365084e-01
1.093864321073568652e-01
1.027694505557843474e-01
1.008341809079204704e-01
1.021180832500611785e-01
5.020986028779567123e-01
3.822322855907864358e+00
1.435903894507682410e-01
2.914602019369977870e-01
1.301215208695505055e-01
1.711370467935302564e-01
2.130105048814800173e-01
1.321023529901397264e-01
1.302332412593777689e-01
2.176338429162112953e-01
2.974965979745755051e-01
2.220130013110624967e-01
1.786789110288023730e-01
1.448902624630201141e-01
1.162206035109536045e-01
2.024435447106047448e-01
1.125053898810887826e-01
1.057596792182069756e-01
1.244580907227820776e-01
9.317508419766981076e-01
1.440730902065769925e-01
1.190736489993734770e-01
2.252242843715029252e+00
2.144335302939933685e-01
1.293066709559366478e-01
1.014690138502241379e-01
1.416018240991644694e-01
1.147928598866596456e-01
2.490146698052131125e-01
1.233442987088006204e-01
2.420447475415405114e-01
3.122281985086497458e-01
1.489293692876854924e-01
1.066669469205497461e-01
3.822518666768059958e-01
1.519602108759082193e-01
1.325746885501056793e-01
1.452758093187057342e-01
4.203854542431619823e-01
1.166991881180191037e-01
1.253182880689652778e-01
1.197841589771180548e-01
1.360256799912174241e-01
2.461428995799604946e-01
1.157691394351130498e-01
1.554392483982382778e-01
1.020862359392047614e+00
1.267555036685586722e-01
1.520668037573834619e-01
1.015534429816681294e-01
3.222697430341985858e-01
2.448222610704018920e-01
2.145313410039925150e-01
2.007176548506176827e-01
8.016429639906856863e-01
1.479521230744663129e-01
1.405618823508500703e-01
1.265370061640168076e-01
1.006163894882824206e+00
1.415156894629545081e-01
1.218652448063219929e-01
9.768558881253007753e-01
7.290062817711414622e-01
2.303997536476116714e-01
2.360006751123804869e-01
5.013747318522939977e+00
2.769343605632066940e-01
1.996116969999502666e-01
4.522212256718135537e-01
1.320979551216201198e-01
1.084426144623224925e-01
1.997103098093370444e-01
2.255335591033337250e-01
2.067082256945074747e-01
2.152502987568832293e-01
2.173769917161403054e-01
2.034433456846060084e-01
1.541577730095198273e-01
1.274480870736913518e+00
1.535439012835478068e-01
3.692376159030380522e-01
1.101785659149578100e-01
1.225041149745817459e-01
1.509519470696560894e-01
1.382794779827657694e-01
1.290516887670178359e-01
2.055316226341968866e-01
9.270044291147391258e-01
1.535597468828933387e-01
2.873646652080336650e-01
1.395738654153159397e-01
1.178733606194014433e-01
2.783095175412183542e-01
1.000824632205310483e-01
2.727505215311375464e-01
1.317265458979472725e-01
3.838853789424142571e-01
2.805212044713675246e-01
2.702600396179219988e-01
1.057957301314033094e-01
1.405131818322006010e-01
4.091878998797060518e-01
1.062488116877192967e-01
1.014498290531222618e-01
1.100998242724167686e-01
1.330339607866307949e-01
1.060012235763498761e-01
1.234965654142031743e-01
1.619641363261292433e-01
4.012279475846610710e-01
1.275545460061167091e-01
1.088216475348080386e-01
1.287485023548385621e-01
1.307402374110205601e-01
1.738347479123358574e-01
1.006167668746829336e-01
2.878988136997596148e-01
1.129000507151137200e-01
2.065170414089056994e-01
1.756233640336568869e-01
1.625982405668611741e-01
2.030426989618316025e+00
1.002424455571552520e-01
1.279799195573061987e-01
1.587697267978103177e-01
1.476791156725614784e-01
7.735419908752294571e-01
1.942672477371790718e-01
3.135481504236937167e-01
2.094596175698596463e-01
1.090542122960193733e-01
1.383996793897938615e-01
1.352294854374002930e-01
2.570106869845081854e-01
3.584686652987720268e-01
3.182750554919149821e-01
1.330130733174684499e-01
1.709900527466848008e-01
2.650574585349448342e-01
2.147058030059535216e+00
1.233394147269531865e-01
2.284023962266360508e-01
1.173013934689837445e-01
2.077299766750996535e-01
1.639761095737014285e-01
1.006084384387159192e-01
2.015156814586440415e-01
1.636742818509658581e-01
1.652858307418014761e-01
2.202914101852092577e-01
1.495402534805750638e-01
1.201576355233152510e-01
1.183292579992473725e-01
1.427597006574509997e-01
6.671646734115664890e-01
4.137321995298174904e-01
1.064781088814105714e-01
1.205863699302254788e-01
1.672692374757862310e-01
1.312371470843138321e-01
1.102359877459778703e-01
1.260807246483819088e-01
1.415033742898138269e-01
1.305546024220238521e-01
1.009719849971589395e-01
5.247488517311225120e-01
1.386836114166361267e-01
2.778072380387244245e-01
7.978398404502877739e-01
2.144859015290956350e-01
1.496984440084685730e-01
1.330948655366257505e-01
1.780730731943808154e-01
1.331947240276855626e-01
1.035915710846347509e-01
1.512942165728746735e-01
1.549216359414767596e-01
3.444868783129885759e-01
1.719864336277341921e-01
3.025713816449168703e-01
1.695347487430045874e-01
1.962741834560203902e+00
1.097825093575306304e-01
1.066992099261950683e-01
2.467103914269014098e+00
1.711402350072203926e-01
1.150583319589975617e-01
2.701910173333564869e-01
1.522202562022269001e-01
1.060932461691432432e-01
1.088054072082325630e-01
1.160519483138141156e-01
1.251194495051258515e-01
6.388600904065254715e-01
6.449519085670188945e-01
1.774718451517834639e-01
4.817277794044870776e-01
2.962613492606242516e-01
1.854008015008306032e-01
8.642359361657283578e-01
1.032220440518630405e-01
1.347273288817064374e-01
4.018218313889604376e-01
2.157085446164558329e-01
1.091593918746971981e-01
1.697649877309081179e-01
4.653189209369243406e-01
1.314692848778907242e-01
1.683830182661477881e+00
1.493876572908180156e-01
1.223587542727525013e-01
1.304862117224103446e-01
2.741925848128611842e-01
1.037914730751836184e-01
1.117311833387031189e-01
2.717670553869988570e-01
1.480522955384876715e-01
3.808881123837450366e-01
1.174864637848748866e-01
4.182652704395963816e-01
6.414351161328175621e-01
1.855960622244320346e-01
1.114091532351591946e-01
1.288352401480139520e-01
1.243066136798808147e-01
1.010378868788339157e-01
1.836329520727346121e-01
1.182983917537350216e-01
3.415290826182033612e-01
4.521823414369012362e+00
1.559757265012336469e-01
2.698786340043725085e-01
1.317309010769462108e-01
1.124101823341850104e-01
1.151890255756854026e-01
1.681051803814724854e-01
1.065755455009479991e-01
1.182493385940268094e-01
2.279893596411782242e-01
2.968727722783167655e-01
3.984889029601592081e-01
1.101943746260460738e-01
1.081904885404490896e-01
9.270480014127988611e-01
1.513574692497030028e-01
2.063517380308161897e-01
2.691240270346144103e-01
2.807166484765397652e-01
3.783172413449136684e+00
1.839196436595297579e-01
1.141625378885601227e-01
1.052749743650916586e-01
2.734386095856474741e-01
2.125911525182779815e-01
4.099255473761173052e-01
1.212960959993179960e-01
2.989900610430284988e-01
1.342359446328625638e-01
1.144893747562103936e+00
1.137290772682604117e-01
1.026588468634435369e-01
8.347536765717524787e-01
2.499808453895916716e-01
2.041046593819202393e-01
1.395471874527795808e-01
1.478718256994466518e-01
1.107579183368555764e+00
6.682211319972147789e-01
1.657197509079956776e-01
6.140823354933832023e-01
1.837120478687558067e-01
1.416327669338567075e-01
1.276632268644738721e-01
1.681561473716227384e-01
1.699251742947183730e-01
1.245820587750903902e-01
1.045902440335429590e-01
1.285996813694944008e-01
2.623793845324495222e-01
1.508835960689127176e-01
1.169404725377532622e-01
1.658587195335758935e-01
2.653008811959922109e-01
2.781487047936208601e-01
3.933818657325746093e-01
3.574974989458518104e-01
1.569233667784992181e-01
1.495904605388241881e-01
2.141970099553272555e-01
1.306974324578561164e-01
1.057282344664883383e-01
3.072734038123394185e-01
1.795866949769729104e-01
1.847435757523475663e-01
1.770811912834228952e-01
1.099645576436259625e-01
1.113249038707853633e-01
3.279388766527678856e-01
1.117111073044335934e-01
3.330212967971579729e-01
2.131300352306196855e-01
5.609890754554672787e-01
1.788619003298736465e-01
1.242162542910329875e-01
1.280647324198722348e-01
1.780416262638226943e-01
1.019877470875335534e-01
1.724415873394581356e-01
1.870635243512593082e-01
1.580553126180210266e-01
1.364963575686151120e-01
1.102789069442585979e-01
3.024840863904042498e-01
2.814391227650421268e-01
1.049272670743403246e+01
7.590560458195815263e-01
1.559747514304043459e-01
4.070396026633026354e-01
1.306282530531196751e-01
1.621613124542153339e-01
1.080678414728137027e-01
1.562985399512962226e-01
2.273791094737241947e-01
3.273256075450860503e-01
3.311938076943137799e-01
1.065284275008256815e-01
1.997659927761625265e-01
1.124586149751400505e-01
2.445941821883429457e-01
1.536424846343044770e+00
1.645890780845140067e-01
4.170541856033111450e-01
1.471436854667053928e-01
6.232048643585132996e-01
3.188237038113598820e-01
1.638719032615672533e-01
1.719536167983231612e-01
1.944571232473328026e-01
3.134358238485224213e-01
1.169613712100309733e-01
1.522988996913987036e-01
1.049213825592048704e-01
2.168259280633301200e-01
1.382399727794547117e-01
1.766971535721467979e-01
1.261534480121151158e-01
1.053592729441645282e-01
1.040552592134523363e-01
1.017378474544490818e-01
2.065676153741090870e-01
3.747187893373066792e-01
1.115536480727011170e+00
1.895209850397887308e-01
1.147365834013988756e-01
2.715421904721443402e-01
2.990444605796547806e-01
1.903495551526187546e-01
1.217416330768719135e-01
1.277365631503252219e-01
1.982663602820460835e-01
1.731199387509524401e-01
1.394476746645364196e-01
2.080734268628461059e-01
1.223509166646549740e-01
1.429557879999638070e-01
2.427717252449279606e-01
1.416926984273620682e-01
3.419036122339441430e+00
1.415325112041494748e-01
1.176977605420605894e-01
1.520305308545508716e-01
1.942321514075220634e-01
3.406203361340431335e-01
1.178097641808014961e-01
1.281806854765534520e-01
1.498771357370436430e-01
1.518818878476370648e-01
1.973388668425993808e-01
2.563052996477470091e-01
1.036397022972765092e-01
1.842096067551497740e-01
2.051135107150403591e-01
1.095824480977548587e-01
1.927914181632250645e-01
3.057406771678759516e-01
1.035215380607597546e-01
1.226137618712144911e-01
4.283952888508689161e-01
1.287651504177171335e-01
2.856735523283674971e-01
1.100521323086712799e-01
1.209079512391990630e-01
4.085559308890378993e+00
1.167866175268655882e-01
1.303475775525012037e-01
2.175196195926370479e-01
1.760012650533713530e-01
9.692240030820666874e-01
6.137954360766975093e-01
6.936251387438434612e-01
4.610401808532664791e-01
1.320770592269669697e-01
1.221948177760960458e-01
1.808550322514569098e-01
1.137015739712134987e+00
1.692363231247220601e-01
1.531468397708452833e-01
1.759695102741540007e-01
2.164495447691260621e-01
5.639527980853642486e-01
2.849913198035837758e-01
1.713764764857665934e-01
1.878877224640377319e-01
1.147283069130094202e-01
2.236258864917639588e-01
2.952947288905536927e-01
8.829627469947042284e-01
1.052301637897525427e-01
1.726659197361388454e-01
1.202838517125980888e-01
1.528978197875776046e-01
1.397218737577023695e-01
1.262286223435199473e-01
2.958984500196208400e-01
1.340254949182809185e-01
1.433901962567809552e-01
1.021834966643647563e-01
1.181799274068636302e-01
1.855102946019944743e-01
1.483155238426206168e-01
7.058497467590777452e-01
1.218896353236633978e-01
1.091941355391214952e-01
3.568525639447446829e-01
1.280548588253713205e-01
1.099852405618887280e-01
1.301950424323848887e-01
2.436190975036109096e-01
1.195109245221613048e-01
2.272091034417075273e-01
5.035541485322287958e-01
1.374944682129149109e+00
1.338989075576174359e-01
1.021051946355070739e-01
1.916868389061539557e-01
2.142587614054830558e-01
2.496824495060782911e-01
1.374603278043867061e+00
3.585549431455888891e-01
3.664333650604434944e-01
2.804487345385235364e-01
1.941844931173437316e-01
1.756371800011533313e-01
1.484585091710511007e+00
1.180187736167396528e-01
1.321624240924919313e-01
1.703307548785893133e-01
2.104382427120751464e-01
2.597590575901445042e-01
9.056013745151482164e-01
1.445811132232688034e-01
2.459659604498916075e-01
1.338954942991646690e-01
4.961754758233354323e-01
1.925358572908756616e-01
1.027391992922729869e-01
2.256617068476790833e-01
1.539596636478060554e-01
1.905956598616606490e+00
9.312704471388552063e-01
4.714436925837489634e-01
3.028222825744669167e-01
1.480609497553563303e-01
7.208681443806854716e-01
1.809109248630911271e-01
4.980890749758101754e-01
1.226878191601682710e-01
1.397485144134371082e-01
1.825118012208784002e-01
4.229342145776980866e-01
1.241804332967683111e+00
1.301531674157699880e-01
1.068754195519195788e-01
2.941467468813378505e-01
1.104934949218348700e-01
1.560389847359417714e-01
1.695513756807013883e-01
1.006229686640284227e-01
2.426354134933142448e-01
1.072606815293367238e-01
4.261885626061120980e-01
4.580772108565862588e+00
2.822584634528284009e-01
1.126925398644074705e-01
1.868213159659611600e-01
9.381749618624983800e-01
1.815723906245457764e-01
1.170483619731944175e-01
2.182387064797799148e-01
3.977395056120751615e-01
3.176099516192598116e-01
1.063699128918859788e-01
8.180412799351389763e-01
1.003358619912301936e-01
4.136126443254317109e-01
2.658040315047084934e-01
4.756780459152024076e-01
2.138544315017895381e-01
1.100293191078972194e-01
1.903720259678080839e-01
2.235698216033598917e-01
1.308513278936803026e+00
1.410450545575662185e-01
2.850719975016742791e-01
7.177645148535650721e-01
5.779383240376541053e-01
1.599164872930305681e-01
1.191346156791302513e-01
1.163861314808980335e-01
1.112031942366447645e-01
2.695006105699292998e-01
2.264305628410788085e+00
2.217076357232951322e-01
1.010176560054065198e-01
1.016616261046970476e-01
1.716139981933103853e-01
1.155300640485858871e-01
4.758652672086288726e-01
1.032640310562510377e-01
1.210494985691360353e-01
1.059524287001980813e-01
1.017939597197189405e-01
1.150798136610407252e-01
2.208640592434315819e-01
1.328510943189720184e-01
3.315292396691482124e-01
8.749024563303529067e-01
2.266581327539234081e-01
1.097213488449829549e-01
4.271257643621723665e-01
1.245021080099573130e-01
1.105819778939581832e-01
3.089027974395154863e-01
1.448017086592746361e-01
1.066477549324112845e-01
1.720283983610078060e-01
4.316821826797441197e-01
1.081139372795403147e-01
1.583689123583247871e-01
1.656786801274035548e-01
2.365636085261404453e-01
8.045519738126705178e-01
1.561898177649261865e-01
1.131318594529610588e-01
2.820367910941490308e-01
1.969198504446046105e-01
1.102397483263473782e-01
2.677075878066988435e-01
1.824775537252381896e-01
9.831201704245732254e-01
2.725820585898307558e-01
2.173153859390289377e-01
1.453932069381188852e-01
1.159052290446597466e-01
2.016532616685353663e-01
5.062957693070708753e-01
2.163683169927248240e-01
1.431659249888856678e-01
1.680523978717666234e-01
7.940379057359612247e-01
1.495692343854158612e-01
2.200069960707140282e-01
1.907099824962899537e-01
1.249772238454667228e-01
1.573102411004101697e-01
2.237870197475279876e-01
1.613240396429441725e-01
5.959443270623490108e-01
2.319809686739550125e-01
1.387715626126792001e-01
6.412254240848561659e-01
2.427955947126524683e-01
1.234730787449448280e-01
1.204025698250087290e-01
1.083105953590370873e-01
1.065873682418784080e-01
1.114251085373357680e-01
1.316497869260065123e-01
3.345264387264763606e-01
1.542335682491535187e-01
2.960323807668076568e-01
1.200488700022646349e-01
1.775464174438218246e-01
2.538882745552474840e-01
1.302113078625394549e-01
3.121946250686190583e-01
2.161506795675170456e-01
1.303062993526153679e-01
1.039939439498222262e-01
3.957756400176721812e-01
2.173964108431843956e-01
2.003698346019082699e-01
9.621536018760474818e-01
1.215372055726079425e+00
2.223734969377221260e-01
3.244409587685765373e-01
1.965826412317317751e-01
1.644755161179196623e-01
1.024058011195107254e-01
1.401993693020510412e-01
2.177125496776870506e-01
1.600239274168649972e-01
1.355642542015756402e-01
1.104050183856749856e-01
1.820195910041542131e-01
1.452903179264080913e-01
1.202885378685134427e-01
9.753886683391024270e-01
1.810804830563498280e-01
1.052196252687913891e-01
1.759271606336471616e-01
1.514056532825217016e-01
6.497151350077516874e-01
5.468016838142686353e+00
1.407071639619522918e-01
1.265211670697623247e-01
1.580369273449305778e-01
3.758401130520099831e-01
1.200326088476483116e-01
1.103652314812107599e-01
1.039978744623478168e-01
1.563721424575771068e-01
1.051333365362208672e-01
1.126086947656797926e-01
1.494017889350869877e-01
1.876372669716573072e-01
1.572444449645492570e-01
2.170995133913845021e-01
1.297907363433284389e-01
2.126371275204429478e-01
3.091418549829099138e-01
6.408728570301707173e-01
5.287958585502388065e-01
1.449311019769098097e-01
4.585735545484979081e-01
1.024736049999835502e-01
1.218965333725790523e-01
5.370073478513488485e-01
1.041050357356719663e-01
4.686449818216862906e-01
1.127853245763746487e-01
2.213531104070863287e-01
1.302941547757112128e-01
1.808648544140442072e-01
9.105760221168065494e-01
1.308724367529695287e-01
1.161751182848332759e-01
1.021603881956039128e-01
3.226892637936746855e-01
1.851680929984360346e-01
1.210871880571207648e-01
1.281807686962374571e-01
3.907498180221276041e-01
1.325596594166315312e-01
1.265944562745812407e-01
1.699832635064632003e-01
2.166196109079361887e-01
2.229132778207432164e-01
1.036619342904866736e-01
4.801954614164964941e-01
4.533934226166804748e-01
1.473442289563438590e-01
2.110616006625867236e-01
1.502598122208823883e-01
2.516194502251054010e-01
2.127934422874571685e-01
2.636418293432320481e-01
3.513407160115054051e-01
1.335985213146329564e-01
1.860017612346444027e-01
4.083346720864249879e-01
1.361292922119544391e-01
8.571904594296338997e-01
1.221169051552494222e-01
4.098697769891911924e-01
2.091726959800379593e-01
1.961854266548643810e-01
3.223042062216184833e-01
6.613661444491438779e-01
1.013567899901983288e-01
2.058472823298274079e-01
3.351241595386166283e-01
3.547595596065151735e-01
1.789661733665590115e-01
1.265848458317543335e-01
1.129120923642816243e-01
1.061717557124799288e-01
1.541272998061111732e-01
1.061564726064978398e-01
1.082283574748637567e-01
3.246923015917966837e-01
4.208459241932607231e-01
1.652855490963591467e-01
4.590475848908834866e-01
1.050378796885444999e-01
2.556928476466199807e-01
1.991746542546562748e-01
1.150114596460843353e-01
1.047780562428564793e-01
1.551988188305037930e-01
2.514839971364007942e-01
2.021687525443348898e-01
4.525417565895084593e-01
4.420270866228029227e+00
8.054448279380063136e-01
1.323780042252380995e-01
1.131944918801732342e-01
1.350939925679403575e-01
1.291458841860887163e-01
1.305656635136813182e-01
1.903322136741004700e-01
1.565541098574626810e-01
9.893579993002106221e-01
2.605001170283614553e-01
1.206044830645477683e-01
2.079339990878538158e-01
2.140805684324459668e-01
5.119577062417858260e-01
1.647735966056323442e-01
2.546034574622044744e-01
1.162710244437324125e-01
1.248783664162235463e-01
1.978148016550568822e-01
1.018335014499252289e-01
2.063705396249846113e-01
1.421659699428231283e-01
8.387478916183392919e-01
1.433043576438860212e-01
1.213312919613072083e-01
4.250806091545864529e-01
2.368842933884001134e-01
2.304017259817943697e-01
1.604299438912668574e-01
1.342270885361682264e+00
1.455765702271047679e-01
1.070854936954513531e-01
1.046336303651458632e-01
2.604719737633426901e-01
1.155525757749678306e-01
1.091697536257637130e-01
1.169669959339555004e-01
1.120768339105595174e-01
3.794684885918807593e-01
1.000395406285118222e-01
1.053676308323082261e-01
3.289484280945931816e-01
1.299659536342309685e-01
1.379862096401145155e-01
1.199997963878042945e-01
1.333281146702348097e-01
1.112882475099932433e+00
1.307788619038218469e-01
1.820244201890380831e-01
3.438957842256694653e-01
1.206809671697568753e-01
1.139780235524917584e-01
1.200594075093689206e+00
2.910997263653957723e-01
1.084620810082749937e-01
1.405235159775891918e-01
5.006953173092671960e+00
5.892938640889684443e-01
1.151966800496941751e-01
4.413982219394896322e-01
3.347651800257522292e-01
2.082842608690946007e-01
1.008573429021611956e-01
1.019174110333444516e-01
1.486177940750984305e+00
3.998506299502146422e-01
1.118175791415062792e-01
1.382292236131915097e-01
1.175839940574922998e-01
1.363425499378444761e-01
1.411503274504203598e-01
1.180636383026587855e-01
2.103294808181464526e-01
3.365332113566581462e-01
3.687332131814022307e-01
1.964105131702914564e-01
1.173640366870742774e-01
3.193576575856071909e-01
1.628311351636191340e-01
1.400860702730885032e-01
2.778388894850780111e-01
2.764239691996444592e-01
3.203242335314535616e-01
1.952137658896565264e-01
1.872808980991019501e-01
1.211293835529972523e-01
1.462583555573760130e-01
2.369768533150106438e-01
1.349951240117269191e-01
2.454855752600116903e-01
1.100104963642533629e-01
1.420768445562516358e-01
1.054950425709960254e-01
4.583917028606465660e-01
1.052425301345289166e-01
7.776551660683368450e-01
2.002055798278931376e-01
3.121240804575680095e-01
1.074525356582896329e-01
3.695381957965090947e-01
3.153720709128975397e-01
2.386912923125287522e-01
1.716935963827855571e-01
1.702233817306915697e-01
1.201980028684535573e-01
2.196011977694078132e-01
1.197061604853443817e-01
1.561127624371290157e-01
2.554814927704472938e-01
1.464905944889127454e-01
2.522798980358816334e-01
1.990022299723603616e-01
1.158976470060421732e-01
1.314098752259517944e-01
1.156745236324861897e-01
1.024599103460920591e-01
2.283222664976176208e+00
1.067424741231818158e-01
3.133802464416345912e-01
1.075749219003144797e-01
1.103352372147043819e-01
2.874573652562819048e-01
1.101801045501178966e-01
1.034500108732079315e-01
1.358857523639921128e-01
1.362534306927739303e-01
4.762915137980743285e-01
5.979776451092454481e-01
1.045218512861797733e-01
1.891743047850897586e-01
1.329624416083484417e-01
2.881207420687563192e-01
1.571529519884684312e-01
1.206510449099877091e-01
1.494990702309462183e-01
3.006405873368784287e-01
2.053953530692422813e-01
3.007850237442933894e-01
1.764053649775872146e-01
2.254744759348565886e-01
3.172328224072112901e-01
1.610543348613564796e-01
1.171087272158963383e-01
1.099635667934010103e-01
1.863139448608498450e-01
3.813090759150498665e-01
1.776435079279261586e-01
5.232733105962305009e-01
1.126612931130577949e-01
1.880759558845356283e-01
2.054420361889121027e-01
1.048018759174027120e-01
1.719484494261972474e-01
2.353468828342197561e-01
1.961214957265738079e-01
1.026467183634495878e-01
1.234251895944933897e-01
8.854660210486005045e-01
2.065962728887658084e-01
1.098308809787937323e-01
2.569386686166800882e+00
1.063957184631592723e+00
5.326187249522810196e-01
5.689310689606122962e-01
1.570545166378036206e-01
4.740774574769880956e-01
1.721568278049120937e-01
2.177596708825413341e+00
2.807522329092732027e-01
1.074587454203855402e-01
2.155274334592650609e-01
7.151582598762384890e-01
1.202304360197704175e-01
1.342508462052539597e-01
1.481121960841528529e-01
1.870044736989938394e-01
1.124895077712256275e-01
1.259851318255697239e-01
1.466556020232966107e-01
1.580223732315616803e-01
1.709321193860876553e-01
1.063269309032715687e-01
1.650733265978347741e-01
2.124720952826107956e-01
1.525467720254403581e+00
1.144241396520809806e-01
2.017918229636457006e-01
4.270659860249028106e-01
1.300969349661989516e-01
2.387356366564592491e-01
2.797761639975165915e-01
2.708921024064191996e-01
1.381433700286304189e-01
2.671079400523864722e-01
1.089249670576121071e-01
3.424887484084298883e+00
2.342216372278466407e-01
6.535346504192421913e-01
1.108075366630224129e-01
1.181004538452160024e-01
2.945540929152191678e-01
1.597687103151629595e-01
1.747256703954561396e-01
1.179272792002356018e-01
1.431425594394063916e+00
1.631713330951254926e-01
4.269547664225634143e-01
1.603372157227441752e-01
4.789027825255562920e-01
1.385372105552717670e-01
1.085228146002421012e-01
1.351910118331851873e-01
4.437031614556932180e-01
2.359387400773558796e-01
1.262210807263238199e-01
1.424863482544010962e-01
1.885219457670625209e-01
1.121625215215190097e-01
1.226910285132090800e-01
2.874122654773798136e+00
1.091871059433115188e-01
1.425957814152936654e-01
2.166484226608116070e-01
1.085745704294079489e-01
1.581574455727837725e-01
3.137510508568528422e-01
2.675211247290267824e-01
2.332279937883567911e-01
1.069421907947335354e-01
2.185815450941885063e-01
1.963836944449904864e-01
2.125589838827156852e-01
1.100834559966072518e-01
1.102123039081108341e-01
2.917275195385932718e-01
1.026391090421582136e-01
3.627997188803845363e-01
1.424627925456800170e+00
1.247206153070096191e-01
1.568711885657443905e-01
1.535373306727055021e-01
1.358243273801897355e-01
1.029998600203441000e-01
1.641477160583485473e-01
1.176441058612903989e-01
5.904517672773555992e-01
1.178129018843487308e-01
1.199148013133057716e-01
2.294581306247883479e+00
1.137553030771871754e-01
2.556509278655584305e-01
1.309769487832462553e-01
1.908593359502164521e-01
1.266860096832784499e-01
8.363994791980943200e-01
1.478840740819832023e-01
1.135910795074783208e-01
3.113075698658697710e-01
2.689161508305821791e-01
4.858730644791450226e-01
1.310370875796850743e-01
4.922482122691901885e-01
1.230563841117066765e-01
2.464412407544954720e-01
1.754838696866715120e-01
1.306369279071272205e-01
1.026597190345189675e-01
1.896128292687405958e-01
5.151868075285677140e-01
2.114024870170986281e-01
1.266192672681105136e-01
1.508751248185676574e-01
2.308654587491029142e-01
2.328857237781103984e-01
1.035768551414558702e-01
1.137585447172268643e-01
1.865992546981574129e-01
2.301171215677182136e-01
1.859870909199399514e-01
1.118417153457467034e-01
3.432475950915809371e+00
1.113770427233604920e-01
1.905090492976356797e-01
1.257007498270959756e-01
1.215634441110497593e-01
3.912156871008160564e-01
6.078202819724852768e-01
4.721269223326185482e-01
2.014094517334388268e-01
2.864585368241051033e-01
7.453935120092023414e-01
1.030269174633960533e-01
1.160514147091443321e-01
6.244557538222662574e-01
5.535623227053635409e-01
6.554121267748953539e-01
1.764949806900180662e-01
2.200175187430877810e-01
1.446881544498855587e-01
1.090956990707540042e-01
1.138749681431653893e-01
1.276152385069762862e-01
1.065745510666564339e-01
1.426408289231105020e-01
1.116984948716197579e-01
2.349095988646738020e-01
2.167836758513021767e-01
5.872570606090093959e-01
2.316840644232546875e+00
3.792038358232996398e-01
1.224985893920129965e-01
2.861503796152018997e-01
6.899922874681853058e-01
1.933043532599168501e-01
1.019643874026254227e-01
3.794776748583419401e-01
1.527731015884009613e-01
3.177023443537920766e-01
1.292133131832555182e-01
2.487264005643190501e-01
1.581850123908578598e-01
3.478617846296820915e-01
4.243774020949191983e-01
1.298736051854066653e-01
1.350002133119711512e-01
2.494060691655772544e-01
1.310203756800678576e-01
1.519513943572297354e-01
1.691162754647327626e-01
1.446786034713160585e-01
1.096157075517669166e-01
4.788189070991409335e-01
1.079122351799793045e-01
1.072508539387910381e-01
2.951774862843785097e-01
1.323791932579856390e-01
1.048961091243475474e-01
1.577923386821290519e-01
1.261305896587746889e-01
1.141117226211472019e-01
1.626807346668686372e-01
1.193470494555812639e-01
1.518685262933293922e-01
1.064009447563408345e-01
1.130693112044934001e-01
1.609515357281496029e-01
1.140358834264745963e-01
1.078850434581267170e-01
2.019128147780921978e-01
2.069666262702720871e+01
1.009764476962566881e-01
2.191901633475101530e-01
1.322749616604626532e-01
1.052649316489827486e-01
1.936797296009451497e-01
9.468296540481868639e-01
1.360658357446658528e-01
1.652302227152517289e-01
4.084012607515588034e-01
1.554984595158775129e-01
1.568233618976321297e-01
2.091138958659354286e-01
3.176036034874062386e-01
1.086472336267457761e-01
1.339061255777340143e-01
2.122369848273335524e-01
1.217275414324906768e-01
1.319087928705072466e-01
1.386056965515350958e-01
1.807920235695465172e-01
1.875905665837255265e-01
4.544155696019651081e-01
2.608517937682447996e-01
7.046458842506491127e-01
2.529221856480962649e-01
1.041086989501488758e-01
1.700263691955524736e-01
1.416647771030396241e-01
1.400403030603864785e-01
2.133899457514946141e-01
2.019340807320210984e-01
2.367583498313825252e-01
3.322981337927859435e-01
1.195771929945848994e-01
1.076996239904792624e-01
1.970941407143573521e-01
1.477341167572251146e-01
6.588202912330946504e+01
1.138414506142944482e+01
3.500735125199385678e-01
1.619370001101604339e-01
5.760450640663362654e-01
1.219300761042295678e-01
1.006401993622563218e-01
1.048519482313031576e-01
8.465840292215860430e-01
1.104202442443968368e-01
8.896157915054332399e-01
1.135622328954946636e-01
1.131492181305808337e-01
1.021220940527156479e-01
1.642373984088713046e-01
7.372805861003537409e-01
1.119730648268940920e-01
1.426543498355160033e-01
1.139537983717188868e-01
1.207679218477286237e-01
1.087733901753055038e-01
1.071310130644090447e-01
1.209149019191912561e-01
1.083429716264392439e-01
1.294544772880863726e-01
1.169086267724851913e+00
2.597031505113042704e-01
1.441268597825689501e-01
1.146187328104719960e-01
1.411993303599337612e-01
1.282645246246757742e-01
1.042847045351668056e-01
1.032581016071095759e-01
3.092329434203651140e-01
1.581083288867928538e-01
1.029072366215052770e-01
1.277188507799671968e-01
2.613282392386301334e-01
1.184847184527220848e-01
1.080485696752539471e-01
2.366915043921521411e-01
4.975815938588915022e-01
1.723816910553214454e-01
1.751768562904125748e-01
2.188162082272235576e-01
2.153930825376139391e-01
2.287640230721498247e-01
1.136159958038475831e-01
1.540488752395881566e-01
2.976118162622513053e-01
2.174982993454310787e-01
1.108213136945156441e-01
1.397069191719748082e-01
1.522748149203080048e-01
1.390770376533955743e-01
3.285712226501719124e-01
1.874016884289726181e-01
1.147810856669515128e-01
1.345616852085112503e-01
1.900327347588344762e-01
2.329620710737525247e-01
1.040684082807472044e-01
1.202528313464202026e-01
4.531767800208685859e-01
1.295855483467913405e-01
1.042312306491893353e-01
2.216443338072807689e-01
2.484564448103611378e-01
1.690632707940986912e-01
1.090924122904684684e-01
1.104330859116161578e-01
1.009048327438410858e-01
1.094788104751468344e-01
2.045008167527270215e-01
1.235066000879846415e-01
3.423050287100123934e-01
1.074660038788377431e-01
1.355558605180733067e-01
1.310727669672698270e-01
2.650806955783557295e-01
1.048936629211891236e-01
6.794786041902072249e-01
1.197304979922339252e-01
1.217966875861726389e-01
1.450822878488996215e-01
2.967892272863055236e-01
1.224519308656791816e-01
1.477194789224583804e+00
2.061350401837257484e-01
1.590455875297000499e-01
1.029833647893572401e-01
2.276981243045496095e-01
2.130984953325213427e-01
1.074094255199005421e-01
2.500417041957352926e-01
1.391862661133397572e-01
1.866069231189825262e-01
1.257316974095113338e+00
1.157807959518289964e-01
1.118902043768798538e-01
1.632120242314551994e-01
4.212151285705929560e-01
1.967719939064643242e+01
1.035565154076539401e-01
1.219956053682490077e-01
4.105203153318426335e-01
1.350184407056949643e-01
1.239079455052843337e-01
1.959533323650421432e-01
1.517932261969437147e-01
1.207997630361489494e-01
1.205300088684264914e-01
1.267253371558831609e-01
1.745879288426177012e-01
1.016742942704803032e-01
2.123370722579824010e-01
2.293226957677756972e-01
1.277250589482243348e-01
1.892357897257657129e-01
1.371880614821643363e-01
1.179948307572311617e-01
1.104098190301089633e-01
1.446527661648384366e-01
1.841382473526621544e-01
2.376560954725955854e-01
2.901341320671756208e+00
1.588180400720201613e-01
