1.945296494615713634e-01
1.073231739054461564e-01
1.887330107299862725e-01
1.241341003985605429e-01
4.943148807290430047e-01
2.045146776633894603e-01
1.059267027099358577e-01
1.788384334848180102e-01
1.465568160749865789e-01
1.064673650199772920e-01
1.308198069610394809e-01
7.396554241126054308e-01
1.546938016998256338e-01
3.614270684381367116e-01
1.829567701019343129e-01
2.400347572673180441e-01
1.609383522285642298e-01
1.221790388667975819e-01
1.089546848062782625e-01
3.120390335937233139e-01
3.849943399103262220e-01
2.544789325193286822e-01
2.802605109974556918e-01
3.629491184072370924e-01
1.544533509836148732e-01
1.924714817064020478e-01
1.166662889010544046e-01
3.881111733468098901e-01
1.569190257228393059e-01
2.323666465753145283e-01
1.286892704943498611e-01
2.814064380079715488e-01
9.526560141790496594e-01
1.320958270716606486e-01
8.085013377469957518e+00
1.028816510371923232e-01
3.856900569170286786e-01
1.433869069524907891e-01
9.886073294270680822e-01
1.161541851841755152e-01
1.262382712502723436e-01
1.120782523844431888e-01
1.438450658253106751e-01
7.965583963452678162e-01
1.159530194631614997e-01
1.251154566997217388e-01
2.542932779991142200e-01
1.975634587143787479e-01
1.058440856656969048e-01
1.398900350461768916e-01
1.457653327233012774e-01
1.226342119971558509e-01
1.884011614777089783e+00
1.132783131987936676e-01
2.063510177713612226e-01
3.002512064710919359e-01
1.568846316151765174e-01
1.338304835109200563e-01
2.004052879511295515e-01
1.376198122679811175e-01
1.436996946906889672e-01
2.642449955189875577e-01
2.796107412917547275e-01
1.895759772054251835e-01
1.477635151569851035e-01
8.098825887282043823e+01
2.908284127197788838e-01
5.371465185037804346e+00
3.520162474218582194e-01
1.485586202934969235e-01
2.003405916804882614e-01
1.695246976496385116e-01
1.673829235443204111e-01
2.548135726403704115e+00
6.341962258323579071e-01
2.654127274251626978e-01
1.146303687481545208e-01
1.201272163815391009e-01
1.874321901704361082e+00
1.028792936277318770e-01
4.166355216258618710e-01
1.647749289108329518e-01
1.005692333626570512e-01
2.097726117798239531e-01
3.346703263504885451e-01
1.666070052238949883e-01
6.176659279164143923e-01
1.970156935815390031e-01
8.477387428563647465e-01
1.907112178556406579e-01
1.290120615891089118e-01
4.451347417152086705e-01
2.225479570865042389e-01
7.638303936283884488e-01
1.465364915451455308e-01
4.929350462340158501e+00
1.078910331324886285e-01
1.468647189469675929e-01
3.802779872573185393e-01
2.922678326051924458e+00
1.930012699192969750e-01
2.116493581365692378e-01
1.536974408401214076e-01
1.142375476595031414e-01
1.758378509182728644e-01
1.113052803460941736e-01
1.522877011539281178e-01
1.042264558859318235e-01
1.363330234005060704e-01
1.101354331739460291e-01
1.017320023929061679e-01
3.332981854432041091e-01
1.723958046016558221e-01
6.526624490450627647e-01
2.219421265307469637e-01
7.447516255105626204e-01
3.447403619725545876e-01
1.803413600308169940e-01
1.180473734080584730e-01
1.068475786644288300e-01
1.644053889865524365e-01
3.138366881398630959e-01
1.058346230523738996e-01
1.220532186165927541e-01
1.293617860255463492e-01
1.293871573885704285e-01
1.289828998066440968e-01
4.072466395216671753e-01
1.598055967416024403e-01
1.713772938985542171e-01
1.084067779607314208e-01
2.153501356365054853e-01
5.632949897824267582e-01
5.968634267500557700e-01
1.080413167973859612e-01
1.231041339212334967e-01
1.762559460213614926e-01
2.155001638317244339e-01
1.722693024042297183e-01
1.260320308063944961e-01
2.197866663621242944e-01
1.259865530996776561e-01
1.668328631530713313e+00
9.250110401287937600e-01
1.069953783079973797e-01
5.394480939892830618e-01
1.161985806957190059e-01
1.211913957025858857e-01
1.143558685236224087e-01
2.756158206135669531e+00
1.150690898009651825e-01
2.242815996802226541e-01
1.480674195289892470e-01
1.875472404432951823e-01
1.252052108914891715e-01
1.084752991479723677e-01
3.450408462865103276e-01
1.344214860453473992e-01
3.173798810193653175e-01
1.592762918886957424e-01
1.200640360042550675e-01
1.367603833085798415e-01
2.046120727215773538e+00
1.989530218226999714e-01
1.689649831120957346e-01
1.573391270930128150e-01
3.233605914387503999e-01
1.343948527155279238e-01
2.116201653877693989e-01
4.073042591857209960e-01
2.093079986437999251e-01
1.426122967135972086e-01
2.402518050867739063e-01
2.133123291616265405e-01
1.173484178360018060e-01
1.059188706624816095e-01
1.057637669686350840e-01
1.199728766391363194e-01
4.233067238397136833e-01
1.620413662183452230e-01
1.520382238130046915e+00
1.774978191728975307e-01
3.355425355459180636e-01
3.017576333763610230e-01
1.167827439741649792e-01
6.013853960149123656e-01
1.158860493826089355e-01
1.037046248750570360e-01
1.343652150380152122e-01
3.771996346531718558e-01
1.763928332993799641e-01
1.530882860173098103e-01
1.716006819206637724e-01
3.175490846590570682e-01
1.222074876416617273e-01
2.552553666433826085e-01
3.041174672752688934e-01
2.472902492546586173e-01
1.026796062667604814e-01
1.713309262393267751e-01
6.812047599701676059e-01
1.276439381318095478e-01
2.330642562946924901e-01
1.026950325244012502e-01
1.128701834821558558e-01
5.074591343605748817e-01
4.874381597889830831e-01
2.586457988739684355e-01
2.061537517328909108e-01
1.655237538517205786e-01
2.056376902616076086e-01
1.043898107095835165e-01
1.075915178556337559e-01
1.295440146986689134e-01
1.136234092996881995e-01
2.241010086232713139e-01
1.008767986724419252e-01
1.360722877619885141e-01
1.118922296314298209e-01
1.622546767107300447e-01
1.078840336728288940e-01
5.778985581490195811e-01
2.510449429796938747e-01
1.711215530541288499e-01
2.354177279728377314e+00
1.197508731532763299e-01
1.308887242544518603e-01
1.100574249081643502e-01
1.347951172161736266e-01
2.072541621469818907e-01
1.091253604677626110e-01
3.372190513876234808e-01
3.241002090615535680e-01
1.640542140725088083e-01
2.030730700500466834e-01
4.311076952615655045e-01
1.688907759753924265e-01
1.623342939468302992e-01
3.819233567132637175e-01
1.020942466402122994e-01
2.431897565666916172e-01
1.087058424763653885e-01
1.473099070584742154e-01
1.163400537500182130e-01
2.233422451634598793e-01
8.786539402971474955e-01
1.276939126211502074e-01
1.372643028261904263e-01
1.095735484837764728e+00
1.334400696934002761e-01
1.558207634367181349e-01
1.145230776577377263e-01
1.587870256031114202e-01
9.470712751289520615e-01
3.192290748285313562e-01
2.159878571186423513e-01
2.498087321295970331e-01
2.042156417793536127e-01
1.030969000399684643e-01
3.254867744648141659e-01
1.108986406837839112e-01
1.454490493341283608e-01
1.511864679724927163e-01
1.081539230507189142e-01
2.101186151512676181e-01
1.396673354778295018e-01
1.763950034353147511e-01
1.288477042105232451e-01
4.376341791277944537e-01
1.858140914657418485e-01
1.853532228215370725e-01
1.817650878471388509e-01
1.415771432901389570e-01
2.505228497681130762e+00
3.711795100594925123e-01
1.140308344385868589e-01
1.307617474183573603e-01
2.597670930450532434e-01
1.316875062725551271e-01
2.848850411427011342e-01
2.080350845413324878e-01
1.347435672974544862e-01
1.585730851736358860e-01
1.061098777432316620e-01
1.527615049228460142e-01
1.358158963704139688e-01
1.733845795592119099e-01
2.054130044883294426e-01
1.465042767224929154e-01
1.009007375467115830e-01
1.129789699519209711e-01
1.246889238891762536e-01
1.665258473460022592e-01
1.018388566071740109e-01
1.164412646717834648e-01
1.833584761840146571e-01
2.109842030167152771e-01
1.452817728921123874e-01
1.706222153834463795e-01
2.296431642265327477e-01
6.609373591775034029e-01
1.349996276876799517e-01
1.703696013900148909e-01
3.249485027295369588e-01
1.510845276585897068e-01
4.493914497061126667e-01
1.038169416719009752e-01
1.078775416788060326e-01
7.269692324820511420e-01
2.511867562379003771e-01
3.510531066841098280e-01
6.600119518224013548e-01
1.573723115004740380e-01
1.374598096181786078e-01
1.497648719929026428e-01
1.508366521344245426e-01
1.069719195730597650e-01
2.254925011215415387e-01
1.123079022470047789e-01
1.769633896278333673e-01
1.051994055659203620e-01
1.721137577074008385e-01
1.357901933010950413e-01
2.409233534147560418e-01
4.401725031258683640e-01
1.356198869622427527e-01
1.263255700909887702e-01
1.502427358552623216e-01
1.807060049292066595e-01
3.071787866966043667e-01
2.992662842264218193e-01
1.555771566941357986e-01
4.252155888832527819e-01
1.287569811929562547e-01
1.239243104171391247e-01
4.001077229697024840e-01
1.496781524771446381e-01
4.377545629663069926e-01
1.131193632930525272e-01
3.405083678201528130e-01
1.697417681967553493e-01
1.434500786952228324e-01
3.964502710030555765e-01
1.594489070767085848e-01
1.131696583548775226e-01
1.622045961973241079e-01
1.347557003463323022e-01
1.265620918758939284e-01
6.295830558205336436e-01
2.818809705142357180e-01
1.223024261248747274e-01
3.448840753689204064e-01
1.110852207101696437e-01
1.227873607576396298e+00
1.020781458560030552e-01
1.120558921158981563e-01
2.309613432061140836e-01
3.594727307574027364e+00
1.056370863784228675e-01
1.463821146142237628e-01
2.741605114992133330e-01
1.538764849216921471e-01
4.354236274574344034e-01
2.825142227011422369e-01
1.568800162524686126e-01
1.845105329747011302e-01
1.583287155422200110e+00
4.548446894175622868e-01
1.143566933239923977e-01
2.676443569521084198e-01
1.196096935744816875e-01
2.792095571298604528e-01
1.084676256575846098e-01
1.231152473525257557e-01
4.147685456441714824e-01
2.190645393595023194e-01
1.391190412610466554e-01
2.792548659382385057e-01
1.368710923130045387e-01
1.539544923706429036e-01
1.089048732347670106e-01
2.376795109681164586e-01
9.498764864464220858e-01
1.008514646571895962e-01
9.795079556872293702e-01
1.641817780656797954e-01
1.245303182485571619e-01
3.048965868339997276e-01
2.461332456060649487e-01
1.258096719021690180e-01
2.073558930601915873e-01
1.501306863967885596e-01
1.623590140787717351e-01
1.702103641403762413e-01
3.778001715928844817e-01
5.567022605438890492e-01
1.836847699262970368e-01
2.634843133546093674e-01
2.097597561216810735e-01
2.311063850914187034e-01
1.316125236853137037e-01
1.262519006234604502e-01
1.184486131028572448e-01
2.559960414049425315e-01
1.362504238464923023e-01
5.335110059198682197e-01
4.010569059048926244e-01
1.534716732181820031e-01
1.255519565952473993e-01
1.757099471980572147e-01
1.457785291229899971e-01
1.255928152999623015e-01
1.827340793446694256e-01
5.016501337100457425e-01
1.175774136810430193e-01
2.743911505508802140e+00
1.429301104486670471e-01
1.014045995466859723e-01
1.283890903697749442e-01
1.535718931083257244e-01
2.089574742587991807e-01
1.166977374363087905e-01
1.388785464057953056e-01
1.661451026728304914e+00
2.060285801020339813e-01
1.303948597961717137e-01
6.396181010724820482e+00
2.969365747596406924e-01
3.471411877533051027e-01
1.572141108300646462e-01
4.776109769176464792e-01
2.583939316623080074e-01
1.625613987917231829e-01
1.016121393683823010e-01
3.969408034396865737e-01
1.340265492919461288e+00
2.048241344747706860e-01
5.123714478498543334e-01
1.175796107784394667e-01
1.648269531891495276e-01
1.438196936727980102e-01
1.571880120557651028e-01
1.533314055660813802e-01
1.003220464731823525e-01
2.269399638118336782e-01
3.557728738891282050e-01
2.422711382852055229e-01
1.168620089426278402e-01
1.291702979532950712e-01
1.152990305641544699e-01
1.217833103623892077e-01
4.341445516253068515e-01
1.932505824531857153e-01
1.508219605187198775e-01
1.009293772773030362e+01
1.471238153438994556e-01
1.041394444400064317e-01
1.466196604478069154e-01
1.279069250503376831e-01
1.205438103686586437e+00
1.745844846058529076e-01
1.016959513596822351e-01
3.359131445109166947e-01
3.779231205132907445e-01
1.087867800055153239e-01
1.194636379775848439e-01
2.287905565822694054e-01
2.312681234517333095e-01
2.493300391901229485e-01
1.573262732331535130e-01
1.550613251130565085e-01
2.182480816767078946e-01
1.124027460195282241e-01
1.947072008169568880e-01
7.603646422958521001e-01
1.439736866200592991e-01
1.176343451369900733e-01
1.909548336067390384e-01
3.105195623453218534e-01
1.128487396196105330e-01
1.117624680430999995e-01
1.273471661018553136e-01
1.005298948723608865e-01
1.173496092349663594e-01
2.269441179133420694e-01
1.720271012332091620e-01
1.110645956048555150e-01
8.650843800120444627e-01
2.872201232035921925e-01
1.362331655616563220e-01
1.498751627414229848e-01
6.959338901324243487e-01
1.272619611924261374e-01
1.084645307957715632e-01
8.030600815909334500e-01
2.320534690777914799e-01
1.916661929030067935e-01
2.556277353283906151e-01
3.963924726151016875e-01
1.075469941056090423e-01
1.066716323330235278e-01
2.092075669537088456e-01
2.740172337161158600e-01
1.053663636384699898e-01
1.047325603749888201e-01
1.010103395762334544e-01
1.456163949424841009e-01
1.619540351713797399e-01
7.303399760232736071e-01
1.134323330682495135e-01
1.047555382269543256e-01
9.395231208656422695e-01
2.478853390368351561e-01
1.227297972900386336e-01
1.245140891153969503e-01
5.945147988230866654e-01
1.032205622410423129e-01
1.054246682240370242e-01
1.062768168512936429e-01
2.751183241385250500e-01
1.167466948444896735e+00
1.975948092433270076e-01
1.539544719064670497e-01
1.717289446420331989e-01
1.091447431547140634e-01
1.113333684096860926e-01
1.884656091077073770e-01
1.062178515180528110e-01
2.858066110304932073e-01
1.387693601822298506e-01
1.623836444022054848e-01
3.323172763044615063e-01
1.532263005192641414e-01
6.113030021242189527e-01
2.526765295740108996e+00
1.162039441038503207e-01
2.086563688906425684e-01
1.011848020366968026e-01
1.182955338688684438e-01
2.686663532468933080e-01
2.687607825889883340e-01
3.905433057308845268e-01
1.282030234500233512e-01
1.141553110555166006e-01
9.658783407370035157e-01
1.094932927104131926e-01
2.423920511965369229e-01
1.964175104833475460e-01
3.654030546410144131e-01
1.792340860303047179e-01
3.221223814084963610e-01
1.519780170273491160e-01
1.175323418700973122e-01
1.086469185688082179e-01
1.839094174868311782e-01
2.975688615754601973e-01
1.146310486884706131e-01
1.279133745891620488e-01
1.007113881347049822e-01
4.968651533013248578e-01
2.023484780877183864e-01
1.450288829118862033e-01
1.546273282785168846e-01
1.365318247684476349e-01
1.944961832560928583e-01
4.007238476181601006e-01
1.131508028431571500e-01
1.184824686155027118e+00
1.048589083780387815e-01
1.696991505577410131e-01
2.996579748288362155e-01
3.693742205512246524e-01
1.816435041643120474e-01
2.115597036833231359e-01
1.097986764458936532e-01
2.012547087071529794e-01
1.013926120798851332e-01
5.349947634198550794e-01
1.429208050794310569e-01
1.485570238336710591e-01
1.628088719009951613e-01
1.727891238618044500e-01
1.144333798952882342e-01
1.005638488367468941e+00
1.004592114220475979e-01
5.586691640646309631e-01
1.429060016429922197e-01
2.130837441701294022e-01
1.004647220602422897e-01
5.697426849893137968e-01
4.438150319580105863e-01
1.576252523751326129e-01
4.430874122842029528e-01
1.228299670240799446e-01
1.407613429622065038e+00
2.087987050395899713e-01
2.397143023073206314e-01
1.197181124255933260e-01
2.349231155744903876e-01
1.081294410469392092e-01
1.914534931109265870e+00
1.619751845796868484e-01
3.058393516088536712e-01
2.652526383966186119e-01
2.612685257064270572e-01
2.293287838526615607e-01
2.200931137251397607e-01
1.366168940383735153e-01
4.744949715742482477e-01
3.522865560800422235e-01
6.971980833893626217e-01
1.174756393048034947e-01
1.455511085674774385e-01
2.329855787889298924e-01
1.208205105608230606e-01
3.519872959529395384e-01
1.894206222700547115e-01
4.506091502655382164e-01
7.757548493007527801e-01
1.887903246232563725e-01
3.354422296703941098e-01
1.257360988643755617e-01
4.992783583266973135e-01
1.172541613280539130e-01
1.698669311922539060e-01
2.139386640030431330e+00
1.255014162110368037e-01
2.802705212315731442e-01
1.111665972256085377e-01
1.126135452735109177e-01
1.059003352027118594e-01
1.448276537637703254e-01
1.141677542386026895e-01
1.073410620231118051e-01
3.629970283719350377e-01
1.528244423455872580e-01
1.004618202375204827e-01
3.615207869887774317e-01
1.654443082358752759e-01
1.191716354435110869e-01
1.164884169959489041e-01
1.436479074251006405e-01
2.975253397413656908e-01
1.330051479958399285e-01
5.216599228112133169e+00
1.214948873207776225e-01
1.394475388757991374e-01
1.956942762720127460e-01
1.093972665706572506e-01
4.090402472174743398e-01
2.630356508285345840e-01
3.295808224122966923e-01
1.599919496098227145e-01
2.517720369944014269e-01
1.868887533219808494e-01
1.689641233400073217e-01
1.162965028059407546e-01
4.503264559522979660e+00
2.034140901288749304e-01
2.263734221504904720e-01
1.202197684214506845e-01
1.259184440109032133e-01
1.117824667441252307e-01
4.020729101785609494e-01
1.502050247423841467e-01
7.750942561400261388e-01
1.176534148013258091e-01
1.322589388868492533e-01
1.340783013536833157e-01
9.395226565031095101e-01
6.697355343758748525e-01
1.296714270509271849e-01
2.265584397761955526e-01
4.285184129190791058e-01
1.174148620338356513e-01
1.008825448048444318e-01
1.806766484662059857e-01
2.769266125813463209e-01
1.630760920565606509e-01
1.098046428265895269e-01
4.189677851484316928e-01
8.371478038213832074e-01
2.110181618026583106e-01
1.965453278077243238e-01
3.878592871990596547e-01
1.917956137866824173e-01
1.115257958107258029e-01
1.743000229037894089e+00
1.387384265049894372e-01
1.192297517105746635e-01
1.751987639627938242e-01
4.437760537018695661e-01
1.317405199163809160e-01
3.313086902531671374e+00
2.832921024023044576e-01
1.597065854279008379e-01
2.848585765804000913e-01
2.280567607964925081e-01
1.076141077599259144e-01
2.551785690029750309e-01
1.367150511695728043e-01
1.334601750288642863e-01
1.389326584043038548e-01
1.742651314324271117e-01
2.167724924672364828e-01
1.777312474670634801e-01
1.194537312167379961e-01
1.253055595670944600e+00
1.396375579026915281e-01
1.372002133744209262e-01
7.304976847607502766e-01
2.469172282701759258e-01
7.133663194463828461e-01
5.280473763690390898e-01
4.059845100042596133e-01
1.035111520558427700e-01
1.939181754077470565e-01
1.685892720850607485e-01
1.064034258474800820e-01
1.019927568102730886e-01
1.239042818966908516e-01
1.935116104387839542e-01
4.060238302732028237e-01
1.362891193189339489e+00
2.466046644162202262e-01
4.986581850045009867e-01
1.233839054842293392e-01
1.085100126717952612e-01
1.544129636339362788e-01
1.040241696531878646e-01
4.825799400998057043e-01
3.164403561245050511e-01
1.029320733004200766e-01
1.209138020985200818e-01
7.976600377507888640e-01
1.513885100837110420e-01
1.669510050584839256e-01
1.230591884123160701e-01
1.102917825365151289e-01
1.267422094539983890e-01
6.392283807016667652e-01
1.034543904356663435e-01
1.671042050546369118e-01
2.176574558606610310e+00
1.032706155403017578e-01
1.065317703101593266e-01
2.205320559629850019e-01
4.700669436214612862e-01
1.168285460172660689e-01
1.257655083653410888e-01
1.082400926792120022e-01
2.965195620894225947e-01
1.170522591678094387e-01
1.709216414189026478e-01
1.194417677531298960e-01
1.426573106190017481e-01
1.172004986848037417e-01
2.215945821002379690e-01
1.162395577353942389e-01
1.100955713566298261e-01
1.694367105714544575e-01
2.698840941262929949e-01
1.526323384494897573e-01
1.409123029386701031e-01
1.069027572892056466e-01
2.196543328577574283e-01
2.986542500236369913e-01
2.298077611732016745e-01
1.722356259836728409e-01
1.575989259131790887e-01
3.426671067770465373e-01
1.091360448078530915e-01
1.551713991628787259e-01
1.302995749344329490e-01
3.011676413580852696e-01
1.966890797230957943e-01
3.633611010538906894e-01
1.462744320442850854e-01
1.608769933422787846e-01
1.151205161085603890e-01
1.131248487245266887e-01
2.411204572114197253e-01
2.509695254356695826e-01
1.136241097657523236e-01
3.821878072835114271e-01
1.139828822126015134e-01
1.035062831615309459e-01
6.835904843105378603e+00
2.261042052652207923e-01
3.437303854403210290e-01
1.215962695245512704e-01
1.434000406688120399e-01
6.042529342710907247e-01
1.553710637750417289e-01
1.170218053773922073e-01
1.104994632198859350e-01
1.086680909448853871e-01
6.511768916545562780e-01
1.540424796232239268e-01
1.517729859728067787e-01
1.666326541947609763e-01
1.110499553622808638e-01
1.702234942063088063e-01
1.311358812114805095e-01
2.477182108351267675e-01
1.112399939849004621e-01
4.805424609487136123e-01
8.720224110927274896e-01
1.345365262587515376e-01
1.861117760815445832e-01
1.486490964045913132e-01
3.252639162031043529e-01
1.139856787955750295e-01
3.363771156476699775e-01
1.238768436249446103e-01
3.458220788270357504e-01
2.412833895130745698e-01
2.096476002779416870e-01
1.910901727684798102e-01
1.252819253311576453e-01
2.517790281689686327e-01
1.219234682146033005e-01
1.109632651679566123e-01
1.225562882011885374e-01
1.003962853340621408e-01
1.754586309307243630e-01
2.239401961416997155e-01
1.974874113395569397e-01
2.418022457092763033e-01
1.372478773927765239e-01
1.663674756481760275e-01
2.482228763629096557e-01
1.381206761060312371e-01
4.596513675519155462e-01
1.538125264780503543e-01
2.515708641187585637e-01
4.609962044283953952e-01
1.871615147915733079e-01
1.273192708913159776e-01
1.404794267819810816e-01
6.298445241578067844e-01
1.387760062691459073e-01
2.584006751294901094e-01
1.701752207205581569e-01
1.526627771444788728e-01
1.849236739826617404e-01
1.523286412080697261e+00
1.432818151625052883e+00
1.640909547645422739e-01
3.623148905450048751e-01
1.657564314037214270e-01
1.019849424600891008e-01
1.371175637182918405e-01
2.719052669493422059e+00
1.300168549091582360e-01
1.044198346043055392e-01
1.157021711383405815e-01
1.883480611017961381e-01
1.391806557461475746e-01
1.602384263666298825e-01
2.068944754241064388e+00
2.905161965718969785e-01
1.380303394738340017e-01
4.125939206774592027e-01
2.428247407745180997e-01
2.096920922381011188e-01
1.381255955444442296e-01
4.955575445512702126e-01
1.456153347460202585e-01
2.411563240150055576e-01
1.119228544515142726e-01
2.732382218096597870e-01
5.617597292317267899e-01
3.251781239300091109e-01
1.603483311949375489e-01
2.614062359903909227e-01
1.021968889572041905e-01
1.819186689534444956e-01
3.124873087329809174e-01
2.240434476059929292e-01
3.197885712369772926e-01
1.561432013179752665e-01
1.564063353409432811e-01
4.585654724991803377e-01
7.285029435372685214e-01
1.029705704347942813e-01
1.346120136069314244e-01
2.361728836091696315e-01
1.421387731918374531e+00
9.783793791932575701e-01
1.927866147873908420e-01
1.033819927589136878e-01
1.110731143432213824e-01
2.298670182039598275e-01
3.904366919733058272e-01
2.326576933291159277e-01
1.940562537016751188e-01
1.040621031879378350e-01
1.030507331792721581e-01
1.880145312215230624e-01
2.047994905809203403e-01
1.179525385542050664e-01
2.762711866480165757e+00
1.167602242953475478e-01
5.024886064527666063e-01
3.443208063203426761e-01
2.388884467205216744e-01
2.237159510568460519e-01
1.283578315814210835e-01
1.538901837366521697e-01
1.287339861389128204e-01
1.687319522905993685e-01
1.737361956443363442e-01
1.165460026198687493e-01
4.085331922874870791e-01
1.010153539897136188e-01
1.711345448361903943e-01
2.319108897924952173e-01
1.122372027097951613e-01
4.821330983869031583e-01
2.552569932527935515e-01
1.877808866872777427e-01
1.024835855883055313e-01
2.473765447893686853e-01
1.505314493490448602e-01
1.466704497642186966e-01
4.137205268858865637e-01
7.979125525456989276e-01
1.262275031232406586e-01
1.077485438357121961e-01
3.474998465739733144e-01
1.708095692275152233e-01
1.490604185688194361e-01
1.163340779794852092e-01
1.836634233251138448e-01
1.599320965981170239e-01
6.536269743131786214e-01
1.796769445209449312e-01
2.859635296979911034e-01
1.043726237647425309e-01
3.231706241629703213e-01
1.166875559555060199e-01
1.009346476554307537e-01
3.687529608749749443e-01
4.662964072882147537e-01
3.914882395576166907e-01
2.277153457615678223e-01
1.106663808231116292e-01
1.225024687456897077e-01
2.875601514429845462e+00
1.468113059080890792e-01
2.089133509312192383e-01
2.314702593474417258e-01
1.855665257298948212e-01
1.107505821273637586e-01
1.096834253458899150e-01
9.333869441481100759e-01
1.566488248003388983e-01
5.069760116104726766e-01
1.985764279267737964e-01
1.233466815554365992e-01
1.053390437534266061e-01
1.458418293887578376e-01
1.969570814114429413e-01
3.618760023968741191e-01
1.067719355052009211e-01
1.026304888973173651e-01
2.729009258574838781e-01
1.094224146703473982e-01
2.650763730354099290e-01
1.124423211736984424e-01
2.635394709082903852e-01
1.410778454223559908e-01
1.265723772750081966e-01
2.551152666394045365e-01
1.448453601692903658e-01
1.121130317806327548e-01
1.651529345696544637e-01
8.410659244308313909e-01
4.652574574297800858e-01
1.311065671602916760e+00
1.979486087817467488e-01
4.267973817058314245e-01
2.649184394475256332e-01
3.854023838844072847e-01
1.142207671151093118e-01
1.329360576288338425e-01
1.364994628951785582e-01
1.357142270189235222e-01
1.398831368654875618e-01
1.246974035853379431e-01
3.093207902958218236e-01
1.126337352972599098e-01
1.309497320986608426e-01
3.389753223892224554e-01
2.051089291294700967e-01
4.502652010985772058e-01
1.537666805473980325e-01
4.939887189856046468e-01
1.713269701613133744e-01
1.031221730083990984e-01
3.054433920360770105e-01
1.405020151395877104e-01
1.837824359512740813e-01
1.376922648585586495e-01
1.369010708394710896e-01
6.715492122910700079e-01
1.472544008822467276e-01
2.304252763425553852e-01
5.079107234845946506e-01
3.173308117044746912e-01
1.127630771531860177e+01
1.958966890401056538e-01
6.790679927138327798e-01
1.576210495520848631e-01
1.307220490156626169e-01
7.863115665521708264e-01
1.027700238878888617e-01
2.761351845089124457e-01
6.175566162728282071e-01
1.129625201913807414e-01
1.361768399100656557e-01
1.051647913779130833e-01
2.776675763801851882e-01
1.325508258551827134e-01
3.020457336834901918e-01
1.237748692437132675e-01
8.521516661511097102e-01
4.932809458766865274e-01
2.322469442911247184e-01
4.539558585552145309e-01
2.871506594357827180e-01
2.825206856890919993e-01
1.214224760876357473e-01
5.566389476481264920e-01
1.453478876010363408e-01
1.158957304379775732e-01
1.995951377492050927e-01
1.496464341197677461e-01
1.498917582736747911e-01
1.184345816192788059e-01
2.948061650926918076e-01
1.869601102095979628e-01
1.628472834589928198e+00
1.062810251198842704e-01
1.229907918041510950e-01
1.050523813151231362e-01
1.174716999505279746e-01
1.132317020480434477e-01
5.263348228060461542e-01
1.221025221372331465e-01
1.113486990615510791e-01
1.023080470412131987e-01
3.051814919099102297e-01
4.995684205402352029e-01
9.392464593651332905e-01
4.028432687673428880e+00
5.006335413691699321e-01
1.025930178510237045e-01
3.945175029915850562e-01
7.005196813923254551e-01
5.132373958886691234e-01
5.783651986887117236e-01
2.361851928525711131e-01
1.441132299529340466e-01
1.231250317256231686e-01
2.083916587386151209e-01
1.445949714031247446e-01
1.992295547061111172e-01
1.893108764015622170e-01
1.788261037125496999e-01
1.002083583298965519e-01
1.024186572208416329e-01
1.769835320392533495e-01
1.390569253802355354e-01
1.094705156781430877e-01
9.975680145144244504e-01
1.494983531517685982e-01
1.186609021768538358e-01
1.120321670887598070e-01
5.149895450004370323e-01
1.127288188967017768e-01
1.756314849896179753e-01
2.528743998591362341e-01
1.087535544951256372e-01
1.921242182326276526e-01
2.324092180501471094e-01
1.162461930205893057e-01
1.278113420329171634e-01
1.235278618090112079e-01
2.231188959274487127e-01
2.787091278797526051e-01
1.393141455927987271e-01
1.035512164425389514e-01
1.440289927679979654e-01
1.311360631009943767e-01
2.151804082887827096e-01
6.859096601514942382e-01
1.413464060806913503e-01
2.271523555193424304e-01
2.246287753470471993e-01
3.010459172929909055e-01
1.263832640306309651e-01
6.608511275939465968e-01
1.452353089387431184e-01
1.567370841671113235e-01
1.503863438004261199e-01
1.249418324849401324e-01
1.443013534271191667e-01
1.656820618395117017e-01
1.439796248818157876e-01
1.027567102040500002e-01
3.754852630213827425e-01
1.467144133487802427e-01
1.122803622084106723e-01
1.362069599305992529e-01
1.843770980135288617e+00
1.336347162348634210e-01
3.855885732062049875e-01
2.116604370827864234e-01
2.400584421241109823e-01
2.384559377089193744e-01
1.110214249125374836e-01
1.157359847028850280e-01
1.295264055938604997e-01
1.183262336320493047e-01
1.332223347689169279e-01
1.517961639026731702e-01
2.477715336767887244e-01
1.123305301634650588e-01
1.215252959033634589e-01
1.665792814716294812e-01
1.485636030384641648e-01
1.169927549361798325e-01
1.853098562850261921e-01
3.503836593122368059e-01
1.065610854361168508e-01
1.557584411972191274e-01
2.033291460145827123e-01
1.761468823975297360e-01
1.034006671038782132e-01
1.753617044257183288e-01
1.818707678750232926e-01
2.785933368859305759e-01
1.367760108500648830e-01
1.377270349940975969e+00
2.838801686111318001e-01
1.117027762318460460e-01
2.535455317599560332e-01
2.847188497458144618e-01
1.794383880042447754e-01
1.013789738157639397e-01
3.229392450606715093e-01
1.238230592296977461e-01
4.075339934371486894e-01
1.184352397466414547e-01
6.565271592175551119e-01
2.688618857460041700e-01
2.047189483935497045e-01
3.278403376070153086e-01
4.548577583836128646e-01
3.855098795407069789e-01
1.000930662287167483e-01
1.573911270263582407e-01
2.084179884443422004e-01
1.290556621863384323e-01
1.099432332551979752e-01
4.801254072463522760e-01
1.422310040693382516e-01
3.373790967517034667e-01
1.553477844479173586e-01
1.319925920226499294e-01
1.227052871423409547e-01
1.374126938016582977e-01
1.987421957412399687e-01
2.085354917648956086e-01
1.086542602241905159e-01
1.443921582044522534e-01
1.587588551870085796e-01
1.068197561489995923e-01
1.345419038785276300e-01
1.077515579182196648e-01
1.444211204510133240e-01
1.295721332718655638e-01
1.001452547978582963e-01
3.723252368997265194e-01
2.108775371864725301e+00
1.649988005629611787e-01
2.382606084745882979e-01
1.764488890091543138e-01
1.137636533806482692e-01
1.033708330826634686e-01
1.965431085874196349e-01
1.057630987242970805e-01
8.640573301059322198e-01
1.094505510438307516e-01
2.001267688947154511e-01
2.575319769234473144e-01
1.447840568292480257e-01
4.700151088986943559e-01
1.855115862516429348e-01
1.097050511496548558e-01
1.018471766687916169e-01
1.011415462995200604e-01
1.804100955339810464e-01
2.185650892705346959e-01
1.180060456426306886e-01
2.705880134996706543e-01
5.425886603440565059e-01
2.307133441274663854e-01
3.526054648522730650e-01
6.611528251379175103e-01
1.458684280381314924e-01
2.780664208983800179e-01
1.085431309403294131e-01
1.538799969587203997e-01
1.025236613277548114e-01
1.358097392955407712e-01
3.639190619638079105e-01
2.960619904803592495e-01
1.641597027449783752e-01
1.906719079621723434e-01
2.035488251476398058e-01
1.484185783660353919e-01
1.250603404308741895e-01
1.704713767248394740e-01
1.081526596199309465e+00
1.692378471125199901e-01
2.458654050654553724e-01
3.295705018417056209e+01
3.742892616427266339e-01
4.737257662053737106e-01
1.264614765722489598e-01
1.425275572321368089e-01
2.447431617547601024e-01
1.085820056100816750e-01
2.180298683519706904e-01
1.539443386477502562e-01
1.488101315869399255e-01
1.695950870930370002e-01
6.391659527056422485e-01
1.007155152027637279e-01
1.290017634215840647e-01
1.139137527029005226e-01
1.825396765342336136e-01
1.512471198182127052e-01
1.748640507231940255e-01
1.452345573281094149e-01
2.335486256114125969e-01
1.141547299645129243e-01
1.745541192273623032e-01
8.627449996368838914e-01
1.045718936687899669e-01
1.201500883205821463e-01
2.671063050093902547e-01
1.021557779839964430e-01
1.147397174477761683e-01
2.361550343128867024e-01
1.328792445560383340e-01
1.440179668291300952e-01
3.152324387492801416e-01
1.876817574008063927e-01
1.442639568554598684e-01
1.312441784182178661e-01
1.622876557426259636e-01
1.953798192839975856e-01
2.019369605051176686e-01
2.188068498684126340e+00
1.402103191981220187e-01
1.596599717314235445e-01
3.165217919911526567e-01
2.585857460801179175e-01
1.270478398393005137e-01
7.603843212632950266e-01
1.144770833090063555e-01
2.641381513189451913e-01
1.298488948184270408e-01
1.330621595666739987e-01
1.167552374880455740e-01
2.379322625881319930e-01
1.789401402786547912e+00
2.084843155009784010e-01
1.640859078047035569e-01
1.031786084906339412e-01
2.354956630865982226e-01
1.412464337401681258e-01
1.158883842248183971e-01
1.919950990149190406e-01
1.471537515206804148e-01
1.978961196105930576e-01
1.709258527481331003e-01
5.510007756331805062e-01
1.102612906420014083e-01
6.927240346787669756e-01
2.750597393668740231e+00
1.198096710612224503e-01
1.298845309756887501e-01
2.116369551890213696e-01
7.576372671505181566e-01
1.062321558775582847e-01
1.224692384055423439e-01
1.584474475857226006e-01
4.227549941181609205e-01
1.262106337551082424e-01
6.369305449116265949e-01
1.207593392609038335e-01
1.409633334333766086e-01
2.183454481111221090e-01
1.308500334320615577e-01
2.977122118090085867e-01
1.766170749798498529e-01
1.237914182127706764e-01
3.143915886996924147e+00
2.413181826659999141e-01
2.672335889326990510e-01
1.552624663127627203e-01
1.106353180304342487e-01
1.587711676253155124e-01
1.449696091606753057e-01
1.162665416705095378e-01
4.558223676549539305e-01
1.102815170256922911e-01
2.353567852861889742e-01
1.214134252259854163e-01
4.315649422426546256e-01
1.309181604480126604e-01
1.198006635823583022e-01
1.320857024276924363e-01
1.426792769362473789e-01
1.728534757111644393e-01
1.231114708439803529e+00
1.516858252703014720e-01
1.463750619915918094e-01
1.150694320392454534e-01
1.098299093633233747e-01
1.138753668985722778e-01
1.041607675227316787e-01
1.857470757854680909e-01
2.333500548705728095e-01
1.505369669114573483e-01
4.293261918090685025e-01
1.295348036287239102e-01
9.925403462245125930e-01
1.489690720145993852e-01
3.816215447572190445e-01
1.523577988784069470e-01
1.494578120074031291e-01
1.031275986606526862e-01
1.215104681705605344e-01
9.801705498489025059e-01
2.214269397343132106e-01
2.722797841568254107e-01
1.713787214879090581e-01
1.248269787019348209e+00
3.352858809240153448e-01
2.956714928330775871e-01
1.195713809656205884e+00
3.403239478590179279e-01
2.228805522823009699e-01
6.133493270008572029e-01
1.175667043881638008e-01
3.291797872600753516e-01
1.101937494427602249e-01
4.449864415030990172e-01
1.551698122010532199e-01
1.165281421609117851e-01
2.145567910937190570e-01
1.778080504132144857e-01
3.271282616866060255e-01
3.135042366188951490e-01
1.446448546988567951e-01
1.261336631010528397e-01
1.480960886639470786e-01
1.211796859723708597e-01
2.652294985112344072e+00
1.026033869307201307e-01
2.169970281660897893e-01
1.325910884254797584e-01
1.589315999974424409e-01
1.610381805857745707e-01
1.525956336200415819e+00
9.607673429516560004e-01
1.160878633565715079e-01
4.818221588981991821e-01
3.122475868303404289e-01
2.065952873792563094e-01
2.051805880094387247e-01
2.931635824031063597e-01
1.545361400603799118e-01
2.006976418753940450e-01
2.154468525865850526e-01
5.139395932450535609e-01
3.904622823462015613e-01
2.145967693368190377e-01
1.261198364115283244e-01
1.653040646386765566e-01
1.906561833930048577e-01
3.224417000965363322e-01
1.106419443232951605e-01
1.044999696410803536e-01
1.964835816234634380e-01
1.129222843390837588e-01
3.455315515566057538e-01
1.316947660998221969e-01
1.405575426540868755e-01
1.736937871785006748e-01
1.130894154577730265e-01
2.357830796213610247e-01
1.322195264582361196e-01
2.300083609581577704e-01
1.021905669060476918e-01
4.199239451620820351e-01
3.507308325891266843e-01
2.186683698356831906e-01
1.148318374014794668e-01
2.086390726956282027e-01
2.133225109872722847e-01
5.067977667451950552e-01
2.415761023606067814e-01
1.064911518186158146e+00
3.070414066626178107e-01
3.759217988693621670e-01
1.280318419709027544e-01
1.591419540322311366e-01
1.536310480571222437e-01
2.261619664267280339e-01
1.116424020753482155e-01
2.050903967567615505e-01
1.729473103028057457e-01
1.598201501876275465e-01
1.520724191879817833e-01
2.473999658574608795e-01
1.305295882549697972e-01
4.148086362140374073e-01
1.231453033659750951e-01
1.017216879730721557e-01
1.466029974640463696e-01
1.161559849103995790e-01
4.324349073079572503e-01
1.008879317508671047e-01
1.829265071649898711e-01
1.079867029731985117e-01
6.293743995754220721e-01
1.538163791637420785e-01
1.666428663106499508e-01
2.385597535317770801e-01
4.098758448838599744e-01
2.888258444577274098e-01
2.712192397738794614e-01
1.037922775582499346e-01
1.220672528644595467e-01
1.523291560293099089e-01
2.132536763368230170e-01
1.007793166509310945e-01
2.413153952082475850e+00
1.450188082907295506e-01
1.296289137563315208e+00
4.785686127328133033e+00
1.508206488216164154e-01
3.078608692567372795e-01
2.583079258542281820e-01
1.005173725817204017e-01
1.239684879217591712e-01
3.729144573393379236e-01
2.708538307676384149e-01
1.906190147901289933e-01
5.017116060571126246e-01
1.356282167949730277e-01
2.407631221214817652e-01
1.108328116750439962e-01
2.821916746995665193e+00
1.882654188009051655e-01
1.817324161837906571e-01
1.646788825084036123e+00
1.563545890176513964e-01
1.145449587196931129e-01
3.127021189911449728e-01
1.499415363803417334e+00
1.389969705144492584e-01
2.738221448828296878e-01
3.842166081207948891e-01
1.171601263355845080e-01
1.259850127489009486e-01
4.684607863500440672e-01
1.218744649134277797e-01
1.672920487701508863e-01
1.291215200916230876e-01
1.262125223043480682e-01
2.412351532602056980e-01
1.154835240865684648e-01
2.117022572782474299e-01
1.130097759229632265e-01
1.335030901804587777e-01
1.058057784429834725e-01
1.697089022730476349e-01
1.818491478510171067e-01
1.011008983237549730e+00
1.723406023527782327e-01
1.834839853115084740e-01
1.881511092277703689e-01
2.720723367060338682e-01
2.209901529638490791e-01
1.090252762277468118e-01
1.146343843015640851e-01
2.388365443125049503e-01
3.968151440432930444e-01
1.528397384422127969e-01
1.212780033423119380e-01
1.567757589714469935e-01
3.742016885636885171e-01
1.842030312121009927e-01
1.061969774807943745e-01
2.239665604645602603e-01
1.015219689279104193e-01
1.982010655379670139e-01
1.792922356815900564e-01
1.564007948297341521e-01
2.021834889902467958e-01
1.346318052023754708e-01
2.718798823763194372e-01
1.193358753252465737e-01
2.149716662868421668e-01
1.866890763872138537e-01
1.924549293590029908e-01
1.952047489759891064e-01
3.581973871762726969e-01
1.249016283643516606e-01
3.284732706266815239e-01
1.210441093588457417e-01
1.043802775758438384e-01
1.559385412032468221e-01
9.877026704994362749e-01
2.045353968017340485e-01
1.443360151075601949e-01
1.206513141333385025e-01
1.155600437567002037e-01
3.457857066149416791e-01
1.089091419043310416e-01
1.374530325016332655e-01
1.179106055672059922e-01
7.327806639923224452e-01
1.287044480456317752e-01
4.463585604374218363e-01
2.196073705589592362e-01
1.190631184770457873e-01
1.158241363973707971e-01
1.430645666538946370e-01
3.659002397975438248e-01
1.636269660842985252e-01
1.480444715462038985e-01
3.316954420992750396e-01
1.213333425474321658e-01
1.525775136652672281e-01
1.815561251925753294e-01
1.401444966309730311e-01
2.464645653546966297e-01
1.131336960135001513e-01
3.339036027619251557e-01
3.960177959524048275e-01
1.033285596672495477e-01
1.526359313892331482e-01
1.538498727953490075e-01
2.701316241155901632e-01
1.076326398814366619e-01
3.113085839646039243e-01
1.110944613724828278e-01
2.436029376738755858e-01
1.096562888000782998e-01
1.647853172145497813e-01
1.030229399815391078e-01
2.543386844773279920e-01
1.478736457072752919e-01
1.048784396873872204e-01
4.560936136658577111e-01
4.083304935695725724e-01
1.100999533328802099e-01
1.089913965795218237e-01
4.980247509683927709e-01
1.840395321588606803e-01
1.131651477446860288e-01
2.131057231525741169e-01
3.624915280461705192e-01
1.117079924741153363e-01
2.236335761035903313e-01
2.133062337244890083e-01
1.882217352170784952e-01
1.066182302648292224e-01
1.843641088632270164e-01
5.250447735893758461e-01
1.057710374061537895e-01
7.138305255279926431e-01
4.269934040982376056e-01
2.984995605574453648e-01
3.827547674154797575e-01
1.614010974560761147e-01
1.232054420958453300e-01
1.340175539281799333e-01
3.412743662698853875e-01
3.783833120499660918e+00
1.048165263848925416e-01
2.261067355892079633e-01
2.321776075773194781e-01
1.119893776143702224e-01
3.016422488754888498e-01
2.178283868327703487e+00
1.118409548819976201e-01
3.194124900108034071e-01
1.250009961776229750e-01
2.527783331404135914e-01
2.099091471917282625e-01
2.165451544775978676e-01
2.464512705912123569e-01
2.136447138130813439e+00
3.704852267233164298e+00
3.384300804822055198e-01
4.129280468248002212e-01
1.488601283884838922e-01
1.713611091313782531e-01
1.098046186177737832e-01
4.388531192564389949e-01
1.033407855078415372e-01
1.422257036451470558e-01
1.148992916569565453e-01
2.147005110128712979e-01
2.574655450324994099e-01
2.420651245687973074e-01
1.238066638981820539e-01
1.414987830773095645e-01
3.590657847908463873e-01
3.636328567665685907e-01
1.448862728954655454e-01
3.234007128675937537e-01
1.770625076095534156e-01
1.184902976852920120e-01
4.346207512698408992e-01
1.292690931585266378e-01
2.807729018994650771e-01
2.272658578121611317e-01
2.614266277466388844e-01
2.030395800565503728e-01
1.293047081542249843e-01
2.529456856098532214e+00
1.096798654982523297e-01
1.218665074892691796e-01
1.106144655535773857e+01
1.066606180464175352e-01
2.748938120035950838e-01
1.120479866484300757e-01
1.338545300605195609e-01
1.294617297917177445e-01
1.116307705533254452e-01
4.129886740132487910e-01
6.323717008374791781e-01
4.242408066072985706e-01
6.047912801973848174e-01
1.129526176483912070e-01
1.266770460711471868e-01
8.737294847420792321e-01
1.149118929073322387e-01
1.977428351490626568e-01
1.170760872997038543e-01
2.944887257944885928e-01
1.015514587230184618e-01
2.547848379900474192e-01
1.007060493314893002e-01
7.231805018473969060e-01
1.119604864794931098e-01
1.358743108850772208e+00
2.038323427053429782e-01
1.018068384952327127e-01
3.336540816209132010e-01
1.096602844500264018e-01
1.168464715853490266e-01
4.018833786996658941e-01
1.657588295818781254e-01
1.111979927789188277e-01
6.961571945888473945e-01
1.034836645907539765e-01
1.574672986385345919e-01
5.280411590459835880e-01
1.007530202518521212e-01
1.521657836602180736e-01
8.956207011599612855e-01
1.705124066600765431e+00
3.695883686379390909e-01
1.838312512843779389e-01
1.363006461587207840e-01
1.630892037096391411e-01
1.829872391859075076e-01
1.181029164797221809e-01
1.310042586569941103e-01
4.026832022036245795e-01
1.625395319897976476e-01
1.988893068904800665e-01
1.391718566274888491e-01
1.710645361131217512e-01
3.268956558861083050e-01
2.059622074216681531e-01
1.208261067440829922e-01
2.061763346599144731e-01
1.921098177976537646e-01
4.434943540775594939e-01
1.431516472852736033e-01
4.983652252958279405e-01
1.161029511016302140e-01
2.589520253633839642e-01
1.225585367196379283e-01
2.578250058686071822e-01
4.883355425891709456e-01
1.060551773354915794e-01
2.842972211354625744e-01
6.300578761042787690e-01
3.406291367296694350e-01
1.170898356472409585e-01
8.408001303668435344e-01
1.339136536591732929e-01
1.610615588862109870e-01
1.431195831932489393e-01
3.785736016836878104e-01
1.645733094103353777e-01
2.027053815637653855e-01
1.694447863184088687e-01
1.861121975845621279e-01
1.021086729521090836e-01
1.986051699707417351e-01
1.657683246042412628e-01
3.043813276655852329e-01
1.185724120531288783e-01
2.446097985708599321e-01
4.049309657561432352e-01
1.238732449427429744e-01
2.983925473866394507e-01
1.702839594187618155e-01
2.632132494368392694e-01
3.090352295567032614e-01
2.387628128656193172e-01
2.836766999000354672e-01
1.783801175512396142e-01
2.078970540777426990e-01
1.919245181270242961e-01
4.494809014099752642e-01
1.447015553377297703e-01
1.132304615172784912e+00
6.114947297768654755e-01
1.200967757484158460e-01
4.355788695945871369e-01
3.772662588963230368e-01
1.119709544830012615e-01
1.527599102308708212e-01
2.106561264101187436e-01
1.038110394173308582e-01
1.450622957314424422e-01
3.864336344459706751e-01
1.741212863699568913e+01
1.326793201967725599e-01
1.222722604860855961e-01
4.481897316340508475e-01
1.098728026910852362e-01
1.960409979458591911e-01
1.898948080119617909e-01
2.525439176045654044e-01
1.314044598924017648e-01
1.926423427462318483e-01
1.866841364877295517e-01
3.850576676439214641e-01
1.366183129047816580e-01
1.073447456772469305e-01
2.160194415869910733e-01
1.704822573808471853e-01
1.736361110756664550e-01
