2.662011675811203903e-01
1.526244062018193626e+00
1.215225153555695575e-01
2.459372898842502042e-01
1.145972367839702688e-01
1.452579062586164260e-01
6.296281944510049300e-01
1.681950502317811069e-01
1.118391377090329208e-01
3.524841587144888488e-01
1.923164167369482147e-01
1.687694701997522473e-01
1.597795234083139171e-01
6.225264785790961541e-01
2.799965247581396310e-01
1.068164521959933388e-01
1.619595111500367890e-01
4.419140284026847887e-01
1.882665194352274307e-01
1.374970195235410697e-01
1.126953537645666859e-01
1.575779174378014180e-01
2.171499451002332770e-01
1.178982218901304668e-01
2.364122172670691802e-01
9.770441060872818717e-01
5.081131084813664822e-01
1.845860447027657392e-01
1.285229580213090306e-01
5.197398967688892091e-01
1.150791861224664259e-01
2.828421742849449028e-01
3.909921788446040214e-01
2.507132532362336685e-01
3.746009424032926138e-01
2.337562956644908818e-01
7.974896140148434176e-01
1.878727286283777831e-01
1.044022236216095439e-01
1.150875623829851480e-01
2.912347888996751344e-01
1.742331518032476101e-01
1.250621808656764700e-01
1.036301761589177722e-01
1.099973394100961094e-01
2.636413427708498292e-01
3.139591914786930560e-01
1.290111634138985663e-01
1.350888598926623940e-01
3.066308605491514516e-01
1.038470471779407434e-01
1.049629355089216620e-01
1.202302709517557161e-01
1.746837396445424240e-01
1.121251015814026114e-01
6.387213870158895412e-01
4.291717526821784978e-01
2.543434650114665962e-01
2.162103805245939037e-01
1.585580828356916994e-01
1.541506325527625954e-01
2.208338366067217340e-01
2.601767889472085260e-01
2.574446454789742211e-01
3.075304802695976170e-01
1.879538460811517597e-01
1.062509728838246376e-01
3.070324894506790137e-01
1.279990968828507159e-01
2.429057755509744787e-01
1.086105659419917963e-01
9.257237499177281004e-01
2.208436006854221645e-01
1.960483796666274425e-01
1.050593854635738789e-01
1.950449920753071498e-01
3.472868128411421562e-01
1.268461312494348348e-01
3.638109099512754629e-01
2.411446018223794285e-01
2.088068677010760377e-01
1.249113079405226590e-01
1.314373381535684782e-01
3.568820942787995776e-01
2.467965191209589570e-01
3.616825885881545521e-01
1.206589663611194185e-01
9.303338885086662735e-01
1.361238166184295106e-01
1.040343812237264631e-01
2.110513409575832944e-01
1.078856159577624152e-01
1.132153054357789845e-01
1.807180860748525686e-01
1.270692361251463953e-01
1.014371020008654894e-01
1.208126046246745383e-01
2.884619804797424192e-01
1.032558638758277331e-01
1.471648455718023440e-01
1.091523085130246956e-01
1.113318414591785849e-01
5.346852724113591027e-01
2.297157682234794440e-01
1.011431115478317599e-01
1.290241780286117412e-01
1.409227847353810015e-01
1.558818161641942202e-01
1.111208222893038111e-01
3.349546412027843978e-01
1.002317532779417042e-01
5.253617594402958391e-01
2.085056761895325295e-01
1.913060504577812626e-01
1.775452190573690026e-01
7.153640352149381876e-01
5.650861654935458445e-01
4.260056422142135535e-01
1.274997078608615109e-01
2.040583871591399034e-01
2.833628989405927445e+00
3.452134128318709028e-01
1.026175467151437815e-01
1.062964888046563916e-01
1.757015999047918109e-01
1.143688807166996502e-01
1.882455205908805107e-01
1.096755213781739624e-01
2.651741321047162425e-01
2.269399698088919171e-01
2.793350738480844253e-01
1.639524208874024724e-01
1.013514288421850096e-01
2.130073270886822800e-01
1.028512826393897656e-01
1.719369532502504905e-01
1.298244439424760255e-01
1.755251196483058607e-01
1.884981545364950439e-01
4.166268291947388680e-01
2.785645524304500298e-01
1.309028481678146671e-01
9.936865576264422018e-01
2.599270524935512472e-01
1.446830832867795458e+00
1.721092668267958647e-01
2.494934091497823525e-01
2.812157287987474774e+00
1.008543519458473120e-01
1.533754000610275947e-01
1.606356349966064356e-01
2.077658123642285859e-01
1.396297593859252562e-01
1.195706800377478313e-01
1.427590128416704740e-01
5.805317821184025062e-01
8.448804121968186109e+01
2.324049834760621991e-01
1.134851220223206947e-01
1.090790856602987385e-01
1.071709053093906211e-01
1.503251125060640625e-01
2.445658046837612121e-01
1.632613544596238364e-01
1.072849412381960965e-01
1.671529643039831314e-01
1.194270596543344665e+00
8.766572886514216734e+00
1.240742967678585273e-01
1.024502172549739271e-01
1.322153434948582507e-01
1.486027810726839038e-01
9.484031328488893298e-01
1.245397344150514507e-01
1.146256770698929062e-01
1.905635231870837776e-01
2.017983494099458985e-01
2.293336149023479098e-01
1.469386516651423891e-01
1.186318863076701868e-01
1.544441213557012360e-01
1.817136227829279915e-01
1.010446503280506420e-01
1.288989354867342008e-01
2.693168083331636820e-01
4.109960072625740146e-01
2.129420683288007765e-01
1.089177631055632534e-01
3.412523808612859977e+00
1.780774014437164765e-01
1.632706739769158588e-01
3.849860228938164486e-01
1.045894719727251454e+00
2.888870955879728752e-01
1.042304105458387475e+00
2.153969651063828705e-01
2.299700603230367679e-01
2.404183645534590519e-01
2.632517418321757563e-01
1.355588023532616204e-01
2.058235509521674500e-01
2.151184236702503305e-01
4.670458577719835969e-01
3.031334697798671041e-01
1.091323223716678392e-01
1.243158669104553193e-01
1.198158703433342825e-01
4.506503832384756159e-01
1.089922884468739195e-01
1.626161917323180051e-01
4.474014711017950119e-01
