1.133257425674493862e-01
1.396796022665790782e-01
1.100476204600081553e-01
1.165947937695413494e-01
1.546984273106007113e-01
1.218479242344361335e-01
1.556252057424513113e-01
1.221901313497632535e-01
1.133840667648329692e+00
1.265551030245214426e-01
4.980647186706957941e-01
1.890636594383428848e-01
1.040315011065965356e-01
2.357257237695033758e-01
2.723430773228514568e-01
3.642477924165762326e-01
1.009238073732777186e-01
4.140132727502460419e+00
1.124100077317486124e-01
1.597338504297727002e-01
2.624399314524810678e-01
1.224092594975793730e-01
3.354314476802682798e-01
1.434787052498087967e-01
6.228394468090853175e-01
2.161698205868267386e-01
8.735354333365837887e-01
2.958798687660940119e-01
1.773946162114049541e-01
1.002887887151163310e-01
8.925489693301849048e-01
1.709184370045113421e-01
5.019917320572369057e-01
1.617647368559919085e-01
1.005330893988505558e-01
5.891027243346205200e-01
1.349480388336480596e-01
1.190956693135933886e-01
3.361909360834812177e-01
1.082956782572941923e-01
1.640828661655029386e-01
1.795905339683237234e-01
1.499299313152227808e-01
1.308736954288977627e-01
4.963056349247311205e-01
6.624937687131169373e-01
1.013367346500271549e-01
1.309224246210370923e-01
1.376807994439942506e+00
3.218564724586048809e-01
1.837928095301258058e-01
1.753096730325242603e-01
2.147666913698976776e-01
6.918062692286790494e-01
1.884005632740710645e-01
1.042236825934647754e-01
2.273896688076282313e-01
1.119054832030380864e-01
6.365194115973206168e-01
1.732956146956132759e-01
1.152128976795198656e-01
1.428554005036921093e-01
2.440279277424385607e-01
1.237340190045688848e+00
3.054501268481696341e-01
2.161697069106539026e-01
1.597901095699536256e-01
1.421350316312151307e-01
1.361274354474639181e-01
1.818064229263132436e-01
1.193838674879135198e-01
1.528603689592176740e-01
1.391894125044497998e-01
1.766718173423072469e-01
1.863768138340182734e-01
1.682494981312716020e-01
1.180352193381968978e-01
2.971082687999735406e-01
1.780284802780256193e-01
1.219640480963465196e-01
3.071361774131039502e-01
1.041630512583096718e-01
1.257264605180549999e-01
1.280507760117834681e-01
1.271652932663116242e-01
3.992745262970811004e-01
1.009792056698572554e-01
9.825125053500087802e-01
1.323906030863200856e-01
1.041171777745844990e-01
2.475369406884964096e-01
1.044841739883161091e+00
1.126506618640347457e-01
2.109054589613565678e-01
3.725049333209926594e-01
1.005980914174249841e-01
2.431638777275169083e-01
1.833389884823330984e-01
3.055639718192000309e-01
1.459526165884522941e-01
6.645311715037118816e-01
1.483294752220033763e-01
2.126794316499370230e-01
9.378300818475017175e-01
1.409605628271945743e-01
1.681610462028858832e-01
1.155224817649571911e-01
1.652949648570608276e-01
1.707052231144134125e-01
1.686365173973820852e-01
4.798219126190337303e-01
2.195487492487930570e-01
2.649810988330760786e-01
1.172841959602525519e-01
1.232946670318383203e-01
1.170309076080745109e-01
1.249834414730641163e-01
4.364011254157995068e-01
2.318849858574634770e-01
2.310433611102831741e-01
2.403197214148131422e-01
1.520251415837050313e-01
1.820813439153143309e-01
1.204329150663530079e-01
1.286603439861234710e-01
3.635600982871262654e-01
1.131144991538707845e-01
1.251814059593932826e-01
1.026276792129554583e-01
1.422461291812779638e-01
1.017062753255144614e-01
2.965867893517005527e+00
4.698250145082392137e-01
2.977740087936640023e-01
5.082647882686666119e-01
1.537450942272069465e-01
1.171052460762813108e-01
1.027427206123429776e-01
1.282003483913509434e-01
6.211811677257484954e-01
2.155835516353214132e+00
2.300030991342634779e-01
3.638045527425776138e-01
1.324499765159727616e-01
1.535560261922816472e-01
1.052305856723479149e-01
1.240975675175523679e-01
6.834393812238083399e+00
7.542205578164553614e-01
6.033341774012702885e+00
3.332565515499802400e-01
1.856374541141466716e-01
3.582222375333445341e-01
3.580469529854802269e-01
5.550140606439069035e-01
1.016808620875325087e+00
1.096030266601177194e+00
1.074357833506208587e-01
1.693795022149785501e-01
2.002228384175369913e-01
9.896512011881137827e-01
1.190734794602750224e+00
1.321410414614003770e-01
1.371719051904573550e-01
1.021473001443989337e-01
1.010831188926373109e-01
2.265820370100802839e-01
1.708364102281656749e-01
4.437220991813511373e-01
1.504302942464890713e-01
1.024245172889619859e-01
1.105026463273747206e-01
1.674343925708535075e+00
3.614510692427450600e-01
4.849523178414590352e-01
1.140087453506120063e-01
3.755661390868065830e-01
2.046231594257827691e-01
8.213975073545077832e-01
1.288573226713759512e-01
2.010570103069718173e-01
2.121010440289256282e-01
1.840820548082533481e-01
3.093669944682972961e-01
1.352885171540506581e-01
2.198939660409612307e-01
5.381112814374281461e-01
1.719882480204605046e-01
1.810491231129645329e-01
2.926525284667169102e-01
2.363596007364944518e-01
2.500617680715631064e-01
5.124711284998543226e-01
1.206043916091976559e-01
2.381532933533588858e-01
1.857548368631963820e-01
1.421784859052290795e-01
1.928707782034363716e-01
1.927153284409161560e-01
2.070769318247506485e-01
2.785215239607818360e-01
1.031682822633596397e-01
1.644530486641937905e+00
1.192217878833167904e-01
2.584637733157945649e-01
1.771710679015183754e-01
1.744687668310751505e-01
1.007267403605929534e-01
2.240601713759151625e-01
1.008862293668137122e-01
1.957392355152594854e-01
1.004247930329126293e-01
1.000477020795969285e-01
1.599258639827558781e-01
1.076694406286322403e+00
2.170387549410739414e-01
1.076250859199539001e-01
1.643890088905860525e-01
1.145105856048403425e-01
3.455725164501828872e-01
2.500285193535526918e-01
1.237608910774394416e-01
1.987693484657880871e-01
8.877438568195104018e-01
1.432418234701753335e-01
4.883073662571106865e-01
2.077622096624490711e-01
1.213703691896864112e-01
1.590825285402228395e-01
1.535456163821663222e-01
4.520163025638728982e+01
1.343928565581882228e-01
1.424613650083870475e-01
1.735336926193108698e-01
3.181596758166616024e-01
1.304603447429361907e-01
1.090424155012356816e-01
1.820776237944695675e-01
8.155466855312463181e-01
2.347685179459069182e-01
1.079507327530087601e-01
1.352954277822452922e-01
7.830440487506857838e-01
4.226859210401372469e-01
1.672220787997258651e-01
1.507770424232043882e-01
1.085694469308098181e-01
1.995846461561995966e+00
1.663552063941768910e-01
1.173891654279246161e-01
1.125390035733119937e-01
5.690518019232472247e-01
3.356738574667811892e-01
4.771025994089235223e-01
1.307908363009805175e+00
1.616739400859886211e-01
4.377547640634176784e-01
1.406594949623892477e-01
1.453238280462023357e-01
1.317872291730207424e-01
1.375874148322247248e-01
1.234554469172877422e-01
1.062547545451553166e-01
1.907913926477423083e-01
3.972470082230551980e-01
1.399732104212247363e-01
3.503152181857471792e-01
1.461909497534649716e-01
1.110595352071467534e+00
2.852915149869461042e-01
1.086246314908331789e-01
1.026054693111743826e-01
1.319582213377433755e-01
7.841832885068998893e-01
5.625335244994881245e-01
7.008782754108318080e-01
1.059807027085891279e-01
6.247993273383831703e-01
2.339662453357094662e+00
4.005003946181810992e-01
2.998226112234755880e-01
2.099076319871625573e-01
2.216001918478021637e-01
1.890670814146781509e-01
2.257582261380531863e-01
1.719912196074801392e+00
1.264956604713263211e-01
1.123948436482459096e-01
3.743635768076130632e-01
1.008607024914272704e-01
3.020510603220932233e-01
2.456825583774631117e-01
3.687495410440237431e-01
2.584724336574439341e-01
1.042372053039373747e-01
3.022721502567378704e-01
1.888201557592427415e-01
1.835048914160820055e-01
1.462246968334384167e-01
4.473876457340866253e-01
1.358475865612612521e-01
1.191828384280675251e-01
2.001932969685888963e-01
2.357716727803924328e-01
1.079970696537337765e-01
1.054477071265451649e-01
1.652063781495221872e-01
1.077510048319966496e-01
1.601631591478952232e-01
1.200212897545903101e-01
1.444822711281739114e-01
2.306974676957738724e-01
2.075568474511529371e-01
1.413387848561435123e-01
3.144020581110196222e-01
6.494249863312769877e-01
1.469011610766348397e-01
1.075882523818373210e-01
7.183653318807008414e-01
1.164810535733686453e-01
1.107513939304212852e-01
1.384893116828804782e-01
4.319026690460425755e-01
4.852350816356669205e-01
1.601863882676539674e-01
1.183164524641871634e-01
1.436289242477417072e-01
1.121627863063081598e-01
1.092052719069475375e-01
1.130056147687823476e-01
1.011548555773288255e-01
6.376802598427264712e-01
1.314487376327773960e-01
2.661516441192676719e-01
1.069116753167802802e-01
1.411522177492306740e-01
3.792818788876379799e-01
2.162847155729274162e-01
2.150849407677883074e-01
1.023879009134598395e-01
1.079621056608170759e+00
5.129750137233898277e-01
1.848955033792803460e-01
1.140258387809839902e-01
6.435314246192823662e-01
2.503519085359350305e-01
1.278168193884981763e-01
1.871698954924756741e-01
1.793817996736277953e+00
9.831302557459372649e-01
1.092884209653279259e-01
2.872475268792972769e-01
4.532480908333029190e-01
1.969927796244126950e-01
8.519648874936658345e-01
2.897846532596224378e-01
2.502863133765542147e-01
2.056353787265125244e-01
1.655420912014008428e-01
2.376084145153274929e-01
3.156159943902868692e-01
2.143704011546776200e-01
2.271475908803287092e-01
1.383654898094475172e-01
1.076860141456165432e-01
1.587933315056556660e-01
3.506459499498035814e-01
1.172882176056876946e-01
1.189969970240069008e-01
1.709845864572998031e-01
2.826767036849847647e-01
1.123316956862119159e-01
2.024010508036703238e-01
1.336893009616740569e-01
2.381221648389826862e-01
1.692015128559086756e-01
1.705852760785104560e-01
5.599648024269527902e-01
1.489081793773897044e-01
2.454704254493970950e-01
1.291066308027608578e-01
3.387307431260930812e-01
1.203997517401083767e-01
1.017463283867830887e-01
1.771943683815670745e-01
4.304252470838768052e-01
2.541264423785227211e-01
1.652864504978509563e-01
2.526817217035006169e-01
1.457761561539970274e-01
1.010148259104105550e-01
2.592760840849295256e-01
2.442430095611558549e-01
5.063161599300670668e-01
1.365514969015882707e-01
1.128551069574915688e-01
5.320965793190698401e-01
2.326901657088925046e-01
1.121080852945361833e-01
2.242872621889958062e-01
1.697764864929426631e-01
4.379615063032735178e-01
2.678434813952623172e-01
3.114388170740655104e-01
1.287404599037422492e-01
2.064906608923416931e-01
4.524238018232633607e-01
1.569461142808050991e-01
1.195354268418691857e-01
1.134472595411642193e-01
1.335738268751945623e-01
2.509937753284761097e-01
1.094377390095560981e-01
1.973879997350634630e-01
1.170257658956033037e-01
4.297282960390358397e-01
2.037797692201230859e-01
1.302779301583030513e-01
1.795015900119286967e-01
1.012601200914403088e-01
1.904527505798682130e-01
1.541021322712539943e-01
1.683496881036381509e-01
1.816931628567358126e-01
1.702314496995338544e-01
1.389233418948730425e-01
4.095271914656911649e-01
3.473553910422541025e-01
1.598642162656417065e-01
5.025153442196747200e+00
1.962080202421953024e-01
1.980819642934475433e-01
3.396981719100767849e-01
1.933318605920848476e-01
1.207515680219658355e-01
3.405717146280424212e-01
1.163276191573440199e+00
1.044456927295809995e-01
1.733080409400514499e-01
1.113236085731534736e-01
3.353411944197348671e-01
3.253114888235361657e-01
8.739297803153158739e-01
2.968392900678328838e-01
1.246553034119329828e-01
1.371595645924789941e-01
1.507211637053289255e-01
1.632278518245415255e-01
9.931683204193998415e-01
1.359147856755085759e-01
2.110019545308855493e-01
1.056859616452544420e-01
1.205470752795482881e+00
8.786808807053033687e-01
2.217697950887993485e-01
1.657410092785021882e-01
2.540000883600425641e-01
1.526607527846769452e-01
1.052467558767596761e-01
2.944634766387013158e-01
1.039670551964616135e-01
2.480671956141021206e-01
1.250324192520521904e-01
3.078824776576579714e-01
2.595486323047308019e+01
1.431655333147547060e-01
3.377944195308559272e-01
7.928826580310108785e-01
1.087492713654308885e+00
1.196730904084014474e-01
1.165354018568353078e-01
1.491101463372362934e-01
3.558699144033943274e-01
1.026326444520941905e-01
2.149315475131017839e-01
1.265729161620012810e-01
1.681545166435718386e+00
1.682900383464375205e-01
2.001434327311645556e-01
1.985379463180187709e-01
1.745351471067515259e-01
1.091214174659360658e-01
2.741666457662939038e-01
1.345212037389589277e-01
1.254062437278800346e-01
1.079255236219356595e+00
1.010562195123309026e-01
2.829209185775647395e-01
1.808156645003008434e-01
1.667287943653456284e-01
1.832028264346664825e-01
1.650478802652732280e-01
1.254429483039880555e-01
1.035608552352828698e-01
1.008313026556756226e-01
1.325645644953456215e-01
1.030986980490697369e-01
3.363926020008924933e-01
2.488431543782613498e-01
3.754755325153932288e-01
1.141427666043002970e-01
2.901949617212483679e-01
1.707513477279772318e-01
1.277490485001169795e-01
2.372621314429194939e-01
2.017273735749542496e+00
3.288890427917381398e-01
1.025438750330812110e-01
1.130645378200733353e-01
1.667392559272811714e-01
1.012315060281669399e-01
4.603892091971494849e-01
2.623752482487297089e-01
1.730425097671797474e-01
2.144558659897373154e-01
3.123512560166263330e-01
2.277469538880257938e-01
1.171251410659970155e-01
2.336292966417827521e-01
1.743262207973030609e-01
1.197664016391666864e-01
1.477720559561004066e-01
1.371290698329635349e+00
1.024133610381882803e-01
1.265613445244218316e-01
1.695041193793074275e-01
1.560964502163449397e-01
2.036312250046246608e-01
1.671247184976923095e-01
1.299708002824296882e-01
2.623943372943354779e-01
1.911030331943172067e-01
2.768511049848008665e-01
1.158043105833715114e-01
2.008454851672477615e-01
1.199954030558182616e+00
1.233702562693916205e+00
1.279231238627248357e-01
1.361368792059961752e+00
1.157237388178596754e-01
1.398979932284692973e-01
1.169479759211352887e-01
1.673081782938978246e-01
1.601186833656010666e+00
1.194820487371520967e-01
1.028932747703529965e-01
1.026429849734610045e+00
3.749567403273698085e-01
3.170891730726662638e-01
1.028059789344811376e-01
1.202336652236049575e-01
2.165160654792671613e-01
5.765210103299066580e-01
1.409773345560468849e-01
1.375204424623023003e-01
1.178906263546333905e-01
1.394995634650124383e-01
1.556501957117991941e-01
1.835767301703169208e-01
1.643186089027360630e+00
1.070538145401332825e-01
1.978565016154961720e-01
1.059524885487249102e-01
7.526362153321356496e-01
1.858326254741810013e-01
5.026897509638862394e-01
1.682473001538780377e-01
1.035413620062897722e-01
1.221212391517857015e-01
1.019587569973526703e-01
1.380697093458433944e-01
2.162580197298980544e-01
1.597723060444011522e-01
1.233420037147738291e-01
1.434140512328170025e-01
1.045052550829298488e-01
1.157854865859724303e-01
2.679378259066065304e-01
3.169934977366402062e-01
1.078478161869227958e-01
1.702402735032088610e-01
1.096876099839211305e-01
1.062589646604334970e-01
2.549417191913318503e-01
1.702931679664023146e-01
1.850363729786196343e-01
1.829270510894515644e-01
1.297598867351640040e-01
1.595338152325568859e-01
1.213319394514343896e-01
1.928048023150971402e-01
2.494159274218722688e-01
1.207367103083063359e-01
1.134177102884375704e-01
2.159983301644134990e-01
1.840912425142204878e-01
2.629947642085077031e-01
1.814932891552157868e-01
1.078825220107641203e-01
2.278289096494982013e-01
1.085281718939861834e-01
6.196979600669334509e-01
1.098008553078906324e-01
1.259185995894778476e-01
1.270415041816200519e-01
4.588255774081359206e+00
1.197081755100617290e-01
1.695039612577339538e-01
1.275299013027319794e-01
1.099808618641475305e-01
1.990077557292228294e-01
8.789317781099712512e-01
1.280919757195677633e-01
1.503716990001445764e-01
2.433297091281652058e-01
1.425422107113288317e-01
1.457263874397074777e-01
1.151746700863244266e-01
1.067046106648683046e-01
2.137395067660858017e-01
1.653013197161541603e+00
2.815177558760520782e+00
1.414124566505930436e-01
3.936705287215938598e-01
1.092394172375379668e-01
2.278607501024945137e-01
3.819918010738789227e-01
1.126457504680630217e-01
1.268985772385225752e-01
1.042958285343994485e-01
1.372904387856153929e-01
9.619333245493693063e-01
3.148389468355748955e-01
1.775443827068417801e-01
1.068222045483039201e-01
1.324221875036728779e-01
2.113998332492483812e-01
1.056334735408979847e-01
1.070880289537133462e-01
2.024241550311048909e-01
1.767744637249011597e-01
1.083220310689596011e-01
4.973353620533436104e-01
1.061494058754776371e-01
1.284863974394055974e-01
1.433619264613384681e-01
1.041856982353047689e-01
1.665703571307092512e-01
3.469564301902920422e-01
8.300929830458537717e-01
1.682318484515449020e-01
1.553608921081982563e-01
1.105621996948858571e-01
5.074667681337465819e-01
1.394054938133825472e-01
3.240439750634596661e-01
1.524587299161609122e-01
3.509866914628034240e-01
2.738775170165705375e-01
3.049578183462860470e-01
9.681416034366752132e-01
1.632420592645263957e-01
1.100134346172841893e-01
2.077741767027233011e-01
1.479897944995396397e-01
1.063565733824025500e-01
1.960300658156619025e-01
2.349810411347175165e-01
3.480796078345214095e-01
1.082513062499161488e-01
4.441145006952402774e-01
1.593935643160516447e-01
1.521765449473555520e-01
1.036210513006015077e-01
1.821389204006862217e+00
1.367356404687529448e-01
1.663701493048921065e-01
2.410618494415699420e-01
2.889797176526418543e-01
1.201791444149674232e-01
1.597838550244088385e-01
1.451940956451437115e-01
3.344272923655380314e-01
4.381500465186504711e-01
1.108592118609357940e-01
1.622659765309795998e-01
1.221471388348057685e-01
1.670519030980305297e-01
1.156072166078546681e-01
2.506860192244317886e-01
1.232227964721281099e-01
1.675555931762498507e-01
1.975079995894624685e-01
1.169527605756628397e-01
5.435656001149291594e-01
3.296428654529784397e-01
1.122516224849034600e-01
1.115473552940881574e-01
1.312799728849158021e-01
4.698895333252531836e-01
1.659547134774471133e-01
1.515389118718293571e-01
1.069083272452825278e-01
1.544405031054494337e-01
5.216730042584571958e-01
1.264319698257265201e-01
1.265099534106802481e-01
1.289555857606440592e-01
1.091615979188935576e-01
1.029656710421703453e-01
8.493109867094719156e-01
2.704784897717459891e-01
1.065405631014670063e-01
1.063869638482609209e-01
1.682759493939012252e-01
1.252601389714334545e-01
1.441932025495098468e-01
1.501193406623408111e-01
1.778664327438598258e-01
2.383237369174149023e-01
3.310856465883159627e-01
3.738017383833283080e-01
1.258700577796739994e-01
1.122071789590898816e-01
2.531250715244354743e-01
3.126027535515501499e-01
1.060926964538197875e-01
1.553605644128219776e-01
8.433959360950176176e-01
1.895873341577506865e+00
1.085371965722997240e-01
1.034855871333507649e-01
2.447277009217050936e-01
3.713620300622187398e-01
1.360918136742649276e-01
4.410416685362221756e-01
1.447845076299248690e-01
1.933235508722818130e-01
1.188683436552522843e-01
3.429755179415062138e-01
1.131321369936064553e-01
1.088542798719459442e-01
5.565893981550509295e-01
1.103142112043374867e-01
1.108693432878157803e-01
1.050784945662566749e-01
1.086491426016927414e-01
1.285013733398839841e-01
3.120077828332061820e-01
1.353666422740840980e-01
3.873954781226459088e-01
1.256038289744447478e-01
1.428378493590270470e-01
1.782764733992397987e-01
1.049722035791811336e-01
1.524626297130555475e-01
2.131644905730933626e-01
1.857576214701700978e+00
3.840849389195021280e-01
3.214162684041681484e-01
1.042664678369395886e-01
2.068756252270657348e-01
1.303829079595882623e-01
3.083876745510808481e-01
2.602038172039018438e-01
1.665946055079309263e-01
2.827576619001951896e-01
1.504239865972448742e-01
1.113392530733147007e-01
1.107437200833200075e-01
1.586504471960544504e-01
1.208030462774044023e-01
1.639782294186646894e-01
1.478741334919618511e-01
1.120299078803040360e-01
1.096590663237087676e-01
1.034149481053006303e+00
1.109669737949979668e-01
3.011576435308765953e-01
2.341206714565722824e-01
1.607334738894309611e-01
1.440655776166786528e-01
1.950062262552897385e-01
1.806677263965170699e-01
1.303675196892407351e-01
1.244458294434176021e-01
1.589877754793198594e-01
1.809864450558932025e-01
8.172362617114030670e-01
1.125443142695110171e-01
3.774013258535882098e-01
2.298182408129337273e-01
3.742807009710149568e-01
3.568464692411839057e+00
1.868436281178101344e-01
1.468828182044152608e-01
4.888695098976670872e-01
1.573138904657087889e-01
2.437211520403714804e-01
1.265439056510511417e-01
1.423457460893452264e+00
3.073478408246995475e+00
7.961065190302867300e-01
1.314831733258357283e-01
1.916282021891698717e-01
2.480532017911903919e-01
1.004442468820445217e-01
3.013583227524835872e-01
1.026455946250598994e-01
2.784413633881129835e-01
6.720409256807569065e-01
2.814862583301911969e-01
1.796378829018520917e-01
1.531985819950590078e-01
1.101049649269837949e-01
1.529248090951046413e-01
1.481374393882572693e-01
2.782912854840599026e-01
3.770599570635650988e-01
1.016760248252801535e-01
6.007922600272472380e+00
6.235664675152727821e-01
2.914126981176774489e-01
1.671807692517928434e-01
6.680823248952639792e-01
2.704381816622525858e-01
1.267051443597493054e-01
1.544356618619301402e-01
3.343179599660908163e-01
1.835239910834793875e-01
1.019603871682380758e-01
2.366557907025448049e-01
1.356261612994096311e-01
3.915280047959433518e-01
1.045776875491334912e-01
2.317855048860714973e-01
1.043805205597175267e-01
1.344179517007433600e-01
3.404108271183449164e-01
2.119861107936689137e-01
1.128242063893108327e+00
3.170792262176246878e-01
1.676935563069815727e-01
2.031337225428869742e-01
1.196799210988372802e-01
4.203507275025748502e-01
1.047315696197907847e-01
2.408165929199017341e-01
1.017922309550904236e+00
2.863676050006384588e-01
1.652393143162090849e-01
1.220249269450609519e-01
2.201499181082675616e-01
1.064323364889238621e-01
1.492843970257129171e-01
1.340905010623481552e-01
3.335456573318987816e-01
2.683526926374787958e-01
2.244304397439987331e-01
8.105076544328460031e+00
1.077446955108203097e+00
1.115556692747676354e-01
1.236900896692266355e-01
1.275148977416940832e-01
1.255744673724814020e-01
