1.485797138824626051e-01
1.082546098675191693e-01
1.916905079526763922e-01
1.167433300076665542e-01
1.706449676020731776e-01
4.810537558253491497e-01
3.097047759951468970e-01
9.396418809975437547e-01
1.350300441413269659e-01
1.181698934795855777e-01
1.147435239338959329e-01
5.135622938833520612e-01
1.014972768039547057e-01
1.773971609136248129e-01
1.905149530022175464e-01
1.367457367484039010e-01
1.838857827583795235e-01
1.109723890131063817e-01
2.557467763169313790e-01
3.356443001170290596e-01
1.195056380428618087e-01
1.464828356046944391e-01
1.170781976206424491e-01
1.005092132862126786e-01
1.516080166656487815e+00
1.636606656118217706e-01
2.006264867042986122e-01
1.302344297187353339e-01
1.028195536225394169e-01
1.905151395733027109e-01
1.157957638234437675e-01
1.102402327079710087e-01
2.360746976030994593e-01
1.158914298191464631e-01
1.512193260898347658e-01
1.654286091410893389e-01
2.199116683630067404e-01
4.110702177062490192e-01
1.277763800555658524e-01
3.686547919800045037e-01
4.180314049607316562e-01
3.172767161181683226e-01
1.415410562907347958e-01
1.368521078914479439e-01
4.593605269607115571e-01
1.143730709283016456e+00
1.852457112904338787e-01
1.562232666573775963e-01
1.160347568126840340e-01
3.943045612488123575e-01
1.498290232401041366e-01
2.734247926149113717e-01
1.349090267367527018e-01
1.259141992615767092e-01
2.043525301198323152e-01
1.244330804963073578e-01
1.897106138411868148e-01
2.432597438938517431e-01
1.714815656781105147e-01
1.964108105055677456e-01
8.808375957740960160e+00
3.086670411232137479e-01
1.158799026855503317e-01
4.116014929440021120e-01
1.522852933292225541e-01
1.113210340095150824e-01
1.119746127420642029e-01
1.127970085504622633e-01
1.125040211002590884e-01
3.749922489321345087e-01
3.353919935558467458e+00
1.873016835998818075e-01
3.116239612998676911e-01
1.134047429405070223e-01
1.043719553034528763e-01
1.208881576813833070e-01
1.372741007080418851e-01
2.759668700298749111e-01
1.040080128903156376e-01
1.336109196896742846e-01
1.080439579450420962e-01
3.060647589383567180e-01
1.155611327114294817e-01
1.029900759705770774e-01
1.973969307176088039e-01
1.053409916335898144e-01
1.356557845942465979e-01
1.258946957615203754e-01
3.084239516746091758e-01
1.516796723617685583e+00
2.593017540246506103e-01
1.304485126435253883e-01
2.212613182928024891e-01
3.189680095221792966e-01
1.494708428396324118e-01
1.281738222852693287e-01
1.104522491608506130e-01
4.747148005759495581e-01
2.612529980146764963e-01
1.964482880642999252e-01
1.354055812358158917e-01
1.932656789963803634e-01
1.219877724295483773e-01
2.148489312804271467e-01
3.247502813822351619e-01
1.184624516997433014e-01
1.301018487792073575e-01
2.978106501500700776e-01
1.543746940489554020e-01
2.947421595082428403e-01
1.070455469786640440e-01
1.560661231076413413e-01
1.103761188227481149e-01
3.272847039243120815e-01
1.172660565835866725e-01
1.026236885983125013e-01
2.338207481074675576e-01
1.421720277697360035e-01
1.309530944718635959e-01
1.230441363292211626e-01
1.020714515540036421e-01
2.144079639661110814e+00
2.364419010414907096e-01
1.089416838726504910e-01
8.209040055278704617e-01
1.008677778134346170e-01
2.742407668431132151e-01
1.542291207987812607e-01
1.223588121480410629e-01
1.447805139603479396e-01
3.114875887169837876e-01
1.352926565309688078e-01
1.208258360913169460e-01
2.238820474128027094e-01
1.972980897868756023e-01
1.616865274522752971e-01
1.245638299445190750e-01
1.191443121741572186e-01
2.850899783249733477e-01
1.404141732327734982e-01
1.933981639395311591e-01
1.107641401524019353e-01
1.151842052574170827e+00
1.586560567118294518e+00
1.595525221478255040e-01
1.134152444274449112e-01
2.041540051645127196e+00
1.324614010683788923e-01
1.379716666811517667e-01
1.393111297038955032e-01
2.656137404319351969e-01
1.423329060177135064e-01
1.248394794631771804e-01
1.246340502649211368e-01
1.150633317330077565e-01
1.359282213703567055e-01
1.389672089743926864e-01
5.476664431148803303e-01
1.182212071469247727e-01
1.637350604080911154e+00
1.172053789805443946e-01
3.049050208813103291e-01
1.026785726658217546e-01
2.699266033844211488e-01
1.487714081009990641e-01
1.028448853000804575e-01
1.667841725662557451e-01
1.840288126860073203e-01
3.629286740590353944e-01
1.223318117360251006e-01
1.157071291304679450e+00
1.741088195247205150e-01
3.400096784815446749e-01
1.763715501679091746e-01
1.797276200454425155e-01
2.014097843305709956e-01
1.273481602551486680e-01
1.123088964832847786e-01
1.023857038598443570e-01
1.096580400865432292e+00
2.444408932829897074e-01
1.189999979324709578e-01
1.093897978910725599e-01
1.650181356607299810e-01
1.399747901899105251e+00
2.261447059027041906e-01
2.938209218085841568e-01
1.493534228497702676e-01
3.858279763606965451e-01
1.291207383032200728e-01
1.019898573424365823e-01
1.301667956464600262e-01
1.381837112177153049e-01
1.125572670667939895e-01
1.141408108549588074e-01
1.254971353049918470e-01
1.213884810754156524e-01
1.027658896533295424e-01
2.373969359433205195e+00
1.036117935497606057e-01
1.328083092034753054e+00
1.528141573870425984e-01
1.340606383030075177e-01
1.166974685429523761e+00
1.070120061729835509e-01
1.087693723114139949e-01
1.212745783032393582e-01
1.391714704185047224e-01
1.926313267403274299e-01
1.048848567911560281e-01
1.057135463394523467e-01
1.290157755049543831e-01
1.476957379649163349e-01
3.033100757661635893e-01
1.834288065259369049e-01
1.057289259216474542e-01
4.029544013857618845e-01
1.141961305513247427e-01
1.062028842861428707e-01
1.016401447977863803e-01
1.070732808829563398e-01
1.623866329285141852e-01
1.113767739941612378e-01
6.440206462151957467e+00
1.047183201496443561e-01
1.274855735934540713e+00
1.259778522015754798e-01
1.821678529746170450e-01
1.193362574206812132e-01
1.805857907626072512e-01
1.026136075178248896e-01
5.873720052700022176e-01
1.789337657297816186e-01
1.680916471581200555e-01
1.213420044955512145e-01
1.699149770304583806e-01
1.264097883051902016e-01
1.069335950834823801e-01
2.504132942071768397e-01
1.314700186754974576e-01
1.675048196477749440e-01
8.043767278362632389e-01
1.482396214049572225e-01
1.636466250308249715e-01
2.110782909231840587e-01
1.379555104024197953e-01
5.518099016778003074e-01
8.822210201214316649e-01
1.434289560781518424e-01
2.368746853464823721e-01
1.446836770051604104e-01
1.396711839103081665e-01
4.232598824811186211e-01
1.822827741374623833e-01
3.689173278708615111e-01
1.055198906737261633e-01
2.080860549228929490e-01
1.679661442871071275e-01
2.501289938631298670e-01
1.244655483710464944e-01
5.157214459488019820e-01
1.164508400062124749e-01
1.017687693756812728e-01
1.666654581617445507e-01
2.166176660808167009e-01
1.477427917433541127e-01
1.157144856277106948e-01
2.239797693132264200e+01
1.040685145645259269e-01
1.219162963037761227e-01
3.050438107641535446e-01
3.914207240365893403e-01
3.645572401566789522e-01
1.828371190397919122e-01
4.605142524509737156e-01
1.183237115572529641e-01
1.708120019392669331e-01
2.375514409514362102e-01
1.478951602654956787e-01
6.262196174712700847e-01
1.518128278686770305e-01
3.391527350218766501e-01
1.069882522504960048e-01
1.267390064905947467e-01
1.604264662263109875e-01
4.079786104390661361e-01
1.696618337795873233e-01
1.346661865351628518e-01
1.093551295879012786e-01
1.000047317725558660e-01
1.929876896338765802e-01
3.589907323170364872e-01
1.122779526310974385e-01
1.520114818819549019e-01
1.225752612968978861e-01
7.480334923737541608e-01
1.431080655525354961e-01
4.346760719240426174e-01
6.524541828406604793e-01
5.605904097328606728e-01
3.110985427061020991e-01
3.998476910933317363e-01
1.338449703691056702e-01
2.504946704839982052e-01
1.252036220678547085e-01
1.540715702856394254e+00
1.244671820781013266e-01
2.031011728193752863e-01
1.675445871790182950e-01
9.311521771886325238e-01
1.035266649596457561e-01
2.460239004360350867e-01
1.390322992509148425e-01
1.086562680162862365e-01
1.744635578473583415e-01
3.742291820410546532e-01
1.037908026170176745e-01
1.181657993134804796e-01
1.456333533630203014e-01
1.271653764206673864e-01
1.800506239245801554e-01
3.244032580844515845e-01
1.140430634130260440e-01
3.736943536478920525e-01
1.368071273231746543e-01
1.058141456453383783e-01
1.120374480256994404e-01
2.094657557313519547e-01
1.918832928746568023e-01
1.612484511718808022e-01
6.464061786807105969e-01
1.770228416881994171e+00
1.490377550244894600e-01
1.558077520731950827e-01
1.997145915554330853e-01
1.926247633798037207e-01
1.121765696378096699e-01
2.675666824520613885e-01
3.709621440738419818e-01
1.004866469981538502e-01
1.403919027871742831e-01
2.671844125082966648e-01
3.024019640201137671e-01
2.797939516610404298e-01
4.675481723995404959e-01
9.826017128349141538e-01
1.048611787174057036e-01
1.220254547682538271e-01
4.308305799985138740e-01
1.128563182557103528e-01
1.466033270013972767e-01
1.895555798494004129e-01
1.508962332448764154e-01
1.063728307228498510e-01
2.538038540707073798e-01
1.900276216510569938e-01
1.465093362933559684e-01
1.751765785447419455e-01
1.923359665503251037e+01
1.362628127290872460e-01
1.578783270822381901e+00
2.559150348086314253e-01
1.686673054380578574e-01
1.136382213086329501e-01
2.917880592916772819e-01
2.182037314368004965e-01
2.111144440671604561e-01
1.509698979427486487e-01
1.920960007556541949e-01
1.071756762111508582e-01
6.707100880159526657e-01
1.008708974263611974e-01
1.046136203002205334e-01
1.066896877848854813e-01
2.903980498999616966e+00
1.319830861388074650e-01
1.347110850661824344e+00
1.709905817868945466e+00
1.233566758704768840e-01
1.484540311657791545e-01
1.750868122780598335e-01
1.093054914465272920e-01
1.742291078603031007e-01
1.450684195869198501e-01
1.081102799697258032e-01
6.406663018511258301e-01
1.029741409868058233e-01
1.232046763086280666e-01
1.036016355951037138e-01
1.441304283585753965e-01
1.310928378185486076e-01
1.232677297933245514e-01
3.334555192221566045e-01
1.906275907709061856e-01
1.025720189098071888e-01
3.040708777288880782e-01
1.327084626963473679e-01
2.466341517524472671e-01
1.926457263792440977e-01
5.159680486690573220e-01
1.016983816804404750e+00
3.189229954345729201e-01
2.270476939218708246e-01
2.214070481778512844e-01
6.196830878270024323e-01
1.160955139212143106e-01
3.169597636832472975e-01
1.037508974898063291e-01
7.830827664819541845e-01
1.241443662033587803e-01
1.023376169373059474e-01
1.898177424057003737e-01
1.170888130150725265e-01
2.264131625093027955e-01
1.884189624296552512e-01
1.172569355433985550e-01
1.081301314197019442e-01
1.089084516304790057e-01
1.345657463260239439e-01
1.331531894293123963e-01
2.102880425634659489e-01
5.324263404846746317e-01
1.674844398963376002e-01
1.043580321130926081e-01
1.819747802676426329e-01
5.378905461780622010e-01
1.363645242168018690e-01
1.223353365339151511e-01
1.308380504367664954e-01
1.043077087604697833e-01
4.643842870808311263e-01
1.152603775071836811e-01
3.820875138691758321e-01
1.286060907981823875e-01
1.067487929665899005e+00
1.430470847769291232e-01
1.032345725159323213e-01
1.051928390671677677e-01
1.342270192064199119e-01
1.261514877078267205e-01
1.201534386839956947e-01
1.102153980277674528e+00
1.011256739597438808e-01
1.090271198314200496e-01
3.047095192503896044e+00
1.318145449672626646e-01
1.509547085836286717e+00
1.302700417790773058e-01
1.298154776445773761e-01
2.829998419618351968e-01
1.375995087808062067e-01
1.264030741558973103e+00
1.525041325843582984e-01
4.592948010214713550e-01
3.640652609552011421e-01
1.523851865459630028e-01
1.010031246181596343e-01
1.426690008120299058e-01
1.017899016677854818e-01
1.363855863829480097e-01
1.311183680888587111e-01
1.822647996927073688e-01
1.083568436853488831e-01
1.327372458574216929e-01
1.066964112091190187e-01
1.125592483250900805e-01
2.438237256646972329e-01
1.125660147534219835e-01
1.094796914666243959e-01
1.748016606137509088e-01
1.276073612211557073e-01
5.412479308534233757e-01
1.753414862169496713e-01
2.992561266571233114e-01
1.966980882921069707e-01
1.147725475344314322e-01
1.012010564569727766e-01
1.084789892227225466e-01
5.974068437690486233e-01
1.658077542719139652e-01
2.291297445631718110e-01
1.835718595465581915e-01
1.062612104397232804e-01
1.652030875981417291e-01
6.333903032588863447e-01
1.377384291356940349e-01
1.753968523626581177e-01
7.893688979423306717e-01
3.194207713637431945e-01
2.086497072970769917e-01
2.381735832189613711e-01
1.302968481479254703e-01
1.669004163993198508e-01
1.336010658613143720e-01
3.773636116928944517e-01
1.637573424429702440e-01
1.078086585518711615e-01
1.998337730781873101e-01
3.871321285455548433e-01
3.073843003255216644e-01
7.964210481989112411e-01
2.089397250783404658e-01
1.103234538831485562e-01
1.441986091417676585e-01
4.182508527037609447e-01
5.754807676130323513e-01
1.548389056083193660e-01
1.891000526841647711e-01
1.202162568618621308e-01
2.233059505687472746e-01
2.180109487779696709e-01
1.334456236711117627e-01
1.917052758690948044e-01
1.405971089696986531e-01
1.181923949748346558e+01
1.112312684927044409e-01
2.181797129481916342e-01
2.498381336880063364e-01
1.298301290660420215e-01
1.397624845410051775e-01
1.404905934082362196e-01
1.034144603574018162e-01
1.726568820611074917e-01
1.105390143301673289e-01
1.663976120222939725e-01
2.868036147741316877e-01
1.608318089121825167e-01
1.031614332769854869e-01
1.990686575445621831e-01
3.368841305724799007e-01
1.303397890564760020e-01
1.357652016697713238e-01
7.905722429561710118e-01
1.461569583580268339e-01
7.080100717686433898e-01
1.774100971102651192e-01
1.757210900704449519e-01
1.133158533638045501e-01
7.965958247447935126e-01
1.205282316148543753e-01
2.341149687310829786e-01
1.645027433301928799e-01
8.780350069511554389e-01
1.278540993105923840e-01
1.195499255315524700e-01
1.516192033024870156e-01
1.699085470084299720e-01
2.748647253453810335e-01
2.553787194341846645e-01
5.136758811626819243e-01
1.532387376914901012e-01
1.044269597169718566e-01
1.681851182565726466e-01
2.408042766649845512e-01
1.008998704540196717e-01
1.644812931994285021e-01
2.408610262414838665e-01
3.768301052344797952e-01
1.246664302873064512e-01
1.184580155542106078e-01
1.232518033651246459e-01
5.747720915082900062e-01
4.604462999818308977e-01
1.481161321177973389e-01
3.223165647463673289e-01
1.943486686344790271e-01
1.123949915355349632e-01
1.299812660731910208e-01
1.405550770474029709e-01
3.247292625497870122e-01
1.576958394427715460e-01
1.135167451763287594e-01
1.793794236234283468e-01
4.562789620520111278e-01
3.356099759858388598e-01
1.312952835257204798e-01
7.247479019638785047e+00
2.619225538144647203e-01
2.078277055200035695e-01
1.795599894300432819e-01
4.674677774867076474e-01
1.008903169621536977e-01
1.245057961686343306e-01
2.661343159092940946e-01
1.885412292219424690e-01
5.445922746422487970e-01
1.313292923284379299e-01
1.619827143200529007e-01
2.624551770582649879e-01
1.194319051108435059e-01
3.810275805895058654e-01
1.944002980625951782e-01
1.285881099323748777e-01
1.105198966978206548e-01
1.608823546723646136e-01
1.710938991325393066e-01
1.420509554779849082e-01
1.364800042184705908e-01
1.530016311527609973e-01
1.802744287285206193e-01
1.253224742511759859e-01
1.998963280906027873e-01
1.296028076255162087e-01
1.152600965545359513e-01
1.022937154614743244e-01
1.677872289032937558e-01
1.380854360447980878e-01
1.227516409748800330e-01
1.001293392416148509e-01
1.548246345546330782e-01
1.817517945446109617e-01
4.044280758775756768e-01
2.372988649031340103e-01
1.070304414214400812e-01
2.911736138436635257e-01
2.716542773336589889e-01
4.127151808660966537e-01
1.133982601650749822e-01
3.089824249642807441e-01
1.001001221455773832e-01
1.139247668610572639e-01
1.667259509670990791e-01
4.652317427985125931e-01
3.329212220042964132e-01
1.075175609367635954e-01
1.620612669231763725e+00
1.888646426610419704e-01
2.271170158525106231e-01
1.349158057110381448e-01
1.413996112523187021e-01
1.714337540083197275e-01
6.982056635147020351e-01
1.990399278732052357e-01
1.237875702645767489e-01
2.240291366964651809e-01
2.396683101615658673e-01
5.507677821274415964e-01
1.027436109235596029e-01
1.288277540255977904e-01
2.576201237748105277e-01
3.747326855745148344e-01
7.400662968414472687e+00
7.242229984715599089e-01
1.348567352064940217e-01
4.524848230523792481e-01
1.258558597264658185e-01
4.110562640122719102e-01
3.339728568252140484e-01
1.333504977393369650e-01
2.340955740397172302e-01
2.792607742056258391e-01
1.068275622472742853e-01
1.003516414702941700e-01
2.084009190073578821e-01
1.203109095949822516e-01
1.006661510670642801e-01
3.077494747714878964e-01
4.535119713640885841e+00
1.664830276653550545e-01
1.007297222779862944e-01
4.732369358201901832e+01
2.336751290870641151e-01
4.994064384537728052e-01
1.356248453597258818e-01
4.738019911889488900e-01
1.041393359276458902e-01
1.165604918200988105e-01
3.126218331004924078e-01
1.151197682543542711e-01
3.275409486883611443e-01
3.321686004226511724e-01
1.889798468211465909e+00
1.352356866907739874e-01
1.132619311970120696e-01
1.365917092996434268e-01
1.622115049878879445e-01
1.448373776312384675e-01
4.232702047608186691e-01
4.745800940036359883e-01
3.433753456015144478e-01
1.429271153982069886e-01
1.052817833879975268e-01
1.872480936487599945e-01
1.146987932901934182e-01
2.306865421888991130e-01
1.135594399021483680e-01
6.573983015731741375e-01
1.027937924388970664e-01
2.343984931121751991e-01
1.596579165660873267e-01
3.294019745188252468e-01
3.717484428714590283e-01
1.390363943361302701e-01
2.335457945949061254e-01
5.369104812271968674e-01
2.530305342600370211e-01
8.974664427682020884e-01
3.122013675097823904e-01
1.094789558443820393e-01
1.272153125557293485e-01
1.255824249034941942e-01
1.326104471181399624e-01
1.042377769804002513e-01
1.162666311912163297e-01
3.852206523776204317e-01
3.274963579285594673e-01
1.161227935766938196e-01
2.179930542137500094e-01
1.345202638192737055e-01
2.359991798141369002e-01
1.474208911350979589e-01
1.241741401019346852e-01
1.240311953905061798e-01
2.263212645638384979e-01
1.060216954144081458e-01
3.948745596438714700e-01
2.581218152734399141e+00
1.200818674428299621e-01
6.457063794017460223e-01
3.243850267894978212e-01
4.853567392995112861e-01
1.442825203542807078e+00
6.589060528249802706e-01
1.622690706091429735e-01
2.077834958247204433e-01
1.568940132296250678e-01
1.643738117219131212e-01
3.339779116088620881e-01
1.332086848161020409e-01
1.188966989439616262e-01
1.884748104826097503e-01
5.481369900507776505e-01
1.050590237294293933e-01
1.275045160167382008e+00
2.530898167947945310e-01
1.662063040516739976e-01
2.317636704292949656e-01
2.213705290900191691e-01
1.039064962943380410e-01
1.797819709343324301e-01
1.500308424338314128e-01
1.563788521065326009e-01
1.128292103118933298e-01
5.141366707317277518e-01
1.037496950131405193e-01
2.935593808394902915e+00
2.366332482583363983e-01
1.609940893153583019e-01
2.808139930881251023e-01
5.843389037526349750e-01
1.618620316570607842e-01
1.888839449343431010e-01
1.107045830906653178e-01
1.237395482755490050e-01
8.708855403629544023e-01
1.061548358027903788e-01
1.513019976346411388e-01
1.121668080569338533e-01
1.341922538000061005e-01
1.825638399659021971e-01
1.326011555800461206e-01
1.411712746805627861e-01
1.318372689252950147e-01
1.279353725442516909e-01
1.779363683273538221e-01
1.580608424969243975e-01
2.830050653185218201e-01
1.244000661467261626e-01
4.468972811123899103e-01
1.803248071138115749e-01
1.745757400635465917e-01
4.946262406581545257e-01
4.128757971032336882e-01
1.511784705972115672e-01
1.996225936959765690e-01
1.022936939016615698e-01
2.304283596560064984e-01
2.606376756180920906e-01
3.830009037630342505e-01
1.224012869672774645e-01
1.733186439022666447e-01
2.694051837742343913e-01
1.909069629445844796e-01
1.190615687948063939e-01
2.413584154254946879e-01
1.528984231157499984e-01
1.031708598643419350e-01
1.744074368757896898e-01
1.031209086221119842e-01
1.148081574972507762e-01
1.373517683373692844e-01
2.186196373936008241e-01
3.990445383205415419e-01
1.291866881256461264e-01
1.842919834425132963e-01
3.038967771248091143e-01
2.543580759246696910e-01
1.149510153390151390e-01
3.050290508681941515e-01
2.533951041877752774e-01
4.490941584464105962e-01
2.429334273715752612e+00
1.147602060160001075e-01
1.201848109983957580e-01
1.420375752755491383e-01
1.647856936334815281e-01
3.155465999425916546e-01
2.829443767205154781e-01
1.142101303967632958e-01
1.813280536401782328e-01
4.224085075452362337e-01
2.583930273964215596e-01
1.047670299054256626e-01
3.305074441334746038e-01
1.350299775539289260e-01
1.203607387751276514e-01
1.185850721107055555e-01
1.491827893715369224e-01
2.712907573574064313e-01
2.678009277988057657e-01
3.739069299946909952e-01
1.407058617327262284e-01
1.044884380790309930e-01
4.786518737459059536e-01
1.575720717054738262e-01
1.918400185750797904e-01
1.443958133128292742e-01
1.018737033194669905e-01
1.356101927871774249e-01
3.044912572560072861e-01
1.704238548905787354e-01
1.144429225908023817e-01
1.052881234931900140e-01
1.545890829239819353e-01
6.261756754029897953e-01
1.422355458805559802e-01
5.158475246811921044e-01
2.074421469912461624e-01
8.090574235922889379e-01
1.753617940561418009e-01
1.309389422923813995e-01
1.141352801022304658e-01
5.225254134844902199e-01
3.486785782775288500e-01
2.563608024571320532e-01
9.458998585399593928e-01
1.303360859697240137e-01
1.308102176234838265e-01
2.044591507066792768e-01
2.248288814487092724e-01
1.886194597408636653e-01
1.400892559752896227e-01
2.219009555272373202e-01
5.056250807071170916e-01
1.101092453324317849e-01
1.043673378839738153e-01
1.042235741119963283e-01
1.713840334766759954e-01
1.094798545117423583e-01
1.387163850601367543e-01
2.084809899763750973e-01
7.010192059439868117e-01
6.058094653663359530e-01
2.535532783196493001e-01
1.163443400445197118e-01
3.483612834837045424e-01
1.287348736837057583e-01
2.689877126668931973e-01
1.406787376391844813e-01
1.795060775486647131e+01
3.377979604136953640e-01
1.382105487264001231e-01
4.925652201226016214e-01
8.622319334740048413e-01
1.366289541274759711e-01
1.576472290876510252e-01
5.666375388315157968e-01
1.416311935754962781e-01
2.007607378530237074e+00
1.154374712023839705e-01
3.989183913813388882e-01
1.750203708202113240e-01
1.410359326252279555e-01
2.688042099450306810e-01
1.789530152422134091e-01
1.626807666057143997e+00
1.180378793933842402e-01
1.065304426312260466e-01
1.133444238856834985e-01
2.755225847708910325e-01
1.244365056711517897e-01
1.933670840473936114e-01
3.294103406673787870e-01
3.546237320344207689e-01
1.104024217914617023e-01
1.339827459566656220e-01
3.888826394812092691e-01
1.256288310609973979e-01
3.350399277855996005e-01
1.166986815285714213e-01
1.295145507602026569e-01
3.300685340593713657e-01
1.587050364405245828e-01
3.293311718822611867e-01
1.017596298475630240e-01
2.344942683239403525e-01
1.050299402597660026e-01
1.373501051126970740e-01
1.356621907056815846e-01
1.503787870702628371e-01
1.117826309345832936e-01
1.491813271702714383e-01
8.160017987792094196e-01
1.899740250123697349e-01
1.349984793840935948e-01
2.321725396827162557e-01
1.357599542951553329e-01
1.720084544215699784e+00
1.097378449475302359e-01
1.271126650238220690e-01
3.697031527257143013e-01
1.242690606152111049e-01
1.307529753433012421e-01
2.605199527366426904e-01
1.303109565741954190e-01
1.424059198432898465e-01
2.184529208744296624e-01
1.008106046544457179e-01
1.263974921435279952e-01
1.682585249710367492e+00
1.116787347539564684e-01
1.685510277745476959e-01
4.458137666151427148e-01
1.433689317410982156e-01
1.109688434991272371e-01
1.110335920679489385e-01
3.649501539067600553e-01
1.513988539133901412e-01
1.741121715079566867e-01
1.382339417429572781e-01
2.406312035663764615e-01
1.077507898400413416e-01
7.979593106411614345e-01
1.227269918857854525e-01
1.444581045993470481e-01
1.522458529632524649e-01
1.058941813970272761e-01
1.327649569314023059e-01
1.503452168680267653e-01
1.593099762368264671e-01
1.038576812761870943e-01
4.492719737635847976e-01
3.519271900040253920e-01
1.712040739441108572e-01
2.289015069309688344e-01
1.381743845908070256e-01
1.454722572923652368e-01
1.628017369422266325e-01
1.227919684745440859e-01
1.780705217669927842e-01
3.621528487292314802e-01
1.369723257230290869e-01
2.271757171159574540e+00
3.300960232624994273e-01
1.059083433568077104e-01
1.157213880817963142e-01
3.135870701252159165e-01
1.532146162790275490e-01
1.143572609389010841e-01
1.120658260302630355e-01
1.181837490712162086e+01
1.441220497968828951e-01
2.752455798732798553e-01
3.450753973806146568e-01
1.157041888413247038e-01
1.282354835103058477e+00
1.878674213947799376e-01
1.105042749134006325e-01
3.573144165813625373e-01
2.676259444307705904e-01
2.039723619996915149e-01
3.388039814660324112e-01
1.263610211088685709e-01
1.050996185614304218e-01
8.429109991496533949e-01
2.145771763575156921e-01
1.280671375924562760e-01
4.078701023466879683e-01
1.006643431082097639e-01
9.770927598394538727e-01
5.132410497899505541e-01
2.385586083223916187e-01
1.022700921987193534e-01
1.026613500896296494e-01
1.117665828951306672e-01
1.139967705323312874e-01
1.340832171842006593e-01
2.138368678490973063e-01
1.232298436705620975e-01
1.994145519020821544e-01
1.114384331833664643e-01
1.219894925723833956e-01
3.910381537676875241e-01
1.161367666023385425e-01
1.046610480081747591e-01
1.570529866836703203e-01
3.447837618151086136e-01
1.001938249873677300e-01
3.093796552407219735e-01
1.031540582029815828e-01
1.041243844322163326e-01
1.939499290784425511e-01
7.252623440131217292e-01
5.052062638253992377e-01
1.576613258099858472e-01
2.150502058294778418e-01
1.580305702391104627e-01
2.724506745502749960e-01
4.600966138063649069e-01
1.901726765768556593e-01
1.397421879035374570e-01
1.704532849694769536e-01
2.922730963684239125e-01
1.853247667150743072e-01
9.143311026150385823e-01
2.006056767255343098e-01
2.165948752238857355e-01
1.808941523497558101e-01
1.723224042979679682e-01
9.765180222840735835e-01
2.466341893177682043e-01
1.985386877118518190e-01
6.368806226076120236e-01
1.979458239239959561e-01
1.029442585105869723e-01
3.595761747918025386e-01
1.591404195407039590e-01
1.491582833662380425e-01
1.555349327618471833e-01
6.177715423937047978e-01
1.006437316974002072e-01
2.168798214220826748e-01
1.269889240553080112e-01
3.890817268583873223e-01
1.304877327193115222e-01
1.069258484299440426e-01
1.782327048482165166e-01
1.000799542615511850e+00
1.091800425775852901e-01
1.835516014971719512e-01
2.041499573264003442e-01
1.190687143884815030e-01
2.766605712229073810e-01
1.398950668441051870e-01
4.661769982734273454e-01
1.226363029037237651e-01
1.151607173020483404e-01
1.913538115693849961e-01
1.111017476378782232e-01
1.542100759732585868e-01
1.559089768054633118e-01
2.692093793240061261e-01
1.536438567173240011e-01
1.129366460327589500e-01
1.567573756591193745e-01
1.095378333132509985e+00
2.830383753903972455e+00
2.547864662061513630e-01
2.346951034145677850e-01
1.360681865187866046e-01
2.482298437889272624e-01
1.228329167944408884e-01
1.127685787579913446e-01
1.157971519750807254e-01
1.590728064453984791e-01
2.031702002484519487e-01
7.473995039677021168e+00
2.674002495676163771e-01
1.075063767565855311e-01
2.344283847287356171e-01
1.053650426023390180e-01
1.239905588194183395e-01
1.140368325124105492e-01
2.803375409153566755e-01
4.015154947415704445e-01
1.124480770864318829e-01
1.533817971573417926e-01
1.397161194459768940e-01
1.265967612976494905e-01
1.410669119709189456e-01
2.320289407119124903e-01
1.164672025746378986e-01
1.050600993425963303e-01
1.184923817052852268e-01
