0.000000000000000000e+00
0.000000000000000000e+00
-1.621453268902728340e-03
-2.780266762467342723e-03
-3.436796052435964199e-03
-3.649116299534238550e-03
-3.545413989738288585e-03
-3.272097747232471932e-03
-2.953725364484349747e-03
-2.678628443639530232e-03
-2.502036698276532967e-03
-2.454984541167326562e-03
-2.552712084451180807e-03
-2.800770527249363262e-03
-3.198955436857109369e-03
-3.743732313043812709e-03
-4.429591657963749540e-03
-5.249815386456857524e-03
-6.196886424733039078e-03
-7.262681974987139633e-03
-8.438560429724795142e-03
-9.715414978105574306e-03
-1.108372208191965580e-02
-1.253363880941427144e-02
-1.405510858313441247e-02
-1.563799125327591799e-02
-1.727212577587189379e-02
-1.894717003900980856e-02
-2.065193392857311849e-02
-2.237274974790892657e-02
-2.409026869386088343e-02
-2.577417179889929244e-02
-2.737669020308519663e-02
-2.882829302673728389e-02
-3.003861193039114585e-02
-3.090198197726279350e-02
-3.130758063744698561e-02
-3.115813871887307407e-02
-3.039770068645120116e-02
-2.903560800814652954e-02
-2.714925662330658351e-02
-2.486170811261600999e-02
-2.230796548507130161e-02
-1.960824557244977839e-02
-1.685612262975366704e-02
-1.411831173354938240e-02
-1.143982844592728032e-02
-8.850091246718205795e-03
-6.368083608669139473e-03
-4.006162614697883484e-03
-1.772615978101632628e-03
3.267135660223186022e-04
2.287428628157339716e-03
4.105916712759949405e-03
5.778999050879196631e-03
7.303704285492651493e-03
8.677217690069349842e-03
9.896973072170078822e-03
1.096095484914627605e-02
1.186840049644244388e-02
1.262109077524686818e-02
1.322526068774565466e-02
1.369345757309137213e-02
1.404446075853615916e-02
1.430008563534324040e-02
1.448224086452953863e-02
1.461527431141829148e-02
1.473248871325516518e-02
1.488007401438751209e-02
1.511464720970012721e-02
1.549685989320037649e-02
1.608394895375431233e-02
1.692169386118624885e-02
1.803540433720773883e-02
1.942175038828963807e-02
2.104577903250559601e-02
2.284682363334522570e-02
2.475193508598572123e-02
2.669033221371930331e-02
2.860275494944297670e-02
3.044443885269298988e-02
3.218383541959313199e-02
3.379974224557513729e-02
3.527849590673626246e-02
3.661175241830316729e-02
3.779485932213955124e-02
3.882560704790161132e-02
3.970332678603782917e-02
4.042831807159852353e-02
4.100166850763709014e-02
4.142554967519473941e-02
4.170409631165439279e-02
4.184471745552342803e-02
4.185883279364377429e-02
4.175992519297677674e-02
4.155836730741158114e-02
4.125747609349983414e-02
4.085559961000595486e-02
4.035311506216121558e-02
3.975847337196980469e-02
3.909008101989730477e-02
3.837470307170520734e-02
3.764412770499880878e-02
3.693207240736606778e-02
3.627268005197969991e-02
3.569992405212496500e-02
3.524642293249424796e-02
3.494172875172463222e-02
3.481078857799357884e-02
3.487100912329132996e-02
3.512607718428006898e-02
3.555914655754399689e-02
3.613174090610304923e-02
3.679100361800191621e-02
3.748098936009958138e-02
3.815168434317883772e-02
3.876317543233831486e-02
3.928597638125719271e-02
3.969939462387905849e-02
3.998938953947517305e-02
4.014687750412515577e-02
4.016713072538213858e-02
4.005035604300144492e-02
3.980264121801990740e-02
3.943470485327749131e-02
3.895606989247113461e-02
3.836809959085640820e-02
3.766305229190036741e-02
3.683024435260295881e-02
3.586298473828497535e-02
3.476156127824281405e-02
3.353346475212370947e-02
3.219285250872339077e-02
3.075944455955315071e-02
2.925623478143246636e-02
2.770648142918274992e-02
2.613197558169622070e-02
2.455370626928865541e-02
2.299323398402774998e-02
2.147222437438833786e-02
2.001034822998537521e-02
1.862474201885211400e-02
1.733283847143263223e-02
1.615583171726986400e-02
1.511745521894636290e-02
1.423537491260762344e-02
1.350913458504865439e-02
1.291359327747354513e-02
1.240383726070004577e-02
1.192794634080418525e-02
1.143882522626138432e-02
1.090045105350156973e-02
1.028978351266363056e-02
9.596746866628036443e-03
8.822262256904744859e-03
7.972753295679257945e-03
7.052388934077225002e-03
6.058638301693397565e-03
4.984418464951678729e-03
3.823478831335380690e-03
2.573850654123743809e-03
1.238547000035783441e-03
-1.746832701546852107e-04
-1.653591101997253787e-03
-3.181605935065667801e-03
-4.738158356528243687e-03
-6.299724504095771671e-03
-7.842017465809814070e-03
-9.342490487085797213e-03
-1.078140481603051537e-02
-1.214086858038665451e-02
-1.340327530498497399e-02
-1.455099797878256496e-02
-1.556790117484341263e-02
-1.644156111311156909e-02
-1.716393357597767455e-02
-1.772909691469815030e-02
-1.812933089177082291e-02
-1.835237819505997070e-02
-1.838196882810205768e-02
-1.820239760162500886e-02
-1.780622292819677988e-02
-1.720097961990441071e-02
-1.640951775782129030e-02
-1.546303258771486444e-02
-1.439273210725111607e-02
-1.322746914972905419e-02
-1.199716430346808860e-02
-1.073474662243167899e-02
-9.472606841384179077e-03
-8.237380222608892133e-03
-7.048026455639511134e-03
-5.917031998302402229e-03
-4.852287117192766175e-03
-3.858429225135684426e-03
-2.937668760144895863e-03
-2.090219230597933908e-03
-1.314175050796673183e-03
-6.050731993751945481e-04
4.392133355657357185e-05
6.404101494839053998e-04
1.190447524947346736e-03
1.697455808784775755e-03
2.163456678678787881e-03
2.591538486779842998e-03
2.987591993202531881e-03
3.360289235530888874e-03
3.719187773413512588e-03
4.071516260286900390e-03
4.419718604639077952e-03
4.762507504419533078e-03
5.099377778492453217e-03
5.435717330195322106e-03
5.786414098890357849e-03
6.177964611941755280e-03
6.647494103614759453e-03
7.234009299497801138e-03
7.961739040692750180e-03
8.826333116449980309e-03
9.795398139078148603e-03
1.082192665745962401e-02
1.185895377603563006e-02
1.286760504535267025e-02
1.381867591719565524e-02
1.469110333894718678e-02
1.547006502599868050e-02
1.614573356505610846e-02
1.671253146288886882e-02
1.716871786013429713e-02
1.751639734977694651e-02
1.776178240444270529e-02
1.791486791235707976e-02
1.798771658486320035e-02
1.799154360620613957e-02
1.793399382936211595e-02
1.781855110017294130e-02
1.764655254642200077e-02
1.742014031107719241e-02
1.714412739963488974e-02
1.682629963529880257e-02
1.647648386309819024e-02
1.610430673043738992e-02
1.571624998146026186e-02
1.531479355254217189e-02
1.490176684544852748e-02
1.448364956138159521e-02
1.407336997013453050e-02
1.368634228666176789e-02
1.333575969094713543e-02
1.303347358495399178e-02
1.279521248541670708e-02
1.264199611460514738e-02
1.259266837314099163e-02
1.265213687692412492e-02
1.280498719802225516e-02
1.301964594659366092e-02
1.325921020960429964e-02
1.349112557141962654e-02
1.369147475845733375e-02
1.384464394205497939e-02
1.394110543368198840e-02
1.397565438578785013e-02
1.394696611148438237e-02
1.385784707864057275e-02
1.371507845012542859e-02
1.352815791581574167e-02
1.330706571505579916e-02
1.306002282361262701e-02
1.279268882524964290e-02
1.250939147084895176e-02
1.221525574580906159e-02
1.191757260117931594e-02
1.162606270901744843e-02
1.135285871876923203e-02
1.111264649056042941e-02
1.092231994470105327e-02
1.079887238045196263e-02
1.075479771973109067e-02
1.079265845378274413e-02
1.090367410465709064e-02
1.107285775785182835e-02
1.128688809191702447e-02
1.153888905250610719e-02
1.182923179842831907e-02
1.216509916917618561e-02
1.256014104082048277e-02
1.303317819967131364e-02
1.360409979486409959e-02
1.428666395902689068e-02
1.508122190857008604e-02
1.597208786156856242e-02
1.693144994126849490e-02
1.792701690623088595e-02
1.892900038399569773e-02
1.991419084524803651e-02
2.086719813549264835e-02
2.177966909299167142e-02
2.264839367153159699e-02
2.347290508296118183e-02
2.425291391860695533e-02
2.498613718789433058e-02
2.566780225632281365e-02
2.629252560215245005e-02
2.685751442042549897e-02
2.736522744659874995e-02
2.782473862074885673e-02
2.825196051386713592e-02
2.866733781530705905e-02
2.908930399262388278e-02
2.952657693496840707e-02
2.997502100397997360e-02
3.042063481697887539e-02
3.084540237517297001e-02
3.123282373935309941e-02
3.157167211800926410e-02
3.185674805582894287e-02
3.208725441106596854e-02
3.226494665378898397e-02
3.239371273032731757e-02
3.248088194360487790e-02
3.253961656861981133e-02
3.259104888222341678e-02
3.266382307219495296e-02
3.278854629069494209e-02
3.298748446677723933e-02
3.326478827543399852e-02
3.360440048546120551e-02
3.397740310920971396e-02
3.435319360965860547e-02
3.470755646533096872e-02
3.502526886087742319e-02
3.529852013719647630e-02
3.552316169577318661e-02
3.569513952525937839e-02
3.580950357264867101e-02
3.586267245737473353e-02
3.585596782503186475e-02
3.579692779022392024e-02
3.569593361911516105e-02
3.555999091749662000e-02
3.538968022512722911e-02
3.518217692464387092e-02
3.493619376028878065e-02
3.465291088329824909e-02
3.433252670295927622e-02
3.397093972894360547e-02
3.356019588286818234e-02
3.309204231273210617e-02
3.256117657962764866e-02
3.196599071787442625e-02
3.130735791088423703e-02
3.058716337937150698e-02
2.980789351518309260e-02
2.897348374862662723e-02
2.809093297278475454e-02
2.717215417881413408e-02
2.623540153086456606e-02
2.530498060885877365e-02
2.440754894231034200e-02
2.356458090821678120e-02
2.278393337569117882e-02
2.205618959346189456e-02
2.135898837929639527e-02
2.066620435737021033e-02
1.995560804821172596e-02
1.921203783005642762e-02
1.842725019773272521e-02
1.759935022601810672e-02
1.673140766575631488e-02
1.582686111333764245e-02
1.488319576891794505e-02
1.388989410534757774e-02
1.283287206580996376e-02
1.170073563022189234e-02
1.048793819793680804e-02
9.194872981833634995e-03
7.826459671469887525e-03
6.389570759904206199e-03
4.889372323948926180e-03
3.326029498272209395e-03
1.694133911556816585e-03
-1.465501289776849347e-05
-1.807915566653495176e-03
-3.690050258020272089e-03
-5.661793832396289083e-03
-7.721122558131288116e-03
-9.864685611457146841e-03
-1.208889817055724958e-02
-1.439013229843510988e-02
-1.676372611275567248e-02
-1.920172720444890402e-02
-2.168985217581909097e-02
-2.420488405154763711e-02
-2.671389273213486959e-02
-2.917616511048104488e-02
-3.154749954205127160e-02
-3.378458765641345618e-02
-3.584616291873010674e-02
-3.769024742858972932e-02
-3.927136097026562300e-02
-4.054056821976448344e-02
-4.144657042091792754e-02
-4.193787252639558094e-02
-4.197040224750747672e-02
-4.152164816400483183e-02
-4.060353431260277368e-02
-3.926495709276056623e-02
-3.758191048535552969e-02
-3.564068955291477270e-02
-3.352215920304657537e-02
-3.129237042174004557e-02
-2.900094982077006112e-02
-2.668568598004494863e-02
-2.437901855536861451e-02
-2.211123414503424200e-02
-1.990891080542256386e-02
-1.779179839320521594e-02
-1.577155223295334530e-02
-1.385290403862060593e-02
-1.203630771355646001e-02
-1.032082210252482923e-02
-8.705748592434336963e-03
-7.190396039334800982e-03
-5.772669082507730920e-03
-4.447489407283899965e-03
-3.205071605992260153e-03
-2.028479991123877113e-03
-8.906621497646316499e-04
2.472162605466898810e-04
1.432490633967775651e-03
2.709724778811040125e-03
4.104478409670431205e-03
5.612317220383022942e-03
7.201503559395971976e-03
8.827010415648040009e-03
1.044559470257167000e-02
1.202431180249030618e-02
1.354198907183290501e-02
1.498695322976506539e-02
1.635392659819201455e-02
1.764168211207106651e-02
1.885199353707744940e-02
1.998940328996368088e-02
2.106080282151623351e-02
2.207409239058666373e-02
2.303571734127562998e-02
2.394769912338867712e-02
2.480589742918071217e-02
2.560124761921023229e-02
2.632341046665920281e-02
2.696423985100149245e-02
2.751924944220363045e-02
2.798737065598433382e-02
2.836997796580953413e-02
2.866986447969832597e-02
2.889067410133105973e-02
2.903724650068606472e-02
2.911705297060729336e-02
2.914225968051065152e-02
2.913089788717226902e-02
2.910477176363612806e-02
2.908433272880284193e-02
2.908568437732439449e-02
2.912295395586084190e-02
2.921211544004820304e-02
2.937007337513675154e-02
2.960853828456722070e-02
2.992709445391450451e-02
3.031053160317576101e-02
3.073283857458286583e-02
3.116522566993507048e-02
3.158272816900953295e-02
3.196655160944650298e-02
3.230352678107717423e-02
3.258518239656704729e-02
3.280746023096470232e-02
3.297064325577325761e-02
3.307893931000926990e-02
3.313948602642136088e-02
3.316041906718747434e-02
3.314764982173690200e-02
3.310149924738348126e-02
3.301573642817423604e-02
3.288006225428752316e-02
3.268401489495520451e-02
3.241980877714145670e-02
3.208393398564113319e-02
3.167837802527362356e-02
3.121150779111214746e-02
3.069754542263747332e-02
3.015288038031926909e-02
2.958921623597432493e-02
2.900861520028263918e-02
2.840560553443571834e-02
2.777434798461086984e-02
2.711407003725474496e-02
2.642984460952835235e-02
2.573093727669895081e-02
2.502943839227533829e-02
2.434033078478181622e-02
2.368243475923637043e-02
2.307792625214100113e-02
2.254802777538933434e-02
2.210553524186020802e-02
2.174895581886771012e-02
2.146283615658917121e-02
2.122380161215908778e-02
2.100789689952087258e-02
2.079574059468658476e-02
2.057495742497494895e-02
2.034079886722484076e-02
2.009568366495728675e-02
1.984773932000249985e-02
1.960785462349967645e-02
1.938498805637434153e-02
1.918153558075808007e-02
1.899229784473011051e-02
1.880831427217466434e-02
1.862265145692454382e-02
1.843444682681094626e-02
1.824974204039597758e-02
1.807838466112454689e-02
1.792774830999732671e-02
1.779786952259199140e-02
1.768210220896682117e-02
1.757187494172129938e-02
1.746096886308223795e-02
1.734726382810602985e-02
1.723227639104507602e-02
1.711900980940472827e-02
1.700937477195707537e-02
1.690332771190683481e-02
1.680086254154034009e-02
1.670561046735974386e-02
1.662774341160933034e-02
1.658506241568957762e-02
1.660196430830040981e-02
1.670491032200693837e-02
1.691325073958993563e-02
1.722914057341884408e-02
1.763446304681370869e-02
1.809798906008830421e-02
1.858701107349380877e-02
1.907562788601779857e-02
1.954751512215358034e-02
1.999522033997114256e-02
2.041817443742188765e-02
2.081990975615810591e-02
2.120468988493229290e-02
2.157514596422949182e-02
2.193273727688294095e-02
2.227917785651634119e-02
2.261423865119538412e-02
2.293099210476823302e-02
2.321526616594238313e-02
2.345125428481886765e-02
2.362754365039831939e-02
2.373885748297066556e-02
2.378477462401029641e-02
2.376796249748180934e-02
2.369280392981609751e-02
2.356437868602467844e-02
2.338744578539042607e-02
2.316516992763939520e-02
2.289797324738596096e-02
2.258362200491959015e-02
2.221922646268037482e-02
2.180432342049343220e-02
2.134342659452670432e-02
2.084714554072175652e-02
2.033208861049606853e-02
1.981979665210609198e-02
1.933390472163987184e-02
1.889446746884559936e-02
1.851077741467155313e-02
1.817727072926333953e-02
1.787637914280737483e-02
1.758690008219443435e-02
1.729255386608197220e-02
1.698672060104611248e-02
1.667287817903639890e-02
1.636117371454925973e-02
1.606055352943269732e-02
1.576927175943887427e-02
1.547148724360170036e-02
1.514344192032646141e-02
1.476307613287275444e-02
1.431515127225369000e-02
1.379113212931137866e-02
1.318728615685915706e-02
1.250324595419183282e-02
1.174132481781531290e-02
1.090606562654050649e-02
1.000355210041248277e-02
9.040181285940418476e-03
8.020806316266559932e-03
6.946853014095477619e-03
5.815585125203304173e-03
4.621122820150036503e-03
3.356553909217296905e-03
2.015968878944729425e-03
5.959121674863343543e-04
-9.034566669989807508e-04
-2.477122561707623127e-03
-4.114207221522225844e-03
-5.797896080049103062e-03
-7.506213475138467928e-03
-9.212698359301829676e-03
-1.088694846251936355e-02
-1.249715634876280568e-02
-1.401576117481506678e-02
-1.542484214142225696e-02
-1.671701853998652787e-02
-1.789273779267264164e-02
-1.895705958467375218e-02
-1.991663033015289574e-02
-2.077734478221804348e-02
-2.154416090300614872e-02
-2.222179570359428258e-02
-2.281354094028531510e-02
-2.331896970772173727e-02
-2.373340642445886939e-02
-2.404952425140638450e-02
-2.425908123747111400e-02
-2.435347545183441653e-02
-2.432374065958176068e-02
-2.416134894117216714e-02
-2.386024302376688055e-02
-2.341931352286164003e-02
-2.284408143227989463e-02
-2.214660190630224346e-02
-2.134348514998596347e-02
-2.045297287073755133e-02
-1.949262216175207119e-02
-1.847858631750909364e-02
-1.742589144209938379e-02
-1.634806631469842841e-02
-1.525538323258746054e-02
-1.415274693489720903e-02
-1.303842177139735714e-02
-1.190338689588221754e-02
-1.073029958104454451e-02
-9.492840682699621446e-03
-8.159550715812757815e-03
-6.704467780508593933e-03
-5.118987986790113354e-03
-3.416328808353519264e-03
-1.625819873819489558e-03
2.178985648171316569e-04
2.084016984368330938e-03
3.948722615493505117e-03
5.793020834250262041e-03
7.599758514245547047e-03
9.353279846328943492e-03
1.104108063010422747e-02
1.265507311214641994e-02
1.419153197843114889e-02
1.565037881394104602e-02
1.703458360880505396e-02
1.834979171128825470e-02
1.960356738891078088e-02
2.080360977816275714e-02
2.195527696786658822e-02
2.305961308276782695e-02
2.411288962894020393e-02
2.510782745118311787e-02
2.603595597064178868e-02
2.689017146195316066e-02
2.766652198034424970e-02
2.836491616059544363e-02
2.898942928822711984e-02
2.954896573050880271e-02
3.005755538420640249e-02
3.053185007601899592e-02
3.098520583637665027e-02
3.142312630678190111e-02
3.184523267704508775e-02
3.225238966595611600e-02
3.265283728485957049e-02
3.306342276927320967e-02
3.350555487467876681e-02
3.399749745681068802e-02
3.454724862661939788e-02
3.515048275774579345e-02
3.579341903057531304e-02
3.645653744962129572e-02
3.711717789361612674e-02
3.775244978902936310e-02
3.834300479294339148e-02
3.887579512193251041e-02
3.934446901010990594e-02
3.974809554865088579e-02
4.008962805908833360e-02
4.037455862753458469e-02
4.060917824357113126e-02
4.079823152520711815e-02
4.094298422629139012e-02
4.104086012553476159e-02
4.108679425796579743e-02
4.107554993470308169e-02
4.100388467499271883e-02
4.087203799743588384e-02
4.068482927467065302e-02
4.045189264683490826e-02
4.018470926838557666e-02
3.989007768607599758e-02
3.956522693319053374e-02
3.919939089903579088e-02
3.878001355426952124e-02
3.829814440300793876e-02
3.775089097414996431e-02
3.714195558560584587e-02
3.648170421639496119e-02
3.578787919653936278e-02
3.508674036171854915e-02
3.441229904828291275e-02
3.380045768551021013e-02
3.327779568014221923e-02
3.285030501267782732e-02
3.249981904459975368e-02
3.219123065725115751e-02
3.188556772452266763e-02
3.155079767367174881e-02
3.116606460259174760e-02
3.072055885627245075e-02
3.021039944763126428e-02
2.963563316045925156e-02
2.899794765304042343e-02
2.829910296733562092e-02
2.754022369062614217e-02
2.672225957598195478e-02
2.584759595747909700e-02
2.492219926022909426e-02
2.395674307241191237e-02
2.296416106777887656e-02
2.195284177356127131e-02
2.092093888851520589e-02
1.985808770585650862e-02
1.875262343670436316e-02
1.759642234448888232e-02
1.638433947671047441e-02
1.511208860833512801e-02
1.377607423090432270e-02
1.237512107265348327e-02
1.091214714878918635e-02
9.394651616613902689e-03
7.834483055349172886e-03
6.247892126145959679e-03
4.656452837982660853e-03
3.088574544454436577e-03
1.579649403538940788e-03
1.674103630462386860e-04
-1.118822468392788316e-03
-2.269706593771791958e-03
-3.298980231802528529e-03
-4.234740803346848104e-03
-5.105628619487156961e-03
-5.931125676450710316e-03
-6.719184121339094595e-03
-7.468969086023125037e-03
-8.175353565350151896e-03
-8.832371150752527100e-03
-9.433838354988899333e-03
-9.971789557116417235e-03
-1.043583681701798493e-02
-1.081637758400066929e-02
-1.110993822485284444e-02
-1.132123734998680131e-02
-1.145981861299660842e-02
-1.153493851999598530e-02
-1.155295193620475835e-02
-1.151745402290349496e-02
-1.143069074928437789e-02
-1.129529843548437995e-02
-1.111592024633234477e-02
-1.090012568513276658e-02
-1.065790381516140695e-02
-1.039965516988472505e-02
-1.013373007966966721e-02
-9.864749966107200230e-03
-9.592980418258179043e-03
-9.314357450606713940e-03
-9.020857505380952546e-03
-8.700858338715145024e-03
-8.338904282809700419e-03
-7.915049589214295800e-03
-7.406024844749614644e-03
-6.790931455639581671e-03
-6.060088071163538537e-03
-5.220778897355282666e-03
-4.294863256454672928e-03
-3.309962427149426567e-03
-2.290456236496818399e-03
-1.252791735655067740e-03
-2.054248213405607260e-04
8.479265902334720550e-04
1.902659664462236222e-03
2.948450690147152997e-03
3.969643226193975138e-03
4.950504486652906877e-03
5.879860296325034597e-03
6.751661800482811060e-03
7.563271391922921083e-03
8.313961784464529714e-03
9.004232580619886406e-03
9.635430440172676470e-03
1.020926134083000036e-02
1.072715718482553093e-02
1.118964805718136724e-02
1.159587870105305285e-02
1.194338147866935707e-02
1.222828254912466939e-02
1.244619351329601109e-02
1.259384382883266262e-02
1.267105197636442249e-02
1.268216068574057331e-02
1.263624122955131490e-02
1.254628051089223817e-02
1.242825401253333517e-02
1.230071074880889626e-02
1.218468504954062226e-02
1.210358141313605529e-02
1.208279175771309610e-02
1.214751471743280575e-02
1.231730822252852242e-02
1.259915442366699168e-02
1.298261011316070856e-02
1.343985883515497193e-02
1.393206268350000165e-02
1.441985092506992139e-02
1.487220791894738881e-02
1.526941406927084799e-02
1.560156340379315054e-02
1.586564312687044342e-02
1.606260496585365516e-02
1.619493807643412886e-02
1.626517528422777303e-02
1.627551538937010989e-02
1.622810897904480854e-02
1.612523809238397554e-02
1.596896177272455475e-02
1.576059695316689435e-02
1.550071901348504255e-02
1.518976879654010403e-02
1.482859290101190552e-02
1.441837447350735602e-02
1.396029666272569081e-02
1.345571753385566005e-02
1.290709456910787978e-02
1.231907805918064369e-02
1.169918051266094494e-02
1.105818248316436936e-02
1.041086435755778083e-02
9.777075646648203389e-03
9.182264647164872784e-03
8.656430558429573097e-03
8.231068486091119851e-03
7.934340654405458437e-03
7.785534325816634293e-03
7.789966401981818223e-03
7.936257261759616100e-03
8.198324627871178549e-03
8.542319243597384926e-03
8.935192536275060604e-03
9.350928124916668693e-03
9.773074739290565915e-03
1.019403962627651872e-02
1.061229653084927449e-02
1.102913221850876369e-02
1.144646345257416264e-02
1.186613193481167450e-02
1.228996518320202291e-02
1.271970668692290474e-02
1.315644387791525816e-02
1.359972141377308041e-02
1.404683562648201267e-02
1.449299936915249276e-02
1.493266697455286618e-02
1.536112898920238834e-02
1.577502748348980077e-02
1.617170820037161505e-02
1.654878848474861108e-02
1.690498481872526604e-02
1.724196922610965466e-02
1.756647485882845139e-02
1.789199144200037672e-02
1.823875790834028621e-02
1.862961513063154939e-02
1.908156920557835257e-02
1.959878828985939236e-02
2.017342808199185100e-02
2.079398350042693799e-02
2.145448295120111482e-02
2.215877003755717389e-02
2.291784680151653930e-02
2.374151054237305658e-02
2.462891817491463797e-02
2.556444114998490669e-02
2.652173127497281513e-02
2.747235425538874232e-02
2.839272603335807332e-02
2.926654049713128813e-02
3.008413569568313406e-02
3.084107162688365378e-02
3.153671321030948604e-02
3.217263016154281452e-02
3.275078354556004712e-02
3.327194447525028131e-02
3.373490248190802454e-02
3.413664896081414213e-02
3.447334360633580452e-02
3.474175631573328538e-02
3.494076925170452874e-02
3.507241002531369389e-02
3.514225256006220377e-02
3.515964968012985636e-02
3.513774296233851402e-02
3.509123177427952989e-02
3.503099751195759559e-02
3.496029163771474657e-02
3.487726178242445130e-02
3.478117184701079445e-02
3.467528754659143786e-02
3.456434579301492782e-02
3.445051943524224392e-02
3.433208907465035153e-02
3.420624821665319004e-02
3.407452193962989817e-02
3.394770520122047941e-02
3.384646594500773098e-02
3.379432605513432719e-02
3.380482321564004522e-02
3.387149408864442712e-02
3.396889601670705083e-02
3.406339208358710735e-02
3.412480593496503012e-02
3.413232258682086240e-02
3.407457546781156310e-02
3.394701580141856745e-02
3.374916039055309014e-02
3.348262289973202854e-02
3.314952881004695762e-02
3.275100315824142072e-02
3.228655261946800081e-02
3.175525928042466361e-02
3.115836028017215931e-02
3.050151110415599831e-02
2.979452561820150613e-02
2.904721771103768724e-02
2.826360627641610890e-02
2.743981098875392100e-02
2.656774257866989508e-02
2.564092072206203277e-02
2.465806323760877383e-02
2.362398665039755485e-02
2.254896959812735524e-02
2.144640596401137245e-02
2.032807159456884172e-02
1.919882455166699309e-02
1.805488279497180493e-02
1.688737865006162409e-02
1.568838474950573492e-02
1.445590610111247010e-02
1.319666005298936184e-02
1.192599277960959547e-02
1.066345835708304435e-02
9.424158043967789666e-03
8.210001641532072014e-03
7.006924089617116991e-03
5.790087258789711200e-03
4.533006584674925676e-03
3.214882738677315999e-03
1.823545048634800381e-03
3.546086871193399048e-04
-1.191204845954807467e-03
-2.810476018356711236e-03
-4.497776233152950276e-03
-6.244931797708241916e-03
-8.041742016565045503e-03
-9.880934088785764402e-03
-1.176398157750702111e-02
-1.370080737476886412e-02
-1.570248791580308723e-02
-1.777357817617386537e-02
-1.990922342400636147e-02
-2.209617202050950802e-02
-2.431474042818171366e-02
-2.653946554292263560e-02
-2.873780686741644885e-02
-3.086850943884444920e-02
-3.288257517387715989e-02
-3.472824998058376966e-02
-3.635724753360203287e-02
-3.772774323684147113e-02
-3.880355033053817237e-02
-3.955326082218857398e-02
-3.995220492481899033e-02
-3.998581707822046472e-02
-3.965147070094399151e-02
-3.895727831981210532e-02
