2.750845003509386314e-16
2.750845003509386314e-16
1.636545446191869502e+01
3.158862494952600386e+01
4.577986352807666037e+01
5.913247566136035971e+01
7.226765475037687736e+01
8.394240664134686369e+01
9.508923366946434896e+01
1.046619681306128058e+02
1.138713583791887913e+02
1.214860172173200539e+02
1.249588602067573930e+02
1.253817322504104226e+02
1.225339263593300672e+02
1.160203061541937899e+02
1.066251593838238563e+02
9.342012827614107096e+01
8.137510230302920888e+01
6.967118127418723361e+01
5.845425460206188006e+01
4.889281492731049639e+01
4.109272207319233416e+01
3.575647278471762291e+01
3.369832089998809010e+01
3.581311936416584984e+01
3.620976564550074528e+01
3.653955516884405341e+01
3.892589613140422955e+01
4.036053327243512712e+01
4.256976892956726033e+01
4.740266616829136836e+01
5.715861549285749277e+01
6.770020311234317489e+01
7.945196159499856492e+01
9.287104087047750056e+01
1.087759987227021412e+02
1.254398163294371784e+02
1.418622294893835374e+02
1.552968044314609415e+02
1.682581857784645933e+02
1.811951777593547206e+02
1.958160303293653612e+02
2.097255449892099080e+02
2.225052720210317716e+02
2.304497075508003832e+02
2.351899743209876590e+02
2.374760528499834322e+02
2.404584864028733762e+02
2.426576733855856389e+02
2.445288657457300019e+02
2.454681985951854699e+02
2.448175971159486721e+02
2.422718265430661120e+02
2.363884809933004192e+02
2.285573170574240010e+02
2.200307754658584543e+02
2.135405735252017223e+02
2.068554616587234705e+02
2.037847563848739014e+02
2.035160093262097689e+02
2.069460419768898589e+02
2.119786781478582611e+02
2.207501617671422025e+02
2.317669165966305229e+02
2.484354171680515151e+02
2.685820824068491675e+02
2.890636060066125310e+02
3.094990554828529525e+02
3.308244563381825856e+02
3.495025277271098503e+02
3.633907738767682645e+02
3.752955990446405963e+02
3.834682396113501568e+02
3.897770324711212311e+02
3.973501623613201446e+02
4.058163067826165502e+02
4.144480828566134392e+02
4.230408803874048544e+02
4.318573434409266838e+02
4.423234202985654520e+02
4.544582743316485676e+02
4.677475677996987997e+02
4.820999855146598634e+02
4.973419481746315682e+02
5.126436842194488008e+02
5.277438282758691912e+02
5.419260309006688203e+02
5.532572392717728462e+02
5.582087335896932245e+02
5.582047029629574126e+02
5.532943981177425030e+02
5.450468808496727888e+02
5.332208342682654347e+02
5.200943679450740547e+02
5.054508109283561907e+02
4.919429153421669412e+02
4.790854791630206932e+02
4.683395636847687911e+02
4.610113662688051477e+02
