1.522103903528112312e+02
1.522103903528112312e+02
1.447886387266201496e+02
1.144914542522151208e+02
8.792735847522165216e+01
6.476793807384095203e+01
4.535775048662417674e+01
3.486763976587753433e+01
4.147223142888609715e+01
6.103441204839341339e+01
8.655925185240563735e+01
1.164827427021334358e+02
1.511668835053093858e+02
1.542515370013285292e+02
1.243581473534032682e+02
9.395046091565630775e+01
6.886769482449608404e+01
4.913777898547207457e+01
3.837832518693063122e+01
4.199986199740293102e+01
5.828007625519195756e+01
8.116963472023387283e+01
1.092703727188217329e+02
1.428923438223492610e+02
1.503794650879777919e+02
1.262920828934665849e+02
9.434232865666035650e+01
6.735762471723268163e+01
4.663209910305475603e+01
3.881083025993371649e+01
4.792982531000848923e+01
6.738204746288556635e+01
9.169210765900442084e+01
1.197782851256594370e+02
1.452561048909911392e+02
1.419291008724952690e+02
1.131608383104495203e+02
8.495279762929118306e+01
6.015487028547846649e+01
4.131108820782513646e+01
3.805142212672910773e+01
5.198087643406472580e+01
7.544340700493108898e+01
1.031554041521902292e+02
1.344263426758115259e+02
1.463234307710308428e+02
1.308804877558499129e+02
1.016147927528460713e+02
7.580130443929863304e+01
5.433589707815499992e+01
3.992406655411023308e+01
4.231386733582133530e+01
5.726239276277142665e+01
8.082905939339441659e+01
1.101193277248966638e+02
1.436436380758374867e+02
1.466719875127806745e+02
1.164989539026948080e+02
8.763032530374597684e+01
6.315817187018095069e+01
4.582501160125528372e+01
4.058176619685912101e+01
5.057398309972705874e+01
6.940384541851337019e+01
9.390135212795740927e+01
1.241021339589250374e+02
1.458770712203785820e+02
1.380845358932700719e+02
1.100919456358456046e+02
8.188882342126815672e+01
5.785976230618757654e+01
3.967886420128643010e+01
4.233370436469738252e+01
5.558237136014626856e+01
7.586583732006505443e+01
9.948943534132587274e+01
1.256111534037042077e+02
1.435173537180146468e+02
1.248215133692782786e+02
1.037584421561857937e+02
8.138447972725617774e+01
6.126870022388050074e+01
4.270379347346194265e+01
4.742501480574517814e+01
6.281196013946951950e+01
8.250892699636816019e+01
1.024414894850017390e+02
1.223474581285014153e+02
1.319792642801640170e+02
1.128324136695246978e+02
9.256939844977389953e+01
7.782639402998414369e+01
6.255773602553090029e+01
4.847520648642434082e+01
5.133486822874701261e+01
6.795730964170958543e+01
8.928234886955931415e+01
1.036540400423556889e+02
1.186345039140169035e+02
1.224392784055509935e+02
