0.000000000000000000e+00
0.000000000000000000e+00
-1.705236958558731253e-03
-3.003180496930379917e-03
-3.856960736057346573e-03
-4.316071856255487837e-03
-4.492747152350151651e-03
-4.517068802506796210e-03
-4.501397022245501311e-03
-4.526608888906658024e-03
-4.643927448650719825e-03
-4.882417016967122159e-03
-5.256402634212897773e-03
-5.770993728064888195e-03
-6.425706471049674740e-03
-7.216675253105875321e-03
-8.137934258837686841e-03
-9.182121857849279145e-03
-1.034084161498260990e-02
-1.160483020763991568e-02
-1.296402996374457217e-02
-1.440763215671525543e-02
-1.592413773939371779e-02
-1.750146782733952300e-02
-1.912714114830627032e-02
-2.078851468573339467e-02
-2.247305199614124671e-02
-2.416853633875837293e-02
-2.586307729715575654e-02
-2.754466224596807677e-02
-2.919986684788655751e-02
-3.081115458495387038e-02
-3.235200032134544212e-02
-3.377907937534685434e-02
-3.502167202509909316e-02
-3.597175261985108286e-02
-3.648507011716028980e-02
-3.640861661035554864e-02
-3.563693488047248170e-02
-3.416588690273125728e-02
-3.209949442147841392e-02
-2.960345115314566566e-02
-2.684486814916531294e-02
-2.395663837340911151e-02
-2.103091863441786113e-02
-1.812715268278120018e-02
-1.528260761114497157e-02
-1.252070734417587428e-02
-9.856556763776613828e-03
-7.300323764426019935e-03
-4.859238426532574984e-03
-2.538763642389363362e-03
-3.432871603396003835e-04
1.723458172433023350e-03
3.658128191757370473e-03
5.457590166783043983e-03
7.118800464280372609e-03
8.638722100443807506e-03
1.001428050297015204e-02
1.124236786658872056e-02
1.231992103272960826e-02
1.324411911525524843e-02
1.401278092235802575e-02
1.462509681600643319e-02
1.508291536070038852e-02
1.539292904798239547e-02
1.557024734106193797e-02
1.564389874448335327e-02
1.566440756529785538e-02
1.571193041580309924e-02
1.589954097881940420e-02
1.636144477064327418e-02
1.721816894433936262e-02
1.852918797710945142e-02
2.026455592657461224e-02
2.231905704686254488e-02
2.455700732552146270e-02
2.685450132387035005e-02
2.911936028263228948e-02
3.129188776100955138e-02
3.333738648243955716e-02
3.523783408165814812e-02
3.698541103626351578e-02
3.857814017087957126e-02
4.001714800877431699e-02
4.130500799813474622e-02
4.244476001845742807e-02
4.343933903874486191e-02
4.429124710223208972e-02
4.500236885564157241e-02
4.557387205412055664e-02
4.600616012962732704e-02
4.629886060886634347e-02
4.645084543209465622e-02
4.646029043737653907e-02
4.632479453954019277e-02
4.604159811940733427e-02
4.560797000140004442e-02
4.502188072995960688e-02
4.428315706784569095e-02
4.339542907567572882e-02
4.236933242817975120e-02
4.122754653684057580e-02
4.001207308887333447e-02
3.879300999344725831e-02
3.767484404913834517e-02
3.679102589831484416e-02
3.627606612787159790e-02
3.621793946740492487e-02
3.661834552684783972e-02
3.739235116723693686e-02
3.840757440195541328e-02
3.953156845360439320e-02
4.065981225839543356e-02
4.172137013581145304e-02
4.267285409724430600e-02
4.348986292355716543e-02
4.415986124565596249e-02
4.467725149258083839e-02
4.504024655654492726e-02
4.524897336095934364e-02
4.530435249121089747e-02
4.520744784803687466e-02
4.495909496952221751e-02
4.455969278397065025e-02
4.400909130861530016e-02
4.330653754017488311e-02
4.245066112956230597e-02
4.143949573411487286e-02
4.027054529374840541e-02
3.894092080659494748e-02
3.744759738435621266e-02
3.578788066459659412e-02
3.396023713137941158e-02
3.196575026025127997e-02
2.981062956191538049e-02
2.751041380270025094e-02
2.509665211218470304e-02
2.262645241064098478e-02
2.019316912280011422e-02
1.793103404748519480e-02
1.599944422889865159e-02
1.453636267191216191e-02
1.359815771634198533e-02
1.313062595806924193e-02
1.299701999600122448e-02
1.303819773177572472e-02
1.311993076210993259e-02
1.314924451943122463e-02
1.307002159265069352e-02
1.285229937183895998e-02
1.248264008535371339e-02
1.195738476658303462e-02
1.127842010389712435e-02
1.045066957741092040e-02
9.480658419397602898e-03
8.375717269288207589e-03
7.143556199612488555e-03
5.792049083033878887e-03
4.329133858757217013e-03
2.762773018807562764e-03
1.100941852499870421e-03
-6.483729296090645633e-04
-2.477169534957246455e-03
-4.377414659397338426e-03
-6.340988333720654069e-03
-8.359535721408795084e-03
-1.042412642798873357e-02
-1.252455165477739385e-02
-1.464798623279828238e-02
-1.677660911301592783e-02
-1.888366070162694754e-02
-2.092750408326249367e-02
-2.284404567112618967e-02
-2.454024777157759463e-02
-2.589580189402163057e-02
-2.678288219804236814e-02
-2.710599619065046095e-02
-2.684300340446554856e-02
-2.605699545452244692e-02
-2.486890788757445403e-02
-2.341284381228936340e-02
-2.180311245871047188e-02
-2.012274990385565232e-02
-1.842636311368495150e-02
-1.674779574436013885e-02
-1.510742297354383812e-02
-1.351753053486670630e-02
-1.198585129747742339e-02
-1.051775093258466853e-02
-9.117525980869012336e-03
-7.789149441204679114e-03
-6.536683024047418300e-03
-5.364492870727599616e-03
-4.277351917431948536e-03
-3.280478062700042940e-03
-2.379535358218665131e-03
-1.580610258824277636e-03
-8.901627377080334469e-04
-3.149396514047220208e-04
1.381781984433061439e-04
4.624477333008414348e-04
6.517448209895082556e-04
7.014086494931959237e-04
6.097030192648844604e-04
3.802962169072721110e-04
2.633818794506304073e-05
-4.232107978525689873e-04
-9.148160448133602074e-04
-1.361032644712767414e-03
-1.637290815433511959e-03
-1.597140775851824124e-03
-1.114185792589816870e-03
-1.351693058557756899e-04
1.293859157365462309e-03
3.050659095315877423e-03
4.989056071178499252e-03
6.982019529047978068e-03
8.938361536455108336e-03
1.080038178525932757e-02
1.253485136310938941e-02
1.412430996302727060e-02
1.556071593957253363e-02
1.684133385294894758e-02
1.796622408834114282e-02
1.893675837635511172e-02
1.975475863646436459e-02
2.042200464536492177e-02
2.093995701436246470e-02
2.130960541030191280e-02
2.153139084414412707e-02
2.160517517060056569e-02
2.153024752147492116e-02
2.130537105315477575e-02
2.092888814946425313e-02
2.039892246907637485e-02
1.971374795450797635e-02
1.887244713137503638e-02
1.787606685624432146e-02
1.672961459827182473e-02
1.544542616632860188e-02
1.404861479348218367e-02
1.258519865640672641e-02
1.113228025956969347e-02
9.805821820894955465e-03
8.754838628678207613e-03
8.128426111427611289e-03
8.019266465672858502e-03
8.418736270932924981e-03
9.221413592074068077e-03
1.027507887587275626e-02
1.143538686275213934e-02
1.259421607069355353e-02
1.368230704848971691e-02
1.466040475621666062e-02
1.550908693133745686e-02
1.622094698007980895e-02
1.679544094000795518e-02
1.723573093469443762e-02
1.754682509655358658e-02
1.773450669022635928e-02
1.780472834222535106e-02
1.776327530354193662e-02
1.761558217598291343e-02
1.736663618881317817e-02
1.702092948809541539e-02
1.658244143649723057e-02
1.605464513326615439e-02
1.544054416972340249e-02
1.474275942514524651e-02
1.396370525488555003e-02
1.310592474195426682e-02
1.217270174007722972e-02
1.116914191719287075e-02
1.010402223812389977e-02
8.992835692900991162e-03
7.862524032680839881e-03
6.758127238578603979e-03
5.750354973877991327e-03
4.940036154960747439e-03
4.451045296329336765e-03
4.403192902558972222e-03
4.869576762178029483e-03
5.843359713068485561e-03
7.239931450761627474e-03
8.932720408260763634e-03
1.079525595803554339e-02
1.272620163256399373e-02
1.465485059286897318e-02
1.653607064368056712e-02
1.834270417528705011e-02
2.005906577215177400e-02
2.167634401560447621e-02
2.318962996603568527e-02
2.459608556348169550e-02
2.589384397303229335e-02
2.708135952376422573e-02
2.815702715490608909e-02
2.911896121717316710e-02
2.996486819309018834e-02
3.069197601816453513e-02
3.129700091911491455e-02
3.177614582555388090e-02
3.212513607873357380e-02
3.233931167962245112e-02
3.241381463867676338e-02
3.234394077505364784e-02
3.212577627121748769e-02
3.175732327959046586e-02
3.124045142206921533e-02
3.058419842562787316e-02
2.981012825414097733e-02
2.896037598598799612e-02
2.810788853313583857e-02
2.736473949166540187e-02
2.687775980106765772e-02
2.679761049357232139e-02
2.722307356462394523e-02
2.815385005509374317e-02
2.949094052920275821e-02
3.108413596965919901e-02
3.278723256720472712e-02
3.448829753995119596e-02
3.611374796744137861e-02
3.762009363890150837e-02
3.898388296926857954e-02
4.019383657767860996e-02
4.124561821154748564e-02
4.213861577939814751e-02
4.287403678207457602e-02
4.345380658164255117e-02
4.387994105623760355e-02
4.415419490596339536e-02
4.427786898897823065e-02
4.425170997171079534e-02
4.407586598083690355e-02
4.374988150549041777e-02
4.327272930487890967e-02
4.264289083555938831e-02
4.185851377945848384e-02
4.091770058757338013e-02
3.981902266129755397e-02
3.856242124327224907e-02
3.715076151302865171e-02
3.559245947758404860e-02
3.390577511081316331e-02
3.212540158298526904e-02
3.031136878569085091e-02
2.855790167419147707e-02
2.699466554424900799e-02
2.576770732244848539e-02
2.499412951974422370e-02
2.471049371957367846e-02
2.485381181286983043e-02
2.529182193644397003e-02
2.587679873180959156e-02
2.648538900857300149e-02
2.703161895656469582e-02
2.746258210496410612e-02
2.774888979173240067e-02
2.787604327342974031e-02
2.783829497954082299e-02
2.763471848494813976e-02
2.726682232381283377e-02
2.673714216667910648e-02
2.604842478212998635e-02
2.520316162967506379e-02
2.420332653946855039e-02
2.305023211409817918e-02
2.174445616292608463e-02
2.028581220248448780e-02
1.867335317787377491e-02
1.690540937517370779e-02
1.497967331534932889e-02
1.289335948463476988e-02
1.064348908209655775e-02
8.227385192268954484e-03
5.643519789537476683e-03
2.892939934803440138e-03
-1.837989443731480321e-05
-3.075785973239542059e-03
-6.250315331755018633e-03
-9.491205452462070369e-03
-1.271835133501686421e-02
-1.582035131260872696e-02
-1.866783698093232857e-02
-2.114817108902122822e-02
-2.320945839143473410e-02
-2.488413051079485516e-02
-2.627277675019668024e-02
-2.750153355478646144e-02
-2.868339032631750385e-02
-2.990003955867492902e-02
-3.120071897070131328e-02
-3.260805687665113695e-02
-3.412420848758912495e-02
-3.573470695317637613e-02
-3.740962865314623187e-02
-3.910250273011606215e-02
-4.074791698859669964e-02
-4.225967267926333815e-02
-4.353277986385439835e-02
-4.445362205325342764e-02
-4.492074094073228441e-02
-4.487187270052817034e-02
-4.430473636475740218e-02
-4.327893747109845535e-02
-4.189761879650688581e-02
-4.028013579278433287e-02
-3.853925362476340322e-02
-3.676897369869536192e-02
-3.504142286494249525e-02
-3.340842177603609020e-02
-3.190403749303427627e-02
-3.054587849490875140e-02
-2.933383479555262685e-02
-2.824541947423508947e-02
-2.722757919309004571e-02
-2.618728710526097014e-02
-2.498906602785277986e-02
-2.347429974897297100e-02
-2.151114368675577371e-02
-1.905393477098937804e-02
-1.616681883250914442e-02
-1.299070383337586065e-02
-9.682881810440857606e-03
-6.373019576107585848e-03
-3.149805250194814832e-03
-6.655541748801230284e-05
2.848028132752755681e-03
5.580538052769146162e-03
8.126417666233898274e-03
1.048592974228235164e-02
1.266175711094219558e-02
1.465761279076560619e-02
1.647744898323755258e-02
1.812501405660893461e-02
1.960360973584651667e-02
2.091596343984902795e-02
2.206416839126568163e-02
2.304966745923064941e-02
2.387327264182981246e-02
2.453522542570096832e-02
2.503531788740653852e-02
2.537311450467383267e-02
2.554834576626041631e-02
2.556159474778074703e-02
2.541547749403072487e-02
2.511663725076362930e-02
2.467902409857614110e-02
2.412903682203282330e-02
2.351287481482278174e-02
2.290515566228901179e-02
2.241438665343342684e-02
2.217559650380618308e-02
2.231988323847788891e-02
2.292601061550025854e-02
2.398368175122822521e-02
2.539835479633811843e-02
2.703360893121731223e-02
2.875795115082646625e-02
3.047041431601860140e-02
3.210429947917226023e-02
3.362026444097043765e-02
3.499754324107606784e-02
3.622685426553617916e-02
3.730555168722360371e-02
3.823456423898186074e-02
3.901654152208777759e-02
3.965475812322494242e-02
4.015247625386142438e-02
4.051258060698659236e-02
4.073737331335935963e-02
4.082846313165733321e-02
4.078671158063751356e-02
4.061221698159900306e-02
4.030433030865054889e-02
3.986170792950982644e-02
3.928241885544170309e-02
3.856414145427522477e-02
3.770451139009356467e-02
3.670172564947171701e-02
3.555557634888728558e-02
3.426919269295147785e-02
3.285190956640438031e-02
3.132380724888372825e-02
2.972237569847746563e-02
2.811089196894989151e-02
2.658545294663916536e-02
2.527278784821729296e-02
2.430805114140399681e-02
2.379126393082309221e-02
2.374435133177610346e-02
2.410127885740265263e-02
2.473954158191515873e-02
2.552723956283342588e-02
2.635556595299881621e-02
2.714863845605819392e-02
2.785940753354188004e-02
2.846145704158975498e-02
2.894161869744404925e-02
2.929467256156725874e-02
2.951991750610072351e-02
2.961906777735445750e-02
2.959500171166107307e-02
2.945103183761399457e-02
2.919048523591794009e-02
2.881646499761991720e-02
2.833171575012638499e-02
2.773854872008008066e-02
2.703880266397185039e-02
2.623383187458805388e-02
2.532452558819020538e-02
2.431137829939689077e-02
2.319465223377936702e-02
2.197470796033140772e-02
2.065263671967665360e-02
1.923142306298353255e-02
1.771801608125334049e-02
1.612689563266633819e-02
1.448591414024047452e-02
1.284504374582384756e-02
1.128720970486130071e-02
9.935959494672186310e-03
8.947302207652274575e-03
8.471665767702862837e-03
8.593205526284730666e-03
9.286947462654682184e-03
1.043091045446065124e-02
1.186231703779339064e-02
1.343253465750349207e-02
1.503218300922282147e-02
1.659098596450481189e-02
1.806773934923366909e-02
1.943999589876121981e-02
2.069647593011669784e-02
2.183218792766861149e-02
2.284548877468073336e-02
2.373637160729957785e-02
2.450548792897189188e-02
2.515359665458061222e-02
2.568125766641782270e-02
2.608866444497626169e-02
2.637555641476607704e-02
2.654117949069623172e-02
2.658428120996303434e-02
2.650314021015653942e-02
2.629564264153261277e-02
2.595943405681566674e-02
2.549219878751429746e-02
2.489215583439530199e-02
2.415891922183877050e-02
2.329496115537499357e-02
2.230804121989327093e-02
2.121509270401644720e-02
2.004804278463168110e-02
1.886146224502827096e-02
1.773993558226094613e-02
1.679891024766466678e-02
1.616887652253318208e-02
1.595780623907749884e-02
1.620673386430060425e-02
1.686974123790596636e-02
1.783505357290127158e-02
1.896985859460964541e-02
2.015760149301404347e-02
2.131333184554229376e-02
2.238248533824838127e-02
2.333329439571363295e-02
2.414901587491935508e-02
2.482203728911791529e-02
2.534994067988560751e-02
2.573303621497702309e-02
2.597286956582589568e-02
2.607133752193258047e-02
2.603017223044989947e-02
2.585064528425240482e-02
2.553340199662579302e-02
2.507837324559281100e-02
2.448473557827202107e-02
2.375090577213834209e-02
2.287456791685427149e-02
2.185274256258651349e-02
2.068192177610872484e-02
1.935831506134966240e-02
1.787828485600906347e-02
1.623910539063122549e-02
1.444026688517019430e-02
1.248567923952492720e-02
1.038729615585709531e-02
8.170788510331483678e-03
5.883605107742218010e-03
3.604223226117087009e-03
1.447393074330394214e-03
-4.455195172360371103e-04
-1.941347851298735883e-03
-2.966710358197510722e-03
-3.542712602555009305e-03
-3.773973568489963348e-03
-3.801630360086627469e-03
-3.756690800495343652e-03
-3.737238924971908460e-03
-3.806980063876030940e-03
-4.003025654393477240e-03
-4.344639693882990095e-03
-4.839966185311461722e-03
-5.490472250529565557e-03
-6.293653373343088830e-03
-7.244588330537093945e-03
-8.336778717894621771e-03
-9.562557545839012185e-03
-1.091324507459012771e-02
-1.237916399089478148e-02
-1.394958804723722690e-02
-1.561267775656238754e-02
-1.735544558304003004e-02
-1.916378461928891497e-02
-2.102258242174270819e-02
-2.291591811200277551e-02
-2.482729755531953852e-02
-2.673980907895068260e-02
-2.863597130592288043e-02
-3.049688717260623516e-02
-3.230011490603168500e-02
-3.401546114204334614e-02
-3.559789409119862302e-02
-3.697760123015680911e-02
-3.805025618738255844e-02
-3.867694973781832246e-02
-3.870857044354336640e-02
-3.803868567531565326e-02
-3.665718856575561624e-02
-3.466123256182296331e-02
-3.221316027635745538e-02
-2.948113200413460255e-02
-2.660148995205202649e-02
-2.367014550089518998e-02
-2.074961055946322741e-02
-1.787935957581854307e-02
-1.508430790778925168e-02
-1.238053242291792255e-02
-9.778813926542673229e-03
-7.286749333505149195e-03
-4.909998349967970022e-03
-2.653026982859518768e-03
-5.195639638176929864e-04
1.487106035123586523e-03
3.363943480728659452e-03
5.108012710392628719e-03
6.716381169938223650e-03
8.186055121579327576e-03
9.513958817588985539e-03
1.069697654075829618e-02
1.173209428041199764e-02
1.261670478992460431e-02
1.334918287238684442e-02
1.392990546500949556e-02
1.436299100386650984e-02
1.465915813910267929e-02
1.484019292628691034e-02
1.494534447851503245e-02
1.503898582552531948e-02
1.521619582075395272e-02
1.559855820778133229e-02
1.631086158400352204e-02
1.743972869112475621e-02
1.899611912335341657e-02
2.091011695766620271e-02
2.306237757208107197e-02
2.532742516332753269e-02
2.760252411201546963e-02
2.981603125023335465e-02
3.192336220207891984e-02
3.389931506775778480e-02
3.573114215886308287e-02
3.741353244168599268e-02
3.894532692992780376e-02
4.032747894455335214e-02
4.156182497107208107e-02
4.265035845094611311e-02
4.359480773074064786e-02
4.439639538095163651e-02
4.505570511669865219e-02
4.557261342541463200e-02
4.594626285564817891e-02
4.617506782094960016e-02
4.625675545954921475e-02
4.618845680233096829e-02
4.596688086889555436e-02
4.558863133983837024e-02
4.505076976007749145e-02
4.435180218812617703e-02
4.349338240326416916e-02
4.248319332801431258e-02
4.133965650208049070e-02
4.009914075062570582e-02
3.882560041169691445e-02
3.761980021064337265e-02
3.661943930856925711e-02
3.597648095593708462e-02
3.580731353238264525e-02
3.614037665663616394e-02
3.690212929162606237e-02
3.795362722222495044e-02
3.914637765688633309e-02
4.035988821994385134e-02
4.151171204926629166e-02
4.255157432938516671e-02
4.345150179769152743e-02
4.419741447322733663e-02
4.478331464466767109e-02
4.520763402599459191e-02
4.547104544481883615e-02
4.557518645826807990e-02
4.552192784747299825e-02
4.531296096012615848e-02
4.494956977315833768e-02
4.443251008399262680e-02
4.376195266552396212e-02
4.293746897417038966e-02
4.195805340840386144e-02
4.082218972706064264e-02
3.952798508111698972e-02
3.807341785343232310e-02
3.645678170127952811e-02
3.467746760983958509e-02
3.273732180850230655e-02
3.064296283701328782e-02
2.840962603881336257e-02
2.606722158270935452e-02
2.366894751454928780e-02
2.130100178925919963e-02
1.908730822389737014e-02
1.717691292457290686e-02
1.570376705767451142e-02
1.473137364811560879e-02
1.422106125974464952e-02
1.405134203843938501e-02
1.407151187846866769e-02
1.414883786000209476e-02
1.418821128216674055e-02
1.413057183481458701e-02
1.394349192499722001e-02
1.361183380948172150e-02
1.313089305299786069e-02
1.250196708273132451e-02
1.172967006772895893e-02
1.082036680897124903e-02
9.781285504302461575e-03
8.620030472858530857e-03
7.344325507103510731e-03
5.961886652706693823e-03
4.480364105177603307e-03
2.907317464509118210e-03
1.250204163905310750e-03
-4.836275040852600071e-04
-2.286937850793924198e-03
-4.152569811964657021e-03
-6.073356802517193564e-03
-8.041887571690220504e-03
-1.004999446771648319e-02
-1.208774573662840801e-02
-1.414160357677785029e-02
-1.619127783893603567e-02
-1.820476341302157408e-02
-2.013141540344953739e-02
-2.189439295253892137e-02
-2.338722194701248203e-02
-2.448353041287676390e-02
-2.506756381131791667e-02
-2.507765183821730748e-02
-2.453520645825579827e-02
-2.353598618489949335e-02
-2.221079527594849168e-02
-2.068481914984177106e-02
-1.905598332507829618e-02
-1.739189556518683233e-02
-1.573581420951952747e-02
-1.411427786090435621e-02
-1.254334841615034613e-02
-1.103293611920841411e-02
-9.589560302146638016e-03
-8.218032153332610612e-03
-6.922449097536365059e-03
-5.706766436584076452e-03
-4.575115275705088358e-03
-3.531970631955427820e-03
-2.582232006031692784e-03
-1.731252214586254112e-03
-9.848325990257089657e-04
-3.491893349624186627e-04
1.691170775122152747e-04
5.633124337232064960e-04
8.266453545116014823e-04
9.528117284292036970e-04
9.367091204575128671e-04
7.757618061676740950e-04
4.722103717464953831e-04
3.696571022948624829e-05
-5.042061860627278236e-04
-1.101654782025063284e-03
-1.671155219911679701e-03
-2.087510045517326773e-03
-2.195554400445831611e-03
-1.851053375546141133e-03
-9.804857406278122411e-04
3.818026501096749570e-04
2.111348722738659589e-03
4.050226815588420237e-03
6.058175761851414265e-03
8.034068586481479812e-03
9.914292285871706412e-03
1.166271024329601502e-02
1.326079014223613406e-02
1.470042889578371259e-02
1.597935158820207313e-02
1.709833518534575880e-02
1.805958615986291704e-02
1.886581045738511264e-02
1.951968832692729805e-02
2.002358292927253203e-02
2.037938347599133060e-02
2.058842690876860893e-02
2.065146860960953568e-02
2.056869013285478331e-02
2.033974570430774342e-02
1.996386332070465564e-02
1.944003479378952903e-02
1.876735725720268810e-02
1.794563402157556276e-02
1.697641579223740926e-02
1.586477597262048178e-02
1.462226745627281943e-02
1.327165169906119324e-02
1.185390244247419567e-02
1.043704143589230249e-02
9.123411153429739073e-03
8.046602565390470474e-03
7.346255565212622685e-03
7.120387123821236841e-03
7.381023238117068175e-03
8.048127211809141812e-03
8.987252491069464000e-03
1.006016251807806405e-02
1.115687848646174096e-02
1.220336414971390226e-02
1.315564096199928201e-02
1.399063202458861177e-02
1.469839587372878675e-02
1.527672101328603205e-02
1.572769331408596649e-02
1.605561792821741385e-02
1.626579543511907922e-02
1.636381458524427401e-02
1.635515030581147222e-02
1.624493927263848114e-02
1.603785740565522033e-02
1.573805549030482531e-02
1.534912906453822501e-02
1.487411232996738164e-02
1.431549706224033436e-02
1.367528952962748789e-02
1.295513465622710747e-02
1.215656146378729652e-02
1.128144342759562768e-02
1.033283043841848325e-02
9.316405272740135857e-03
8.242949005162758525e-03
7.132330618768945030e-03
6.019506781633987558e-03
4.962370655443137935e-03
4.049124280155913524e-03
3.398520704824825600e-03
3.142575875036746069e-03
3.387439001166114849e-03
4.169019597097811669e-03
5.435168893556108216e-03
7.069260104674457423e-03
8.935667914361955511e-03
1.091599860985525972e-02
1.292318875162767888e-02
1.489972690455054760e-02
1.681009029174362901e-02
1.863323511010195332e-02
2.035698477732594824e-02
2.197431815272676836e-02
2.348106056940668651e-02
2.487449389794416099e-02
2.615253491120816953e-02
2.731325445453869349e-02
2.835459750871272000e-02
2.927422081562669476e-02
3.006940012932313167e-02
3.073698160490323517e-02
3.127336726441565240e-02
3.167453719062662820e-02
3.193612478950091926e-02
3.205358021684934222e-02
3.202248655340289574e-02
3.183914224303685536e-02
3.150160490002096303e-02
3.101152312459554139e-02
3.037727572986326230e-02
2.961915319162145011e-02
2.877732746651284756e-02
2.792243173576758331e-02
2.716516803032065219e-02
2.665443291860070119e-02
2.654859893589200937e-02
2.695831817263827368e-02
2.789328340260510686e-02
2.925698583530356167e-02
3.089420875316850612e-02
3.265077904894964078e-02
3.440793080530335502e-02
3.608778696045233936e-02
3.764477088957196571e-02
3.905479285746493723e-02
4.030676235529995211e-02
4.139696496519129632e-02
4.232561953434865742e-02
4.309485343675145685e-02
4.370753863343690426e-02
4.416663323019465182e-02
4.447481500065775251e-02
4.463428227088472866e-02
4.464665109430843160e-02
4.451290985820666180e-02
4.423341276041914405e-02
4.380790807950529775e-02
4.323561014338528352e-02
4.251533912831084727e-02
4.164577453845597077e-02
4.062590218958583854e-02
3.945578886928391427e-02
3.813790368928104968e-02
3.667932714521571214e-02
3.509532928567815624e-02
3.341484680628248327e-02
3.168799061401172956e-02
2.999407191932546013e-02
2.844480757068668098e-02
2.717267650738186546e-02
2.629664672917608748e-02
2.587550822259365724e-02
2.587974440739282400e-02
2.620515439522708157e-02
2.671684350222514048e-02
2.729103842522273560e-02
2.783508809482038160e-02
2.828845723328554662e-02
2.861543994517923295e-02
2.879694274597977000e-02
2.882405734300808042e-02
2.869371387144781238e-02
2.840594352784253651e-02
2.796221931503928282e-02
2.736447272124342689e-02
2.661452029927846574e-02
2.571373451317016112e-02
2.466285896957343127e-02
2.346190930437530575e-02
2.211012666861478237e-02
2.060596749423759810e-02
1.894712552201904820e-02
1.713059332231225973e-02
1.515278384356366637e-02
1.300975157646888647e-02
1.069758292561995283e-02
8.213074041635959333e-03
5.554892341363304453e-03
2.725536088198143858e-03
-2.654387007519076747e-04
-3.396330107847234103e-03
-6.625913433458086033e-03
-9.884494735573068347e-03
-1.306738308867239073e-02
-1.604015760651400502e-02
-1.866677880671707701e-02
-2.085786392514055176e-02
-2.261106845287108591e-02
-2.401132737266753470e-02
-2.519077694243698762e-02
-2.628038563801526895e-02
-2.738136636067645124e-02
-2.855916143753411962e-02
-2.984901937060713273e-02
-3.126376215324733199e-02
-3.279964809739577269e-02
-3.443945577749829567e-02
-3.615306548868646441e-02
-3.789610194134573895e-02
-3.960745579127977756e-02
-4.120718096494069282e-02
-4.259748319433354080e-02
-4.367059433995990059e-02
-4.432626609857626132e-02
-4.449631633639250516e-02
-4.416609952636141312e-02
-4.338060718801672877e-02
