1.476146732591943599e-18
1.476146732591943599e-18
3.304605788468287386e+01
1.346931107579052700e+01
1.949648023313485368e+01
2.499541602109484728e+01
3.419050041503390958e+01
3.907158983961799947e+01
3.988388994008313659e+01
4.343641572187967625e+01
4.355742436392888095e+01
4.050664552457573109e+01
3.854930935494083855e+01
3.715510234072174001e+01
3.621819728850819331e+01
3.383421505402668572e+01
3.073989732685000931e+01
3.252501154045054221e+01
3.397435811046316445e+01
2.950497930845586225e+01
