-2.023025299650454769e+43
-2.023025299427810757e+43
-2.030511943431263080e+43
-2.033511416400355224e+43
-2.032078437128408969e+43
-2.026189912615037945e+43
-2.015744785500998752e+43
-2.000561251857901405e+43
-1.980372186195555485e+43
-1.954820506066054387e+43
-1.923459200843679426e+43
-1.885768957403429598e+43
-1.841228845016977420e+43
-1.789542912321766314e+43
-1.731312628945050801e+43
-1.669708564686701802e+43
-1.611860191018784084e+43
-1.563853088446353709e+43
-1.525278402376847488e+43
-1.490302734018547191e+43
-1.454006933413451631e+43
-1.413830195201608649e+43
-1.368671540692814705e+43
-1.318705257665811364e+43
-1.266208809630407271e+43
-1.217199396733751934e+43
-1.181230968161773562e+43
-1.165599607889377443e+43
-1.170613612787908123e+43
-1.193544979813015226e+43
-1.239499709061013100e+43
-1.315686824765736733e+43
-1.414351368516819488e+43
-1.515867177154416580e+43
-1.607621647785321640e+43
-1.686976930879701497e+43
-1.754605165653711709e+43
-1.811876674429115659e+43
-1.860137551691148661e+43
-1.900535722037209032e+43
-1.934002351612529010e+43
-1.961274597905462512e+43
-1.982925434988500463e+43
-1.999390460518746246e+43
-2.010989312854744202e+43
-2.017941651207550407e+43
-2.020378457897136012e+43
-2.018349315561897865e+43
-2.011826558907642945e+43
-2.000707118176002240e+43
-1.984813534040561570e+43
-1.963897211024015104e+43
-1.937651295964175090e+43
-1.905752394373108250e+43
-1.867984290098030829e+43
-1.824594856673379758e+43
-1.777260862239524513e+43
-1.730746334155157778e+43
-1.691381966234164872e+43
-1.661227049389437841e+43
-1.636470011304095853e+43
-1.611844323192818528e+43
-1.584204312589140344e+43
-1.551859336326259304e+43
-1.513741383224091902e+43
-1.469069923042484714e+43
-1.417338561646838019e+43
-1.358642279697309389e+43
-1.294627859876211031e+43
-1.230391726207750848e+43
-1.175780430557135264e+43
-1.141303740345395012e+43
-1.133221475341323882e+43
-1.159294730294129311e+43
-1.229250559486626337e+43
-1.333651555695883664e+43
-1.446452918545121380e+43
-1.548944430790507886e+43
-1.637303887663527626e+43
-1.712335110410854319e+43
