0.000000000000000000e+00
0.000000000000000000e+00
-6.259846946887748231e-04
1.165537603899480246e-03
2.622045193741984193e-03
3.734323635487646342e-03
4.653710886491690957e-03
5.458538394137235628e-03
6.192809769534957098e-03
6.887329753182847014e-03
7.566233800556876332e-03
8.246041925041858178e-03
8.933176753765703637e-03
9.624139230508976794e-03
1.030905933077641556e-02
1.097634156487714563e-02
1.161597605938458067e-02
1.222085667300265577e-02
1.278676491409935778e-02
1.331183945855385353e-02
1.379600261445346199e-02
1.424050482163119469e-02
1.464759642862123457e-02
1.502028983789460703e-02
1.536217367604120199e-02
1.567725250467622011e-02
1.596979942905263350e-02
1.624422255616364552e-02
1.650496049760774575e-02
1.675643877171850704e-02
1.700314004738956442e-02
1.724986788493798606e-02
1.750231112282274459e-02
1.776801577240316732e-02
1.805774921942648881e-02
1.838679541454113497e-02
1.877480122193264656e-02
1.924210954557703523e-02
1.980224833809951512e-02
2.045477835463960226e-02
2.118444566915944627e-02
2.196749116173601912e-02
2.277980703737858548e-02
2.360178877764185223e-02
2.441927553225653469e-02
2.522253058962120598e-02
2.600487310448618139e-02
2.676159297306401896e-02
2.748923048666318536e-02
2.818513209159867472e-02
2.884718147522247200e-02
2.947363265334557170e-02
3.006299894233022130e-02
3.061397055115033794e-02
3.112534497373298237e-02
3.159596078077586689e-02
3.202462869590716465e-02
3.241005517934114621e-02
3.275075375605807082e-02
3.304493821372900264e-02
3.329038937247097429e-02
3.348428272179870824e-02
3.362295633464218447e-02
3.370158403243617151e-02
3.371369181200756238e-02
3.365040677610298125e-02
3.349926138816794463e-02
3.324247645483713320e-02
3.285673909416986227e-02
3.233766232706436483e-02
3.193082733209395840e-02
3.221315373869826360e-02
3.319889568368994404e-02
3.443693185071916574e-02
3.559682182006795870e-02
3.666509997554801004e-02
3.765285406833474013e-02
3.856534879138573402e-02
3.940521934591778574e-02
4.017581221772403843e-02
4.088322632748098151e-02
4.153831457098866586e-02
4.215914808479226394e-02
4.277276403236918156e-02
4.341252613625945500e-02
4.410743100073832856e-02
4.486753019079192661e-02
4.567791655949560159e-02
4.650737224452616836e-02
4.732321550188012260e-02
4.810054448698597440e-02
4.882363148702761890e-02
4.948365868188875361e-02
5.007612256671412077e-02
5.059897495726506378e-02
5.105150241945199951e-02
5.143371427800369489e-02
5.174604797245430099e-02
5.198927912826345477e-02
5.216458796241218998e-02
5.227378208254029879e-02
5.231971455261930082e-02
5.230696200974671584e-02
5.224280940781711458e-02
5.213843661809414165e-02
5.200977021759789487e-02
5.187675926787127523e-02
5.175962984014659263e-02
5.167248987924955017e-02
5.161797650609312171e-02
5.158717204819107671e-02
5.156481125038703262e-02
5.153558029329596835e-02
5.148781235188448768e-02
5.141419138353064966e-02
5.131089556727697065e-02
5.117641520728200000e-02
5.101057920840701421e-02
5.081389109128031656e-02
5.058711931779513726e-02
5.033106089960170948e-02
5.004641180397251254e-02
4.973369787855030921e-02
4.939323647510529547e-02
4.902511059298619855e-02
4.862914509438609478e-02
4.820487942071927101e-02
4.775153411098154166e-02
4.726796993999538010e-02
4.675263916223859617e-02
4.620352855609133336e-02
4.561809399634109141e-02
4.499318625830994733e-02
4.432496737119495656e-02
4.360881441566122341e-02
4.283919695896853952e-02
4.200947424273060449e-02
4.111142053841176924e-02
4.013383654595048533e-02
3.905815911268173402e-02
3.784411557445843677e-02
3.637775936285181366e-02
3.421073778604588611e-02
3.587326199455520559e-02
3.741196359261578230e-02
3.838551094628517291e-02
3.893920709248099854e-02
3.927865052724976991e-02
3.947327206586170867e-02
3.955436594262118355e-02
3.953926016905384699e-02
3.943902192262371820e-02
3.926139619581214824e-02
3.901210857904735541e-02
3.869552667723241690e-02
3.831503741923159012e-02
3.787328384677524085e-02
3.737232643769039520e-02
3.681376271075831319e-02
3.619882548364228292e-02
3.552847426015071086e-02
3.480349189994091930e-02
3.402459848357874961e-02
3.319259551423359156e-02
3.230855576768409954e-02
3.137407606295439244e-02
3.039160923084782695e-02
2.936488200497833212e-02
2.829937822760730803e-02
2.720281102019894703e-02
2.608542042511974302e-02
2.495983568701509725e-02
2.384017608233723884e-02
2.274003312576367009e-02
2.166885854024025448e-02
2.062613078702213443e-02
1.959510060310121204e-02
1.856720523262556100e-02
1.785359278457221421e-02
1.802915417991002300e-02
1.906401802813983970e-02
2.029242080079551869e-02
2.139408905957762563e-02
2.236466141500748073e-02
2.322229147745713540e-02
2.397926941866868056e-02
2.464213606834797510e-02
2.521301782584139950e-02
2.569006398651096923e-02
2.606694001195575261e-02
2.633109899525165609e-02
2.645976912008873860e-02
2.641060953959706303e-02
2.609911241024120976e-02
2.539154025446754837e-02
2.580262759985352261e-02
2.654784614501437545e-02
2.808138957551964410e-02
2.923377331079857200e-02
3.014005387078233511e-02
3.087898453327375670e-02
3.149154795889952396e-02
3.200140571414378243e-02
3.242361366346102614e-02
3.276872396846663982e-02
3.304507077128304715e-02
3.326037406768023175e-02
3.342319711237107249e-02
3.354448992846559285e-02
3.363907373150976099e-02
3.372622547663772785e-02
3.382774065067128966e-02
3.396239041438642303e-02
3.413886760089557271e-02
3.435233357327027726e-02
3.458756780522631580e-02
3.482602184585514848e-02
3.505163994765325697e-02
3.525313921691930474e-02
3.542372933498993959e-02
3.555993032870152781e-02
3.566041950808696015e-02
3.572517611211289967e-02
3.575490281164395157e-02
3.575063393294208858e-02
3.571345025251515537e-02
3.564424766168872161e-02
3.554353305452218059e-02
3.541124136531315081e-02
3.524658166838956497e-02
3.504792649731269805e-02
3.481275640471603872e-02
3.453766252385603863e-02
3.421839707263152341e-02
3.384994996753998286e-02
3.342662238076554715e-02
3.294206552914147323e-02
3.238925189269292737e-02
3.176033888179996545e-02
3.104635607847594514e-02
3.023655679962056197e-02
2.931700279595861325e-02
2.826709182534048459e-02
2.704972653595838494e-02
2.557812379900603617e-02
2.357539821090304244e-02
2.355308237769482282e-02
2.283676792479916173e-02
2.393616023458111641e-02
2.467685344016179450e-02
2.536899197901187897e-02
2.609035923941527280e-02
2.682929276054624168e-02
2.754863942088525697e-02
2.821912365718759474e-02
2.882602648277021729e-02
2.936485253691833996e-02
2.983649743303873336e-02
3.024428346599972173e-02
3.059244743087830010e-02
3.088542706524544101e-02
3.112753679812829688e-02
3.132282349850368242e-02
3.147500417439452747e-02
3.158744250484990523e-02
3.166314656579549691e-02
3.170478116818564729e-02
3.171469253981418213e-02
3.169494458505806023e-02
3.164736680831459203e-02
3.157361555169346801e-02
3.147525355702329719e-02
3.135385910661536712e-02
3.121118631115593622e-02
3.104941330341937089e-02
3.087153341590931355e-02
3.068195486803571015e-02
3.048734095177585424e-02
3.029756060876742652e-02
3.012621223032940776e-02
2.998960009569029417e-02
2.990302883931494904e-02
2.987502228080352040e-02
2.990281657711335583e-02
2.997260424906178500e-02
3.006428784227477280e-02
3.015705274687863202e-02
3.023261012324374164e-02
3.027572765410346811e-02
3.027317302347198869e-02
3.021199120268214244e-02
3.007728518182561928e-02
2.984886708978318204e-02
2.949479398843868339e-02
2.895578422238020977e-02
2.810041914814243036e-02
2.675434693677769538e-02
2.702213102163808500e-02
2.858264758849515808e-02
2.974332294340520377e-02
3.060020698565679709e-02
3.130186104128007685e-02
3.191649760901160704e-02
3.247885266544958682e-02
3.300638277707057533e-02
3.350613148336711866e-02
3.397865988289305861e-02
3.442082814640223809e-02
3.482788106582845877e-02
3.519499786331703461e-02
3.551849122175321227e-02
3.579689906762761886e-02
3.603219675899227425e-02
3.623117322503133231e-02
3.640648913784860774e-02
3.657601494728779379e-02
3.675860910638761858e-02
3.696658365840588267e-02
3.719932356840982557e-02
3.744329931005796475e-02
3.767840901020069744e-02
3.788536885358806394e-02
3.804977083885896505e-02
3.816264208203423713e-02
3.821936333671982489e-02
3.821836019674851315e-02
3.816010015172111025e-02
3.804645062160894042e-02
3.788030035812828267e-02
3.766532347149165183e-02
3.740577147455148577e-02
3.710618702869461494e-02
3.677095243407046965e-02
3.640363818624425818e-02
3.600621184697239130e-02
3.557827375380195889e-02
3.511652826663946847e-02
3.461460929940018971e-02
3.406316471804560209e-02
3.344983927622080522e-02
3.275849037591038737e-02
3.196635459972441140e-02
3.103586164497840194e-02
2.988961477796570065e-02
2.831632993573052204e-02
2.658984427757093982e-02
2.471646317252296221e-02
2.613471762732655357e-02
2.694531182663628677e-02
2.756878224515335596e-02
2.814610155865282515e-02
2.873880695796615647e-02
2.936993475289972899e-02
3.003743885561638294e-02
3.072492071373700284e-02
3.141189464315807811e-02
3.208055372461959820e-02
3.271816089908252678e-02
3.331673242531096868e-02
3.387182699140089959e-02
3.438137016828046733e-02
3.484478537937718556e-02
3.526243215517088636e-02
3.563528814218175356e-02
3.596481752624725026e-02
3.625298829300782621e-02
3.650241548452082263e-02
3.671660992537240098e-02
3.690029391959970262e-02
3.705969646185103272e-02
3.720265573345149512e-02
3.733826427957609440e-02
3.747579107237286600e-02
3.762285505411333553e-02
3.778333230767239037e-02
3.795592709969963785e-02
3.813421165447783423e-02
3.830817381570428282e-02
3.846653325020432668e-02
3.859894122331297694e-02
3.869762501459450554e-02
3.875854918551668860e-02
3.878234936530478016e-02
3.877505808057990500e-02
3.874803495427703304e-02
3.871588112537893700e-02
3.869154694883469858e-02
3.868024784457246845e-02
3.867616489477532227e-02
3.866450963021184073e-02
3.862715768321267618e-02
3.854777275024767746e-02
3.841418488607550863e-02
3.821849405114763343e-02
3.795623344816378975e-02
3.762548763900852578e-02
3.722630510038871243e-02
3.676045094247348821e-02
3.623143036408893458e-02
3.564463649684013191e-02
3.500734295376872751e-02
3.432804442054160354e-02
3.361446111476196208e-02
3.286966954919923189e-02
3.208648686723614141e-02
3.124066574459982704e-02
3.028147545923909334e-02
2.910980122805950643e-02
2.751712592765076515e-02
2.653173045136636432e-02
2.565472225397380512e-02
2.663505617081662891e-02
2.711828791916137682e-02
2.739119626551733688e-02
2.762401183215712486e-02
2.791106813453936297e-02
2.827202826661334711e-02
2.867484400794961807e-02
2.908271632394354711e-02
2.948254447965381608e-02
2.988287372022968569e-02
3.029940873487579900e-02
3.074118204318221359e-02
3.120432086622360046e-02
3.167508159956078373e-02
3.213735897686031961e-02
3.257836327038288182e-02
3.299033981014032335e-02
3.336980383131704642e-02
3.371610114893019983e-02
3.403016200358521814e-02
3.431363802621612002e-02
3.456836298291965370e-02
3.479603773402706324e-02
3.499806076531442045e-02
3.517545206998562435e-02
3.532883687395749206e-02
3.545846694659693377e-02
3.556426442679461175e-02
3.564587488017068040e-02
3.570272692462927999e-02
3.573408855336945855e-02
3.573912255436351160e-02
3.571694197221120248e-02
3.566667103684384443e-02
3.558752156819910972e-02
3.547890161123667951e-02
3.534058359594149934e-02
3.517297508750893975e-02
3.497755532520563371e-02
3.475755478694719791e-02
3.451892434026015977e-02
3.427146763751176550e-02
3.402954561849735882e-02
3.381105451222121694e-02
3.363330518402318781e-02
3.350649361657742631e-02
3.342873684774771981e-02
3.338668032294545007e-02
3.336114288130520578e-02
3.333336066275771614e-02
3.328838998813155037e-02
3.321557971500910256e-02
3.310761011505625184e-02
3.295926861370856997e-02
3.276642842087928997e-02
3.252528820783906482e-02
3.223178671237669768e-02
3.188107395762851404e-02
3.146690971387600122e-02
3.098082857471551321e-02
3.041084241642866282e-02
2.973939476836262585e-02
2.894084833070098561e-02
2.798561145338407385e-02
2.692268476421766366e-02
2.628937242480700043e-02
2.626254130826199962e-02
2.677117428004160971e-02
2.721963188798026678e-02
2.752354518467514666e-02
2.771438095267875212e-02
2.782219229681581751e-02
2.786797635174265153e-02
2.786644507244329105e-02
2.782894258261592313e-02
2.776593885608824586e-02
2.768927061178039217e-02
2.761390760478210638e-02
2.755829114978536332e-02
2.754183568485446543e-02
2.757940468294894920e-02
2.767566183249958733e-02
2.782361318171910902e-02
2.800845010904406962e-02
2.821332940040721660e-02
2.842322603029190375e-02
2.862598392486881416e-02
2.881186245322697737e-02
2.897286849888169868e-02
2.910237643610202873e-02
2.919501418699699258e-02
2.924665257840541877e-02
2.925438356564225018e-02
2.921645257027272180e-02
2.913215904094146325e-02
2.900175465358811877e-02
2.882636605967570098e-02
2.860796215491490102e-02
2.834938081799887044e-02
2.805442783564005005e-02
2.772805843598358244e-02
2.737664288906227483e-02
2.700829040196173203e-02
2.663314446411058078e-02
2.626346061775075569e-02
2.591317167539108901e-02
2.559666644438918226e-02
2.532684610028801409e-02
2.511317773174637225e-02
2.496096715608997485e-02
2.487276301664720357e-02
2.485161066040930677e-02
2.490443381052553917e-02
2.504281647074191319e-02
2.527887099704972940e-02
2.561729252860778239e-02
2.604936524289480637e-02
2.655418747904181309e-02
2.710581815829105068e-02
2.768032531845165956e-02
2.825891080828846214e-02
2.882770040757165475e-02
2.937622205818724019e-02
2.989581100108207323e-02
3.037828015853305530e-02
3.081475281912782194e-02
3.119437139433500761e-02
3.150240543517091041e-02
3.171678746009520822e-02
3.180054630832263030e-02
3.168183848598804531e-02
3.118685631404738423e-02
3.000638934603672148e-02
3.005985726950410886e-02
3.242311294647270969e-02
3.403777405979058202e-02
3.530917109541986676e-02
3.638356691334010407e-02
3.732203470109340948e-02
3.815559161556625334e-02
3.890212852440666502e-02
3.957312004328472632e-02
4.017692019751506471e-02
4.072080026231050809e-02
4.121256869708567194e-02
4.166208821875749813e-02
4.208256175277580446e-02
4.249082930915104583e-02
4.290535834541064908e-02
4.334127292003309151e-02
4.380443294672464738e-02
4.428876549392346540e-02
4.477909577894934046e-02
4.525715213858472197e-02
4.570655961605396556e-02
4.611489144552738395e-02
4.647350305052722064e-02
4.677651917128122783e-02
4.701981079620387582e-02
4.720025296778596058e-02
4.731530575232278935e-02
4.736292112294382406e-02
4.734185444470151438e-02
4.725263342357410856e-02
4.709973757231922242e-02
4.689587741177025926e-02
4.666874166124279633e-02
4.646612409643324781e-02
4.634584555990528543e-02
4.634324088498531502e-02
4.644459998828875946e-02
4.659721941984429350e-02
4.674422312178982963e-02
4.684673946634676511e-02
4.688420325313980008e-02
4.684749927320908114e-02
4.673358959416806790e-02
4.654271026140643919e-02
4.627732975327458753e-02
4.594219640949903649e-02
4.554509846592158517e-02
4.509796765787132955e-02
4.461753037920512810e-02
4.412399853876536326e-02
4.363640275885583009e-02
4.316568159581302133e-02
4.271003396859374135e-02
4.225639264854419430e-02
4.178672328389976265e-02
4.128427194118478027e-02
4.073660889814578745e-02
4.013580460888910295e-02
3.947735864887880197e-02
3.875898924901832743e-02
3.797967944767655091e-02
3.713900966616612287e-02
3.623669407120688746e-02
3.527222639805782656e-02
3.424455035334528219e-02
3.315166928828361392e-02
3.199008337305575544e-02
3.075386529466062058e-02
2.943299330157356231e-02
2.801006429017371957e-02
2.645309452869981648e-02
2.469764135308660791e-02
2.260168332345591224e-02
2.036470386432243096e-02
1.906020585502909981e-02
1.953832993153881148e-02
1.958491258045302885e-02
1.936744205187257428e-02
1.901174594827059749e-02
1.858133251941262998e-02
1.811565345625343326e-02
1.764517476396121332e-02
1.719828968913827971e-02
1.680386618424156708e-02
1.648919732707399000e-02
1.627351472322824399e-02
1.616111143052600951e-02
1.614007761649327577e-02
1.618812526823187881e-02
1.628076069074646526e-02
1.639657973005181901e-02
1.651869219993429283e-02
1.663404093143094897e-02
1.673223790588229676e-02
1.680459529869171575e-02
1.684345628891792401e-02
1.684174180504882656e-02
1.679260769914314722e-02
1.668912548429091203e-02
1.652391236151218301e-02
1.628862866803904019e-02
1.597322589345773203e-02
1.556476217235491788e-02
1.504555615067304508e-02
1.439096457280797381e-02
1.357283395752717503e-02
1.262714933954134366e-02
1.205070004433839159e-02
1.216753865903297260e-02
1.294226151841382233e-02
1.372778750402314785e-02
1.437952136522446800e-02
1.492726832242063928e-02
1.540659665290200486e-02
1.584442668161223366e-02
1.626217591364720327e-02
1.667979784164264068e-02
1.711840799611152875e-02
1.760039772328014784e-02
1.814616510295730123e-02
1.876817140921160920e-02
1.946578149627242738e-02
2.022494174044098258e-02
2.102319967362875630e-02
2.183646280639317538e-02
2.264370267253767999e-02
2.342864421808088515e-02
2.417952097507214404e-02
2.488813268601863804e-02
2.554887503290803608e-02
2.615796417733817769e-02
2.671287760982399284e-02
2.721197370840888752e-02
2.765424889082201965e-02
2.803920324700559519e-02
2.836679885334869589e-02
2.863750504578876921e-02
2.885242884040728484e-02
2.901352097749887449e-02
2.912381821924303615e-02
2.918761609432296567e-02
2.921035811373240421e-02
2.919791984909525517e-02
2.915500113582480957e-02
2.908274064471561005e-02
2.897657714826573638e-02
2.882695965700965424e-02
2.862959813156717992e-02
2.842505754787527650e-02
2.838146176491251893e-02
2.870271510285360428e-02
2.939553326886845674e-02
3.026612947356865924e-02
3.114275864589099996e-02
3.198771391320920365e-02
3.281116738903477881e-02
3.362371733868552148e-02
3.442369746923512608e-02
3.519973093253603302e-02
3.593794662305382914e-02
3.662719852235096774e-02
3.726065478788687102e-02
3.783522031916186634e-02
3.835038025038661758e-02
3.880720323500308488e-02
3.920766557638222238e-02
3.955424439215904364e-02
3.984969146910688487e-02
4.009691608879317748e-02
4.029892786472921706e-02
4.045880753185127077e-02
4.057968408948497974e-02
4.066470278781220138e-02
4.071697241668470468e-02
4.073948416846273624e-02
4.073499958848358915e-02
4.070591277212409764e-02
4.065410198122165752e-02
4.058079693605054494e-02
4.048649802703718770e-02
4.037099089902906890e-02
4.023350489293742172e-02
4.007307020317596447e-02
3.988913937760907302e-02
3.968254451050423626e-02
3.945681215834251354e-02
3.921962089656627626e-02
3.898357460382362305e-02
3.876463674492369726e-02
3.857685978463143428e-02
3.842511159283601430e-02
3.830104925173438701e-02
3.818611698538720844e-02
3.805947782682528313e-02
3.790570330712439429e-02
3.771974464911354019e-02
3.751011590837594056e-02
3.730065456329234586e-02
3.712709382629131305e-02
3.702306841224012324e-02
3.700055168133387085e-02
3.704181964727304432e-02
3.711090984300358109e-02
3.717230086555844970e-02
3.720111712038653984e-02
3.718344129532069609e-02
3.711294995890623838e-02
3.698775682323174330e-02
3.680833889717738394e-02
3.657632856284687151e-02
3.629382849546791689e-02
3.596300915511241314e-02
3.558585058042740279e-02
3.516395605151778625e-02
3.469840332668594485e-02
3.418962071508580003e-02
3.363728662822418336e-02
3.304025288408785066e-02
3.239647407381274213e-02
3.170285284322260644e-02
3.095468439235715685e-02
3.014374651016904494e-02
2.925242306695907679e-02
2.823718083529147549e-02
2.699034894435436982e-02
2.566613071716417060e-02
2.554040780327393456e-02
2.695396619036771746e-02
2.811795794826554840e-02
2.906480258036370223e-02
2.990518137852093972e-02
3.069172663144703606e-02
3.144939698320481369e-02
3.218789542593492037e-02
3.290788716537940140e-02
3.360523035310514217e-02
3.427399328162028525e-02
3.490831435339414313e-02
3.550328999060492485e-02
3.605522137444761022e-02
3.656153038485743245e-02
3.702055028696582539e-02
3.743129667569022878e-02
3.779326018153383870e-02
3.810623076487962280e-02
3.837015188918191377e-02
3.858500170226308867e-02
3.875070187154094903e-02
3.886706018749763736e-02
3.893375965541734374e-02
3.895041516777242308e-02
3.891673092515124388e-02
3.883281021476325812e-02
3.869969448394239286e-02
3.852022931204457379e-02
3.830032044067532837e-02
3.805041589892055320e-02
3.778641247926461944e-02
3.752822668647604054e-02
3.729435574094708272e-02
3.709390605528506413e-02
3.692165938022418104e-02
3.676050996618096534e-02
3.658913710580469214e-02
3.638896890947074247e-02
3.614722004891435247e-02
3.585690701273924752e-02
3.551583223219889618e-02
3.512569827347689078e-02
3.469165079129088447e-02
3.422207024568812983e-02
3.372813944116459517e-02
3.322253227602378622e-02
3.271674903419707903e-02
3.221748048754546900e-02
3.172352767323971534e-02
3.122495280707937582e-02
3.070465952959233746e-02
3.014076216629324456e-02
2.950753103517933518e-02
2.877315787210021902e-02
2.789214251873750605e-02
2.678623031973925706e-02
2.530822607512250855e-02
2.399711387508030036e-02
2.346139425674831358e-02
2.462052240167800221e-02
2.535767651145692803e-02
2.579618411088979713e-02
2.605056235772940099e-02
2.618399801146265027e-02
2.623976060638977259e-02
2.625326036208752711e-02
2.625402864137815762e-02
2.626185319383611549e-02
2.628208467340353849e-02
2.630542364681320855e-02
2.631316501028080346e-02
2.628384652891035955e-02
2.619701080530623116e-02
2.603306145376693692e-02
2.577003001727518061e-02
2.537693011730479675e-02
2.479894127034110163e-02
2.391270431200775981e-02
2.233595545148014949e-02
2.388902004330129003e-02
2.514867531069620021e-02
2.644304619180837257e-02
2.727489371437208376e-02
2.788359007549057189e-02
2.836530764230182911e-02
2.877242548303615699e-02
2.913993698370109797e-02
2.949343617976296628e-02
2.985092298004254907e-02
3.022260626435713249e-02
3.061097293633374683e-02
3.101217993638627490e-02
3.141855565957429874e-02
3.182126404172458400e-02
3.221234314192478188e-02
3.258594368381739770e-02
3.293905756575532529e-02
3.327213584869337382e-02
3.358982652283759585e-02
3.390165463118410827e-02
3.422180377561434561e-02
3.456661253397697031e-02
3.494919843578725427e-02
3.537342142047439353e-02
3.583143783605335919e-02
3.630682585876687796e-02
3.678066114835654155e-02
3.723636166255572810e-02
3.766157108364409645e-02
3.804791719531497307e-02
3.838999684946253765e-02
3.868436944013864398e-02
3.892880556424449523e-02
3.912179075795063632e-02
3.926221740230206869e-02
3.934919977685291670e-02
3.938196514554515026e-02
3.935979034228243023e-02
3.928196514117687776e-02
3.914777140094272134e-02
3.895647192426410221e-02
3.870730635192898283e-02
3.839949413664855982e-02
3.803224750242550911e-02
3.760480113810737990e-02
3.711647131664408406e-02
3.656676681271453511e-02
3.595558978662549698e-02
3.528358967882017083e-02
3.455276897404702119e-02
3.376748044555100137e-02
3.293596723526959202e-02
3.207247253739731185e-02
3.119944790559325831e-02
3.034824860756324405e-02
2.955530128496031139e-02
2.885123874439265990e-02
2.824549850226976133e-02
2.771512719931745750e-02
2.720512413235010030e-02
2.664106965411150441e-02
2.598890501112904872e-02
2.565411761972180571e-02
2.597743105288818910e-02
2.696205246521188315e-02
2.793770894209890443e-02
2.875108740240217564e-02
2.943287549115924939e-02
3.001626701283277576e-02
3.052459077879166038e-02
3.097393354930932929e-02
3.137563566731849107e-02
3.173784721087069549e-02
3.206646908893584502e-02
3.236574013986892595e-02
3.263862168335207592e-02
3.288706439652178126e-02
3.311220624081467889e-02
3.331453093601610682e-02
3.349400665376389696e-02
3.365022060616129629e-02
3.378252566755790554e-02
3.389022004769537411e-02
3.397279103792238963e-02
3.403026948014109543e-02
3.406376009694422891e-02
3.407621920381109781e-02
3.407349793526037729e-02
3.406544882935147456e-02
3.406638054023125584e-02
3.409351683583583537e-02
3.416241732982916446e-02
3.428073280495969044e-02
3.444444298821780492e-02
3.463968968568686968e-02
3.484867980825101519e-02
3.505529521251493641e-02
3.524777584700555799e-02
3.541885146441003940e-02
3.556475815668180829e-02
3.568412179395719086e-02
3.577706828896398683e-02
3.584459347225577019e-02
3.588812260210616500e-02
3.590918248851737715e-02
3.590913017233354765e-02
3.588890711053438487e-02
3.584881040043597089e-02
3.578829036111641493e-02
3.570579420300878937e-02
3.559867609361710983e-02
3.546318442787144143e-02
3.529452096217999824e-02
3.508694986094651469e-02
3.483392356717085470e-02
3.452818933508927657e-02
3.416184332829841352e-02
3.372630271185905748e-02
3.321216116193848045e-02
3.260886344755697941e-02
3.190404006466907028e-02
3.108206355638309937e-02
3.012052644543450342e-02
2.898038548141079751e-02
2.757326682999550194e-02
2.562508627693982355e-02
2.534137732328334280e-02
2.430303683260781611e-02
2.540783712290095586e-02
2.603298438138867965e-02
2.649616634591933639e-02
2.689490171720976264e-02
2.725322952290865075e-02
2.756400013240201119e-02
2.781074352392454152e-02
2.797940134902598963e-02
2.806215099393516432e-02
2.805711541267053022e-02
2.796704534799343556e-02
2.779830017442463941e-02
2.756035193613648460e-02
2.726556894536158460e-02
2.692880440566636224e-02
2.656619161597517653e-02
2.619272071424205706e-02
2.581890564982503022e-02
2.544787809899773379e-02
2.507454321141588949e-02
