3.324734206779638157e+01
3.324734206779638157e+01
3.324734212400232991e+01
3.324734209287869646e+01
3.324734209271356633e+01
3.324734209271357344e+01
3.324734204982813424e+01
3.324734186456570484e+01
3.324734172218870043e+01
3.324734177301746030e+01
3.324734182384623438e+01
3.324734182384624859e+01
3.324734182384626280e+01
3.324734182385716252e+01
3.324734182386806935e+01
3.324734182386807646e+01
3.324734181940313960e+01
3.324734185144143339e+01
3.324734188794468537e+01
3.324734184861784314e+01
