-1.276012522829384112e+41
-1.276012522829384112e+41
-1.240925793061027999e+41
-1.306128626893814869e+41
-1.348664206083996961e+41
-1.380533326252283467e+41
-1.405993634625754368e+41
-1.426659295554119887e+41
-1.443084377475230285e+41
-1.455352136061250420e+41
-1.463379263936510021e+41
-1.467079946106523527e+41
-1.466440105907911630e+41
-1.461536994112810558e+41
-1.452520437172705300e+41
-1.439549216416272779e+41
-1.422665110500520413e+41
-1.401592882936680855e+41
-1.375437057188304170e+41
-1.342067907526167919e+41
-1.296129838955354830e+41
-1.223777956639680576e+41
-1.228265832482758388e+41
-1.300382154938153943e+41
-1.348725567030363806e+41
-1.384922565454528199e+41
-1.413046505894445718e+41
-1.434338878885660953e+41
-1.449477190366071829e+41
-1.459121975726544479e+41
-1.464046209423410239e+41
-1.465123795582389199e+41
-1.463181219479611077e+41
-1.458716601491659611e+41
-1.451645028146253850e+41
-1.441276317965116413e+41
-1.426510725213125390e+41
-1.406013572442926531e+41
-1.378119077566709422e+41
-1.340063646482337279e+41
-1.284400396380401038e+41
-1.206352549043498586e+41
-1.118221336561780650e+41
-1.197009353140503323e+41
-1.248222809006236237e+41
-1.286953898663893536e+41
-1.316848070178717406e+41
-1.339614455451917836e+41
-1.356536693604976209e+41
-1.368850208512894826e+41
-1.377830721275661282e+41
-1.384639206636916919e+41
-1.389938281846435617e+41
-1.393590657299678053e+41
-1.394786176122796848e+41
-1.392481345873333403e+41
-1.385746689582701063e+41
-1.373872124848992149e+41
-1.356358010223157604e+41
-1.332925872382750170e+41
-1.303587365912022645e+41
-1.268639277493457124e+41
-1.228041726596131655e+41
-1.179113674130650135e+41
-1.119750316694936324e+41
-1.123048488846970685e+41
-1.181937306370393845e+41
-1.229342741405424239e+41
-1.266815562845272799e+41
-1.299030051309798097e+41
-1.327327022348626013e+41
-1.351604839455909876e+41
-1.371390834930031696e+41
-1.386346217115294592e+41
-1.396387180183781634e+41
-1.401658019217628574e+41
-1.402495366137169338e+41
-1.399410500114373842e+41
-1.393044172077321199e+41
-1.384017708614812148e+41
-1.372670900170305785e+41
-1.358832607329423580e+41
-1.341797631615433433e+41
-1.320477905155692666e+41
-1.293506020002487985e+41
-1.259035511432353299e+41
-1.213656839711739206e+41
-1.146811617161006087e+41
-1.131309089550236466e+41
-1.059179745488994087e+41
-1.136754950522422173e+41
-1.190990864147885095e+41
-1.232939156651595752e+41
-1.265426422632363158e+41
-1.289982766350820986e+41
-1.307809928635756124e+41
-1.320051177122678846e+41
-1.327990144989075515e+41
-1.333199135056826383e+41
-1.337371097456908349e+41
