4.246198376613772751e+00
4.246198376613772751e+00
4.181440380079200381e+00
4.105703314501125689e+00
4.018811378242370225e+00
3.920562410487383964e+00
3.810727382774227401e+00
3.689050646108405829e+00
3.555251791020516805e+00
3.409030363745159331e+00
3.250076059197196887e+00
3.078206550251704421e+00
2.893126016185727067e+00
2.694637203766314215e+00
2.482872531540148309e+00
2.258498887838830349e+00
2.023262304301987502e+00
1.781068182557328683e+00
1.539739705890109889e+00
1.311931937409948734e+00
1.113301294873773717e+00
9.645162676474950958e-01
8.918650285440395953e-01
9.108210907076734753e-01
1.010736894606438785e+00
1.164462937292281453e+00
1.348098990587001555e+00
1.545483200904735899e+00
1.747449697509131594e+00
1.948785421274219720e+00
2.146692511301917072e+00
2.339197824784520208e+00
2.525571988840579429e+00
2.705040444702533353e+00
2.876994845364436504e+00
3.041035488712842128e+00
3.197397713440923717e+00
3.346294786682822764e+00
3.487216694407550222e+00
3.619829116693429327e+00
3.743789591226494018e+00
3.858307314507230856e+00
3.963403559466624149e+00
4.058856988265002741e+00
4.144259103446804815e+00
4.219987025977188111e+00
4.285645266192128489e+00
4.341394233133525127e+00
4.387123988846225231e+00
4.422684282761608188e+00
4.448285261794154621e+00
4.463963777044249959e+00
4.469350842761480536e+00
4.464644216139047828e+00
4.449720481517054793e+00
4.424667060244903638e+00
4.389324406911173426e+00
4.343642507862695012e+00
4.287345803878068295e+00
4.220331170772921858e+00
4.142435184380314439e+00
4.053445511363729992e+00
3.953130661900646547e+00
3.841128207856957744e+00
3.717178237602397406e+00
3.580935207147501131e+00
3.432009250060600536e+00
3.269902965942453665e+00
3.094120583883545272e+00
2.904098998625766370e+00
2.699286931246524190e+00
2.479036788896191723e+00
2.242822259414234409e+00
1.990394681039302727e+00
1.722249465981697147e+00
1.440704658126502391e+00
1.153885863573544501e+00
8.810698126355851478e-01
6.691591631384313787e-01
5.985099177896808786e-01
6.951437196691806486e-01
9.004966394806888097e-01
1.144556433569321019e+00
1.395893657768661367e+00
1.643954686793267506e+00
1.883841044143887755e+00
2.113444380300722347e+00
2.332513653323302627e+00
2.540449223828440850e+00
2.737308953267634681e+00
2.923269654329259115e+00
3.098562942573164669e+00
3.263442267346526648e+00
3.418165603103842543e+00
3.562986049605862071e+00
3.698305454936700265e+00
3.824289931793053654e+00
3.940832831511273060e+00
4.048184826926226165e+00
4.146231746973161769e+00
