-3.774326895990759989e-01
5.856133925111948191e-01
-4.320806272965706241e-02
-1.554057106190898319e+00
1.941867051668462185e-01
-2.010582339722751133e+00
1.145455590326706768e-01
1.128815276359290243e+00
-1.858582081956476673e+00
-3.501353614008198556e-01
-7.812451640769539907e-01
9.595535861220338969e-01
1.780342460986552300e-01
-1.199855619659529360e+00
6.465784173199313756e-01
-5.211632528879378556e-01
-1.104148908837272680e+00
-4.552117268103282322e-01
3.012755291553347869e-01
-1.654815686833921662e+00
5.009878070117806947e-01
-1.756222730264015430e+00
1.029551833622058599e+00
9.971860885984313860e-01
-7.045483140931778632e-01
2.063099406704949512e+00
-9.412567776810362163e-01
-4.072493508796414252e-01
1.385885485312920995e+00
3.301405896551266039e-01
-2.462257171613271733e+00
4.090730254612384154e-01
1.313434327388407930e+00
2.278513565036350552e-01
-6.865339445565489251e-01
6.141346030155347968e-01
-2.481858532225679759e-01
1.140173376575975839e+00
-6.584280041505999881e-01
-7.050007805876488121e-01
2.334541429860011452e-01
4.101478250881568921e-01
-1.077614229807380308e+00
-8.058646465470418185e-01
-3.282302585030844044e-01
-4.832713332039493825e-01
1.125024998645031554e-01
6.409832942921571686e-01
-6.479410921662788203e-01
3.574177399467610705e-01
5.281599330955940585e-01
-1.992786998742734017e+00
3.971691130671978209e-01
-9.514889093139419218e-01
1.232407252130868880e+00
2.135881126027903698e-01
1.353107083046367176e+00
2.675659001291684214e-01
6.063202567429869516e-01
-1.615293169015193042e+00
2.033419057508416561e+00
1.792318480979687267e+00
1.614190745500761803e+00
1.026668308399893759e+00
-5.477173950460483276e-01
9.574636860376392056e-01
-7.172763401797956906e-01
6.158558326270581473e-02
1.438802996137516166e+00
-6.535546519593678216e-02
-5.397983497931523045e-02
-1.073462086232945145e+00
-5.519833554891478977e-01
-1.444962690979735065e+00
1.491899316797097585e-01
1.798743281603314426e-01
-1.895626804360654560e+00
-1.104289319645417544e+00
3.471978896492354250e-01
1.372247825196725390e+00
2.286733694943549888e-01
1.915736518284593126e+00
-4.595350064734369799e-01
-4.997454507472551266e-01
4.468214690099812647e-01
-3.365756861588629079e-01
8.096791382820894833e-01
4.035538063538182119e-01
-1.391385313641667065e-01
2.823234918137331184e-01
3.248897438778005076e-01
8.122314906838693505e-01
-1.052704290380600094e+00
1.941342504739381747e-01
-1.768018852632571580e-01
5.586659050297101414e-01
-1.123467591830403789e+00
-9.014781158776724590e-01
1.698494841289980073e+00
-3.926247329114379014e-01
1.066779305755340135e-01
-7.675738218420428138e-01
2.520728185400636923e-01
8.657227359930010913e-01
-1.131990615046848114e-01
1.716698449528778037e+00
1.035220467234894137e-01
3.393412196654299606e-01
-1.128933735961584306e+00
-1.051363899570360028e+00
-9.050407592289537728e-01
-5.359518854737982396e-01
3.176909079465451424e-01
9.130961323001872687e-01
4.466106497358450778e-01
7.220379202058896384e-01
-2.238394133702040489e-01
1.171285857274823927e+00
-2.126121237255364227e-01
-1.708675381661690640e-01
-1.944081653261291232e+00
9.073713924602886394e-01
1.563481225147291598e+00
5.244609688978697087e-02
3.524263380405687207e-01
7.885195061135908956e-01
1.226516700626421263e+00
3.119818071118755642e-01
-1.485875170963346870e+00
-6.887464302252255255e-01
-1.073378218085509761e-01
-2.226987468439920181e-01
-2.305530748880681713e-01
8.378456371387439372e-01
1.984447571526716525e-02
1.294865185510212791e-01
4.326154533685416803e-01
1.349810969676772165e+00
-1.313679444519481043e+00
1.225300795192257874e+00
3.686548969047908630e-01
-5.845454922711293966e-01
1.240436810046539939e+00
1.053122974460649619e-01
-1.806037694131691351e-01
-7.969211842983005001e-01
1.789910679520713144e+00
3.668453177399266796e-01
1.182557920385922001e+00
-9.911718433891445468e-01
1.029379367251640920e+00
-6.274453690379970805e-01
-1.388840478501572662e+00
6.661125237083911355e-01
6.224605547315935350e-02
6.501876653941803669e-03
3.243183723855901923e-01
