0.000000000000000000e+00
0.000000000000000000e+00
-2.426347609329582156e-03
-4.940399828126440518e-03
-7.542024908067879174e-03
-1.023077755836843128e-02
-1.300583147146816554e-02
-1.586589921664027791e-02
-1.880913746736145864e-02
-2.183303535836855769e-02
-2.493428367759187303e-02
-2.810862265073343913e-02
-3.135066636431194098e-02
-3.465370252819299779e-02
-3.800946747524469593e-02
-4.140789825493262910e-02
-4.483686666000585852e-02
-4.828190429607448486e-02
-5.172593356925370145e-02
-5.514902675268651411e-02
-5.852822375397570553e-02
-6.183744788867850950e-02
-6.504756605308181783e-02
-6.812664238458643329e-02
-7.104042923779629870e-02
-7.375312258105992669e-02
-7.622837882728994430e-02
-7.843054838532437234e-02
-8.032603486789224867e-02
-8.188465008168566150e-02
-8.308081788331156403e-02
-8.389449519484148965e-02
-8.431172650660001544e-02
-8.432481698018834404e-02
-8.393217745436043487e-02
-8.313794031769972115e-02
-8.195145545561077771e-02
-8.038675178896559359e-02
-7.846200653193124985e-02
-7.619902097077591030e-02
-7.362267480804096653e-02
-7.076032801929343918e-02
-6.764115618383892414e-02
-6.429543164401951838e-02
-6.075378649073681636e-02
-5.704650585640502758e-02
-5.320289893445340201e-02
-4.925078338080468576e-02
-4.521610174303636320e-02
-4.112267164918337325e-02
-3.699205824261597719e-02
-3.284354918557197411e-02
-2.869420921219656417e-02
-2.455899153130924883e-02
-2.045088597256672358e-02
-1.638108742752442115e-02
-1.235917199534430910e-02
-8.393271780447020269e-03
-4.490242259749810394e-03
-6.558184749416717807e-04
3.105241950130954720e-03
6.789029725761119849e-03
1.039236866665294023e-02
1.391271370210267477e-02
1.734806120034160237e-02
2.069687052520641224e-02
2.395799569253265204e-02
2.713062601083904291e-02
3.021423464911898726e-02
3.320853415573932210e-02
3.611343804376310196e-02
3.892902765152794764e-02
4.165552357811019846e-02
4.429326107814945956e-02
4.684266887832344572e-02
4.930425094761670124e-02
5.167857081572546640e-02
5.396623808861611415e-02
5.616789685817047406e-02
5.828421574445874498e-02
6.031587934531912332e-02
6.226358089917960470e-02
6.412801599393191943e-02
6.590987717786478406e-02
6.760984934874203489e-02
6.922860581410916758e-02
7.076680493085873991e-02
7.222508724470899644e-02
7.360407306115246406e-02
7.490436038897851923e-02
7.612652320545687523e-02
7.727110999934239111e-02
7.833864255390365905e-02
7.932961493744272730e-02
8.024449267324329504e-02
8.108371206490883054e-02
8.184767965647110621e-02
8.253677180963725490e-02
8.315133438319310955e-02
8.369168250197800418e-02
