5.007536433808054688e-02
5.007536433808054688e-02
1.106312090705093704e-01
1.787293734093677866e-01
2.035402161096646345e-01
1.870120633829612244e-01
1.269678991919327982e-01
8.924791746449611818e-02
1.776518263951430976e-01
3.029144871713768117e-01
4.020936179498633134e-01
4.578071949686933761e-01
5.014959702887015203e-01
5.213090114841085754e-01
5.163729805535028916e-01
4.867091976974233791e-01
4.706504549784497060e-01
4.831909759550083727e-01
4.498526430802141651e-01
3.934867767659846471e-01
3.928190014507838557e-01
4.332351744538944782e-01
4.513295750601533096e-01
4.705276997668531025e-01
5.111949170845293544e-01
5.777257306479096632e-01
6.481474074013695574e-01
7.170859056683231980e-01
7.701504435686821193e-01
7.712439312209002917e-01
7.696477278020144031e-01
7.781373444776439330e-01
8.073653611412838771e-01
7.864084099996471178e-01
7.876652139218343063e-01
7.597328533524096983e-01
7.486105065961268235e-01
7.204172362426863874e-01
6.072849483763229639e-01
4.673509050772341467e-01
