-2.896446221025335248e+46
-2.896446221025335248e+46
1.121217061797228287e+47
1.117913326591294415e+47
1.117560389508929259e+47
1.117506955608808134e+47
1.117436616987118706e+47
1.117565027927084782e+47
1.117542347626932112e+47
1.117529033914055521e+47
1.117533305294496178e+47
1.117524719036982679e+47
1.117532500036767071e+47
1.117531521192548515e+47
1.117529716084384052e+47
1.117561529519697657e+47
1.117634482679850366e+47
1.117610326977449648e+47
1.117608208277194358e+47
1.117593655179643778e+47
1.117618769776066134e+47
1.117618166457755327e+47
1.117607399623640838e+47
1.117615843956229349e+47
1.117613748166583167e+47
1.117615498231557490e+47
1.117615018268525155e+47
1.117610950262506400e+47
1.117610948775593622e+47
1.117610753890561467e+47
1.117611316301161084e+47
1.117611242848298689e+47
1.117611173446002039e+47
1.117612229526220093e+47
1.117610918673051789e+47
1.117612015314141890e+47
1.117610655384577502e+47
1.117610756569434746e+47
1.117612248002005296e+47
1.117610936007711916e+47
1.117611273546095575e+47
1.117612581251065174e+47
1.117611440862607480e+47
1.117612338595572003e+47
1.117616279875966636e+47
1.117586070890077389e+47
1.117643292280768659e+47
1.117641586863446370e+47
1.117639243354787639e+47
1.117639776161599611e+47
1.117638970421367799e+47
1.117638940729536039e+47
1.117639002333590592e+47
1.117639922283703973e+47
1.117640451645356802e+47
1.117639477193413104e+47
1.117640663201081690e+47
1.117640233943820443e+47
1.117640261101109768e+47
1.117639823221087328e+47
1.117639650696974878e+47
1.117639536784701567e+47
1.117639519551514537e+47
1.117639821995957786e+47
1.117639842742587124e+47
1.117640132838986027e+47
1.117640028014085094e+47
1.117639593935876003e+47
1.117639838575999912e+47
1.117639702135970284e+47
1.117639609531959011e+47
1.117639683297495033e+47
1.117639592508377907e+47
1.117639697376134355e+47
1.117639831195875632e+47
1.117639988303548606e+47
1.117639763051421617e+47
1.117640041581353352e+47
1.117639926606897755e+47
1.117639721922902324e+47
1.117639682492067364e+47
1.117639747863469773e+47
1.117639628161370081e+47
1.117639618186411672e+47
1.117639715616595132e+47
1.117639878944165337e+47
1.117639755231114489e+47
1.117640009267861137e+47
1.117639841967518166e+47
1.117639799936535897e+47
1.117639877536994678e+47
1.117639875299031372e+47
1.117639932400295868e+47
1.117640087354432080e+47
1.117640394078893539e+47
1.117640182770942015e+47
1.117639660614938093e+47
1.117640367091094170e+47
1.117637013940257549e+47
1.117639463988827389e+47
