7.160723346098896373e-16
7.160723346098896373e-16
2.529172850608700532e-14
2.089164813126722746e-14
3.417259977257756673e-14
6.880259093995113941e-14
5.117911874250707597e-14
6.031038857995742684e-14
6.845222830023852070e-14
7.231430661155568662e-14
5.820056372705170981e-14
3.648457059456689745e-14
2.493235635302362278e-14
2.820997839749184634e-14
2.080082761083367575e-14
2.653915165595027313e-14
3.028154415198974016e-14
3.026747340712906905e-14
7.279249374718061011e-14
6.706446987387051620e-14
6.403267479167749611e-14
5.910865752821368480e-14
6.705694130740384331e-14
7.756722038694480618e-14
1.024765465267392002e-13
1.301248981667163431e-13
1.453590750283940648e-13
1.670955155740460743e-13
1.981656430354333709e-13
2.409737885697960562e-13
2.836919176916847808e-13
3.124088020353087878e-13
2.857426652406014611e-13
3.015768985395069501e-13
3.336465847740550146e-13
3.637479172421085105e-13
3.943360149997588289e-13
4.181370812889083918e-13
4.613734939426029062e-13
4.843528059835323842e-13
5.065622817648878402e-13
5.397106478942723065e-13
5.692724550323004338e-13
5.898844312955352629e-13
6.128920218150343357e-13
6.274152959809636429e-13
6.441240625576582938e-13
6.622063886278500592e-13
6.910438162108289930e-13
7.090259733128971425e-13
7.202694161748924303e-13
7.330788800457676066e-13
7.441890679248273100e-13
7.613002245412030676e-13
7.776630560994251461e-13
8.006029830649094351e-13
8.337004340197900659e-13
8.517044030449880605e-13
8.757664052409382629e-13
8.841376796612607753e-13
8.957335330511393154e-13
9.085385747293040029e-13
9.086779221053689255e-13
9.236943004661145923e-13
9.456910076929547395e-13
9.550342637557024353e-13
9.589543734420165945e-13
9.749299499354867162e-13
9.826025235985964193e-13
9.960532554645979086e-13
9.944682268973755069e-13
9.939701163064465960e-13
9.963256616309827255e-13
9.903584949696240663e-13
9.931324345178551841e-13
9.931786943997550847e-13
9.890508587859172507e-13
1.003378820523673987e-12
9.973253874403833357e-13
1.009836365553113530e-12
1.009079277511715314e-12
1.012238705041732672e-12
1.025518003777602099e-12
1.034580494701627979e-12
1.038162770238964153e-12
1.047046020837838794e-12
1.033895411461605648e-12
1.034206179926451758e-12
1.040974829612370520e-12
1.028642217669224730e-12
1.024036855555759135e-12
1.017551342799132469e-12
1.021196895163407869e-12
1.017419494535677826e-12
1.017130401261461296e-12
1.018969379929618294e-12
1.024457392573973300e-12
1.026915514696015150e-12
1.033065866889527215e-12
1.029067603236975846e-12
