1.831026719408895277e-16
1.831026719408895277e-16
4.847522479772106152e+01
9.296059937177956556e+01
1.327201276838520698e+02
1.702238628112807817e+02
2.054735636541197437e+02
2.360824641581070011e+02
2.606910529842417077e+02
2.799170382874479515e+02
2.962450760270032788e+02
3.078451705780287284e+02
3.133287952903426685e+02
3.201488551867769843e+02
3.266286140753300060e+02
3.283833762966536369e+02
3.298500469103327077e+02
3.335208723343175734e+02
3.378583939626246888e+02
3.490385225439443388e+02
3.615724948892889188e+02
3.789881532947261462e+02
4.006655664811730730e+02
4.228117406363133455e+02
4.444193986758317010e+02
4.648080152020235687e+02
4.877628454931644910e+02
5.084864089081353882e+02
5.288118963431247721e+02
5.501947061594954675e+02
5.724449098831215679e+02
5.952469865646794460e+02
6.177831278536045829e+02
6.385796291257914845e+02
6.610454486790425790e+02
6.785694014019458109e+02
6.961377668196611239e+02
7.108770858967631057e+02
7.236887882817025002e+02
7.352432276755215526e+02
7.446902118023260755e+02
7.531116984495863562e+02
7.591470001764041626e+02
7.621331617829550851e+02
7.660679969320331111e+02
7.714846689915519846e+02
7.768820051784240377e+02
7.789518315228017400e+02
7.814549740797612003e+02
7.813366366169270805e+02
7.815335031564386554e+02
7.819195689019469455e+02
7.829530012119307685e+02
7.838427776614427103e+02
7.836552352304082660e+02
7.831968389861425521e+02
7.835000881128811443e+02
7.848576926074241555e+02
7.883369909831916402e+02
7.939835319429369065e+02
8.037892553088724981e+02
8.149398891386584864e+02
8.312829621955322636e+02
8.495642519707175779e+02
8.648249432667900010e+02
8.811662749710726530e+02
8.976743010858860998e+02
9.159864072559381611e+02
9.354595584395623291e+02
9.541983710916520067e+02
9.709399512711822808e+02
9.914733292733475309e+02
1.018363251971698560e+03
1.046226496601959980e+03
1.073273573151006076e+03
1.098234025692658861e+03
1.121345826022895380e+03
1.138854538109931582e+03
1.155052453673988794e+03
1.169633632043729676e+03
1.183961478559249599e+03
1.199298042469532447e+03
1.215190919989087433e+03
1.231970403951635490e+03
1.250465562463426977e+03
1.270531861236722307e+03
1.291559391373034941e+03
1.314040828110733855e+03
1.341381957351870142e+03
1.369363076224194856e+03
1.397069753822762095e+03
1.424656688446450516e+03
1.452323711657229978e+03
1.480344325821098892e+03
1.507415082323485422e+03
1.532705781426105659e+03
1.557721655273853912e+03
1.580703532789269730e+03
1.602802643517884690e+03
1.623376840359763264e+03
