-1.872656139215377674e+48
-1.872656139215377674e+48
-1.131331085711460874e+48
-1.130566350526809998e+48
-1.133244685512004449e+48
-1.131877188481237507e+48
-1.132674605524253253e+48
-1.133209965095879857e+48
-1.129897506122992083e+48
-1.127726812379116642e+48
-1.126040282900425306e+48
-1.123779850554198670e+48
-1.123759669519602002e+48
-1.121474858893578660e+48
-1.111662060838344333e+48
-1.111676777431529018e+48
-1.112203671282873640e+48
-1.106395153036651715e+48
-1.099282598495492830e+48
-1.100552787312091479e+48
-1.101032424768760252e+48
-1.101625808018486518e+48
-1.096335955294706698e+48
-1.085991868635356506e+48
-1.086247804904997932e+48
-1.081475402889092029e+48
-1.078832794531682100e+48
-1.073595927145585781e+48
-1.073569333099020664e+48
-1.073532530344386466e+48
-1.073933185700914378e+48
-1.075627499353501779e+48
-1.076828657110618641e+48
-1.073082455012236092e+48
-1.069652196885347777e+48
-1.056649042206571745e+48
-1.056799442359722972e+48
-1.056873837118806628e+48
-1.057383962591261553e+48
-1.057023165104556294e+48
-1.057279582654458530e+48
-1.056866589894912081e+48
-1.056677621398212598e+48
-1.058581377574098737e+48
-1.058522350225785592e+48
-1.058966373699886707e+48
-1.060200750244558419e+48
-1.062259052038704807e+48
-1.059520715568317015e+48
-1.050749697621148996e+48
-1.051014594123692444e+48
-1.053048599864790637e+48
-1.052562864198039229e+48
-1.051266077934673416e+48
-1.051958340410982202e+48
-1.051844969466384399e+48
-1.052257067006718846e+48
-1.053173705137554127e+48
-1.052365540499450610e+48
-1.053725656186933303e+48
-1.048731380103281088e+48
-1.048527615006160442e+48
-1.048535475041154376e+48
-1.048009423702558454e+48
-1.045046354000869792e+48
-1.046164066870811542e+48
-1.041486602704855601e+48
-1.041491037637482184e+48
-1.041711692853815168e+48
-1.041914730135681540e+48
-1.041714901822004898e+48
-1.041579130866453081e+48
-1.040659637449954489e+48
-1.038653978094918735e+48
-1.036335529356269404e+48
-1.036296936755152838e+48
-1.037531279636872757e+48
-1.037140234575587153e+48
-1.036416442823388930e+48
-1.029138527139479237e+48
-1.028959101010813828e+48
-1.028562548615489751e+48
-1.028739540473117238e+48
-1.026333433429861863e+48
-1.031680906198949844e+48
-1.029115086715821498e+48
-1.028235603754454533e+48
-1.022426118670949604e+48
-1.020474913736109994e+48
-1.020109983605633212e+48
-1.029059070007389438e+48
-1.024729067155362111e+48
-1.024715553132593409e+48
-1.024877186077067367e+48
-1.025557859972682294e+48
-1.025664986220186954e+48
-1.022578198670137542e+48
-1.012427475138790294e+48
-1.012937106661155537e+48
-1.012892728967757495e+48
