0.000000000000000000e+00
0.000000000000000000e+00
-2.545310265198441613e-04
1.721237201912417802e-03
2.779036514999777552e-03
3.836567097018406258e-03
5.659955871459398935e-03
6.699940642407753444e-03
7.766180065776673302e-03
8.842221883600620558e-03
1.065190286070194503e-02
1.166915793754585984e-02
1.268476122242701010e-02
1.438481976497785197e-02
1.532957722892391850e-02
1.625337446319274903e-02
1.777280280082105257e-02
1.860422619909307684e-02
1.940221340003711603e-02
2.069570994708946898e-02
2.139586473224430740e-02
2.206122055822534733e-02
2.312797782170017413e-02
2.370011511908765023e-02
2.424117196600739099e-02
2.475325346010959215e-02
2.556476540855645574e-02
2.599570484309388085e-02
2.640430350248990088e-02
2.704511421288025019e-02
2.738329106571857352e-02
2.770988977691968280e-02
2.822237527928250778e-02
2.850258882932044102e-02
2.880429646138482624e-02
2.932257141542793377e-02
2.965087702979407602e-02
3.006042987364199170e-02
3.083726802439401560e-02
3.131698573632024640e-02
3.185747797887761301e-02
3.242996686849397570e-02
3.339798909695423923e-02
3.392868112746016962e-02
3.444592352500164267e-02
3.527955948881622561e-02
3.572378423930122615e-02
3.614305440239018452e-02
3.680026396734037419e-02
3.714150579456987344e-02
