0.000000000000000000e+00
-1.110223024625156540e-16
-1.976644023155338381e-03
-5.517476699993695277e-03
-7.643292456020689407e-03
-9.834591103050516203e-03
-1.374570357896498507e-02
-1.608463449505792564e-02
-1.848442606404332444e-02
-2.094135158407217645e-02
-2.530132176015320589e-02
-2.789129430546366528e-02
-3.052479608956515378e-02
-3.517155638026825404e-02
-3.791287747322613644e-02
-4.067266764241472821e-02
-4.550271732027932892e-02
-4.832342549654489172e-02
-5.112009575006215556e-02
-5.595380677802319624e-02
-5.873279787936569463e-02
-6.142179228319377682e-02
-6.597640853889019663e-02
-6.853016726698657468e-02
-7.090363541348454479e-02
-7.305686096605956692e-02
-7.650712980172091893e-02
-7.831431835292146371e-02
-7.980371168538558102e-02
-8.198015749066911440e-02
-8.298713793243250869e-02
-8.360778316724237769e-02
-8.420183401978653670e-02
-8.426373894143335264e-02
-8.391979270702887295e-02
-8.283267539814165303e-02
-8.192920515628043798e-02
-8.064740677655690693e-02
-7.798548835737473262e-02
-7.620769503581625859e-02
-7.411359175008602751e-02
-7.173482938969122369e-02
-6.731046155919861995e-02
-6.459575111050097629e-02
-6.168224281023293454e-02
-5.644906373243374631e-02
-5.333011486998606721e-02
-5.009490699223073662e-02
-4.441201665364979956e-02
-4.108745191116214279e-02
-3.771394732451249787e-02
-3.187558646722055133e-02
-2.850183782260451437e-02
-2.512779121292207929e-02
-2.176791173070258267e-02
-1.602881698622260487e-02
-1.274819178863229041e-02
-9.508775351459664016e-03
-4.009116148538161006e-03
-8.814468930934404867e-04
2.188661802130509315e-03
7.377575801483793327e-03
1.031713913621024048e-02
1.318993811694912921e-02
1.802836051669243211e-02
2.076078993580998677e-02
2.342184023539140014e-02
2.789031055994528607e-02
3.040684233524881819e-02
3.285024032201278033e-02
3.522024667891576755e-02
3.918532716583800202e-02
4.141037083935561469e-02
4.356245794331492505e-02
4.715283818856907949e-02
4.916188129642140581e-02
5.109920305107573668e-02
5.432120835583975627e-02
5.611827949728787068e-02
5.784526881528728737e-02
6.070695442040419110e-02
6.229686169384063277e-02
6.381847902703352560e-02
6.632850679031676577e-02
6.771626816142295446e-02
6.903752419018749364e-02
7.029289129615845511e-02
7.234704092080512794e-02
7.347270553376716862e-02
7.453411180137492487e-02
7.625591185619318146e-02
7.719032845207030036e-02
7.806193145955298007e-02
7.945825266155082112e-02
8.020521424517013109e-02
8.089059014424071492e-02
8.196726364506057294e-02
8.252994500674404321e-02
8.303203434251860138e-02
8.347383180414214010e-02
