-2.211962714471575892e+41
-2.211962714471575892e+41
-2.212598828237385349e+41
-2.210213465272950070e+41
-2.211222106261505486e+41
-2.212459283018862423e+41
-2.213977184266122603e+41
-2.209265449460346715e+41
-2.211675396037939896e+41
-2.214585499562572787e+41
-2.216902491702716322e+41
-2.212474878263142853e+41
-2.213496891681284716e+41
-2.215029156099898792e+41
-2.217323933450930086e+41
-2.217047400837667108e+41
-2.216182899281725917e+41
-2.213684903116821632e+41
-2.216175572856572678e+41
-2.214965760103128427e+41
-2.214011724770290148e+41
-2.212305071315896836e+41
-2.216902492659833532e+41
-2.214208019373230193e+41
-2.212087593374369976e+41
-2.210411441402159581e+41
-2.214242106118321009e+41
-2.213128872720916536e+41
-2.212226608389515037e+41
-2.211509819608474995e+41
-2.213127923339747874e+41
-2.212734999474487282e+41
-2.212489571064555121e+41
-2.212809169940906606e+41
-2.212847037336829394e+41
-2.213026080417597375e+41
-2.213351301923762541e+41
-2.212157448164398358e+41
-2.212815935076269448e+41
-2.213667642510897403e+41
-2.214636221241278029e+41
-2.212931087556334004e+41
-2.213378919846961841e+41
-2.213715983758849750e+41
-2.211896930051372461e+41
-2.212506324931000742e+41
-2.213288702870654631e+41
-2.214259363852561298e+41
-2.210754239837861242e+41
-2.212181799171809413e+41
-2.213901428181611637e+41
-2.216005567904927338e+41
-2.209564661506263051e+41
-2.213619606645115198e+41
-2.220986944712032339e+41
-2.225607309006922378e+41
-2.225126460004806360e+41
-2.218563376021461507e+41
-2.214522582779808051e+41
-2.221365738884795707e+41
-2.219146795745764901e+41
-2.217340356134191572e+41
-2.215847859452504395e+41
-2.219506509512748729e+41
-2.218496683680281251e+41
-2.217684167090006313e+41
-2.217049669120105654e+41
-2.218529545945726401e+41
-2.218220010244828013e+41
-2.218065479660977070e+41
-2.218054337461332286e+41
-2.218759484771487416e+41
-2.218578719176106330e+41
-2.218056237041060915e+41
-2.218757826069567596e+41
-2.218346671739213078e+41
-2.218099220074201045e+41
-2.218004332064120068e+41
-2.217773700958649073e+41
-2.217970559487242453e+41
-2.218315647483503029e+41
-2.218816399331503874e+41
-2.216833181907588109e+41
-2.217683141122335117e+41
-2.218736546617043784e+41
-2.220023724602071502e+41
-2.215508224652950253e+41
-2.217424332833280982e+41
-2.219850407922101746e+41
-2.213730870656530286e+41
-2.217774464091595301e+41
-2.220790947627748154e+41
-2.222500372069721512e+41
-2.222326742370353101e+41
-2.221396830981721699e+41
-2.217456635674448705e+41
-2.214429685320283377e+41
-2.218643121611718425e+41
-2.217082484454965766e+41
-2.215833502271771755e+41
