7.152557373046875000e-06
2.043955326080322266e-01
5.695343017578125000e-01
7.443418502807617188e-01
9.272210597991943359e-01
1.150062322616577148e+00
1.304013967514038086e+00
1.494931459426879883e+00
1.684696197509765625e+00
1.883234024047851562e+00
2.034852027893066406e+00
2.236937761306762695e+00
2.462511062622070312e+00
2.623008012771606445e+00
2.815955400466918945e+00
3.019343137741088867e+00
3.172369241714477539e+00
3.359269380569458008e+00
3.550561666488647461e+00
3.705939292907714844e+00
