2.729586083132240049e+00
2.729586083132240049e+00
2.642875613433552928e+00
2.549319445178430232e+00
2.430070484387647944e+00
2.294501933283689343e+00
2.142801899427058121e+00
1.990604173758198536e+00
1.808784114705324519e+00
1.615312692388418458e+00
1.414367722555619267e+00
1.229088943343641160e+00
1.029381887361546566e+00
8.471529100411605562e-01
7.056180122103333785e-01
6.413327895911480336e-01
6.678845773287067633e-01
7.854472168486166250e-01
9.384247774942621190e-01
1.130377628972689452e+00
1.332565236786298346e+00
1.535713532534586978e+00
1.715102642808308708e+00
1.902089668536970812e+00
2.075996154751271749e+00
2.234934441815615624e+00
2.364877694126701790e+00
2.491440895142721601e+00
2.601689834744256746e+00
2.695731665159390555e+00
2.766615008570400658e+00
2.828721525942080817e+00
2.875252149283340941e+00
2.903554821030700950e+00
2.919521460181266015e+00
2.920623665954172221e+00
2.907120525578027692e+00
2.881733174964673960e+00
2.839733253090034104e+00
2.784186916851180804e+00
2.715578834648037176e+00
2.641561428360182262e+00
2.547588192514419259e+00
2.441222854788934971e+00
2.332768221138042719e+00
2.200114412374033712e+00
2.053913736588554251e+00
1.893788558894962559e+00
1.735058116590185717e+00
1.545974871402973516e+00
1.343392887016828352e+00
1.129503985097948915e+00
9.289751649710185077e-01
7.158676496902726116e-01
5.521404496478554691e-01
5.197059229139782133e-01
6.303679331864605606e-01
8.340390754497047920e-01
1.062126128197637964e+00
1.266999278374500548e+00
1.480478508197481391e+00
1.679155638699144859e+00
1.861780966828865846e+00
2.012842651298923702e+00
2.162773467027875096e+00
2.297072784984893978e+00
2.416231766192203700e+00
2.511119300726185610e+00
2.601243132161894067e+00
2.677818229174434350e+00
2.741355569666819925e+00
2.787492524954986450e+00
2.825758779100969953e+00
2.851774760805665387e+00
2.863877424091216817e+00
2.864059491650253975e+00
2.850822887900843483e+00
2.823720487703599069e+00
2.785993214744995505e+00
2.729691926298449367e+00
2.658293442627290837e+00
2.571394221643146238e+00
2.477860655657908584e+00
2.358610568812198327e+00
2.222715155209373794e+00
2.069907980835570260e+00
1.915434501580990156e+00
1.728785515488276081e+00
1.526840039611401911e+00
1.331737380240896051e+00
1.110908025262610010e+00
8.978862994282525989e-01
7.174081871300824753e-01
6.148988740707452827e-01
6.106128988663140911e-01
7.170079067329246936e-01
8.861815042663708786e-01
1.060877119174468364e+00
1.258354055226753143e+00
1.454115385282185979e+00
