7.603736226622171301e+00
1.184244652830812816e+00
2.917998609010238553e+00
7.984943150987404259e+00
7.911734680253805330e+00
6.696432894541596070e+00
1.435159743613855099e+01
6.470497535532538258e+00
1.947726823521573003e+00
8.369999059731023650e+00
1.271995814480342446e+01
4.736729975885326738e+00
7.095238897549289270e+00
8.303748210613479230e+00
1.256693268071141567e+01
1.129022361992671009e+01
9.504958590136631358e+00
3.482329918368986199e+00
4.008230146208255462e+00
1.316337413898099840e+01
1.232915574215224019e+01
3.529073590606638611e+00
1.858552612500345091e+00
4.691655652737348525e+00
4.327547815738515880e+00
6.736647236387069526e+00
1.418998691693973591e+01
1.094266070293316240e+01
1.203571353748896477e+01
6.766182858827590074e+00
1.186939145114952510e+01
4.061459046720974797e+00
1.460233557403623372e+01
7.218734333208114862e+00
1.944348916483185530e+00
4.804205278352911890e+00
1.300610173704808803e+00
3.037611766662101864e+00
8.958698275487940066e+00
1.321954273434229954e+01
1.393627120156682331e+01
3.755134496054128412e+00
1.345690135821568312e+01
1.402442652289345482e+01
1.567442184831260654e+01
2.195242250117207750e+00
1.368609093977782543e+01
3.298261472048037213e+00
1.469812292879732851e+01
8.402437166513326616e+00
1.306659673445770409e+01
5.275475482856575304e+00
2.548450135148500717e+00
5.894828804779440823e+00
4.507533935567306749e+00
1.513234909683798257e+01
8.003360977727218994e+00
1.228228102610873762e+01
2.497656502080525698e+00
8.865643542682210665e+00
9.384890898127297376e+00
1.496952982200403071e+01
7.259018860058423783e+00
4.898298191221343245e+00
1.514244684958791609e+01
7.040826695733220397e+00
5.101552426204293944e+00
6.313998000771048780e+00
2.793464922329479627e+00
2.436907404018360257e+00
2.627637951938178951e+00
1.165486430812523011e+01
7.020338686755540181e+00
8.607796491122932991e+00
2.980582777242752890e+00
4.626618507048050333e+00
1.209071860904726492e+01
1.279924736884213310e+01
8.933858325821470103e+00
1.617536400331465174e+00
4.309065255787733584e+00
1.484946493793261091e+01
1.052588529327491962e+01
1.243417099349467669e+01
1.389684186172232394e+01
1.778473619963584440e+00
6.053634633808768761e+00
5.539215946421824910e+00
8.843185348818867197e+00
4.098466650873536565e+00
1.205158075896768821e+01
1.225277824530906168e+00
3.371961746771074075e+00
1.249378532453745860e+00
7.890749195150262629e+00
9.189948051959264674e+00
1.254950833190627169e+00
8.771418345603937183e+00
1.093930142196258437e+01
1.125044104718795168e+01
5.312191774848429304e+00
1.248436999134048975e+01
1.200331119764592813e+01
1.451851558924825802e+01
2.028747884295608372e+00
1.464475214642548551e+01
5.320861998365995937e+00
2.924975516320309943e+00
6.829230826996600001e+00
1.511444607647540295e+01
9.869786876367198758e+00
1.172284193464078683e+01
7.208695026611056100e+00
2.350724658792322508e+00
3.284545690660609196e+00
1.411433224398643382e+01
9.447961537026559498e+00
4.169060865991112586e+00
8.066595880095499993e+00
1.444563892978368536e+01
1.493846657571831882e+00
4.483069824620341315e+00
9.837132174220949210e+00
1.447131673393259987e+01
8.593793389129087856e+00
3.784544012136486835e+00
6.596178636863278655e+00
5.123841887847837562e+00
1.095091784789506528e+00
1.098255875138840487e+01
1.507098515074681977e+01
1.365150143607312039e+01
9.584749911105520326e+00
3.383231205638963068e+00
3.409005634765761350e+00
9.590290975350495017e+00
7.505370361465912410e+00
6.114504317651777043e+00
9.514912727116017876e+00
4.991929084474060474e+00
2.724283861505205628e+00
4.730532220649759090e+00
3.420084634443245619e+00
1.291792035693993945e+01
2.637333712554784881e+00
5.422657100347354486e+00
3.504147878973203234e+00
8.737075051349583177e+00
1.150652374385138010e+01
1.211376019860820641e+01
2.125715858769624766e+00
6.550750850066419773e+00
1.174303944345210482e+01
1.413869378092179829e+01
1.476332250182892381e+01
4.967881382256114087e+00
6.538901916952622351e+00
7.891421440194858583e+00
1.098076795788375115e+01
7.209862474784682007e+00
1.223870822888671839e+01
1.322602654812805767e+01
5.704482065565782634e+00
6.454788375016771163e+00
1.324573455226645269e+00
8.807357817629293706e+00
1.824989372432539225e+00
2.673126159620758280e+00
1.121697040604165529e+01
6.825672099085194233e+00
1.040102257403728103e+01
1.037945770855085392e+01
1.132261023354889318e+01
5.076181038420163105e+00
3.054567376434293990e+00
1.532359085353435724e+01
7.400813383562122816e+00
1.404207183398499303e+01
1.025549593807397386e+01
1.288432291429032439e+01
1.323014486601954154e+01
6.107274803287255693e+00
2.298228941182025586e+00
4.486334390718325515e+00
1.581896275085286963e+00
8.773021253166719546e+00
1.525351065288294095e+01
1.324213075996549804e+01
1.359143471821916549e+01
3.674900912789036411e+00
3.335661725354930773e+00
9.845996030386787723e+00
4.996041421989493081e+00
1.423490777948150310e+01
1.142791950464175699e+00
1.561163336223639497e+01
7.344870709827010735e+00
5.372979838395520069e+00
7.153892687633023328e+00
5.818703951015361753e+00
9.510673637676704928e+00
8.478592725583286693e+00
3.091635521007687792e+00
5.251962945523456661e+00
9.389122469125483761e+00
8.545232892085362408e+00
1.028553018792359453e+01
7.130170972634298110e+00
9.380457662765557814e+00
7.745958189688201045e+00
2.324182000096671086e+00
1.070110069329576774e+01
9.858312511600043848e+00
1.210564362925038040e+01
1.076434350487432212e+01
4.716043904418143917e+00
1.069843195961542115e+01
1.436888921698685095e+01
8.225579652176870482e+00
6.848921356744607891e+00
4.356904887970936002e+00
4.303725868058024595e+00
1.881978756674198117e+00
7.738545096085792885e+00
8.461699113054109489e+00
8.801020539441655188e+00
1.659150625609938423e+00
2.728954663339125730e+00
1.203765791458883427e+01
3.710338331203328899e+00
6.112294183064705955e+00
9.748553935350427579e+00
9.425141621274566006e+00
6.867425987547320254e+00
1.373056304312054365e+01
5.655250843617302792e+00
9.206051965946109306e+00
3.390169697325069009e+00
1.139789346082233923e+00
5.454762006208699887e+00
4.814962746518612668e+00
7.589541787579359600e+00
1.467599779309185770e+01
6.042092794015904822e+00
9.038085567733419978e+00
1.452801463179200070e+01
1.548384112965636827e+00
9.865748889096252583e+00
1.287059242443840512e+00
4.560815273951113191e+00
1.312207679077328137e+01
7.613969612721832370e+00
9.246579347895226064e+00
1.282906270600074805e+01
1.001313277865165663e+00
8.455040908923139753e+00
6.878070672280418130e+00
8.173084842838111541e+00
8.869504735150673946e-01
1.287404620315368220e+01
1.526982494921159805e+01
1.797068770133928517e+00
1.178646339769903051e+01
1.312759072908496627e+01
6.886465084777788626e+00
2.417272099459253809e+00
6.073518552418352812e+00
1.316019647344144161e+01
1.071586980026488334e+01
8.058927362950887741e+00
1.077179752084386344e+01
1.068093318256537927e+01
2.559229115468249827e+00
2.202830168659679178e+00
1.389141283726122111e+01
1.436888450788076099e+01
1.263114527389577901e+01
7.491113518485738254e+00
1.517898889396672502e+01
1.300385516967354427e+01
4.344896182028103127e+00
5.682878088273471739e+00
1.423910061760798662e+01
1.484283478532234746e+01
1.314876676082850260e+01
8.894928505616263692e+00
5.875291813925580087e+00
4.241480832906544762e+00
5.836585175236082890e+00
1.514617282532562470e+01
5.601656315115126183e+00
6.780867381186459042e+00
1.479746043628020580e+01
1.193830990052704655e+00
9.170167568390751311e-01
6.195138267555556411e+00
7.241101767383285370e+00
1.028435276415254407e+01
1.113902291118003163e+01
1.114901414176306282e+00
1.418724091848146784e+01
1.151746537302603901e+00
1.483091771541859849e+01
3.378575724068793917e+00
1.302156545745092942e+01
5.682152778646638147e+00
1.230968945534445780e+01
9.290700261222104572e+00
1.123826156849191626e+01
1.296394670598290055e+01
5.933518113656489845e+00
8.065437706819391650e+00
1.289504638461814423e+01
1.230538119567509625e+01
8.185020613286001279e+00
1.447832312519567921e+01
1.383855602650634253e+01
1.372378625748364733e+01
1.497111099584889082e+01
5.173185827722107888e+00
7.345893417111177826e+00
1.351476424649186381e+00
1.220436386908708570e+01
5.465484630508607111e+00
4.088925071897913988e+00
1.151830376741524198e+01
8.925369692291367230e+00
1.472817584446791805e+01
8.990138304591500429e+00
9.742231948077020309e-01
2.688108752039903404e+00
1.438306946856870994e+01
8.782534962812559298e-01
3.512244022300472501e+00
1.450567607257796787e+01
5.473004207419765343e+00
8.400629634328254269e+00
5.504230543530594488e+00
1.074858293243122809e+01
1.982236571046151363e+00
8.010075892334880265e+00
9.002836082902694770e+00
1.531854376836201048e+01
5.223819779102821137e+00
1.271829496759906064e+01
1.102676844894012831e+01
9.953885425612726934e+00
1.603142947307482746e+00
7.583372207931513564e+00
8.656114835919412442e+00
1.379029904960459518e+00
3.175363502381626901e+00
5.392675847946251544e+00
1.178330578082155178e+01
9.498898486197253632e+00
4.024851447590982012e+00
7.620383112779327561e+00
1.136779530745641686e+01
1.203306399530423576e+01
5.090183908883306074e+00
9.550651799911872075e+00
9.892750420782443044e+00
1.071240080362536773e+01
4.801913174775560122e+00
6.178996001548905603e+00
9.927468729871485209e+00
8.778309934173238460e+00
1.111215380840142686e+01
1.191260486475857761e+01
1.408966449343492400e+01
4.212824140960051089e+00
6.087157171350836116e+00
8.491314639936414110e+00
8.438728707190746192e+00
1.078036799473589546e+01
2.223484726469060924e+00
4.875133931708057311e+00
1.391100661435729968e+01
3.509069768086606089e+00
2.614447837782375661e+00
6.513385684358632410e+00
1.252378518622162140e+01
5.015453804373409596e+00
5.805811266507959090e+00
4.838176676671570142e+00
4.985031829205958331e+00
1.382230288549486197e+01
7.069701134622900618e+00
1.512854821862015342e+01
1.142087373358976521e+01
1.171252094953608491e+01
7.267501793328193571e+00
9.315804922198861249e+00
8.878114333231296840e+00
2.467612995009146992e+00
1.024750195888690740e+01
8.728220770793182481e+00
1.201015796124709567e+01
1.703463239983141531e+00
3.241238576602873067e+00
2.890996162334122488e+00
6.136715880239932197e+00
6.127544757102214135e+00
7.351506999100188899e+00
8.469355934673648889e+00
6.630869535952271576e+00
3.909206739425978405e+00
9.966399628603493710e+00
1.240528431999138981e+00
1.024010789641040731e+01
7.034153296147001910e+00
1.172466540230397491e+01
8.059889800223752232e+00
1.239508061295019115e+00
1.182264279917126437e+01
1.933545442539961190e+00
1.560146763430334538e+00
7.068278503325815976e+00
9.084379106957349848e+00
7.285508236174257135e+00
8.306794182291810102e+00
9.497531868436231761e+00
1.416284980143435313e+01
7.938144032818239104e+00
2.341454519954165647e+00
6.527835295388518588e+00
1.464059090869268509e+01
1.462379410375562649e+01
1.318617312218829607e+00
1.333262829082640266e+00
1.050393776306669835e+01
2.763961018224901700e+00
3.254072477879506486e+00
1.092412550865868681e+01
2.534647426254149849e+00
1.078495919351739296e+01
9.327390171203337133e+00
4.209292063190635425e+00
7.341179568363740415e+00
4.605067823745210731e+00
4.445467762630881836e+00
5.044955152921452246e+00
1.044556148425514763e+01
3.720706295222210080e+00
9.032123842745934938e-01
4.671955266725099420e+00
2.660420828233250656e+00
1.240104153704984213e+01
1.508291248732494427e+00
7.554212891363476956e+00
7.950686014179759731e+00
6.572039849094737818e+00
1.399998160873956543e+01
3.064818596277107510e+00
5.089528207478972277e+00
6.564190395414719603e+00
7.453093065990290533e+00
8.738469371241810890e+00
1.416035057324342095e+00
1.062251180369559833e+01
8.983623674316055796e-01
8.156250790627826319e+00
8.284429041280578332e+00
6.985429085411106520e+00
1.199850645557780027e+01
3.708229493481528749e+00
6.371030388747279893e+00
9.016600352621752634e+00
5.708611201439250493e+00
8.041529412824566236e+00
2.031719355514435499e+00
5.045972260580483315e+00
4.981390234386368299e+00
1.446319905707349562e+01
6.948156243966328915e+00
6.311262091520478457e+00
1.223265401176215406e+01
4.987441231055407265e+00
3.293256062291723296e+00
9.162963280182299997e+00
1.442360067190287420e+00
1.546111154250876929e+01
7.168268279868840409e+00
6.625284297748130768e+00
1.371378835878290126e+01
1.368305378797008665e+01
9.034356730921739853e+00
1.251545015428396024e+00
1.186870442298064265e+00
7.048533184448029232e+00
1.095738353014314548e+01
6.285957957571314481e+00
1.455309748836172368e+01
2.501372086365016401e+00
4.645019236466380264e+00
3.850354674090095131e+00
1.238474437226149227e+01
1.492170649646538827e+01
9.454808817535107490e-01
7.483715746444271844e+00
1.432975307135128595e+01
2.776122946442232120e+00
1.535504271859493031e+01
2.113639501458238978e+00
9.471669301229143301e+00
3.408267119438190385e+00
5.882776718171785824e+00
1.223819828485730987e+01
4.676604858331744552e+00
9.800053092232445806e+00
2.074900449267455649e+00
1.331850544275773274e+01
1.734223926358650525e+00
1.162741859354444252e+01
6.283391476952165711e+00
5.136017135474745032e+00
6.610012319966024563e+00
1.419402914249972270e+01
9.493313117503756615e+00
8.431005404032408945e-01
8.018643199127540200e+00
1.102103362957020494e+01
1.520365216940398589e+01
1.419765618722715228e+00
1.375934598709437218e+01
1.400597667055642326e+01
3.838027668270906467e+00
1.009491645381953084e+01
4.305106641049832206e+00
2.304866415597568441e+00
1.571344934101247581e+01
7.558714633214650647e+00
9.610041855835184776e+00
8.866977503557412987e+00
4.637723007690228272e+00
9.668510869345874781e+00
1.187271096454874275e+01
5.467561700857838325e+00
1.428242891874906029e+01
1.064156290263224314e+01
1.004685449783746298e+00
1.452680933356908533e+01
1.429307154748400421e+01
1.174282297445834011e+01
7.943878288593457349e+00
1.956739760324898159e+00
1.097969782688294238e+01
9.965520163834327150e+00
2.885068241870653694e+00
9.775090217235204548e+00
2.746342384306576623e+00
5.382280697633493816e+00
8.193865722788798323e+00
3.951558837784868494e+00
1.042226384336828993e+01
5.852359402788945175e+00
1.002567666980283256e+01
1.036443355255495646e+01
1.081459749068716647e+01
7.657784909084520031e+00
4.944075383434018534e+00
1.480356121367777611e+01
1.531114603876161873e+01
2.389303939225862816e+00
1.474256636516575369e+01
7.211935570261949202e+00
1.064734285168706762e+01
4.977760137571236143e+00
1.189112762011506597e+01
8.310129373626459426e+00
1.088567257434770497e+01
6.927697335344556784e+00
6.108617753635240177e+00
9.455584434042348718e+00
1.443016277843318917e+01
4.331956051601209445e+00
1.495149484062684309e+01
8.701800946844883811e+00
5.289652887683357285e+00
5.026323518276814895e+00
1.067717282154066005e+01
5.741068557823588492e+00
3.003466394323629274e+00
1.553902549452731918e+01
1.062722339079424261e+00
9.915685000450176645e+00
1.564458381170921619e+01
3.179713384684348831e+00
1.161126325579010299e+00
1.039497357982460812e+01
1.556617377860174578e+01
1.091451285678117422e+01
1.763807006383068643e+00
1.279898870781954301e+01
1.298863447289777007e+01
2.121411817228334940e+00
2.716262471988976301e+00
5.018516210727821836e+00
1.571314999012098035e+00
1.336393101482796109e+00
1.285981250842861634e+01
4.617274509677540273e+00
9.893856552739283217e+00
9.121955478489402580e+00
4.800017502227420962e+00
8.490275543376920808e+00
1.494423354495308054e+01
5.311243737031898782e+00
3.349378464649288567e+00
2.685848264798377905e+00
9.201490653991987401e+00
9.002436410379830889e+00
3.131808167668168608e+00
4.021098443629265162e+00
4.091552453645296517e+00
1.125841419655385645e+00
8.636822992294423962e-01
1.567552769922928135e+01
1.129031427683137601e+01
1.189623899469677681e+01
1.571136711839448807e+01
1.232707923702805886e+01
1.110146594099679618e+01
4.740856270619465462e+00
1.250149063563071294e+01
9.758496327152810679e+00
1.398413080661294572e+01
4.597037151186426307e+00
1.703616281279862310e+00
2.018593137418694727e+00
1.477751075742786391e+01
3.281471124274036200e+00
1.204881935902367118e+01
9.771960758714552497e+00
1.285910151936358226e+01
7.465304374557770295e+00
4.870301643887343879e+00
2.718520243637244427e+00
1.076335918161930927e+01
1.102309862902361104e+01
7.222555373141993584e+00
9.647002527921840098e+00
2.263853072910190445e+00
9.152977205112811987e+00
1.438115063083841250e+01
6.797992549656736827e+00
1.300490377780953466e+01
1.099893586028514569e+01
9.458276584469076376e-01
1.408166617047856306e+01
9.523096480533707719e+00
9.274444620057462618e-01
1.184092739590798793e+01
4.330537426223108888e+00
2.579269522577275708e+00
5.523940134514335298e+00
7.486431733385002119e+00
2.550588685781812082e+00
1.549129926445430350e+01
3.515825396460936503e+00
9.481796922570055131e+00
1.273188213243709477e+01
9.729952383091481138e+00
6.868689394962223638e+00
1.132373680926899517e+01
3.001273043376693650e+00
1.257984172208685791e+01
8.966385281875162150e+00
3.085816259542039752e+00
1.094629167768856659e+00
5.626794701482030092e+00
9.127028195283495293e+00
1.443394756299304227e+01
3.857963135057556947e+00
1.185800265552233057e+01
9.726360365114704365e+00
1.546616562659169070e+01
1.230316966472560125e+01
2.825213334939428833e+00
1.871726914292782595e+00
8.224240523212642984e+00
7.591809353689214390e+00
1.504655624357575761e+01
2.294638213861865950e+00
5.456533831301372928e+00
1.284810709242359961e+00
6.487372290939027231e+00
8.412776374504730370e+00
3.976791657723439677e+00
1.543704663802843546e+00
1.175940384629074131e+00
1.478467288143862568e+01
1.431406569396896344e+01
3.752404404204423116e+00
6.067567653095625069e+00
9.945823921018996927e-01
8.393214551146983560e-01
5.349868193258791926e+00
9.281120533669565020e+00
7.153766560430566024e+00
1.189327155352950527e+01
1.385269301511716478e+01
5.811222182135383107e+00
2.939758305758065404e+00
8.276726906146132379e+00
1.699530065568233272e+00
2.921544101368395374e+00
1.480106611691913443e+01
3.233614978861838019e+00
5.288199323373833138e+00
7.062358455502536714e+00
9.995668423280029913e+00
2.611392952247453714e+00
3.343093716128129778e+00
9.223974544274781806e+00
1.416801935384027722e+01
1.150070903290176894e+01
5.432859977051824885e+00
9.954162818391850687e-01
9.095678475803042673e+00
1.571291001288362921e+01
1.183067004539280198e+01
2.389068666134750885e+00
1.167823601051227911e+01
1.214903781911135816e+01
4.844760897857460336e+00
8.505415607424355429e+00
4.139956431939218362e+00
1.135346044778318308e+01
5.431540969489641490e+00
1.485494329882955178e+01
9.296146715618924361e+00
3.023556922144175374e+00
1.269653339202592868e+01
7.604339054535111053e+00
5.070886301164595267e+00
7.194005094258804967e+00
8.883721173854873143e+00
1.142585527949245083e+01
1.326281744683773312e+01
1.222904891933220384e+01
1.296913204955606247e+01
7.573295739000665883e+00
5.408578662874031551e+00
8.729303816621978296e-01
3.223894674052499632e+00
3.259965782295840775e+00
1.245198378843681652e+01
6.037620904480359485e+00
2.492078970875433619e+00
1.436527161580413292e+01
5.605175484696414578e+00
9.226881364548610520e+00
7.739709866479824285e+00
1.457870981210888317e+01
6.974889322467056729e+00
2.563839978041412948e+00
1.258704899462684423e+01
1.467778835304032548e+01
1.388363928601965647e+01
1.044995953775210706e+00
8.454978863029408487e+00
9.523513282991280526e-01
6.781240464990871963e+00
8.425392887086463389e+00
7.505018849491937871e+00
1.974429897161418923e+00
3.651014422019451366e+00
9.321028824574316696e-01
1.035991954981571705e+00
7.334313170428880646e+00
2.403214519995634291e+00
8.141018605435256461e+00
1.066075035598994347e+01
8.785556722404239238e+00
7.609254585593983933e+00
1.455413569387024353e+01
9.530137120416030783e+00
1.212570843938463483e+01
9.336874644985917016e+00
1.390510841936310449e+01
3.227120864327304162e+00
1.184386276845980746e+01
1.494430232204349451e+01
4.694613722080852369e+00
1.559035516558478562e+01
1.266044781494940885e+01
8.396755992253907008e-01
1.241724349875318012e+01
1.159427082123171537e+01
9.101754854793769667e+00
1.388462031326837653e+01
5.284491042781809256e+00
2.498704114072268112e+00
8.206835750995553624e+00
4.373885580143502594e+00
1.077298645125616794e+01
1.050646212053777262e+01
1.062738364178424888e+01
7.537735865479557873e+00
5.000943344835434345e+00
1.306073325491496240e+00
8.793719505082858490e+00
4.619208579091059086e+00
1.464378085363946758e+00
1.728929122623760861e+00
1.211918551629952034e+01
1.062091070660210157e+01
1.493240755835164713e+01
7.018191351174541737e+00
6.341621852200535869e+00
4.464482070544473657e+00
1.522112210231209595e+01
1.322606884364987856e+01
1.356829532337903110e+01
1.579164199185775441e+00
1.495430480183273936e+01
4.984719842300201265e+00
2.448775545374167528e+00
8.430401933002096726e+00
7.817861923964133375e+00
3.823787291008598821e+00
1.018245875390510413e+01
1.115363781877541882e+01
1.194190661901743944e+01
5.722241817221010329e+00
1.530844663065746225e+01
1.016998424090452069e+01
1.065352095419063172e+00
8.556455830014757069e+00
1.400455403019990896e+01
1.048686980913738687e+01
1.174308110694444629e+00
4.184626442672617408e+00
7.199788850438701537e+00
1.391153538823786739e+01
6.198585649659824170e+00
7.919741142248199139e+00
2.312447577360567497e+00
3.550673628765344425e+00
1.346375367337526363e+01
1.485050042638475176e+01
1.143993466336018727e+01
2.662297519785834510e+00
4.997041704463266676e+00
1.174960609431587066e+01
1.008152824523066471e+01
9.001239384953441558e+00
1.044104789737615846e+01
8.862931657490324966e+00
1.225812601989710160e+01
1.519514285731369796e+01
9.338997777719248106e+00
3.713658757841892921e+00
5.484747783261261667e+00
1.416772022805466413e+01
1.309768464016522138e+01
1.030952734868358966e+01
8.619540542839297714e+00
7.822453748897276071e+00
1.195404485745007861e+01
9.518328119127742681e+00
8.971096028735447092e+00
9.514750838611547579e+00
1.327828155807466004e+01
1.461106658538612812e+01
8.902017026348222117e+00
7.872559409169872069e+00
1.510042424731565625e+01
1.169649267795975511e+01
1.289590568414981497e+01
1.011493521935191175e+01
1.451659650664752910e+01
7.388096023532646051e+00
6.797308429021317266e+00
6.579018520879021281e+00
9.227087774102585627e+00
9.641110397141826382e+00
6.299756585635590156e+00
8.497649668668513456e+00
2.523079863665048883e+00
4.381282613133032022e+00
2.731176542906808002e+00
9.963514237997205925e+00
9.261756794243673596e+00
1.515908814181781317e+01
4.632410600330310935e+00
3.048946878958239459e+00
5.915946121522510204e+00
8.198428037404847046e+00
1.172634328310459395e+01
6.407254542159034116e+00
8.525840419164785189e+00
9.287712007096585509e+00
1.127005028008852427e+01
3.476973587130494536e+00
4.131406133810225256e+00
1.149483145716053123e+01
6.707048713459029976e+00
9.343530158744314917e+00
2.721780355720675892e+00
1.277122455894807196e+01
6.181860732506007317e+00
3.482620788923353139e+00
1.557816551328502364e+01
9.810494717922329855e+00
5.073232386947402972e+00
9.789164185797638140e+00
5.404106908345047700e+00
1.085507039515276340e+01
8.873395518577435581e+00
9.651003397382288185e+00
5.587955786497492028e+00
5.125197490000108047e+00
1.364889973116612332e+01
5.703871571500320314e+00
9.967830822883319897e+00
5.660086785704277368e+00
6.479895024738608456e+00
3.763058648983968801e+00
2.412777001044413616e+00
8.831988656374964108e+00
4.907158946957597578e+00
9.538365705982117859e+00
1.407310009075293067e+01
8.928749104443140183e+00
7.365068733264545031e+00
1.392383547578744940e+00
1.246983638581851217e+01
4.769077319967922612e+00
6.532457581395822110e+00
1.114499854843418802e+01
8.773140023107467433e-01
1.126643684339781615e+01
6.989551315432390055e+00
6.365413213492527866e+00
1.413560297628996132e+01
1.513750902609294791e+01
1.060587283621130616e+01
9.247601046571386263e+00
1.047469205068843223e+01
8.698206395146044656e+00
5.848209060743482013e+00
1.031652560640437066e+01
3.047996619890009917e+00
1.506477058455707763e+01
3.088425889634670796e+00
5.399834023768838698e+00
1.530915510204324548e+01
9.932023427484145017e+00
6.591059220814998731e+00
6.820542266115424468e+00
1.564567943010893813e+01
4.672915635855935612e+00
1.078912812593442538e+01
1.570183503499151989e+01
1.454681112680123256e+01
1.540056430936101250e+01
1.157707363506646558e+01
1.414394746777987599e+01
9.004677161470192814e+00
5.368462354964410821e+00
1.080220964251108207e+01
5.632188943142993232e+00
1.446197475480907890e+01
1.478514250503226535e+01
1.709189022362661348e+00
2.430357911603522769e+00
7.229394448933899930e+00
4.449150315087122110e+00
7.029065922555253643e+00
1.287356464712922488e+01
1.205058083434460237e+01
1.325724281108395530e+01
1.462676657586652418e+01
1.490215167319124845e+01
4.224975910006254054e+00
9.071580203733153880e+00
6.763468221362630040e+00
5.724184983751211320e+00
1.436516052205142735e+01
6.857552318617044840e+00
2.614319484536588245e+00
7.113532076257706116e+00
7.060209129462785782e+00
9.098419427348215294e+00
5.984333999818138849e+00
1.318452322750179917e+01
4.202470897069159328e+00
1.358674397969557823e+01
1.047654966919304975e+01
3.935897618110626439e+00
6.216905912087051789e+00
5.887634415668256516e+00
9.844681478574512923e+00
6.454002308454053427e+00
7.809211831082025768e+00
1.422786680658531289e+01
1.359442987488222521e+01
8.163985498816153097e+00
1.318684215903322077e+01
1.007175512235812675e+01
1.629837242155129484e+00
9.603147820189471773e+00
8.025383061587080036e+00
2.065046792549334320e+00
1.342988139035238149e+01
5.384553779468265411e+00
4.655370118353181930e+00
5.597943274939321867e+00
7.231862173861963505e+00
8.108427438027106859e+00
1.043708044208335828e+01
7.659875692503926636e+00
5.975631123541578660e+00
5.604300187923365151e+00
1.562746679343736389e+01
7.276141367274822080e+00
3.581203934087451302e+00
6.042645282318975575e+00
9.519172032646968873e+00
1.093465357263627524e+01
1.516883827816823427e+01
2.775644885153304653e+00
1.150369546038628243e+01
6.503918077705318268e+00
5.276552904975831737e+00
8.392395943712923412e+00
1.162229036063424026e+01
1.399818241661720108e+01
1.405673088676461013e+01
2.980842818748589806e+00
5.089539119101680775e+00
1.204970040871420345e+01
1.212440630485573756e+01
4.207967415360098329e+00
1.182204796346399078e+01
6.442689666480028166e+00
1.437815774246525180e+01
1.560289769079810540e+01
1.285711107433789202e+01
3.251831104432373998e+00
8.311982064733657083e+00
1.126967632021900734e+01
1.121088148675425700e+01
1.196438507547616226e+01
8.686938371475870113e+00
1.791950078516817868e+00
1.273265825488373792e+01
1.392766288801745134e+01
9.646296865272044885e-01
5.915437021069752888e+00
7.628859830306020662e+00
1.452225230249271348e+01
1.280208363184332221e+01
5.509137938953211133e+00
6.615345571242826850e+00
3.911774579734720980e+00
5.078381580138170648e+00
1.473393358421452426e+01
1.434285992917551988e+00
1.206708457701489223e+01
1.858990344129582750e+00
6.555267388143507290e+00
1.515275008691119751e+01
6.896445800733009612e+00
2.015229900189469348e+00
1.415531030710008942e+01
3.467162923137159680e+00
2.244676451569524112e+00
7.292356725057292266e+00
2.603605763392061068e+00
8.775577268321184121e+00
6.018991933991014065e+00
3.594065874871590793e+00
8.866534117607857368e+00
5.774004318334596597e+00
2.837234244412589312e+00
9.024931206719504218e+00
1.687750880881073279e+00
8.676458355659013577e+00
1.142129049616791470e+01
1.222739696893037475e+01
1.090200521652636390e+01
1.064609211928418020e+01
5.201167560717159688e+00
4.929574057712319046e+00
4.884952997317232537e+00
8.510820016914090402e+00
6.584007563850851952e+00
1.454839781054697134e+01
9.372490796679663561e+00
8.897447792115116272e+00
1.549289651415180380e+01
1.315022458806514116e+01
4.343630296350911912e+00
3.196170643109281784e+00
6.832145224515049797e+00
5.514953485216614659e+00
4.028075206468155756e+00
1.192368660187699048e+00
1.443450268153971372e+00
1.009949220325366781e+01
6.744023591467362522e+00
8.155283303647378190e+00
5.159886139657575477e+00
1.026063995914386240e+00
4.068957582156873087e+00
1.360647753061217102e+01
1.566950869770528065e+01
1.227491369498102536e+01
1.104732430556888367e+01
9.562486509109911381e+00
2.782201040611696818e+00
7.652293724513273609e+00
2.652937112183157531e+00
5.777047434290044414e+00
3.331218080999650333e+00
3.957397433165361633e+00
6.037405065862504472e+00
7.915286960991846144e+00
1.056073745055491031e+01
6.847343118522408290e+00
1.098286034320545568e+01
2.724496063366194321e+00
1.416162584487326193e+01
1.158276890157556593e+01
1.155204607295639541e+01
8.010966064833764833e+00
1.227352378178363779e+01
7.046030880258535412e+00
1.534782533104642965e+01
1.517725404824004976e+01
4.435530107582967396e+00
5.397419926897663700e+00
4.177032317851411491e+00
6.411899890449996420e+00
1.267347383771758196e+01
1.254820761828933229e+01
9.938139761875634193e+00
4.939055956789554003e+00
2.547281759261250222e+00
1.056646635138637613e+01
1.320083184683871025e+01
1.262686071891531370e+01
1.334909425900272506e+00
9.141080354285216814e+00
1.522740041626159613e+00
1.565660320346860424e+01
8.376785320204096053e+00
5.116496145297706022e+00
7.536594396807156038e+00
4.822084373461608564e+00
1.529561847640554362e+01
4.742231754694767432e+00
5.018967789375667010e+00
4.157369113195170662e+00
8.096125739351000661e+00
6.783870250756706355e+00
4.554384316997771798e+00
2.647537938627103848e+00
6.613205283672642487e+00
7.940581108723241854e+00
3.416651134898372355e+00
1.042932067144113972e+01
2.307583678952186190e+00
1.353338567738674314e+01
4.936767142473523329e+00
2.704315245599192785e+00
4.900999535577001076e+00
1.857034235409867673e+00
5.354993071968612739e+00
1.087627115497813790e+01
1.045364334495985315e+00
9.813975047710238542e+00
1.476688094081906044e+01
8.439653099797043367e+00
1.195247567240225450e+01
2.399466032101753576e+00
8.924989247147719240e+00
7.652088425980580588e+00
1.245456921417437357e+01
4.395969593866128733e+00
1.402026213761747542e+01
1.200522901305125067e+01
8.094969548065254372e+00
2.619355328175625441e+00
1.371671553389987253e+00
8.346361853813226261e+00
4.693819911044353255e+00
5.243514439143590167e+00
6.334771159436570542e+00
3.817130420453581863e+00
1.515522553360832347e+01
1.452977338399969121e+01
1.508430225475561048e+00
1.101835891844341297e+01
1.144377273431940623e+01
1.136734365573336802e+01
8.401556977320195685e+00
6.872595461681572537e+00
1.252951835864163810e+00
1.564067626689049106e+01
2.499126659190392008e+00
8.766719575067073222e+00
2.410312353851332912e+00
6.043608781671686359e+00
9.091182089375893227e+00
4.712248084187374175e+00
1.476373054224903036e+01
4.657876593527717546e+00
1.085711824630745959e+01
9.009855717618400206e+00
6.962516716574826958e+00
2.044859141081910803e+00
7.279539164937844475e+00
1.246350208684210426e+00
1.345902539530036801e+00
2.274277429290712860e+00
1.087499539108009827e+01
2.018549199334647604e+00
1.061863520194956223e+01
1.528448048994287234e+01
1.437406397893349208e+01
1.725170793564404725e+00
5.457922287009940199e+00
5.720529249305298158e+00
5.113435573441043047e+00
1.202705499376005349e+01
9.872444630677959410e+00
3.923624982367495129e+00
2.183912567243738501e+00
1.413067862992903656e+01
3.586630296353900960e+00
8.590190595703463217e+00
9.356424694829559741e+00
3.456814803073680942e+00
3.123681419055154507e+00
1.203960775314848775e+01
7.617078137999788723e+00
6.117582210898389050e+00
7.729404255328251594e+00
9.224176572303056432e+00
5.322109053899043651e+00
4.891201652063077887e+00
6.978048629371118139e+00
1.083554842546245212e+01
7.153641173355432592e+00
4.689427706662272044e+00
4.789232710341919663e+00
5.452425948072793460e+00
1.435313869150988175e+01
6.300459198181301623e+00
1.067432994161953452e+01
9.697006156656857723e-01
1.411120447882822049e+01
3.446104767680623127e+00
1.174086256570184261e+01
1.110797048160266698e+01
5.942788325470818478e+00
7.877114752675241860e+00
4.163045444723834976e+00
1.413059783883584863e+01
1.060367181116727942e+01
2.874062516120597266e+00
4.021166987890671507e+00
5.821556560557225701e+00
1.555690494043071226e+01
1.304166553616738611e+00
9.674850882953641928e+00
1.019601794654589533e+01
1.057275160064563657e+01
1.180641902085121053e+01
1.151493964941963100e+01
1.065286359287712514e+01
1.136641890239383335e+00
1.103115828245613983e+01
8.162938351275839111e+00
8.193019303212354387e+00
8.284671970989252898e+00
6.110819571754379176e+00
7.262614385032962971e+00
7.868421517658433118e+00
3.167693550751795151e+00
1.544633325592400297e+01
1.424092999119831049e+01
7.142212299458434721e+00
5.364582210842963939e+00
1.264406972854475120e+00
1.197916648640171466e+01
7.679159851673856174e+00
4.006010164301215148e+00
5.237538390129401478e+00
1.228530897800263055e+01
9.593680075187226208e+00
8.541980211088009867e+00
1.017878781548457034e+01
1.514849614438794490e+01
5.536177926410535299e+00
6.662759498477970332e+00
1.171902986195851959e+01
1.985950816194905544e+00
1.845157846622130116e+00
1.256080910666571127e+00
1.328068233934466047e+00
8.391777183727693767e+00
8.977181964328044828e+00
1.375978587384704177e+01
1.526886504095532437e+01
6.091331440124805319e+00
6.408070427594666718e+00
5.143766876557314127e+00
1.331471947905501452e+01
3.346566188342335657e+00
8.216083922957174934e+00
1.166922464030858109e+01
8.594542650319208832e+00
4.547396036404594000e+00
1.570966557596687352e+01
9.067917546428505560e+00
1.029832186535429273e+01
7.398976584293817105e+00
3.715660377027870886e+00
1.064493063740902379e+01
1.547490441358270807e+01
4.802934840054110310e+00
4.585473470111139704e+00
3.481988228254301099e+00
7.463220090350422886e+00
9.941829087661875342e-01
1.437681204692857939e+01
1.005082871604454908e+01
1.188546408192669546e+01
1.283839958346235299e+01
1.452783800882350995e+01
1.220120471265695272e+01
7.942389150189095304e+00
4.211380935428413075e+00
1.440139247100290376e+01
3.845792850418527919e+00
1.422043012641190884e+01
5.595052859413482516e+00
1.238269815263568319e+01
4.712574861455556707e+00
1.910633228940328943e+00
3.857205512409874970e+00
1.447221509992905375e+01
6.246505795602726785e+00
6.664842883495807335e+00
8.208226873104624843e+00
1.495964305197833788e+01
6.935651908345025873e+00
8.667651791619750412e+00
9.094219069410625522e+00
8.782068003397080602e+00
6.895871020742833757e+00
6.635348092151418520e+00
3.331141468780677961e+00
2.229356056464546931e+00
5.197489090882371876e+00
1.010783920374090350e+01
9.262801579925591611e+00
1.521030626821449161e+01
8.597266681926083010e+00
8.444090306958177194e+00
1.043929730193728389e+01
1.337422471906987731e+01
8.964080899283199955e+00
4.648741881948468269e+00
1.366131674147771946e+01
3.795992648815486703e+00
1.307856438967453983e+01
8.759372973224875736e+00
5.798093711604606959e+00
8.976578773902911257e-01
1.204103144658113855e+01
5.723392975953551343e+00
9.247525380903237391e+00
1.141250745536103750e+01
1.356310135709068732e+01
2.343611060722769146e+00
1.367574966369849321e+00
6.729429642861402883e+00
1.342277964098118659e+01
1.369731707235421503e+01
3.972547696657783511e+00
1.181047074350252934e+01
1.146746747540884570e+01
1.826853193382472540e+00
6.281780834447307171e+00
1.534319806427805588e+01
1.198199995232182147e+01
2.920925293296726899e+00
2.330194040835657621e+00
3.783612067200320617e+00
1.839433607245779312e+00
8.302760462566359578e+00
1.488080213888374637e+01
1.461810622945000837e+01
3.919563690444758386e+00
1.441387573205548023e+01
4.889047330702865679e+00
6.436741976886645844e+00
2.559393744606142107e+00
7.743069878681096085e+00
1.126485233452693180e+01
1.342414218962953676e+01
4.377382066019584350e+00
1.057388569202694839e+01
2.430290900715365687e+00
1.035257792172204594e+00
9.876811723902092055e+00
1.292267613693568684e+01
3.730606923401861508e+00
1.484359595692523648e+01
4.260159852252908053e+00
1.510521837129658262e+00
5.874627639353199982e+00
4.150232318967366218e+00
4.720911149338708590e+00
1.268468085131659251e+01
8.217735647132258237e+00
1.230235862753698939e+01
1.264609498561066747e+00
1.077117715389179153e+01
4.699380427433059282e+00
2.149113950810195739e+00
3.691981181152466540e+00
1.082761354438457779e+01
1.136718469567558820e+01
5.056598250112065429e+00
4.602870257727609271e+00
7.998698957093162143e+00
1.413067209400970192e+01
1.344614086290400801e+00
1.990597546026124265e+00
1.548371581444038547e+01
1.560310608461747073e+01
1.246939748011436677e+01
5.494252271956945322e+00
1.271722539221799941e+01
4.090327245734255435e+00
1.369287952400696895e+01
6.886604503758361417e+00
7.866309004822939599e+00
1.435466893886343343e+01
1.062542667063170931e+01
1.841984279841480499e+00
1.353885909536253429e+01
2.189573962625900094e+00
7.239259155196573481e+00
1.101353623018627381e+01
1.133456354368828833e+01
2.673129978544944052e+00
3.647816350324861290e+00
3.280262878541758020e+00
9.048812103760681680e+00
6.578247642258217454e+00
1.034939183112244976e+01
1.539383022135337953e+01
2.953902908402112892e+00
8.460805364696057040e+00
1.162734205509059748e+01
1.809706702836091585e+00
1.326733673230852784e+00
1.175969523950875484e+01
1.465901233343142707e+01
6.023404691316467385e+00
1.808522903032644624e+00
1.019747284682935806e+01
1.264809847048079128e+01
3.369103835142785996e+00
1.205349267061152574e+01
5.990542769605543327e+00
1.892765783284587666e+00
7.702415071095281895e+00
1.005244184758582549e+01
7.526429382080694452e+00
1.245284718171324378e+01
1.210200795210613300e+01
1.360264805011716760e+01
6.785709996968750879e+00
1.107164232327860276e+01
4.021501519858291296e+00
1.097375343616634957e+01
1.508302534362379177e+01
1.576052169552269788e+00
1.563754532152121568e+00
8.145108819451669646e+00
6.977420155055384932e+00
1.010868129177050712e+01
6.157958995983472406e+00
2.856047487890316816e+00
1.519013512792842668e+01
1.405287618305444219e+01
2.889339566274323090e+00
7.087135030155651272e+00
1.376474501327752087e+01
7.334146353625481396e+00
1.751670347397234373e+00
4.036676815795003925e+00
1.086263471573333916e+01
6.700787993437749002e+00
1.247731905312669198e+01
4.426630654354124061e+00
1.521658507441014585e+01
1.040881669687896327e+01
5.498239994520495166e+00
1.271376219837276977e+01
1.075775043599638359e+01
9.567022881899740483e-01
1.209451184533070922e+01
3.964151066881421492e+00
1.388677799136650570e+01
1.115746576851676863e+01
1.798932421182277919e+00
1.282153215706128435e+01
1.485512829950719471e+01
1.405087597825733781e+01
8.725193162495387122e-01
1.012963939077300424e+01
9.523339925560774688e+00
6.937021055442416539e+00
6.254443793472347579e+00
1.121921930761900477e+01
9.093790655757679531e+00
7.812695682420867982e+00
7.288262905859217433e+00
3.730618651454861379e+00
1.172475029672449764e+01
4.661340276228740365e+00
1.439361236825012824e+01
1.340946783087424343e+01
7.746083544563131085e+00
1.246209434065713495e+01
9.603801276066803894e+00
4.355924979494190552e+00
