1.599629028137132536e-01
1.501755418205316939e-01
1.055613504175982459e-01
7.047263839001209895e-01
1.144248508510110895e-01
2.481882260120858996e-01
2.729975163123166682e-01
2.955124267819019823e-01
1.682174585732560401e-01
2.526845278683375606e-01
4.999172068100905530e-01
1.980155347989955572e-01
1.087775253850241930e-01
1.992610163373152443e-01
1.488650691071561061e-01
1.799730223923682315e-01
2.048055733374888610e-01
1.099616907833946694e-01
6.363446229663453302e+00
1.122789433357934269e-01
2.184633037855462645e-01
1.128702037553927923e-01
1.370701276262163981e-01
1.748960630250601944e-01
1.216832870904251407e-01
2.471240431386384495e-01
1.928997239054681678e-01
1.177618606653569322e-01
1.561551406057987146e-01
3.995826700002063636e-01
4.044378826246576297e-01
2.013873428005048261e-01
2.530332947009114597e-01
7.188975054253170072e+00
8.283959893596881674e-01
3.895712350074533870e-01
3.785653412577750232e-01
1.249273364471896186e-01
1.185816206113281396e-01
2.184892031570833670e-01
1.259682414005503792e-01
2.069619566282931145e-01
2.803549255540344620e-01
1.557457820611981847e-01
1.680195090336274177e-01
1.160004025812556572e-01
1.291745161153960153e-01
2.133182453854939598e-01
3.254710811184591823e-01
3.981682143953221287e-01
1.143199169205758869e-01
1.020598398956882868e-01
1.134282886517743727e-01
1.560958596094930151e-01
1.271101295912607509e-01
1.081487975467321505e-01
2.124682719781968709e-01
2.671988158405030900e-01
2.143864008921171349e-01
9.682519395030285692e-01
1.683391501396278855e-01
1.382868646985003502e-01
1.112826168872064897e-01
1.326968907252397412e-01
1.110335881727623902e-01
3.583282386067231373e-01
1.256212727468464518e-01
1.161659387136715904e-01
1.105629208675803499e-01
1.546675469915672174e+00
1.231456266790041387e-01
1.651242540174425177e-01
3.486800017036375543e-01
2.779305096794109087e-01
1.395184460721559661e-01
1.053484152593935907e-01
1.048536224363334490e-01
1.195832168184836619e-01
3.578476760023898140e-01
1.460204394613674461e-01
1.129218740912049379e-01
1.085388751147541575e-01
2.474559099595663447e-01
4.276484478407192036e-01
2.661027734142532020e-01
1.024108486085034547e-01
2.987073140282519024e-01
1.631340607451220170e-01
1.697915541068059364e-01
3.856067965728502411e-01
1.175911245124996729e-01
5.889407117068699016e-01
1.114068423213543241e-01
4.257405395867489561e-01
1.182829156051768416e-01
1.025177908235454655e-01
2.064363220660434539e-01
1.077104179464978134e-01
2.168923517126475353e-01
3.427976081537689734e-01
1.488254816738361630e-01
1.153010492566682865e-01
1.155589580528281757e-01
1.775018833433450183e-01
1.445157835204622099e-01
1.711988648724431794e-01
1.508306822514382806e-01
1.187037598063748894e-01
2.167272486531156006e-01
2.876451330982853771e-01
2.074294912938114965e-01
4.919139267172720764e-01
1.606772070059858115e-01
2.504443711826869756e-01
1.911921929767179118e-01
4.359076953556717537e-01
1.083064024086315275e-01
2.100096385868235049e-01
1.980607765655440500e-01
1.024590083766123982e-01
2.661216542262831442e-01
2.413112032439123089e-01
1.655373968974205301e-01
1.410900623351221683e-01
1.641032212872836904e-01
1.786518424705153818e-01
1.122983511764167330e-01
3.721021206174250917e-01
1.175698109959805726e-01
1.336986291123836990e-01
1.798502811954992286e-01
1.554501591199327626e-01
1.512715918080597965e-01
2.150274919841265175e-01
1.242143637933421085e-01
2.306257671302149037e-01
2.401042184378191502e-01
1.647709349464706596e+00
3.026200811069993390e-01
1.283811914472979265e-01
1.667328646725712293e-01
1.331575287158171805e-01
1.022373243166467272e-01
2.304403570213718888e-01
1.084020719862226478e-01
1.758031573394644165e-01
1.368834744263534575e-01
2.422372237180871746e-01
2.071381381254775444e-01
1.618992066723237422e-01
2.683139375969795792e-01
1.317362626285342175e-01
5.685593713237405700e-01
1.840650919495974147e-01
1.480077852496364255e-01
1.473631783383957394e-01
1.705962012122529403e-01
1.930594646529158187e-01
1.192704770644837098e-01
2.858964246025997191e+00
3.599537214795485163e-01
1.205912701901120099e-01
1.717710842271992222e-01
1.388907832059880221e+00
1.646898626655448061e-01
1.495190029310555502e-01
5.344958290919137323e-01
1.550283378743382567e-01
1.139353502358006615e-01
1.338326602970225099e-01
2.283929409057476878e-01
4.649835777753685839e+00
1.092807318785313120e+00
3.513561722996136893e-01
1.931078387122563966e-01
1.055011375462851925e-01
3.850036681685993778e-01
1.555453148011401998e-01
1.926461593005106276e-01
3.782304545770485138e-01
1.213911783138893058e-01
1.167621867785439416e-01
3.227153921225809796e+00
5.283329878756725106e-01
1.649985358823140291e-01
1.094356968345728404e-01
2.394279301071590149e-01
1.008977379056291562e-01
1.090351397850277126e-01
4.307132588101250104e-01
2.419713386371068697e+00
2.551022805022251649e-01
1.197149640982653890e-01
2.287829259369437429e-01
1.206620186304532938e+00
1.409296011580959962e-01
3.284215418408937825e-01
6.455466243753407163e-01
1.681102636116879323e-01
1.397322017694818397e-01
1.086013881805404646e-01
5.197370823235835102e-01
1.217894405346253983e-01
2.929070991286549241e-01
1.676807066428310788e-01
1.462044466315766400e-01
1.298080832823566289e-01
1.248526978779903179e-01
1.153342902909552381e-01
3.560060903752474415e-01
1.699481615508987575e-01
1.346495408367878399e+00
1.512115887133137493e-01
1.089881767996313811e-01
4.987850963101791435e-01
1.209047104947960083e-01
1.110305292902912938e-01
1.134464436999023329e+00
3.058822163543351014e-01
2.328910661119210079e-01
2.026217078059186216e-01
1.496243084795797207e-01
1.047977915791331177e-01
1.370658898764123002e-01
2.873293431854999080e-01
1.780405709283388038e-01
1.394031522561099412e-01
4.576789216911774649e-01
1.717372722989464195e-01
1.346140469154309127e-01
1.042484060502193305e-01
1.165633374671822681e-01
1.104245466596032871e-01
1.638428589017922044e-01
1.039771107286935892e-01
2.264787764487294630e-01
2.770884535901214640e-01
1.807258968030790169e-01
1.987385925410384502e+00
1.302514103330902062e-01
1.239378790482832254e-01
2.539917832660946728e-01
1.330855067516305279e-01
4.850262084047751165e-01
1.894484857054296034e+00
3.252404068251306124e-01
8.209775390889455515e-01
2.120939560320345141e-01
1.901260365929807461e-01
1.329943738749630733e-01
2.034550300857534411e-01
1.250483341432650219e-01
1.050975743580626065e-01
1.105478885181901405e-01
1.462355461785403710e-01
1.504858297286375546e-01
2.670788946064659997e-01
1.076412091333534687e-01
2.198474115491255432e-01
6.344050117585419812e+00
1.217641744978971013e-01
1.326739339913952376e-01
1.398035553885838278e-01
1.484432667570478870e-01
1.131519392995625206e-01
1.139697466933839165e-01
2.094971533605773928e-01
1.316839826516151835e-01
4.144985208571026480e-01
1.213764310928071022e-01
1.097203918471289508e-01
1.500475064718885254e-01
1.240972332794367666e-01
1.330244729101041912e-01
1.981108232590433338e-01
2.045896622438835299e-01
2.343462397706412570e-01
3.110381107166336201e-01
4.727901616745158186e-01
1.886474699876501404e-01
9.730339584470860670e-01
4.354709442878690329e-01
1.998529720691927525e-01
9.028946279389752361e-01
2.401419131352700020e+00
1.396874875718008557e-01
2.872539324266176197e-01
2.209697015688948385e-01
1.139604152036933354e-01
1.835764238167396367e-01
1.858176764232893352e-01
1.479485984399973475e+00
2.507658073937221732e-01
2.567637069737181976e-01
1.070289483128337160e-01
1.825164133475303818e-01
2.326392937310588493e-01
1.327525802334406646e-01
1.171090251139925986e-01
2.603890502641558191e-01
3.780224732094701334e-01
2.266772283041336156e-01
2.253317557509019187e-01
1.314687788230670396e-01
2.406148106442036472e-01
7.088131809157101060e-01
1.558919571101944346e-01
2.386540935542111608e-01
1.203900951625984234e-01
1.227129955917839466e-01
1.551408547824247863e-01
1.073928096254085363e-01
2.895790897734686897e-01
1.385404537200492781e-01
1.058687989070098423e-01
2.287166147688121098e-01
4.680030448394471576e-01
1.252009138354252815e-01
2.299102653690921483e-01
1.799372215136325892e-01
5.099186292179572755e-01
1.218133504728101946e-01
1.168903587616143824e-01
1.069825466670004249e-01
1.490257546852291337e-01
2.420073984545275947e-01
1.084702462547643825e-01
1.202771234028812142e-01
1.128136913990277490e-01
2.083332708151305335e-01
5.784950489841614862e-01
1.438312346127217090e-01
1.097695258578710170e-01
3.948722352702763172e-01
2.413259842191721460e-01
1.257167919268655787e-01
2.925540413996107758e-01
1.625211175826049570e-01
1.027896593842578671e-01
1.442878525391854405e-01
1.372572549089350058e-01
1.430754108182618334e-01
1.311188666400145697e-01
1.313186658515180516e-01
1.510847053659694739e+00
2.382610113618308656e-01
2.067435960129110351e-01
1.037941561300002591e-01
1.723337241571909761e-01
1.295354280371041056e-01
1.632664552727517704e-01
5.706064591690547250e-01
1.111618854804878320e-01
1.181396498554043717e-01
5.636612735170161148e-01
3.717318639469363029e-01
1.521281243205782063e-01
1.005699475089509853e-01
1.111549541415099568e-01
2.545939585593847698e-01
1.355892418630844920e-01
2.074329180423591934e-01
1.438381313962797392e-01
1.513298587033895248e-01
3.354417394924717466e-01
4.784305597398228471e-01
1.682838604677985017e-01
1.765875868569873886e-01
2.638914447761228632e-01
2.034364099670102899e-01
4.498271206400318301e-01
1.039860489344559547e-01
2.074967196013660642e-01
2.075854376449258187e-01
1.398958318679720814e-01
2.496817409390110765e-01
1.474386009220035321e-01
5.324004354084164170e-01
1.259867916100156637e-01
1.590047986674480163e-01
1.316952962237054325e-01
1.044757554041209346e-01
1.102207704160933777e-01
2.220708640423050273e-01
1.033606180968121846e-01
4.138510784917219798e-01
1.373742013786959093e-01
1.432412782576372168e-01
1.295675840892469843e-01
1.838497131945169005e-01
2.108103414113883245e-01
1.128147220771632403e-01
1.634218274989417630e+00
1.420002255733764929e-01
1.736588925243882642e-01
2.297812641126478206e-01
3.891852022156194746e-01
2.992335959233475839e-01
1.289659248282480353e-01
1.066098068029167623e-01
1.310725097808401074e+00
1.459603969173903226e-01
1.004878084848742498e-01
1.203435449290845699e-01
9.296078748901150490e+00
1.136917425154237438e-01
1.245577255328444571e-01
3.364821796506980989e-01
4.013195680493382156e-01
1.112169216355507750e-01
2.272853912407393762e-01
5.227945671853186926e-01
1.325580257128876338e-01
4.020981704821380287e-01
2.798834581510823427e-01
6.903394813794319074e-01
1.127126977512249439e-01
1.663092594094502941e-01
2.315541540048722258e-01
1.809662946514790649e-01
3.973399051532227055e-01
4.251176801973408637e-01
4.268409494432313100e-01
9.715433149552558101e-01
1.073612142683137149e-01
1.124716518990859920e-01
1.616599701297139480e-01
1.083523689686396313e-01
1.980085717127456346e-01
1.200777169979515419e-01
3.665413016175670391e-01
1.119127691516133699e-01
1.010522642331148496e-01
1.719130140217069724e-01
1.140880856344457517e-01
1.062211165821898978e-01
4.510828567094614105e-01
1.290947746649400152e-01
1.297069259657800122e-01
1.412289658405153636e-01
1.398518431868886747e-01
1.081585371709314486e-01
2.879936685920353456e-01
4.753779786882015301e-01
6.210819029345149289e-01
1.108927886721502304e-01
2.067774183622533846e-01
1.370919312783194677e+00
1.380470358731848146e-01
1.786746278222030859e-01
3.242589575419685954e-01
1.811403133879923022e-01
1.804441982534435163e-01
1.719515653668999000e-01
1.250753391835209560e-01
2.420376501197238905e-01
1.133801678136852620e-01
2.344850316408648438e-01
4.839164305858147386e-01
5.749617811978896542e-01
1.988704730766130968e-01
2.015325297965412377e-01
5.762546771976905235e-01
1.124049949544725369e-01
3.738222406832346079e-01
1.077935927431226820e-01
1.070990481098193919e-01
2.134144060230849238e-01
1.208740060656509768e-01
5.506564798664438376e-01
1.252995022470689557e-01
1.316431842785276141e-01
1.201225542948050340e-01
4.599367762462973630e-01
2.475904177967751252e-01
1.318704933946114322e-01
1.475787565509960597e-01
1.604773211205463013e-01
8.510853758720835494e-01
1.072210099279670009e-01
1.419918792970343846e-01
1.289874914167285225e-01
1.149889075723388859e-01
2.134990916962555829e-01
1.639041041511894170e-01
1.352521141466153654e-01
1.215717199392689629e-01
1.125723929150003882e-01
1.000656287580999476e-01
1.362748878442961720e-01
1.137062821171309079e-01
6.009507902932500478e-01
1.132298917200259408e-01
2.476714515726344823e-01
1.640141614075702470e-01
1.158150618165502688e-01
1.614448163513222956e-01
1.296831234117698239e-01
4.536082425405497109e-01
1.610647434711556802e-01
2.607817590804631380e-01
1.238964306826552397e-01
1.101014590841334767e-01
1.627767960102308731e-01
2.320010779460216777e-01
1.269319339395968971e-01
1.436350937160655594e-01
1.071903920795149318e-01
4.879119116743068085e-01
2.026206529028905801e-01
1.489299068844414653e-01
7.715887352992011339e-01
1.058868858688974124e-01
1.556387084537549370e-01
1.389843463534116974e-01
1.058665242859146566e-01
1.549688819362508574e-01
1.518483702099643895e-01
1.486079351973457197e-01
5.617088410799733200e-01
1.510210903239658786e-01
1.559967112938920597e-01
1.214512973702008836e-01
1.325008565938374516e-01
4.878685057914131651e-01
2.788418475900753535e-01
1.373426388172045154e-01
1.138777590540112766e-01
1.309410242366582655e-01
2.799821371798044134e-01
3.865066307568287840e-01
1.240177303183927160e+00
1.549279227970890571e-01
2.788362933312147907e-01
3.838782082318618283e+00
4.690209569096301934e-01
2.580149450317445581e+00
3.346620236006974669e-01
1.473227144222146456e-01
2.401587532619045562e-01
1.466472661399584321e-01
1.724744999459179862e-01
1.906019005415746370e-01
1.240864780921015903e-01
1.243572790764289615e-01
1.448052285440143139e-01
1.252909241208569335e-01
1.104746353762819516e-01
2.939992478160605716e-01
1.181329057707412034e-01
7.635933978743452144e-01
1.761826337752455673e-01
1.683709146503959697e-01
1.549162057664215109e-01
1.319445254578093807e-01
1.080655582174557677e-01
2.783141855231087702e-01
2.071518323084742264e-01
4.489824352747307046e+01
1.001765153600123748e-01
2.250390914208256210e-01
1.239459418143320502e-01
1.677445374265905953e-01
1.537660775368759336e-01
1.074756438319399710e-01
5.663906881398312887e-01
8.290746436571980738e-01
1.156223237715032354e-01
1.225637685781966746e-01
1.857455207959786136e-01
3.779961204301973132e-01
2.867652217858877584e-01
9.769692900462783047e-01
8.414373188982244844e-01
1.378299344770988366e+00
2.231947315228956619e+00
1.368963730421624836e-01
1.454664260385692687e-01
1.016293257584929832e-01
1.436233304555780133e-01
1.299444039619046531e-01
1.898878210611026907e-01
3.382867130633791519e-01
1.189917771901009697e-01
1.507465090497023263e-01
1.115518171118503182e-01
1.152393048336612380e-01
2.334615436596571281e-01
1.015178483983639746e-01
1.421658472525660633e-01
1.488825220245206249e-01
5.486902113357090549e-01
1.530446091124988972e-01
3.084858572022062817e-01
2.078732480520141257e-01
1.083487414949344113e-01
1.125497063236205186e-01
1.356564827629746783e-01
1.231357803030789927e-01
1.216253630866711150e-01
2.846892003264704929e-01
3.044037448482674879e-01
1.019004034138779879e-01
1.195873376127204457e-01
2.075679140285442426e+00
1.482180618554813090e-01
1.215792094553953401e-01
3.473438064544022152e-01
2.159359971804654943e-01
2.321830509404804455e-01
1.113945121732170529e+00
1.360510103566345830e-01
2.051902714521917359e-01
1.078744768258307618e-01
1.558782265303969294e-01
3.986792524438519170e+00
1.325844650110079292e-01
1.267806909488302936e-01
