2.979040983896727643e-16
2.979040983896727643e-16
1.896863520821595372e+01
3.642114586213425298e+01
5.257096351679050628e+01
6.743642052295558642e+01
8.021350497535325985e+01
9.224968521642415453e+01
1.072470989399943875e+02
1.228412544671263618e+02
1.406177730736661147e+02
1.571633355117434974e+02
1.722169105733139247e+02
1.882817324349554156e+02
2.065253260131614468e+02
2.230374650154179790e+02
2.432325810549293408e+02
2.642778886956311908e+02
2.841736514308024653e+02
3.037988248350580989e+02
3.197997943257897191e+02
3.325968153254640356e+02
3.451899470235596254e+02
3.524357276024530847e+02
3.611184178922915180e+02
3.636855890228068802e+02
3.677258403853530240e+02
3.760601484169796436e+02
3.820921723540774337e+02
3.899739253149210185e+02
3.987511000089336903e+02
4.057934989509653292e+02
4.074539861905481644e+02
4.130116478188395490e+02
4.224743820266591570e+02
4.452330341111388066e+02
4.699143859999163624e+02
4.947166303505136398e+02
5.193100960716498093e+02
5.446776507807126109e+02
5.680241822465629866e+02
5.892420706678774422e+02
6.067291551172869504e+02
6.218862200904130759e+02
6.371599434577542524e+02
6.508134408498632411e+02
6.638553621902682380e+02
6.766477538775325229e+02
6.940942919588057975e+02
7.137407943349186326e+02
7.341568510989034166e+02
7.543032909273282485e+02
7.741497573528838529e+02
7.941785365367477425e+02
8.131845805840874846e+02
8.302777357510997263e+02
8.432979441942686663e+02
8.513136471750394776e+02
8.533881159463107906e+02
8.593067813124827126e+02
8.634874632939839785e+02
8.652911184385277465e+02
8.657161847430737680e+02
8.665901409873072225e+02
8.701987979413385119e+02
8.732917834241077344e+02
8.768034972622619989e+02
8.799010860754829082e+02
8.824606378937729687e+02
8.828196148321355849e+02
8.837105842362607291e+02
8.844669331208597214e+02
8.846738087247766771e+02
8.843999233723077396e+02
8.852550541075484034e+02
8.874387595752939433e+02
8.906527543831109597e+02
8.936191221201431745e+02
8.956145191363823415e+02
8.962913680905902538e+02
8.946806225011629294e+02
8.910261754461809005e+02
8.863477871738639351e+02
8.814723996322196626e+02
8.756992872570206146e+02
8.690612183814270111e+02
8.634346653659648609e+02
8.593312269794965914e+02
8.568650219969015325e+02
8.545439985451741904e+02
8.522014863532293703e+02
8.481189106839731267e+02
8.419773353181809625e+02
8.341967365869159039e+02
8.260962180428341526e+02
8.206048085459752883e+02
8.175950713975420285e+02
8.170642569959146613e+02
8.189763118643385269e+02
8.229096050266799693e+02
