0.000000000000000000e+00
-1.110223024625156540e-16
-2.426347609329804200e-03
-4.940399828126551540e-03
-7.542024908068101219e-03
-1.023077755836854230e-02
-1.300583147146827656e-02
-1.586589921664038894e-02
-1.880913746736156966e-02
-2.183303535836877973e-02
-2.493428367759198405e-02
-2.810862265073355015e-02
-3.135066636431227405e-02
-3.465370252819321983e-02
-3.800946747524480696e-02
-4.140789825493285115e-02
-4.483686666000596954e-02
-4.828190429607459588e-02
-5.172593356925381247e-02
-5.514902675268662513e-02
-5.852822375397581656e-02
-6.183744788867862052e-02
-6.504756605308192885e-02
-6.812664238458676635e-02
-7.104042923779652075e-02
-7.375312258106003771e-02
-7.622837882729005532e-02
-7.843054838532459438e-02
-8.032603486789258174e-02
-8.188465008168577253e-02
-8.308081788331178608e-02
-8.389449519484182272e-02
-8.431172650660023749e-02
-8.432481698018867711e-02
-8.393217745436043487e-02
-8.313794031769983217e-02
-8.195145545561088873e-02
-8.038675178896592666e-02
-7.846200653193136088e-02
-7.619902097077602132e-02
-7.362267480804107755e-02
-7.076032801929366123e-02
-6.764115618383914619e-02
-6.429543164401962940e-02
-6.075378649073681636e-02
-5.704650585640513860e-02
-5.320289893445351304e-02
-4.925078338080479678e-02
-4.521610174303647423e-02
-4.112267164918359530e-02
-3.699205824261608822e-02
-3.284354918557197411e-02
-2.869420921219667520e-02
-2.455899153130947088e-02
-2.045088597256683460e-02
-1.638108742752453217e-02
-1.235917199534464217e-02
-8.393271780447131292e-03
-4.490242259749921416e-03
-6.558184749417828030e-04
3.105241950130954720e-03
6.789029725761119849e-03
1.039236866665271819e-02
1.391271370210245273e-02
1.734806120034138033e-02
2.069687052520641224e-02
2.395799569253243000e-02
2.713062601083882086e-02
3.021423464911898726e-02
3.320853415573910006e-02
3.611343804376287991e-02
3.892902765152794764e-02
4.165552357810997641e-02
4.429326107814923752e-02
4.684266887832322368e-02
4.930425094761647919e-02
5.167857081572524436e-02
5.396623808861589211e-02
5.616789685817025202e-02
5.828421574445852293e-02
6.031587934531890127e-02
6.226358089917938266e-02
6.412801599393169738e-02
6.590987717786478406e-02
6.760984934874181285e-02
6.922860581410894554e-02
7.076680493085851786e-02
7.222508724470877439e-02
7.360407306115224202e-02
7.490436038897829718e-02
7.612652320545665319e-02
7.727110999934216906e-02
7.833864255390343700e-02
7.932961493744272730e-02
8.024449267324307300e-02
8.108371206490883054e-02
8.184767965647088417e-02
8.253677180963703286e-02
8.315133438319288750e-02
8.369168250197800418e-02
