0.000000000000000000e+00
0.000000000000000000e+00
-5.309461940909643296e-03
-2.649596884097826788e-04
2.623551579800320610e-03
4.171339921219541225e-03
4.701980889143309028e-03
4.445506752310812715e-03
3.590011418759475603e-03
2.311939588826694703e-03
7.874150819648928490e-04
-7.990850625536616292e-04
-2.146577024405904588e-03
-2.543869623530481405e-03
-1.514768111794184691e-03
7.615671986023198059e-04
3.472798741193550143e-03
6.129414478003303302e-03
8.586583693120486416e-03
1.079184298368973671e-02
1.271431589243410265e-02
1.432425968412109896e-02
1.559003649464507646e-02
1.649320555508859698e-02
1.627053205907547095e-02
1.456244188478139634e-02
1.283740826001400492e-02
1.250483531985979724e-03
2.937703560063065211e-03
3.830082309889126790e-03
3.811947202360776998e-03
3.012935173240416376e-03
2.536993771583340163e-03
3.281112392725216154e-03
5.070428138792104633e-03
6.332233892206939885e-03
7.008518467245705708e-03
7.607033034720878106e-03
8.245921256529786803e-03
3.585569240887709341e-03
4.403276896890240266e-03
-9.054927393429279547e-04
-6.085770036005078154e-04
-7.157503460485381552e-04
-1.221896677595091241e-03
-2.150950796596218240e-03
-3.514482037992316954e-03
-5.149726048888081387e-03
-6.616019459712352280e-03
-7.560898261804838150e-03
-8.044292080882531337e-03
-8.511020348111353329e-03
-9.355811855283446832e-03
-1.063081121479336755e-02
-1.231434233812989110e-02
-1.435931635147280616e-02
-1.673042832712756667e-02
-2.417295254058338116e-02
-2.687468201489118247e-02
-2.955696479144687139e-02
-3.202811162398822020e-02
-3.448281652940865527e-02
-3.683738719843787646e-02
-3.583754298201546895e-02
-3.267760326458246656e-02
-2.806960774927547142e-02
-2.475387163516629130e-02
-2.230852334629862543e-02
-2.052509729813667416e-02
-1.930676904706007946e-02
-1.849419229345528048e-02
-1.776831697679270849e-02
-1.685946992518638776e-02
-1.569375895717373126e-02
-1.445231755919107464e-02
-1.340277431305947342e-02
-1.279883596864272999e-02
-1.279497154534636749e-02
-1.344258511675500145e-02
-1.475512714386140178e-02
-1.673001223679038141e-02
-1.929045376457871885e-02
-2.217059224307360576e-02
-2.504757039755467485e-02
-2.771296338990425490e-02
-3.018268497721432464e-02
-3.255183294823282836e-02
-3.496347627374285505e-02
-3.754288320317478167e-02
-4.036997523994667603e-02
-4.338588953474797894e-02
-4.681701012469430268e-02
-5.050854034341079046e-02
-5.351286418977951875e-02
-5.441133425419608649e-02
-5.307891060007607908e-02
-5.142771761039754974e-02
-4.927070525684140723e-02
-4.680661425330345793e-02
-4.351641073860745834e-02
-4.086146975039528506e-02
-3.706802423295207927e-02
-3.330424077924354354e-02
-3.040858500713228274e-02
-2.826735162301086124e-02
-2.652358952039690632e-02
-2.463165543638912158e-02
-2.279225112990357349e-02
-2.116641245964612228e-02
-1.970441205208905977e-02
-1.851665355761711318e-02
-1.779807285899703828e-02
-1.735014060892747789e-02
-1.737801361281110513e-02
-1.812157470031416917e-02
-1.928905427599436617e-02
-2.060669775564638595e-02
-2.199810711759653259e-02
-2.349239194194607805e-02
-2.448200062164673785e-02
-2.537393752497274502e-02
-2.607377315456160805e-02
-2.682846811203076776e-02
-2.766783255889804227e-02
-2.824017586339022667e-02
-2.908054041360252917e-02
-3.029982079083515245e-02
-3.205758318131624041e-02
-3.339679714034959890e-02
-3.469070936685247908e-02
-3.555835071489055199e-02
-3.673136836427870477e-02
-4.110630941074822076e-02
-4.198371027943903488e-02
-4.266854714505829982e-02
-4.265822482570280627e-02
-4.190052097902219330e-02
-4.058862002618968123e-02
-3.939182877537983352e-02
-3.841698460361375744e-02
-3.758274233857539226e-02
-3.660253661854917517e-02
-3.567446108505101243e-02
-3.474670957448622310e-02
-3.394369531797492012e-02
-3.328277588429562339e-02
-3.287008991983453310e-02
-3.252927892345514049e-02
-3.232281733200237372e-02
-3.228506760735150305e-02
-3.256610437496276766e-02
-3.279757540225181067e-02
-3.292356893315007138e-02
-3.286833394040478140e-02
-3.258626545544529574e-02
-3.206770633615618760e-02
-3.126218829944615862e-02
-3.037317188844801397e-02
-2.979793264289054555e-02
-2.938967035094119939e-02
-2.949593635123692881e-02
-2.976808026048216593e-02
-3.018132588386612802e-02
-3.070927795869038412e-02
-3.119382395815095688e-02
-3.168004526331047455e-02
-3.222321150747231577e-02
-3.287760970603137434e-02
-3.338512496002576935e-02
-3.393964730901555260e-02
-3.455712595291093869e-02
-3.537393920995635099e-02
-3.616481008776673001e-02
-3.703604072069177633e-02
-3.778251291889267449e-02
-3.828135651243047555e-02
-3.831905354159059751e-02
-3.798450217231330583e-02
-3.740281896838648645e-02
-3.658959543000883663e-02
-3.550613889684328672e-02
-3.444976139294930739e-02
-3.365460492624994249e-02
-3.308298932203812548e-02
-3.272357954885340980e-02
-3.261266008905983060e-02
-3.268206355877978364e-02
-3.278683079124822264e-02
-3.284535004475319653e-02
-3.295057285489155774e-02
-3.308808795993090079e-02
-3.327436827310414902e-02
-3.345275143984927091e-02
-3.383787414740224708e-02
-3.453056883994909398e-02
-3.550880915029319684e-02
-3.669618748489666960e-02
-3.810877863658101994e-02
-3.958164336090153057e-02
-4.105846519508671300e-02
-4.258927310411375622e-02
-4.427404311132288051e-02
-4.583994378990496887e-02
-4.751526443092224383e-02
-4.907938866615524365e-02
-5.057926769347864671e-02
-5.196501511293383224e-02
-5.317648927845819440e-02
-5.397707834147469352e-02
-5.443821496649303704e-02
-5.425442736410612810e-02
-5.569176022400945669e-02
-5.451973928165165795e-02
-5.327221606898269179e-02
-5.189572727763958060e-02
-5.053530862519128863e-02
-4.953054884919616541e-02
-4.868282322301642484e-02
-4.770961921492467006e-02
-4.681436856888121500e-02
-4.591339933863791689e-02
-4.496372937107218082e-02
-4.405119098244425491e-02
-4.304956036115648033e-02
-4.223447117530521044e-02
-4.150815440307753512e-02
-4.098323026490602317e-02
-4.040309635114525122e-02
-3.981989194830515277e-02
-3.927810044685875468e-02
-3.866871295205465131e-02
-3.823689025326104662e-02
-3.762539320982394297e-02
-3.705187124800646270e-02
-3.643250009093379482e-02
-3.573483812005229243e-02
-3.518703202598238988e-02
-3.518172421358378710e-02
-3.561493429346784811e-02
-3.570721767464957175e-02
-3.601690506442467576e-02
-3.661081304600477537e-02
-3.737357548893027737e-02
-3.804517695108755593e-02
-3.856377594971893696e-02
-3.915991580098021618e-02
-3.988166646536739357e-02
-4.069295870758582456e-02
-4.167941621937454322e-02
-4.297875978030829547e-02
-4.449319036859267218e-02
-4.618945708057664579e-02
-4.793671904162122299e-02
-4.947703216000887139e-02
-5.084046426838129129e-02
-5.156003649959284285e-02
-5.151567881057339537e-02
-5.082616316262589251e-02
-4.968760181828524303e-02
-4.820734529341930141e-02
-4.635047956324156448e-02
-4.429877642725199571e-02
-4.208342834052003489e-02
-3.999015253413251703e-02
-3.802878107485541115e-02
-3.638427571935298754e-02
-3.508082735782136474e-02
-3.367938519849866807e-02
-3.232813321285410435e-02
-3.114131178457746341e-02
-3.036444858022191440e-02
-2.996948276702493530e-02
-2.993865778120585741e-02
-3.015895994265316293e-02
-3.076744960944344243e-02
-3.159810507911708921e-02
-3.270288209467153706e-02
-3.401078162161919050e-02
-3.545373391791184492e-02
-3.688751930473932461e-02
-4.011657708201854522e-02
-4.144411492007371578e-02
-4.272998819610307475e-02
-4.407286492386530696e-02
-4.533834859020624553e-02
-4.645399172687836309e-02
-4.748672981153756467e-02
-4.835797902622640532e-02
-4.906549705241025627e-02
-4.941200150926594592e-02
-4.940075619145156693e-02
-4.892834256867062415e-02
-4.826740659860617733e-02
-4.749854470092795822e-02
-4.669922509400159516e-02
-4.603225622597484357e-02
-4.564905501983396174e-02
-4.529734909195393122e-02
-4.546038307919375576e-02
-4.567306278661953378e-02
-4.613767536363422295e-02
-4.688550691308102092e-02
-4.767233367878931372e-02
-4.860638215401125173e-02
-4.995531703916766819e-02
-5.237310609138545736e-02
-5.349538563997269236e-02
-5.458534114617241695e-02
-5.566720489350840406e-02
-5.679373878197169212e-02
-5.795002688955264158e-02
-5.901234169107516525e-02
-5.990202252160825580e-02
-6.053232117363427367e-02
-6.085399719494233306e-02
-6.092619254489795022e-02
-6.070952184810274321e-02
-6.045468314789526065e-02
-6.024872367054989741e-02
-6.018224213919876053e-02
-5.969101422253564326e-02
-5.900306647918940328e-02
-5.832129459682788841e-02
-5.764325813657089626e-02
-5.702076672811962066e-02
-5.651454942851885654e-02
-5.617130642842282917e-02
-5.582346202394661283e-02
-5.595640642975341361e-02
-5.630882806175840916e-02
-5.697813442916721538e-02
-5.757648503960333120e-02
-5.827036937395146943e-02
-5.852399082286030563e-02
-5.803829824671347115e-02
