2.845640942122280026e-01
2.845640942122280026e-01
1.575860853956592145e-01
2.043075095647710337e-02
-1.186827746511847081e-01
-2.447025055329191678e-01
-3.518827986697743437e-01
-4.417786072606749714e-01
-5.161979165228135491e-01
-5.763008170023833365e-01
-6.227301376445019132e-01
-6.557432640426978931e-01
-6.752771442667833135e-01
-6.809612106730023040e-01
-6.720857213073625491e-01
-6.475202423797833395e-01
-6.055668540813674561e-01
-5.437446336504048183e-01
-4.586788336516982589e-01
-3.472082870276783084e-01
-2.110091670417280352e-01
-5.983873130174433008e-02
9.490375646277332544e-02
2.450513949417062187e-01
3.852621781201041040e-01
5.118179739970326603e-01
6.219114703375688835e-01
7.133412302431041407e-01
7.844691251934471365e-01
8.343738482858713557e-01
8.630848645071396152e-01
8.714624206791268257e-01
8.606939247450274832e-01
8.319315865713909908e-01
7.861447162411365763e-01
7.240732907016347308e-01
6.462125415307276022e-01
5.527931044791061233e-01
4.437297467801772921e-01
3.184968418201133966e-01
1.758567674377233825e-01
1.387582265740252944e-02
-1.518067318148035305e-01
-2.943959242405763121e-01
-4.175837263243200037e-01
-5.236751976993672120e-01
-6.137483854521298410e-01
-6.882525484016273065e-01
-7.472608845491339746e-01
-7.905861988761408998e-01
-8.178470294989802492e-01
-8.285280825465207721e-01
-8.220745952789014765e-01
-7.980735728493609793e-01
-7.565364467846623642e-01
-6.980603078074353318e-01
-6.236659048005327444e-01
-5.345791810108017073e-01
-4.321345061670526233e-01
-3.177943471067730119e-01
-1.933025484474682754e-01
-6.111587886448744539e-02
7.431950039279973386e-02
2.025194434608433292e-01
3.033355915482345844e-01
3.727322422192523854e-01
4.196673236572650012e-01
4.499788548335157401e-01
4.668640268773722735e-01
4.722123830900553099e-01
4.672166732139336753e-01
4.526522692313194596e-01
4.290162395265448847e-01
3.966021197174084412e-01
3.555445163843881096e-01
3.058564197403804141e-01
2.474944770400934746e-01
1.805448366780582903e-01
1.057347337824679490e-01
2.531323106010950272e-02
-5.661852347668097640e-02
-1.353786163042029478e-01
-2.072912850802233198e-01
-2.699765879418566383e-01
-3.219495648899866613e-01
-3.622791857546515670e-01
-3.904347265741895390e-01
-4.062636530229771781e-01
-4.100419881694770119e-01
-4.025277083155770486e-01
-3.848698165369268676e-01
-3.583466565680826221e-01
-3.241555108930626594e-01
-2.833484198456795999e-01
-2.368485108872641076e-01
-1.854961859017437154e-01
-1.301127805686688454e-01
-7.159582374745193656e-02
-1.110338455366948265e-02
4.945039761601806999e-02
