1.668930053710937500e-06
5.799055099487304688e-02
1.959486007690429688e-01
3.361117839813232422e-01
4.684960842132568359e-01
6.005747318267822266e-01
7.559802532196044922e-01
8.841557502746582031e-01
1.018703699111938477e+00
1.137550115585327148e+00
1.273704528808593750e+00
1.406117916107177734e+00
1.527560472488403320e+00
1.655959606170654297e+00
1.779147863388061523e+00
1.919356107711791992e+00
2.043066740036010742e+00
2.176560163497924805e+00
2.304389238357543945e+00
2.434653520584106445e+00
