2.145767211914062500e-06
1.830506324768066406e-02
7.048916816711425781e-02
1.192338466644287109e-01
1.755571365356445312e-01
2.223124504089355469e-01
7.483935356140136719e-01
7.949876785278320312e-01
8.432612419128417969e-01
8.948369026184082031e-01
9.417428970336914062e-01
9.927127361297607422e-01
1.047142744064331055e+00
1.099522352218627930e+00
1.147581338882446289e+00
1.193576335906982422e+00
1.241063356399536133e+00
1.307463645935058594e+00
1.358574867248535156e+00
1.404819965362548828e+00
1.452466011047363281e+00
1.498962640762329102e+00
1.545481204986572266e+00
1.591283798217773438e+00
1.638701438903808594e+00
1.684540748596191406e+00
1.729813575744628906e+00
1.776454448699951172e+00
1.823613882064819336e+00
1.870086908340454102e+00
1.918430089950561523e+00
1.964599132537841797e+00
2.011189699172973633e+00
2.062977313995361328e+00
2.114528894424438477e+00
2.163722276687622070e+00
2.209297180175781250e+00
2.256874322891235352e+00
2.314833164215087891e+00
2.367927312850952148e+00
2.414879798889160156e+00
2.467442512512207031e+00
2.514085292816162109e+00
2.561489820480346680e+00
2.608848571777343750e+00
2.657558917999267578e+00
2.702676534652709961e+00
2.748768329620361328e+00
2.801031351089477539e+00
2.856585502624511719e+00
2.902069568634033203e+00
2.948029756546020508e+00
2.993078231811523438e+00
3.041312217712402344e+00
3.086219310760498047e+00
3.137204408645629883e+00
3.184565067291259766e+00
3.230863809585571289e+00
3.279767513275146484e+00
3.331580400466918945e+00
3.378789186477661133e+00
3.424667835235595703e+00
3.476272106170654297e+00
3.521538019180297852e+00
3.570408344268798828e+00
3.628488779067993164e+00
3.691640853881835938e+00
3.748296499252319336e+00
3.798741340637207031e+00
3.847612380981445312e+00
3.900056838989257812e+00
3.945699214935302734e+00
3.991228818893432617e+00
4.038690090179443359e+00
4.084397554397583008e+00
4.132066726684570312e+00
4.179055929183959961e+00
4.225668907165527344e+00
4.275500297546386719e+00
4.326569795608520508e+00
4.376919031143188477e+00
4.423967123031616211e+00
4.479289531707763672e+00
4.524145603179931641e+00
4.570298671722412109e+00
4.617659568786621094e+00
4.668648004531860352e+00
4.713934421539306641e+00
4.758814334869384766e+00
4.803741216659545898e+00
4.856961488723754883e+00
4.903905868530273438e+00
4.951798677444458008e+00
4.996300458908081055e+00
5.043395757675170898e+00
5.088161945343017578e+00
5.134783506393432617e+00
5.183007240295410156e+00
5.228866577148437500e+00
5.289092063903808594e+00
