-1.989385327229365934e+41
-1.989385327229365934e+41
-1.989370552919418557e+41
-1.989350261813871443e+41
-1.989323463376740303e+41
-1.989288853870182985e+41
-1.989244811400785693e+41
-1.989189518431418102e+41
-1.989121487437346040e+41
-1.989041332021270316e+41
-1.988957554826468380e+41
-1.988906423195670966e+41
-1.989026089762855620e+41
-1.989828024253776338e+41
-1.992340521932105529e+41
-1.993083040047388732e+41
-1.991419439183431947e+41
-1.990932123431608763e+41
-1.991151419345636307e+41
-1.991495714817270687e+41
-1.991454797942938227e+41
-1.990971736946803886e+41
-1.990422718845145311e+41
-1.990040718712241298e+41
-1.989829827536314544e+41
-1.989733265536706316e+41
-1.989711929633990597e+41
-1.989760480396784962e+41
-1.989924302870073930e+41
-1.990343817309417869e+41
-1.991087346109454309e+41
-1.990935920019882353e+41
-1.989867462953213879e+41
-1.989360870209602910e+41
-1.989229255541487534e+41
-1.989221734319503380e+41
-1.989249070882487042e+41
-1.989282943884650283e+41
-1.989314464263837324e+41
-1.989341101794706711e+41
-1.989362451276029266e+41
-1.989378776060031447e+41
-1.989390484023483285e+41
-1.989397935827755747e+41
-1.989401375328123168e+41
-1.989400903646143200e+41
-1.989396465901067684e+41
-1.989387837646428045e+41
-1.989374605316079129e+41
-1.989356138540561974e+41
-1.989331555682363739e+41
-1.989299691223104607e+41
-1.989259092830448919e+41
-1.989208128971837040e+41
-1.989145440368841143e+41
-1.989071433467050325e+41
-1.988993051742700900e+41
-1.988939654895619588e+41
-1.989019706499041707e+41
-1.989619445820693418e+41
-1.991596231765206420e+41
-1.992840165982248429e+41
-1.991429303940064788e+41
-1.990805746170917129e+41
-1.990944428215128998e+41
-1.991421658381834209e+41
-1.991715478068809258e+41
-1.991413722877228147e+41
-1.990784444621820884e+41
-1.990263568262368179e+41
-1.989961831069330377e+41
-1.989825221490998177e+41
-1.989802079935704951e+41
-1.989892096500372667e+41
-1.990179694278864494e+41
-1.990826188328942630e+41
-1.991268777008384691e+41
-1.990284514714502402e+41
-1.989481060830145853e+41
-1.989227430087757738e+41
-1.989187956807230788e+41
-1.989211931614718299e+41
-1.989250578370607867e+41
-1.989288637345674551e+41
-1.989321638002594577e+41
-1.989348670624324268e+41
-1.989369968096385692e+41
-1.989386058063005053e+41
-1.989397460587301275e+41
-1.989404583425219508e+41
-1.989407688929036663e+41
-1.989406884541303800e+41
-1.989402117859801255e+41
-1.989393168672976733e+41
-1.989379635474664831e+41
-1.989360917667329898e+41
-1.989336200617894495e+41
-1.989304465012656531e+41
-1.989264579750458700e+41
-1.989215642531138699e+41
