0.000000000000000000e+00
0.000000000000000000e+00
-8.052340099628541026e-02
-4.979680999738467229e-02
-3.096901802378948521e-02
-1.776530128158348987e-02
-8.519399126100335451e-03
-2.746781631793981937e-03
5.426873461180647951e-04
5.399137975763856900e-03
1.158897654971946523e-02
1.644791941863821272e-02
1.872049544452214498e-02
1.863556172118996379e-02
1.629877835751636361e-02
1.221647009602677691e-02
1.019158503452621822e-02
9.735531517111040145e-03
9.979142923701500578e-03
8.606304711356704829e-03
5.567521369025385525e-03
7.072045277323191215e-04
-6.196199842232519295e-03
-1.308548624359162638e-02
-1.918728014450610253e-02
-2.326742652738633677e-02
-2.551449254267146305e-02
-2.423602112522416085e-02
-1.972215976262781112e-02
-1.456724361358985309e-02
-8.983690624632112431e-03
-1.537285839424251677e-03
7.671234141348071134e-03
1.561547562261922373e-02
2.097442040363239890e-02
2.368833977891315890e-02
2.369811142930156045e-02
2.199953109432351006e-02
2.089131252343179312e-02
2.056788215558635891e-02
1.924552028100356971e-02
1.525264697057870933e-02
8.449574407795035214e-03
-1.236146403545856920e-03
-1.353658788564215953e-02
-2.650286288198322460e-02
-3.965260238096668388e-02
-5.012083561637170614e-02
-5.211151198731711620e-02
-4.513999374349075833e-02
-3.680608645447247529e-02
-3.148308049073011983e-02
-2.786325801455502571e-02
-2.396083422740913349e-02
-1.904491468451274816e-02
-1.403932580847000455e-02
-9.332075150234486749e-03
-5.523439041168587416e-03
-3.431227017664517653e-03
-1.922585127578146924e-03
9.951685969467050086e-04
5.142243658508460769e-03
9.010150337347200278e-03
1.132720185569580096e-02
1.176331734221269798e-02
1.020082319633197621e-02
7.294614757015427386e-03
4.524959147730545084e-03
2.197393744595821374e-03
-2.761142042438935462e-04
-5.434592402223104024e-03
-1.502725361928580750e-02
-2.966577524620106487e-02
-6.893002117130508921e-02
-1.251199012725728865e-01
-1.132492245213083670e-01
-1.010855117549346316e-01
-8.873715309923890793e-02
-7.738810190787548393e-02
-6.977463358883662092e-02
-6.457488944625677796e-02
-6.107054677853740454e-02
-5.721600711556673602e-02
-5.309658698932773202e-02
-4.977181553806830916e-02
-4.682506488602755645e-02
-4.561863105022767595e-02
-4.636588060293478364e-02
-4.811795747217673114e-02
-4.898899043504545414e-02
-4.902800217697722562e-02
-4.761640744097928035e-02
-4.692041576436678518e-02
-4.762570036109581295e-02
-4.983677640532879760e-02
-5.372652149354384399e-02
-5.645865407226524635e-02
-5.701370477553047156e-02
-5.701323324061924325e-02
-5.791706664735063459e-02
-5.981216145422174613e-02
-6.123427066909548078e-02
-6.327433018606687387e-02
-6.609608810228173592e-02
-6.784147132522000412e-02
-7.002845662228873724e-02
-7.221832613256740085e-02
-7.408780638590006795e-02
-7.961623912731485841e-02
-8.396774952132179948e-02
-8.914002633866024983e-02
-8.556480275507682975e-02
-8.248798264666934443e-02
-7.873579275584152715e-02
-7.629234043187571590e-02
-7.554208117802829747e-02
-7.586874961833256492e-02
-7.747293422358825232e-02
-7.948053069061344900e-02
-8.065005790185653112e-02
-8.076639362744031381e-02
-8.068827276471524090e-02
-7.996209923447417101e-02
-7.987713522038042413e-02
-7.883827629169926077e-02
-7.831821531531868441e-02
-7.737568235908021119e-02
-7.521059209022551428e-02
-7.195538181298199998e-02
-6.967480035161000007e-02
-6.854139493125532834e-02
-6.798485314177682426e-02
-6.742682390475418508e-02
-6.780266740230223022e-02
-6.725301073714873290e-02
-6.572100018568194368e-02
-6.473060132714980597e-02
-6.432248762775916173e-02
-6.492961686497356055e-02
-6.615382036632511120e-02
-6.798785425111431024e-02
-6.911600387472960350e-02
-7.048268714709404748e-02
-7.114442577981916482e-02
-7.138484346353390908e-02
-7.273830758517429995e-02
-7.413294327165353970e-02
-7.721526269794254382e-02
-8.001848927931654032e-02
-8.513583758019793724e-02
-8.814871983350180962e-02
-8.553428085310665896e-02
-8.374349268079228636e-02
-8.339722497126811351e-02
-8.408968843482267363e-02
-8.523232337525754598e-02
-8.554013377518066008e-02
-8.569189186946191139e-02
-8.548957522441491541e-02
-8.462664181855494849e-02
-8.464527161397861210e-02
-8.529493003500188131e-02
-8.704865409640560880e-02
-8.791977095237091255e-02
-8.837922892657512630e-02
-8.890272600001647429e-02
-9.022700772656100376e-02
-9.151427073114803967e-02
-9.132869267446219741e-02
-9.243404090450002553e-02
-9.392725071938201609e-02
-9.508533056044543574e-02
-9.565471156105809225e-02
-9.667524290602058645e-02
-9.782202218006930128e-02
-9.660355451820057393e-02
-9.859437019212102804e-02
-9.903314844650468185e-02
-9.944137796360807968e-02
-9.865984721225984355e-02
-1.005571103800498856e-01
-1.001535804408831831e-01
-1.000721243332902688e-01
-1.013100190183240379e-01
-1.037056441848429600e-01
-1.053695766911989518e-01
-1.017581554555467838e-01
-9.808070524523027078e-02
-9.548270110786372111e-02
-9.357022392539515732e-02
-9.237279941679144013e-02
-9.205411535896801389e-02
-9.098090433911376618e-02
-8.914310966380856183e-02
-8.685328206131226469e-02
-8.532828786270107990e-02
-8.467723536161986253e-02
-8.489628518691982872e-02
-8.671261589306988871e-02
-8.854839738119646420e-02
-8.950485405033403730e-02
