1.831026719408895030e-16
1.831026719408895030e-16
3.163067351542759188e-03
6.651735372722015344e-03
1.007846488928975520e-02
1.348197444169254092e-02
1.688388281193433163e-02
2.024757757347757023e-02
2.360500837041850514e-02
2.696263848469549959e-02
3.032098434858829933e-02
3.368056003845494584e-02
3.704098415098661112e-02
4.039704594616998212e-02
4.375293096645011676e-02
4.710883146223576040e-02
5.046724263355636952e-02
5.388471598277421587e-02
5.736456037744050440e-02
6.084415486222503888e-02
6.431903100305054466e-02
6.779133910553931941e-02
7.126565195925937957e-02
7.474052456283412915e-02
7.821556379394510594e-02
8.169044736748025393e-02
8.516561812559814149e-02
8.864180687302855577e-02
9.214048629598611817e-02
9.564407265809012071e-02
9.914786883958875974e-02
1.026518533554195839e-01
1.061560075559980637e-01
1.096603151745570992e-01
1.131647632957430982e-01
1.166707101248344869e-01
1.201923739783265499e-01
1.237123752419708039e-01
1.272300975539458479e-01
1.307449858898894202e-01
1.342571468956611225e-01
1.377662132753611768e-01
1.412703782946150566e-01
1.447720434727424732e-01
1.482710229903729249e-01
1.517649660714592286e-01
1.552542657054548636e-01
1.587371426015135867e-01
1.622175942265813575e-01
1.656965114575262021e-01
1.691722164225757941e-01
1.726463395318401373e-01
1.761196629295021521e-01
1.795922311491127688e-01
1.830660274499466555e-01
1.865423882987738424e-01
1.900224111694980844e-01
1.935055223896782750e-01
1.969939104815076614e-01
2.004892583401812201e-01
2.039930676892977857e-01
2.075058887642635963e-01
2.110267739408894505e-01
2.145585836285404946e-01
2.181008444390624967e-01
2.216521874565072769e-01
2.252149441480350012e-01
2.287888384957445231e-01
2.323743958870846671e-01
2.359708900061232850e-01
2.395778060094081174e-01
2.431936960227066846e-01
2.468111564423567383e-01
2.504283651517446030e-01
2.540452953972199834e-01
2.576619501451239413e-01
2.612782351862142916e-01
2.648940466169718011e-01
2.685093554471049693e-01
2.721241528469565685e-01
2.757384441857874124e-01
2.793521344078048751e-01
2.829647273401678098e-01
2.865761889895153680e-01
2.901899176037215922e-01
2.938073239346754018e-01
2.974278815648982999e-01
3.010482960308233369e-01
3.046720388369674737e-01
3.082991113264809679e-01
3.119304077428238231e-01
3.155661369798920535e-01
3.192062012231139390e-01
3.228501322329817014e-01
3.264977464797645945e-01
3.301494042607445722e-01
3.338049033515236852e-01
3.374601750712284964e-01
3.411150838388516959e-01
3.447691235277186572e-01
