-1.871235402803869751e+48
-1.871235402803869751e+48
-1.284116490821289931e+48
-1.286777136786540778e+48
-1.287297407878641393e+48
-1.286948498804571147e+48
-1.283232279683947361e+48
-1.284824214419232725e+48
-1.282120928581990939e+48
-1.285953066581609714e+48
-1.286253478860764399e+48
-1.284886308815444615e+48
-1.285360299928276283e+48
-1.283970017095770541e+48
-1.276151691983339997e+48
-1.275885976096897631e+48
-1.270538501989104900e+48
-1.266930028528134585e+48
-1.266819003691332191e+48
-1.266878929636724396e+48
-1.266700782439595408e+48
-1.260038965055328675e+48
-1.250919803760891109e+48
-1.250314131709832349e+48
-1.256647033389135585e+48
-1.254854907773551135e+48
-1.257906834565587072e+48
-1.259018025494518724e+48
-1.252350265971265490e+48
-1.239637549553808119e+48
-1.237451734956471473e+48
-1.228031218347054513e+48
-1.213371618039882156e+48
-1.213553533494804069e+48
-1.213542968298692938e+48
-1.193368237551071150e+48
-1.191789253812091917e+48
-1.187442634848416578e+48
-1.187547784279541489e+48
-1.188464460893919437e+48
-1.187052965667351642e+48
-1.189993803964727791e+48
-1.188634675043288744e+48
-1.187828206811660263e+48
-1.187393089408308561e+48
-1.186893739835423696e+48
-1.186337398320257645e+48
-1.186804476214862066e+48
-1.189427555177466066e+48
-1.190050921343706819e+48
-1.190213031666343041e+48
-1.189782491953747176e+48
-1.189412215023397651e+48
-1.188973889657154662e+48
-1.187262568240586886e+48
-1.187464787839002841e+48
-1.186990165930326235e+48
-1.183301435908108638e+48
-1.185118735048786469e+48
-1.167511593314538627e+48
-1.174246489207308575e+48
-1.172706102991761503e+48
-1.169813272125965721e+48
-1.163436154392405950e+48
-1.158528033167298567e+48
-1.154984083636231067e+48
-1.153998728552242322e+48
-1.153979170556537559e+48
-1.155316357064137919e+48
-1.154754137483656335e+48
-1.154423418958525952e+48
-1.153943862193581009e+48
-1.153695281580519297e+48
-1.150939843356616573e+48
-1.149062632425911822e+48
-1.149620054121431687e+48
-1.149319375755839808e+48
-1.149085423640242681e+48
-1.149435209144192092e+48
-1.148598960816376689e+48
-1.148688353271566091e+48
-1.149195783018787665e+48
-1.148751588864715319e+48
-1.148676997198780810e+48
-1.149659886678026201e+48
-1.149087899093115374e+48
-1.149482846209682130e+48
-1.149395398672857999e+48
-1.149161145771984647e+48
-1.148238828432229248e+48
-1.154216787035414229e+48
-1.154187744946130683e+48
-1.153945021833558573e+48
-1.154136066555045154e+48
-1.152478138780293438e+48
-1.153271020388059050e+48
-1.152970550732819141e+48
-1.151356426586502346e+48
-1.142622115623399559e+48
-1.142603187049338822e+48
